  1     0.015486 
  2     0.019999 
  3     0.020609 
  4     0.016279 
  5     0.015519 
  6     0.013395 
  7     0.012061 
  8     0.011576 
  9     0.010201 
 10     0.010055 
 11     0.010214 
 12     0.010296 
 13     0.009779 
 14     0.010663 
 15     0.010893 
 16     0.012759 
 17     0.013712 
 18     0.015004 
 19     0.020042 
 20     0.015110 
 21     0.055796 
 22     0.063997 
 23     0.019294 
 24     0.014532 
 25     0.015175 
 26     0.011595 
 27     0.015208 
 28     0.013870 
 29     0.012510 
 30     0.014151 
 31     0.017035 
 32     0.014826 
 33     0.013390 
 34     0.012786 
 35     0.010362 
 36     0.010489 
 37     0.011384 
 38     0.009809 
 39     0.012278 
 40     0.011691 
 41     0.015064 
 42     0.011709 
 43     0.012728 
 44     0.010643 
 45     0.014351 
 46     0.013840 
 47     0.013598 
 48     0.013228 
 49     0.014474 
 50     0.011513 
 51     0.012707 
 52     0.020397 
 53     0.023266 
 54     0.018865 
 55     0.019776 
 56     0.024718 
 57     0.025882 
 58     0.028010 
 59     0.031214 
 60     0.022902 
 61     0.020262 
 62     0.023348 
 63     0.015484 
 64     0.010453 
 65     0.016709 
 66     0.014428 
 67     0.014541 
 68     0.012329 
 69     0.010694 
 70     0.009548 
 71     0.013881 
 72     0.009879 
 73     0.007269 
 74     0.009371 
 75     0.015190 
 76     0.022481 
 77     0.025067 
 78     0.029539 
 79     0.026608 
 80     0.029561 
 81     0.024528 
 82     0.020719 
 83     0.025633 
 84     0.027986 
 85     0.021321 
 86     0.023256 
 87     0.028065 
 88     0.025370 
 89     0.019706 
 90     0.025240 
 91     0.017031 
 92     0.017341 
 93     0.017475 
 94     0.025783 
 95     0.031309 
 96     0.030235 
 97     0.050322 
 98     0.037972 
 99     0.031201 
100     0.023775 
101     0.019408 
102     0.017322 
103     0.014173 
104     0.015723 
105     0.007435 
106     0.011329 
107     0.028979 
108     0.026950 
109     0.024330 
110     0.018241 
111     0.015603 
112     0.010654 
113     0.012684 
114     0.015087 
115     0.010681 
116     0.009966 
117     0.012287 
118     0.010810 
119     0.007888 
120     0.011644 
121     0.012546 
122     0.011340 
123     0.011885 
124     0.014749 
125     0.018324 
126     0.015176 
127     0.018463 
128     0.027797 
129     0.035012 
130     0.039151 
131     0.043201 
132     0.049073 
133     0.036197 
134     0.032078 
135     0.021539 
136     0.019077 
137     0.016848 
138     0.014625 
139     0.013419 
140     0.012217 
141     0.011548 
142     0.011329 
143     0.011271 
144     0.010243 
145     0.011079 
146     0.008760 
147     0.007352 
148     0.008351 
149     0.007283 
150     0.006802 
151     0.007915 
152     0.010360 
153     0.012176 
154     0.011050 
155     0.012123 
156     0.017690 
157     0.015605 
158     0.015452 
159     0.019396 
160     0.020051 
161     0.016758 
162     0.019155 
163     0.017814 
164     0.015858 
165     0.014269 
166     0.010571 
167     0.010627 
168     0.010547 
169     0.010416 
170     0.010422 
171     0.011415 
172     0.011165 
173     0.011801 
174     0.012240 
175     0.013133 
176     0.013695 
177     0.017256 
178     0.016557 
179     0.024931 
180     0.030285 
181     0.038618 
182     0.056381 
183     0.049356 
184     0.051968 
185     0.045904 
186     0.033078 
187     0.023438 
188     0.022132 
189     0.015291 
190     0.017262 
191     0.016866 
192     0.011212 
193     0.012197 
194     0.009404 
195     0.006738 
196     0.007040 
197     0.008489 
198     0.010528 
199     0.009263 
200     0.009551 
201     0.011167 
202     0.012767 
203     0.011408 
204     0.011670 
205     0.010723 
206     0.011413 
207     0.021916 
208     0.028545 
209     0.040126 
210     0.036781 
211     0.058549 
212     0.055799 
213     0.042119 
214     0.038043 
215     0.034249 
216     0.017632 
217     0.012508 
218     0.009345 
219     0.008095 
220     0.009439 
221     0.011257 
222     0.015322 
223     0.014886 
224     0.015304 
225     0.012999 
226     0.011228 
227     0.009602 
228     0.005239 
229     0.006624 
230     0.015221 
231     0.014503 
232     0.020048 
233     0.032372 
234     0.026034 
235     0.023223 
236     0.034616 
237     0.039669 
238     0.042649 
239     0.053967 
240     0.034178 
241     0.037218 
242     0.040077 
243     0.049922 
244     0.051520 
245     0.044029 
246     0.050927 
247     0.091540 
248     0.102206 
249     0.088193 
250     0.098833 
251     0.091712 
252     0.077604 
253     0.095065 
254     0.114166 
255     0.067521 
256     0.057134 
257     0.046583 
258     0.053070 
259     0.061567 
260     0.059992 
261     0.051330 
262     0.055214 
263     0.057728 
264     0.059653 
265     0.048870 
266     0.043257 
267     0.052084 
268     0.053849 
269     0.041118 
270     0.037806 
271     0.052445 
272     0.054381 
273     0.041436 
274     0.044226 
275     0.064126 
276     0.058589 
277     0.048998 
278     0.038999 
279     0.040176 
280     0.034085 
281     0.036270 
282     0.038861 
283     0.040721 
284     0.047447 
285     0.055696 
286     0.057444 
287     0.080905 
288     0.103005 
289     0.120816 
290     0.138633 
291     0.079426 
292     0.098639 
293     0.071809 
294     0.041799 
295     0.047501 
296     0.044634 
297     0.029730 
298     0.021053 
299     0.014744 
300     0.019645 
301     0.026397 
302     0.033363 
303     0.031952 
304     0.016476 
305     0.024508 
306     0.031121 
307     0.019122 
308     0.007142 
309     0.013708 
310     0.024410 
311     0.024703 
312     0.017175 
313     0.022401 
314     0.032074 
315     0.027349 
316     0.023923 
317     0.031634 
318     0.033734 
319     0.023571 
320     0.022272 
321     0.029488 
322     0.021907 
323     0.016763 
324     0.021088 
325     0.027974 
326     0.019571 
327     0.014585 
328     0.027150 
329     0.028540 
330     0.033494 
331     0.034622 
332     0.035480 
333     0.031691 
334     0.027735 
335     0.029497 
336     0.024979 
337     0.020652 
338     0.015401 
339     0.011322 
340     0.008650 
341     0.008352 
342     0.007822 
343     0.006844 
344     0.007731 
345     0.017281 
346     0.020452 
347     0.028493 
348     0.021735 
349     0.021488 
350     0.033133 
351     0.038353 
352     0.032042 
353     0.031084 
354     0.036685 
355     0.041950 
356     0.036168 
357     0.032580 
358     0.038589 
359     0.036972 
360     0.033753 
361     0.027619 
362     0.025236 
363     0.032773 
364     0.030634 
365     0.017892 
366     0.010269 
367     0.007749 
368     0.009662 
369     0.010540 
370     0.013879 
371     0.012446 
372     0.012204 
373     0.013480 
374     0.012674 
375     0.012598 
376     0.014408 
377     0.014477 
378     0.014389 
379     0.014145 
380     0.016690 
381     0.015946 
382     0.014274 
383     0.016338 
384     0.017821 
385     0.021702 
386     0.026733 
387     0.030454 
388     0.045195 
389     0.034662 
390     0.031971 
391     0.019706 
392     0.013119 
393     0.010824 
394     0.011276 
395     0.011538 
396     0.011633 
397     0.014424 
398     0.014429 
399     0.014826 
400     0.016383 
401     0.014593 
402     0.015052 
403     0.018976 
404     0.020950 
405     0.020677 
406     0.016809 
407     0.019183 
408     0.018014 
409     0.019204 
410     0.018523 
411     0.019507 
412     0.017770 
413     0.016864 
414     0.015386 
415     0.012257 
416     0.012847 
417     0.012461 
418     0.011538 
419     0.011673 
420     0.014486 
421     0.020541 
422     0.023050 
423     0.025615 
424     0.028978 
425     0.037067 
426     0.032717 
427     0.027898 
428     0.031519 
429     0.045800 
430     0.048322 
431     0.041097 
432     0.039194 
433     0.039140 
434     0.033313 
435     0.028437 
436     0.029792 
437     0.017312 
438     0.013538 
439     0.004774 
440     0.006860 
441     0.006036 
442     0.007965 
443     0.010555 
444     0.014447 
445     0.014845 
446     0.018673 
447     0.015553 
448     0.011905 
449     0.012848 
450     0.011930 
451     0.006648 
452     0.002439 
453     0.004306 
454     0.007363 
455     0.011221 
456     0.012608 
457     0.014141 
458     0.015889 
459     0.012076 
460     0.022177 
461     0.025971 
462     0.022008 
463     0.027639 
464     0.033825 
465     0.027308 
466     0.026834 
467     0.030721 
468     0.029736 
469     0.022841 
470     0.012950 
471     0.016510 
472     0.016971 
473     0.028930 
474     0.026784 
475     0.028316 
476     0.021826 
477     0.015576 
478     0.010390 
479     0.009516 
480     0.008360 
481     0.008271 
482     0.009765 
483     0.009726 
484     0.011008 
485     0.013173 
486     0.010494 
487     0.006918 
488     0.007453 
489     0.011995 
490     0.012203 
491     0.027942 
492     0.031903 
493     0.057516 
494     0.050104 
495     0.040930 
496     0.021919 
497     0.016240 
498     0.017259 
499     0.014373 
500     0.016363 
501     0.018583 
502     0.017860 
503     0.019422 
504     0.019993 
505     0.018351 
506     0.021589 
507     0.032825 
508     0.054762 
509     0.070138 
510     0.069257 
511     0.049553 
512     0.029615 
513     0.044255 
514     0.043230 
515     0.025161 
516     0.023928 
517     0.028292 
518     0.022609 
519     0.015376 
520     0.017243 
521     0.014268 
522     0.011238 
523     0.010984 
524     0.011346 
525     0.012188 
526     0.011966 
527     0.012802 
528     0.011883 
529     0.010344 
530     0.012032 
531     0.007872 
532     0.003221 
533     0.004643 
534     0.002799 
535     0.004224 
536     0.004178 
537     0.007716 
538     0.009112 
539     0.006717 
540     0.008643 
541     0.012375 
542     0.008778 
543     0.007642 
544     0.010718 
545     0.009866 
546     0.005822 
547     0.005713 
548     0.006028 
549     0.002952 
550     0.002476 
551     0.002961 
552     0.001895 
553     0.000623 
554     0.001204 
555     0.002057 
556     0.001579 
557     0.001369 
558     0.002397 
559     0.002199 
560     0.002758 
561     0.002119 
562     0.001212 
563     0.001862 
564     0.001818 
565     0.001801 
566     0.002431 
567     0.002322 
568     0.001478 
569     0.003313 
570     0.004628 
571     0.002742 
572     0.002466 
573     0.004923 
574     0.004571 
575     0.002802 
576     0.003402 
577     0.004682 
578     0.004167 
579     0.002023 
580     0.002249 
581     0.000941 
582     0.002437 
583     0.001748 
584     0.001663 
585     0.003498 
586     0.003697 
587     0.002452 
588     0.004846 
589     0.006184 
590     0.004110 
591     0.003757 
592     0.006148 
593     0.005575 
594     0.003794 
595     0.004291 
596     0.004516 
597     0.003804 
598     0.003810 
599     0.003242 
600     0.002302 
601     0.003685 
602     0.005683 
603     0.007207 
604     0.019342 
605     0.034115 
606     0.024573 
607     0.036093 
608     0.045359 
609     0.043647 
610     0.036312 
611     0.027087 
612     0.024840 
613     0.032014 
614     0.027849 
615     0.023513 
616     0.028196 
617     0.027749 
618     0.035672 
619     0.023571 
620     0.017055 
621     0.033400 
622     0.036617 
623     0.035843 
624     0.040223 
625     0.033118 
626     0.028141 
627     0.031826 
628     0.030960 
629     0.026174 
630     0.027210 
631     0.030190 
632     0.025025 
633     0.023401 
634     0.024180 
635     0.037529 
636     0.032102 
637     0.021544 
638     0.041466 
639     0.038529 
640     0.082129 
641     0.081072 
642     0.038850 
643     0.028415 
644     0.034055 
645     0.049536 
646     0.054628 
647     0.041144 
648     0.018411 
649     0.033046 
650     0.037064 
651     0.019893 
652     0.021633 
653     0.018245 
654     0.017131 
655     0.017138 
656     0.011535 
657     0.018763 
658     0.020188 
659     0.011699 
660     0.016051 
661     0.018775 
662     0.012909 
663     0.010692 
664     0.017803 
665     0.019481 
666     0.015191 
667     0.015824 
668     0.016830 
669     0.015920 
670     0.013222 
671     0.017650 
672     0.019492 
673     0.013482 
674     0.026349 
675     0.039479 
676     0.037484 
677     0.025751 
678     0.026484 
679     0.020495 
680     0.015415 
681     0.014365 
682     0.014093 
683     0.008774 
684     0.013683 
685     0.013435 
686     0.013769 
687     0.014565 
688     0.014665 
689     0.014622 
690     0.015552 
691     0.016553 
692     0.015867 
693     0.020915 
694     0.019437 
695     0.019577 
696     0.027420 
697     0.029335 
698     0.032952 
699     0.022341 
700     0.016885 
701     0.020747 
702     0.022396 
703     0.017787 
704     0.013300 
705     0.008992 
706     0.012687 
707     0.015091 
708     0.013732 
709     0.011571 
710     0.006617 
711     0.011184 
712     0.012519 
713     0.016281 
714     0.017558 
715     0.018289 
716     0.017177 
717     0.016003 
718     0.014642 
719     0.012747 
720     0.016390 
721     0.018652 
722     0.014258 
723     0.016593 
724     0.022086 
725     0.022127 
726     0.019925 
727     0.005773 
728     0.002793 
729     0.008555 
730     0.013370 
731     0.012745 
732     0.007327 
733     0.006000 
734     0.006544 
735     0.005977 
736     0.003295 
737     0.002450 
738     0.013505 
739     0.021327 
740     0.026737 
741     0.023183 
742     0.029985 
743     0.022138 
744     0.016040 
745     0.009853 
746     0.010847 
747     0.010554 
748     0.012982 
749     0.011002 
750     0.017710 
751     0.021977 
752     0.017072 
753     0.015868 
754     0.010918 
755     0.006928 
756     0.008921 
757     0.017755 
758     0.023553 
759     0.026476 
760     0.034399 
761     0.032021 
762     0.023243 
763     0.019074 
764     0.026075 
765     0.025410 
766     0.027261 
767     0.036583 
768     0.035056 
769     0.027944 
770     0.028599 
771     0.020386 
772     0.012314 
773     0.014785 
774     0.025004 
775     0.034191 
776     0.038699 
777     0.023422 
778     0.035564 
779     0.047390 
780     0.066542 
781     0.030343 
782     0.035722 
783     0.033722 
784     0.056742 
785     0.042943 
786     0.030517 
787     0.033033 
788     0.031827 
789     0.041216 
790     0.035640 
791     0.022426 
792     0.027621 
793     0.024033 
794     0.012131 
795     0.015363 
796     0.016499 
797     0.023523 
798     0.019739 
799     0.027727 
800     0.027178 
801     0.019051 
802     0.015236 
803     0.014117 
804     0.006527 
805     0.003181 
806     0.009171 
807     0.011136 
808     0.007694 
809     0.002560 
810     0.005358 
811     0.007152 
812     0.006792 
813     0.001788 
814     0.016841 
815     0.012852 
816     0.018196 
817     0.020494 
818     0.021705 
819     0.018111 
820     0.010512 
821     0.003604 
822     0.002659 
823     0.004077 
824     0.006261 
825     0.004813 
826     0.005152 
827     0.005087 
828     0.006733 
829     0.004503 
830     0.007789 
831     0.011881 
832     0.015794 
833     0.016570 
834     0.016206 
835     0.011696 
836     0.009748 
837     0.008969 
838     0.010172 
839     0.010388 
840     0.012889 
841     0.014093 
842     0.014370 
843     0.012135 
844     0.012397 
845     0.010258 
846     0.007047 
847     0.011916 
848     0.013050 
849     0.013492 
850     0.018054 
851     0.020134 
852     0.016190 
853     0.011553 
854     0.007561 
855     0.006917 
856     0.014370 
857     0.021050 
858     0.018224 
859     0.032900 
860     0.022310 
861     0.018294 
862     0.020145 
863     0.017799 
864     0.019251 
865     0.017542 
866     0.014722 
867     0.012720 
868     0.012813 
869     0.013355 
870     0.012670 
871     0.007360 
872     0.007682 
873     0.004783 
874     0.005475 
875     0.005150 
876     0.008976 
877     0.008720 
878     0.007843 
879     0.009484 
880     0.012213 
881     0.012229 
882     0.015084 
883     0.014130 
884     0.016145 
885     0.014644 
886     0.020790 
887     0.017597 
888     0.023199 
889     0.013217 
890     0.015295 
891     0.011946 
892     0.035392 
893     0.033336 
894     0.032632 
895     0.027151 
896     0.022805 
897     0.021640 
898     0.017883 
899     0.021101 
900     0.020850 
901     0.017783 
902     0.012808 
903     0.013660 
904     0.009922 
905     0.008734 
906     0.010258 
907     0.008647 
908     0.008907 
909     0.006419 
910     0.008076 
911     0.006674 
912     0.006744 
913     0.008583 
914     0.010245 
915     0.011636 
916     0.009739 
917     0.008058 
918     0.008509 
919     0.012214 
920     0.015339 
921     0.012150 
922     0.009821 
923     0.007994 
924     0.009330 
925     0.006904 
926     0.007480 
927     0.006190 
928     0.006431 
929     0.006086 
930     0.007245 
931     0.005433 
932     0.005241 
933     0.003865 
934     0.006963 
935     0.011133 
936     0.016162 
937     0.019248 
938     0.009030 
939     0.007989 
940     0.006435 
941     0.005684 
942     0.005792 
943     0.005713 
944     0.004973 
945     0.005816 
946     0.003978 
947     0.010156 
948     0.010172 
949     0.013672 
950     0.011428 
951     0.023976 
952     0.027395 
953     0.027841 
954     0.027198 
955     0.024203 
956     0.025580 
957     0.026064 
958     0.024389 
959     0.026946 
960     0.025171 
961     0.021715 
962     0.012522 
963     0.009497 
964     0.014663 
965     0.017749 
966     0.014335 
967     0.024814 
968     0.027590 
969     0.013258 
970     0.010478 
971     0.008646 
972     0.005027 
973     0.006922 
974     0.016220 
975     0.027284 
976     0.021021 
977     0.014278 
978     0.009198 
979     0.018097 
980     0.023866 
981     0.055081 
982     0.029136 
983     0.039375 
984     0.085433 
985     0.090936 
986     0.072883 
987     0.043723 
988     0.041187 
989     0.058056 
990     0.052442 
991     0.036319 
992     0.043722 
993     0.030886 
994     0.039621 
995     0.046799 
996     0.050403 
997     0.030587 
998     0.025470 
999     0.015442 
1000     0.024478 
1001     0.018016 
1002     0.014302 
1003     0.020732 
1004     0.035209 
1005     0.032588 
1006     0.030551 
1007     0.045234 
1008     0.050044 
1009     0.049813 
1010     0.041190 
1011     0.043454 
1012     0.056733 
1013     0.041596 
1014     0.028823 
1015     0.021344 
1016     0.017625 
1017     0.017315 
1018     0.021491 
1019     0.015503 
1020     0.026031 
1021     0.038134 
1022     0.039539 
1023     0.043851 
1024     0.033327 
1025     0.022724 
1026     0.028171 
1027     0.034847 
1028     0.023109 
1029     0.018247 
1030     0.021754 
1031     0.028104 
1032     0.016188 
1033     0.022170 
1034     0.027724 
1035     0.017656 
1036     0.020978 
1037     0.032072 
1038     0.027118 
1039     0.026337 
1040     0.030467 
1041     0.038270 
1042     0.030319 
1043     0.026790 
1044     0.034407 
1045     0.036894 
1046     0.023845 
1047     0.034160 
1048     0.050385 
1049     0.029364 
1050     0.038796 
1051     0.051756 
1052     0.040457 
1053     0.033344 
1054     0.040743 
1055     0.030560 
1056     0.023869 
1057     0.020692 
1058     0.019212 
1059     0.010041 
1060     0.011606 
1061     0.009441 
1062     0.012802 
1063     0.016481 
1064     0.017359 
1065     0.019994 
1066     0.020189 
1067     0.017614 
1068     0.018091 
1069     0.020656 
1070     0.020739 
1071     0.024058 
1072     0.027283 
1073     0.029718 
1074     0.036669 
1075     0.019547 
1076     0.012805 
1077     0.024344 
1078     0.028508 
1079     0.017864 
1080     0.017345 
1081     0.012590 
1082     0.013502 
1083     0.016663 
1084     0.014460 
1085     0.011292 
1086     0.005406 
1087     0.012152 
1088     0.015937 
1089     0.021625 
1090     0.022287 
1091     0.021407 
1092     0.019667 
1093     0.019422 
1094     0.019440 
1095     0.018094 
1096     0.018610 
1097     0.021019 
1098     0.019052 
1099     0.021571 
1100     0.023303 
1101     0.022073 
1102     0.020257 
1103     0.027557 
1104     0.027217 
1105     0.027491 
1106     0.023924 
1107     0.031159 
1108     0.034126 
1109     0.029273 
1110     0.032877 
1111     0.039694 
1112     0.034745 
1113     0.038916 
1114     0.033156 
1115     0.033114 
1116     0.032413 
1117     0.025711 
1118     0.017850 
1119     0.016307 
1120     0.022039 
1121     0.012506 
1122     0.018549 
1123     0.013086 
1124     0.006925 
1125     0.019639 
1126     0.025307 
1127     0.033889 
1128     0.028025 
1129     0.019086 
1130     0.007418 
1131     0.013329 
1132     0.026023 
1133     0.036140 
1134     0.047583 
1135     0.048927 
1136     0.056665 
1137     0.050584 
1138     0.035312 
1139     0.031464 
1140     0.039231 
1141     0.035600 
1142     0.037022 
1143     0.048223 
1144     0.046856 
1145     0.038308 
1146     0.040393 
1147     0.030933 
1148     0.023682 
1149     0.020129 
1150     0.026824 
1151     0.041155 
1152     0.046563 
1153     0.034991 
1154     0.045032 
1155     0.031100 
1156     0.062949 
1157     0.067846 
1158     0.031314 
1159     0.031372 
1160     0.018335 
1161     0.022435 
1162     0.026005 
1163     0.033972 
1164     0.038957 
1165     0.058468 
1166     0.051795 
1167     0.034540 
1168     0.040358 
1169     0.031840 
1170     0.022058 
1171     0.024052 
1172     0.029408 
1173     0.038902 
1174     0.038068 
1175     0.047519 
1176     0.051945 
1177     0.045845 
1178     0.043325 
1179     0.051816 
1180     0.048045 
1181     0.037909 
1182     0.044912 
1183     0.036633 
1184     0.030037 
1185     0.022034 
1186     0.025483 
1187     0.034882 
1188     0.033167 
1189     0.023471 
1190     0.018046 
1191     0.017612 
1192     0.029495 
1193     0.031581 
1194     0.034727 
1195     0.032028 
1196     0.027587 
1197     0.028893 
1198     0.023656 
1199     0.030848 
1200     0.025391 
1201     0.019636 
1202     0.014684 
1203     0.012658 
1204     0.015636 
1205     0.018779 
1206     0.021536 
1207     0.021128 
1208     0.022062 
1209     0.018182 
1210     0.009175 
1211     0.013964 
1212     0.012246 
1213     0.015225 
1214     0.012703 
1215     0.008645 
1216     0.006299 
1217     0.010505 
1218     0.015671 
1219     0.015860 
1220     0.017838 
1221     0.018537 
1222     0.017702 
1223     0.017546 
1224     0.014920 
1225     0.014570 
1226     0.020380 
1227     0.020874 
1228     0.019570 
1229     0.018782 
1230     0.019471 
1231     0.018663 
1232     0.019440 
1233     0.018570 
1234     0.022608 
1235     0.018956 
1236     0.015216 
1237     0.016667 
1238     0.014235 
1239     0.014859 
1240     0.013954 
1241     0.016664 
1242     0.021522 
1243     0.019995 
1244     0.017508 
1245     0.014286 
1246     0.013689 
1247     0.009097 
1248     0.002826 
1249     0.009822 
1250     0.011942 
1251     0.014658 
1252     0.010961 
1253     0.010389 
1254     0.017086 
1255     0.011919 
1256     0.011714 
1257     0.018784 
1258     0.025887 
1259     0.029035 
1260     0.031900 
1261     0.038908 
1262     0.052810 
1263     0.057018 
1264     0.024681 
1265     0.027670 
1266     0.032203 
1267     0.031448 
1268     0.029548 
1269     0.050546 
1270     0.081087 
1271     0.050522 
1272     0.049792 
1273     0.043083 
1274     0.035527 
1275     0.032709 
1276     0.028569 
1277     0.021220 
1278     0.012507 
1279     0.008371 
1280     0.001152 
1281     0.004215 
1282     0.008868 
1283     0.012576 
1284     0.016339 
1285     0.018988 
1286     0.017942 
1287     0.025323 
1288     0.029251 
1289     0.024093 
1290     0.024836 
1291     0.024909 
1292     0.029193 
1293     0.023294 
1294     0.023510 
1295     0.043507 
1296     0.058898 
1297     0.041434 
1298     0.037512 
1299     0.028377 
1300     0.025424 
1301     0.022285 
1302     0.017285 
1303     0.011859 
1304     0.008182 
1305     0.005438 
1306     0.004629 
1307     0.005209 
1308     0.008147 
1309     0.011801 
1310     0.015067 
1311     0.024236 
1312     0.020080 
1313     0.018542 
1314     0.018617 
1315     0.018019 
1316     0.015561 
1317     0.023241 
1318     0.021141 
1319     0.014955 
1320     0.015864 
1321     0.012147 
1322     0.012707 
1323     0.010586 
1324     0.010367 
1325     0.011304 
1326     0.007022 
1327     0.009246 
1328     0.012677 
1329     0.010027 
1330     0.009305 
1331     0.011415 
1332     0.012774 
1333     0.014413 
1334     0.011647 
1335     0.011213 
1336     0.007671 
1337     0.005582 
1338     0.002865 
1339     0.007960 
1340     0.009297 
1341     0.009258 
1342     0.004538 
1343     0.007930 
1344     0.010177 
1345     0.004169 
1346     0.006935 
1347     0.011372 
1348     0.011313 
1349     0.005597 
1350     0.011767 
1351     0.013572 
1352     0.009250 
1353     0.008094 
1354     0.005940 
1355     0.009426 
1356     0.014016 
1357     0.020582 
