  1     0.018198 
  2     0.015900 
  3     0.009262 
  4     0.005826 
  5     0.006893 
  6     0.004325 
  7     0.006019 
  8     0.004315 
  9     0.006374 
 10     0.004294 
 11     0.004991 
 12     0.005279 
 13     0.005550 
 14     0.006934 
 15     0.006845 
 16     0.008804 
 17     0.007260 
 18     0.006980 
 19     0.008901 
 20     0.013657 
 21     0.041318 
 22     0.041637 
 23     0.010199 
 24     0.007991 
 25     0.010798 
 26     0.008505 
 27     0.014018 
 28     0.015518 
 29     0.016829 
 30     0.021667 
 31     0.021953 
 32     0.020455 
 33     0.014820 
 34     0.012416 
 35     0.007910 
 36     0.010230 
 37     0.009664 
 38     0.008810 
 39     0.011478 
 40     0.014465 
 41     0.017794 
 42     0.020229 
 43     0.022384 
 44     0.025385 
 45     0.005454 
 46     0.013284 
 47     0.014667 
 48     0.017663 
 49     0.018920 
 50     0.016914 
 51     0.015249 
 52     0.017468 
 53     0.020388 
 54     0.017022 
 55     0.014170 
 56     0.015721 
 57     0.018499 
 58     0.016440 
 59     0.014219 
 60     0.015961 
 61     0.015661 
 62     0.011649 
 63     0.009924 
 64     0.015104 
 65     0.014031 
 66     0.011053 
 67     0.008649 
 68     0.006360 
 69     0.008249 
 70     0.006892 
 71     0.006424 
 72     0.008329 
 73     0.009761 
 74     0.012046 
 75     0.012175 
 76     0.018209 
 77     0.020754 
 78     0.023347 
 79     0.018753 
 80     0.019011 
 81     0.013166 
 82     0.013398 
 83     0.016718 
 84     0.014587 
 85     0.006037 
 86     0.008778 
 87     0.009343 
 88     0.003898 
 89     0.002374 
 90     0.005868 
 91     0.006665 
 92     0.010508 
 93     0.012187 
 94     0.019081 
 95     0.026532 
 96     0.026933 
 97     0.041760 
 98     0.026039 
 99     0.026296 
100     0.020552 
101     0.016583 
102     0.015698 
103     0.014026 
104     0.017259 
105     0.018820 
106     0.021678 
107     0.029057 
108     0.030349 
109     0.024017 
110     0.020028 
111     0.017358 
112     0.012945 
113     0.014113 
114     0.014773 
115     0.014477 
116     0.012851 
117     0.014934 
118     0.015860 
119     0.014297 
120     0.014356 
121     0.016901 
122     0.017298 
123     0.013696 
124     0.016328 
125     0.021499 
126     0.018513 
127     0.017664 
128     0.025759 
129     0.031471 
130     0.030405 
131     0.030355 
132     0.036698 
133     0.029272 
134     0.029072 
135     0.019587 
136     0.019794 
137     0.012956 
138     0.008392 
139     0.004170 
140     0.005090 
141     0.003818 
142     0.004650 
143     0.005482 
144     0.006940 
145     0.007905 
146     0.006596 
147     0.007743 
148     0.006685 
149     0.008464 
150     0.008354 
151     0.005569 
152     0.008610 
153     0.011301 
154     0.009319 
155     0.010038 
156     0.015184 
157     0.014480 
158     0.014250 
159     0.017443 
160     0.017303 
161     0.017230 
162     0.019556 
163     0.017251 
164     0.015942 
165     0.012096 
166     0.007417 
167     0.005255 
168     0.003621 
169     0.004853 
170     0.005160 
171     0.002936 
172     0.003917 
173     0.006364 
174     0.004341 
175     0.003836 
176     0.006720 
177     0.010430 
178     0.008729 
179     0.011679 
180     0.015309 
181     0.018951 
182     0.025336 
183     0.023140 
184     0.026997 
185     0.027577 
186     0.025970 
187     0.021421 
188     0.015718 
189     0.011052 
190     0.008522 
191     0.005904 
192     0.004278 
193     0.003483 
194     0.003728 
195     0.004835 
196     0.005062 
197     0.006446 
198     0.007496 
199     0.006307 
200     0.006410 
201     0.006270 
202     0.006437 
203     0.007007 
204     0.008012 
205     0.009408 
206     0.012846 
207     0.015536 
208     0.021677 
209     0.025695 
210     0.023133 
211     0.033990 
212     0.028412 
213     0.024226 
214     0.022284 
215     0.019047 
216     0.014488 
217     0.013115 
218     0.010627 
219     0.011066 
220     0.010082 
221     0.009315 
222     0.009335 
223     0.008347 
224     0.009039 
225     0.008320 
226     0.009092 
227     0.008913 
228     0.007808 
229     0.008901 
230     0.008527 
231     0.008815 
232     0.011033 
233     0.010790 
234     0.007586 
235     0.007119 
236     0.008207 
237     0.009391 
238     0.004899 
239     0.005452 
240     0.011168 
241     0.012309 
242     0.010762 
243     0.014216 
244     0.019666 
245     0.019018 
246     0.021676 
247     0.026685 
248     0.024071 
249     0.025890 
250     0.024930 
251     0.016134 
252     0.017960 
253     0.015709 
254     0.019861 
255     0.020871 
256     0.016981 
257     0.020218 
258     0.023386 
259     0.019970 
260     0.022674 
261     0.024929 
262     0.021502 
263     0.020801 
264     0.025275 
265     0.021413 
266     0.015646 
267     0.018326 
268     0.018801 
269     0.015053 
270     0.014827 
271     0.015608 
272     0.019970 
273     0.018520 
274     0.018486 
275     0.024906 
276     0.028226 
277     0.027920 
278     0.021752 
279     0.018773 
280     0.017158 
281     0.018521 
282     0.025205 
283     0.028811 
284     0.030569 
285     0.026311 
286     0.030477 
287     0.034965 
288     0.038690 
289     0.056119 
290     0.070135 
291     0.058839 
292     0.034825 
293     0.025058 
294     0.032512 
295     0.030244 
296     0.025738 
297     0.022072 
298     0.013463 
299     0.013450 
300     0.013344 
301     0.018648 
302     0.021851 
303     0.023730 
304     0.018424 
305     0.016853 
306     0.021886 
307     0.020956 
308     0.017363 
309     0.018389 
310     0.019657 
311     0.019661 
312     0.016367 
313     0.016897 
314     0.018098 
315     0.016848 
316     0.013708 
317     0.014751 
318     0.015253 
319     0.012094 
320     0.009215 
321     0.012294 
322     0.013655 
323     0.010431 
324     0.010815 
325     0.015076 
326     0.014591 
327     0.013205 
328     0.016501 
329     0.013506 
330     0.012601 
331     0.009299 
332     0.007909 
333     0.010269 
334     0.008312 
335     0.011152 
336     0.008995 
337     0.005641 
338     0.004850 
339     0.002727 
340     0.001221 
341     0.002865 
342     0.003619 
343     0.006201 
344     0.007211 
345     0.012060 
346     0.014023 
347     0.018530 
348     0.017573 
349     0.015519 
350     0.018218 
351     0.019149 
352     0.016892 
353     0.012644 
354     0.012190 
355     0.014988 
356     0.012772 
357     0.007846 
358     0.007763 
359     0.008384 
360     0.010611 
361     0.009358 
362     0.011334 
363     0.016335 
364     0.016282 
365     0.009196 
366     0.006916 
367     0.003293 
368     0.004125 
369     0.005379 
370     0.004941 
371     0.001603 
372     0.002872 
373     0.004818 
374     0.004177 
375     0.001228 
376     0.002668 
377     0.005137 
378     0.005762 
379     0.001922 
380     0.004656 
381     0.012778 
382     0.010629 
383     0.010145 
384     0.015656 
385     0.013656 
386     0.018137 
387     0.024912 
388     0.027831 
389     0.019685 
390     0.019952 
391     0.016393 
392     0.013651 
393     0.011164 
394     0.010952 
395     0.009951 
396     0.010184 
397     0.009407 
398     0.007332 
399     0.007355 
400     0.008362 
401     0.013270 
402     0.017352 
403     0.020995 
404     0.030589 
405     0.028013 
406     0.023035 
407     0.017908 
408     0.014376 
409     0.011787 
410     0.007614 
411     0.012083 
412     0.009873 
413     0.008321 
414     0.008961 
415     0.009878 
416     0.008882 
417     0.010869 
418     0.011541 
419     0.012860 
420     0.012256 
421     0.013520 
422     0.013464 
423     0.017612 
424     0.028232 
425     0.077279 
426     0.063326 
427     0.070152 
428     0.064445 
429     0.087703 
430     0.080541 
431     0.058813 
432     0.043862 
433     0.046749 
434     0.028379 
435     0.034121 
436     0.037087 
437     0.028660 
438     0.014496 
439     0.016220 
440     0.009558 
441     0.011093 
442     0.008741 
443     0.012053 
444     0.011086 
445     0.013111 
446     0.012665 
447     0.016623 
448     0.018030 
449     0.025457 
450     0.022143 
451     0.019116 
452     0.013645 
453     0.014629 
454     0.011772 
455     0.027153 
456     0.037169 
457     0.040149 
458     0.042974 
459     0.027395 
460     0.034754 
461     0.026110 
462     0.004361 
463     0.006606 
464     0.023575 
465     0.042999 
466     0.054971 
467     0.069624 
468     0.083203 
469     0.065903 
470     0.056005 
471     0.075441 
472     0.052349 
473     0.059723 
474     0.031725 
475     0.027230 
476     0.015862 
477     0.017834 
478     0.013661 
479     0.014233 
480     0.012289 
481     0.007162 
482     0.008815 
483     0.010782 
484     0.014818 
485     0.015765 
486     0.030178 
487     0.046203 
488     0.040595 
489     0.062966 
490     0.071865 
491     0.102294 
492     0.133579 
493     0.148777 
494     0.131297 
495     0.120491 
496     0.093475 
497     0.056429 
498     0.057179 
499     0.050668 
500     0.063186 
501     0.065038 
502     0.065591 
503     0.045454 
504     0.023803 
505     0.014472 
506     0.015828 
507     0.020538 
508     0.030407 
509     0.036418 
510     0.031343 
511     0.022263 
512     0.017130 
513     0.023079 
514     0.016906 
515     0.012479 
516     0.016364 
517     0.014478 
518     0.008390 
519     0.011403 
520     0.012666 
521     0.012284 
522     0.011854 
523     0.010217 
524     0.008951 
525     0.011112 
526     0.009885 
527     0.006988 
528     0.005951 
529     0.007306 
530     0.007019 
531     0.005028 
532     0.003255 
533     0.004111 
534     0.004584 
535     0.004831 
536     0.006557 
537     0.003743 
538     0.005766 
539     0.008439 
540     0.010578 
541     0.008444 
542     0.008476 
543     0.010845 
544     0.012533 
545     0.011095 
546     0.010390 
547     0.010445 
548     0.013124 
549     0.012646 
550     0.010427 
551     0.011499 
552     0.016348 
553     0.016378 
554     0.014862 
555     0.017762 
556     0.018139 
557     0.013647 
558     0.013460 
559     0.017343 
560     0.012860 
561     0.009804 
562     0.011591 
563     0.010230 
564     0.006337 
565     0.008252 
566     0.010322 
567     0.007355 
568     0.008702 
569     0.011087 
570     0.013524 
571     0.011749 
572     0.012095 
573     0.014209 
574     0.016569 
575     0.014543 
576     0.012726 
577     0.016101 
578     0.017345 
579     0.013346 
580     0.014571 
581     0.010299 
582     0.012044 
583     0.012805 
584     0.010268 
585     0.008112 
586     0.009367 
587     0.010196 
588     0.008581 
589     0.009634 
590     0.009244 
591     0.008985 
592     0.009955 
593     0.009653 
594     0.007062 
595     0.009792 
596     0.010201 
597     0.008537 
598     0.012154 
599     0.017781 
600     0.017526 
601     0.018367 
602     0.022001 
603     0.030767 
604     0.025851 
605     0.050380 
606     0.033139 
607     0.050263 
608     0.062716 
609     0.060141 
610     0.049680 
611     0.037210 
612     0.034177 
613     0.044097 
614     0.038478 
615     0.032678 
616     0.039141 
617     0.039029 
618     0.049985 
619     0.033015 
620     0.024237 
621     0.048598 
622     0.053204 
623     0.051841 
624     0.058065 
625     0.047653 
626     0.040453 
627     0.045842 
628     0.044347 
629     0.037044 
630     0.038761 
631     0.043080 
632     0.035193 
633     0.032582 
634     0.033995 
635     0.053884 
636     0.046549 
637     0.030389 
638     0.059849 
639     0.056595 
640     0.120594 
641     0.118728 
642     0.057469 
643     0.042446 
644     0.047093 
645     0.070163 
646     0.079442 
647     0.060485 
648     0.026592 
649     0.049061 
650     0.055756 
651     0.029774 
652     0.031769 
653     0.027025 
654     0.023989 
655     0.023848 
656     0.015386 
657     0.025387 
658     0.027524 
659     0.015642 
660     0.021503 
661     0.025471 
662     0.017363 
663     0.014095 
664     0.024157 
665     0.026417 
666     0.020623 
667     0.021744 
668     0.022631 
669     0.020636 
670     0.018192 
671     0.024648 
672     0.025030 
673     0.019677 
674     0.039257 
675     0.058908 
676     0.056982 
677     0.038527 
678     0.038589 
679     0.029377 
680     0.022258 
681     0.021040 
682     0.020930 
683     0.012725 
684     0.020330 
685     0.020862 
686     0.020628 
687     0.020968 
688     0.020961 
689     0.020398 
690     0.021240 
691     0.022219 
692     0.020970 
693     0.028286 
694     0.026140 
695     0.026386 
696     0.037669 
697     0.041370 
698     0.047220 
699     0.032304 
700     0.024373 
701     0.029758 
702     0.032297 
703     0.025562 
704     0.019001 
705     0.012907 
706     0.018405 
707     0.021507 
708     0.019683 
709     0.017101 
710     0.010247 
711     0.016100 
712     0.017611 
713     0.022306 
714     0.024229 
715     0.025423 
716     0.023875 
717     0.022370 
718     0.020316 
719     0.018506 
720     0.025397 
721     0.031453 
722     0.022173 
723     0.024078 
724     0.027058 
725     0.026235 
726     0.024477 
727     0.014037 
728     0.009574 
729     0.007356 
730     0.011487 
731     0.012947 
732     0.010691 
733     0.008053 
734     0.010798 
735     0.013923 
736     0.011886 
737     0.015090 
738     0.018811 
739     0.024690 
740     0.027714 
741     0.027333 
742     0.033311 
743     0.025972 
744     0.014160 
745     0.015534 
746     0.019833 
747     0.019614 
748     0.021507 
749     0.018100 
750     0.027885 
751     0.034639 
752     0.026196 
753     0.025129 
754     0.017161 
755     0.009526 
756     0.012795 
757     0.027014 
758     0.036561 
759     0.041548 
760     0.054352 
761     0.049312 
762     0.035138 
763     0.028932 
764     0.039731 
765     0.037861 
766     0.040523 
767     0.054122 
768     0.052103 
769     0.041143 
770     0.041695 
771     0.029566 
772     0.017688 
773     0.022001 
774     0.037257 
775     0.050275 
776     0.054697 
777     0.032206 
778     0.052204 
779     0.072738 
780     0.097252 
781     0.040688 
782     0.055694 
783     0.047561 
784     0.081299 
785     0.060959 
786     0.044194 
787     0.049725 
788     0.047785 
789     0.062129 
790     0.054049 
791     0.034886 
792     0.042252 
793     0.036536 
794     0.018581 
795     0.023036 
796     0.024913 
797     0.035864 
798     0.030504 
799     0.043663 
800     0.042660 
801     0.029548 
802     0.023232 
803     0.021817 
804     0.009998 
805     0.004520 
806     0.014032 
807     0.017196 
808     0.013060 
809     0.003791 
810     0.011159 
811     0.015889 
812     0.012409 
813     0.008341 
814     0.009822 
815     0.006579 
816     0.013617 
817     0.018211 
818     0.019469 
819     0.016673 
820     0.017220 
821     0.016083 
822     0.010171 
823     0.011317 
824     0.009242 
825     0.007718 
826     0.005947 
827     0.008088 
828     0.014537 
829     0.013772 
830     0.024543 
831     0.026039 
832     0.034100 
833     0.033358 
834     0.034647 
835     0.024306 
836     0.019232 
837     0.013559 
838     0.014474 
839     0.016629 
840     0.021030 
841     0.022114 
842     0.021351 
843     0.017638 
844     0.017130 
845     0.013088 
846     0.009643 
847     0.018645 
848     0.024123 
849     0.022383 
850     0.031102 
851     0.030973 
852     0.026048 
853     0.020370 
854     0.014164 
855     0.008939 
856     0.009112 
857     0.015769 
858     0.014522 
859     0.025255 
860     0.024493 
861     0.018842 
862     0.020137 
863     0.018134 
864     0.018745 
865     0.017300 
866     0.017415 
867     0.016917 
868     0.018531 
869     0.019729 
870     0.021832 
871     0.016284 
872     0.015213 
873     0.012147 
874     0.012238 
875     0.010275 
876     0.010807 
877     0.011132 
878     0.013564 
879     0.012637 
880     0.014884 
881     0.018695 
882     0.024438 
883     0.024534 
884     0.027751 
885     0.025563 
886     0.033413 
887     0.026282 
888     0.031146 
889     0.014074 
890     0.018513 
891     0.010286 
892     0.046836 
893     0.048379 
894     0.050845 
895     0.041686 
896     0.034733 
897     0.034112 
898     0.030355 
899     0.032333 
900     0.031074 
901     0.023941 
902     0.016302 
903     0.013561 
904     0.009358 
905     0.010290 
906     0.013896 
907     0.016991 
908     0.016758 
909     0.010685 
910     0.010361 
911     0.008219 
912     0.011051 
913     0.014097 
914     0.017230 
915     0.016999 
916     0.015560 
917     0.011116 
918     0.009834 
919     0.020662 
920     0.029036 
921     0.021280 
922     0.021211 
923     0.015392 
924     0.014497 
925     0.012245 
926     0.015032 
927     0.014126 
928     0.013724 
929     0.014314 
930     0.013150 
931     0.009258 
932     0.008961 
933     0.009004 
934     0.009257 
935     0.008516 
936     0.010109 
937     0.010380 
938     0.012276 
939     0.013330 
940     0.014123 
941     0.012371 
942     0.011925 
943     0.013172 
944     0.012848 
945     0.011490 
946     0.011435 
947     0.013623 
948     0.011709 
949     0.011616 
950     0.013271 
951     0.014119 
952     0.007515 
953     0.010768 
954     0.014622 
955     0.003679 
956     0.007322 
957     0.012357 
958     0.015625 
959     0.019069 
960     0.015602 
961     0.016788 
962     0.016760 
963     0.013571 
964     0.010122 
965     0.012568 
966     0.008427 
967     0.011646 
968     0.008667 
969     0.012035 
970     0.013029 
971     0.005687 
972     0.005858 
973     0.008808 
974     0.010217 
975     0.011412 
976     0.009207 
977     0.014589 
978     0.016386 
979     0.025452 
980     0.019426 
981     0.038845 
982     0.021248 
983     0.023311 
984     0.046276 
985     0.039877 
986     0.032121 
987     0.019482 
988     0.019270 
989     0.024458 
990     0.022390 
991     0.016331 
992     0.016678 
993     0.022576 
994     0.030767 
995     0.036834 
996     0.039844 
997     0.039940 
998     0.041903 
999     0.035009 
1000     0.044588 
1001     0.035656 
1002     0.023676 
1003     0.032573 
1004     0.036896 
1005     0.022730 
1006     0.023356 
1007     0.035296 
1008     0.029180 
1009     0.027227 
1010     0.028393 
1011     0.028436 
1012     0.035833 
1013     0.031563 
1014     0.024410 
1015     0.021873 
1016     0.016195 
1017     0.021201 
1018     0.024793 
1019     0.020975 
1020     0.034924 
1021     0.040492 
1022     0.037145 
1023     0.036585 
1024     0.030266 
1025     0.022223 
1026     0.023478 
1027     0.027523 
1028     0.021243 
1029     0.016657 
1030     0.018564 
1031     0.019914 
1032     0.014453 
1033     0.013684 
1034     0.015394 
1035     0.015030 
1036     0.010047 
1037     0.013159 
1038     0.014257 
1039     0.018361 
1040     0.011879 
1041     0.021650 
1042     0.022288 
1043     0.018108 
1044     0.020676 
1045     0.032873 
1046     0.025593 
1047     0.037580 
1048     0.054989 
1049     0.054275 
1050     0.052664 
1051     0.068043 
1052     0.065162 
1053     0.033463 
1054     0.037005 
1055     0.020003 
1056     0.013279 
1057     0.012467 
1058     0.017909 
1059     0.015797 
1060     0.018417 
1061     0.018686 
1062     0.016767 
1063     0.014052 
1064     0.011263 
1065     0.006027 
1066     0.005475 
1067     0.006260 
1068     0.008814 
1069     0.009658 
1070     0.014183 
1071     0.015918 
1072     0.023068 
1073     0.038593 
1074     0.022618 
1075     0.007472 
1076     0.022662 
1077     0.025104 
1078     0.022397 
1079     0.017058 
1080     0.015638 
1081     0.013671 
1082     0.014159 
1083     0.011608 
1084     0.013827 
1085     0.016432 
1086     0.015162 
1087     0.014559 
1088     0.018245 
1089     0.017498 
1090     0.018945 
1091     0.014048 
1092     0.010849 
1093     0.014299 
1094     0.013295 
1095     0.015938 
1096     0.014525 
1097     0.014263 
1098     0.019215 
1099     0.014056 
1100     0.020613 
1101     0.021950 
1102     0.025343 
1103     0.015099 
1104     0.018143 
1105     0.022379 
1106     0.019557 
1107     0.020614 
1108     0.023252 
1109     0.019320 
1110     0.017798 
1111     0.025685 
1112     0.024334 
1113     0.033739 
1114     0.037311 
1115     0.049566 
1116     0.060056 
1117     0.048829 
1118     0.050772 
1119     0.044013 
1120     0.044409 
1121     0.030111 
1122     0.035131 
1123     0.033953 
1124     0.028722 
1125     0.032047 
1126     0.040159 
1127     0.040660 
1128     0.031965 
1129     0.027217 
1130     0.022566 
1131     0.020203 
1132     0.022203 
1133     0.027053 
1134     0.034778 
1135     0.040119 
1136     0.043806 
1137     0.035058 
1138     0.025635 
1139     0.022378 
1140     0.023718 
1141     0.019362 
1142     0.019766 
1143     0.024509 
1144     0.025640 
1145     0.020324 
1146     0.020073 
1147     0.014106 
1148     0.015077 
1149     0.011652 
1150     0.016567 
1151     0.024931 
1152     0.047915 
1153     0.065013 
1154     0.112373 
1155     0.126614 
1156     0.152959 
1157     0.061723 
1158     0.021001 
1159     0.040718 
1160     0.038680 
1161     0.035051 
1162     0.003937 
1163     0.009266 
1164     0.014695 
1165     0.021258 
1166     0.022931 
1167     0.015849 
1168     0.017914 
1169     0.013008 
1170     0.015019 
1171     0.013409 
1172     0.017941 
1173     0.023348 
1174     0.020516 
1175     0.026426 
1176     0.031340 
1177     0.028444 
1178     0.032290 
1179     0.035567 
1180     0.038892 
1181     0.029767 
1182     0.023164 
1183     0.020559 
1184     0.016539 
1185     0.022545 
1186     0.030081 
1187     0.039901 
1188     0.050409 
1189     0.045389 
1190     0.049185 
1191     0.045048 
1192     0.056557 
1193     0.051193 
1194     0.055916 
1195     0.041035 
1196     0.028394 
1197     0.022273 
1198     0.015224 
1199     0.016139 
1200     0.010249 
1201     0.014127 
1202     0.016658 
1203     0.020743 
1204     0.018756 
1205     0.020419 
1206     0.025298 
1207     0.024367 
1208     0.022726 
1209     0.023447 
1210     0.014208 
1211     0.009173 
1212     0.009548 
1213     0.013977 
1214     0.020162 
1215     0.021681 
1216     0.023163 
1217     0.021179 
1218     0.017285 
1219     0.015882 
1220     0.012004 
1221     0.006670 
1222     0.011870 
1223     0.011592 
1224     0.013656 
1225     0.011689 
1226     0.015399 
1227     0.016262 
1228     0.015664 
1229     0.016454 
1230     0.020641 
1231     0.022331 
1232     0.030387 
1233     0.029657 
1234     0.025907 
1235     0.037918 
1236     0.021136 
1237     0.018361 
1238     0.022331 
1239     0.020271 
1240     0.025875 
1241     0.023575 
1242     0.014278 
1243     0.013936 
1244     0.010024 
1245     0.012404 
1246     0.008516 
1247     0.007492 
1248     0.004527 
1249     0.007494 
1250     0.008752 
1251     0.009519 
1252     0.008828 
1253     0.010749 
1254     0.011121 
1255     0.009855 
1256     0.010604 
1257     0.011574 
1258     0.012153 
1259     0.010038 
1260     0.005630 
1261     0.009310 
1262     0.015530 
1263     0.023861 
1264     0.019312 
1265     0.019719 
1266     0.020263 
1267     0.023669 
1268     0.011930 
1269     0.020288 
1270     0.036389 
1271     0.014069 
1272     0.016887 
1273     0.016355 
1274     0.015097 
1275     0.013533 
1276     0.013334 
1277     0.011432 
1278     0.010391 
1279     0.009352 
1280     0.008664 
1281     0.009958 
1282     0.011547 
1283     0.015391 
1284     0.014358 
1285     0.016061 
1286     0.013359 
1287     0.021537 
1288     0.023044 
1289     0.013980 
1290     0.008864 
1291     0.007349 
1292     0.011931 
1293     0.010632 
1294     0.010120 
1295     0.036845 
1296     0.044682 
1297     0.028185 
1298     0.032438 
1299     0.019167 
1300     0.017279 
1301     0.014770 
1302     0.006731 
1303     0.008186 
1304     0.005054 
1305     0.008432 
1306     0.006987 
1307     0.005587 
1308     0.008641 
1309     0.009839 
1310     0.012202 
1311     0.020612 
1312     0.020955 
1313     0.024930 
1314     0.024892 
1315     0.023628 
1316     0.017085 
1317     0.022455 
1318     0.022415 
1319     0.017134 
1320     0.015793 
1321     0.014791 
1322     0.014154 
1323     0.012456 
1324     0.012170 
1325     0.012572 
1326     0.010358 
1327     0.011021 
1328     0.013732 
1329     0.013212 
1330     0.013199 
1331     0.015411 
1332     0.014895 
1333     0.013920 
1334     0.017205 
1335     0.016077 
1336     0.010294 
1337     0.012261 
1338     0.013249 
1339     0.012044 
1340     0.009427 
1341     0.011498 
1342     0.007887 
1343     0.008934 
1344     0.011894 
1345     0.014919 
1346     0.012273 
1347     0.007047 
1348     0.001618 
1349     0.004110 
1350     0.009319 
1351     0.009990 
1352     0.011930 
1353     0.014575 
1354     0.015506 
1355     0.021266 
1356     0.016050 
1357     0.025477 
