  1     0.008525 
  2     0.009173 
  3     0.008408 
  4     0.006631 
  5     0.006872 
  6     0.006280 
  7     0.006338 
  8     0.006391 
  9     0.005860 
 10     0.006484 
 11     0.006324 
 12     0.007168 
 13     0.007839 
 14     0.007182 
 15     0.008069 
 16     0.008272 
 17     0.008306 
 18     0.009052 
 19     0.008211 
 20     0.022855 
 21     0.041917 
 22     0.040902 
 23     0.017892 
 24     0.006388 
 25     0.012196 
 26     0.009772 
 27     0.010514 
 28     0.011289 
 29     0.010495 
 30     0.013029 
 31     0.012789 
 32     0.013034 
 33     0.011808 
 34     0.011153 
 35     0.009752 
 36     0.008654 
 37     0.007147 
 38     0.005494 
 39     0.003343 
 40     0.000301 
 41     0.002762 
 42     0.006499 
 43     0.004137 
 44     0.010098 
 45     0.045168 
 46     0.028322 
 47     0.022263 
 48     0.012651 
 49     0.005448 
 50     0.003742 
 51     0.005958 
 52     0.006088 
 53     0.002869 
 54     0.001516 
 55     0.003691 
 56     0.004213 
 57     0.004148 
 58     0.004452 
 59     0.009252 
 60     0.007658 
 61     0.004278 
 62     0.006740 
 63     0.006811 
 64     0.005765 
 65     0.004760 
 66     0.003820 
 67     0.003072 
 68     0.005472 
 69     0.004044 
 70     0.004972 
 71     0.005163 
 72     0.004468 
 73     0.004131 
 74     0.003627 
 75     0.004299 
 76     0.004206 
 77     0.004469 
 78     0.004906 
 79     0.005268 
 80     0.006084 
 81     0.005492 
 82     0.004658 
 83     0.004489 
 84     0.005742 
 85     0.004562 
 86     0.003886 
 87     0.002707 
 88     0.002593 
 89     0.006500 
 90     0.009295 
 91     0.006265 
 92     0.006093 
 93     0.006491 
 94     0.005762 
 95     0.004639 
 96     0.004234 
 97     0.004340 
 98     0.003280 
 99     0.003800 
100     0.003840 
101     0.004150 
102     0.004270 
103     0.004966 
104     0.005830 
105     0.007514 
106     0.017520 
107     0.013269 
108     0.007954 
109     0.004842 
110     0.004838 
111     0.003496 
112     0.003584 
113     0.003199 
114     0.004156 
115     0.003747 
116     0.003951 
117     0.004121 
118     0.003449 
119     0.005099 
120     0.005057 
121     0.006137 
122     0.006551 
123     0.007790 
124     0.007439 
125     0.009524 
126     0.010589 
127     0.010032 
128     0.010976 
129     0.013130 
130     0.013332 
131     0.012523 
132     0.013471 
133     0.011875 
134     0.010585 
135     0.008774 
136     0.007573 
137     0.006411 
138     0.005461 
139     0.004649 
140     0.004717 
141     0.005092 
142     0.005041 
143     0.005684 
144     0.005422 
145     0.005714 
146     0.005403 
147     0.004160 
148     0.003459 
149     0.003366 
150     0.003516 
151     0.003438 
152     0.002830 
153     0.002871 
154     0.003278 
155     0.002659 
156     0.002406 
157     0.002920 
158     0.003847 
159     0.003657 
160     0.003509 
161     0.004613 
162     0.005695 
163     0.005243 
164     0.004919 
165     0.003760 
166     0.004027 
167     0.003347 
168     0.003389 
169     0.004303 
170     0.005275 
171     0.005961 
172     0.006523 
173     0.005701 
174     0.005604 
175     0.006846 
176     0.007153 
177     0.005843 
178     0.006792 
179     0.008482 
180     0.008837 
181     0.009217 
182     0.013509 
183     0.013500 
184     0.012378 
185     0.009270 
186     0.009314 
187     0.012361 
188     0.013619 
189     0.011006 
190     0.009944 
191     0.008919 
192     0.007952 
193     0.007700 
194     0.007536 
195     0.008190 
196     0.007325 
197     0.007074 
198     0.006664 
199     0.006889 
200     0.007076 
201     0.006607 
202     0.006721 
203     0.006704 
204     0.007561 
205     0.006931 
206     0.008016 
207     0.006833 
208     0.007654 
209     0.005064 
210     0.001582 
211     0.004637 
212     0.006043 
213     0.002844 
214     0.004306 
215     0.003244 
216     0.004944 
217     0.004915 
218     0.005299 
219     0.006889 
220     0.006173 
221     0.005779 
222     0.006365 
223     0.006589 
224     0.007158 
225     0.006910 
226     0.006478 
227     0.007583 
228     0.007138 
229     0.007844 
230     0.007419 
231     0.007946 
232     0.006601 
233     0.007609 
234     0.009039 
235     0.012142 
236     0.010891 
237     0.009873 
238     0.019953 
239     0.020823 
240     0.011529 
241     0.012501 
242     0.021452 
243     0.018584 
244     0.010972 
245     0.011353 
246     0.017720 
247     0.017042 
248     0.013597 
249     0.012637 
250     0.021829 
251     0.026478 
252     0.026106 
253     0.028818 
254     0.036876 
255     0.029949 
256     0.020065 
257     0.021111 
258     0.021562 
259     0.018751 
260     0.015075 
261     0.015596 
262     0.013327 
263     0.012713 
264     0.011500 
265     0.012465 
266     0.009897 
267     0.010169 
268     0.013838 
269     0.013826 
270     0.010267 
271     0.012169 
272     0.016859 
273     0.014257 
274     0.009544 
275     0.015163 
276     0.019673 
277     0.021541 
278     0.021643 
279     0.020721 
280     0.021123 
281     0.016265 
282     0.018611 
283     0.016854 
284     0.027186 
285     0.030643 
286     0.020364 
287     0.028716 
288     0.036544 
289     0.032648 
290     0.043722 
291     0.037464 
292     0.042732 
293     0.033928 
294     0.015267 
295     0.018055 
296     0.013096 
297     0.019045 
298     0.018419 
299     0.021707 
300     0.018032 
301     0.020238 
302     0.017366 
303     0.020584 
304     0.018480 
305     0.014654 
306     0.014520 
307     0.018924 
308     0.015422 
309     0.011433 
310     0.009758 
311     0.012476 
312     0.008592 
313     0.005537 
314     0.005899 
315     0.006449 
316     0.004422 
317     0.004548 
318     0.004273 
319     0.005315 
320     0.006027 
321     0.006418 
322     0.003767 
323     0.006267 
324     0.008129 
325     0.009316 
326     0.008309 
327     0.009189 
328     0.012520 
329     0.013244 
330     0.013066 
331     0.011963 
332     0.014104 
333     0.014084 
334     0.012806 
335     0.013378 
336     0.011788 
337     0.010281 
338     0.009276 
339     0.008874 
340     0.008039 
341     0.007885 
342     0.008466 
343     0.009111 
344     0.007847 
345     0.007929 
346     0.007512 
347     0.007087 
348     0.010586 
349     0.008347 
350     0.008554 
351     0.008636 
352     0.006891 
353     0.008150 
354     0.009895 
355     0.008059 
356     0.008060 
357     0.010421 
358     0.011948 
359     0.013110 
360     0.013044 
361     0.011351 
362     0.010800 
363     0.010374 
364     0.008956 
365     0.008696 
366     0.009258 
367     0.008534 
368     0.008193 
369     0.008323 
370     0.007536 
371     0.006715 
372     0.007254 
373     0.007031 
374     0.005918 
375     0.005397 
376     0.006088 
377     0.005416 
378     0.004441 
379     0.005317 
380     0.005877 
381     0.004644 
382     0.004829 
383     0.006163 
384     0.005743 
385     0.006260 
386     0.005175 
387     0.004639 
388     0.004825 
389     0.004196 
390     0.003568 
391     0.003339 
392     0.003166 
393     0.003514 
394     0.003501 
395     0.003344 
396     0.003915 
397     0.004237 
398     0.003889 
399     0.003900 
400     0.003750 
401     0.004337 
402     0.005210 
403     0.005388 
404     0.010533 
405     0.009529 
406     0.007337 
407     0.006374 
408     0.004427 
409     0.003240 
410     0.002560 
411     0.003107 
412     0.003513 
413     0.003431 
414     0.004334 
415     0.004323 
416     0.003697 
417     0.003543 
418     0.002933 
419     0.002779 
420     0.002693 
421     0.002699 
422     0.003043 
423     0.003079 
424     0.004124 
425     0.008311 
426     0.006645 
427     0.008214 
428     0.007700 
429     0.006328 
430     0.007355 
431     0.007627 
432     0.008081 
433     0.007429 
434     0.007863 
435     0.006941 
436     0.005495 
437     0.003945 
438     0.004168 
439     0.004510 
440     0.004759 
441     0.004963 
442     0.004360 
443     0.003981 
444     0.002766 
445     0.002136 
446     0.002592 
447     0.004301 
448     0.005352 
449     0.006540 
450     0.005379 
451     0.004935 
452     0.004995 
453     0.004524 
454     0.003882 
455     0.003994 
456     0.003314 
457     0.001018 
458     0.001991 
459     0.003614 
460     0.005876 
461     0.007246 
462     0.007807 
463     0.009615 
464     0.009078 
465     0.009522 
466     0.008446 
467     0.008115 
468     0.009808 
469     0.011585 
470     0.010001 
471     0.009514 
472     0.007015 
473     0.007369 
474     0.005871 
475     0.004140 
476     0.002669 
477     0.002204 
478     0.002592 
479     0.002849 
480     0.002902 
481     0.002923 
482     0.003135 
483     0.003008 
484     0.002792 
485     0.002584 
486     0.001717 
487     0.002733 
488     0.004221 
489     0.006779 
490     0.008822 
491     0.011239 
492     0.014695 
493     0.015913 
494     0.012770 
495     0.010782 
496     0.007704 
497     0.005662 
498     0.004863 
499     0.002902 
500     0.002762 
501     0.001904 
502     0.002895 
503     0.003681 
504     0.003065 
505     0.003356 
506     0.003209 
507     0.002602 
508     0.001663 
509     0.001103 
510     0.002473 
511     0.003190 
512     0.002616 
513     0.003641 
514     0.005707 
515     0.003901 
516     0.004741 
517     0.009210 
518     0.010845 
519     0.006558 
520     0.010441 
521     0.020319 
522     0.012327 
523     0.010996 
524     0.033468 
525     0.019001 
526     0.021809 
527     0.067093 
528     0.064527 
529     0.040954 
530     0.113422 
531     0.122727 
532     0.063834 
533     0.129721 
534     0.175874 
535     0.111288 
536     0.096532 
537     0.164418 
538     0.139975 
539     0.083170 
540     0.107402 
541     0.128633 
542     0.079104 
543     0.063187 
544     0.068733 
545     0.050002 
546     0.021788 
547     0.014392 
548     0.026301 
549     0.035769 
550     0.021797 
551     0.063153 
552     0.066431 
553     0.034376 
554     0.054250 
555     0.058210 
556     0.034189 
557     0.038539 
558     0.074284 
559     0.094238 
560     0.084489 
561     0.052818 
562     0.051625 
563     0.054808 
564     0.027192 
565     0.021360 
566     0.032052 
567     0.020688 
568     0.021232 
569     0.022955 
570     0.061185 
571     0.067857 
572     0.035048 
573     0.074215 
574     0.121196 
575     0.090566 
576     0.069756 
577     0.150024 
578     0.157408 
579     0.109215 
580     0.099427 
581     0.060201 
582     0.129108 
583     0.109628 
584     0.047200 
585     0.101496 
586     0.127030 
587     0.066893 
588     0.065283 
589     0.107276 
590     0.069932 
591     0.035396 
592     0.071405 
593     0.041515 
594     0.016228 
595     0.027992 
596     0.042924 
597     0.056643 
598     0.022338 
599     0.071981 
600     0.132778 
601     0.048826 
602     0.066270 
603     0.175012 
604     0.371613 
605     0.469503 
606     0.002445 
607     0.002924 
608     0.002862 
609     0.002553 
610     0.002505 
611     0.002151 
612     0.001747 
613     0.001983 
614     0.001798 
615     0.001250 
616     0.001348 
617     0.001508 
618     0.002100 
619     0.002088 
620     0.001210 
621     0.001201 
622     0.000887 
623     0.000839 
624     0.000633 
625     0.000627 
626     0.000801 
627     0.000623 
628     0.000285 
629     0.000355 
630     0.000853 
631     0.001039 
632     0.000741 
633     0.000556 
634     0.000798 
635     0.002185 
636     0.001909 
637     0.000932 
638     0.002845 
639     0.004150 
640     0.007168 
641     0.006776 
642     0.005408 
643     0.005351 
644     0.004894 
645     0.002121 
646     0.003030 
647     0.002196 
648     0.001324 
649     0.003665 
650     0.004257 
651     0.002703 
652     0.002708 
653     0.002988 
654     0.002743 
655     0.002007 
656     0.001879 
657     0.001964 
658     0.001831 
659     0.001310 
660     0.001197 
661     0.001185 
662     0.001250 
663     0.001192 
664     0.001301 
665     0.001759 
666     0.001397 
667     0.000954 
668     0.001205 
669     0.001793 
670     0.001477 
671     0.001458 
672     0.002297 
673     0.002500 
674     0.002121 
675     0.002440 
676     0.002607 
677     0.001784 
678     0.001553 
679     0.001176 
680     0.000988 
681     0.001132 
682     0.001008 
683     0.000772 
684     0.000701 
685     0.000628 
686     0.000773 
687     0.000820 
688     0.000712 
689     0.000886 
690     0.001005 
691     0.001214 
692     0.001445 
693     0.001380 
694     0.001494 
695     0.001623 
696     0.001303 
697     0.001298 
698     0.001362 
699     0.001585 
700     0.000992 
701     0.001216 
702     0.001132 
703     0.000936 
704     0.000853 
705     0.000773 
706     0.000735 
707     0.000676 
708     0.000855 
709     0.000799 
710     0.000806 
711     0.001041 
712     0.001197 
713     0.001456 
714     0.001322 
715     0.000921 
716     0.000997 
717     0.001188 
718     0.001283 
719     0.001163 
720     0.001297 
721     0.001794 
722     0.001203 
723     0.001584 
724     0.002854 
725     0.003677 
726     0.002996 
727     0.002148 
728     0.001685 
729     0.000774 
730     0.001389 
731     0.001340 
732     0.001442 
733     0.001768 
734     0.001968 
735     0.002256 
736     0.002211 
737     0.002399 
738     0.003505 
739     0.004947 
740     0.005939 
741     0.004612 
742     0.005232 
743     0.003560 
744     0.002953 
745     0.001079 
746     0.000711 
747     0.000597 
748     0.000714 
749     0.000972 
750     0.001084 
751     0.001469 
752     0.001251 
753     0.000874 
754     0.000730 
755     0.000812 
756     0.001050 
757     0.001296 
758     0.001688 
759     0.001889 
760     0.002071 
761     0.001745 
762     0.001365 
763     0.001109 
764     0.001173 
765     0.001119 
766     0.000936 
767     0.001055 
768     0.000761 
769     0.000796 
770     0.001107 
771     0.001001 
772     0.000930 
773     0.000775 
774     0.000773 
775     0.000639 
776     0.000651 
777     0.000953 
778     0.001352 
779     0.002480 
780     0.002340 
781     0.000595 
782     0.001938 
783     0.000853 
784     0.002022 
785     0.001357 
786     0.000707 
787     0.000635 
788     0.000678 
789     0.000820 
790     0.000736 
791     0.000763 
792     0.000870 
793     0.000728 
794     0.000752 
795     0.000738 
796     0.000766 
797     0.000854 
798     0.000935 
799     0.001208 
800     0.001559 
801     0.001504 
802     0.001579 
803     0.001846 
804     0.001700 
805     0.001373 
806     0.001498 
807     0.001187 
808     0.000947 
809     0.000912 
810     0.000951 
811     0.001007 
812     0.001294 
813     0.001457 
814     0.003790 
815     0.003505 
816     0.004842 
817     0.004432 
818     0.005136 
819     0.004192 
820     0.002556 
821     0.002285 
822     0.002417 
823     0.002369 
824     0.002177 
825     0.001883 
826     0.001568 
827     0.002162 
828     0.002486 
829     0.001899 
830     0.002593 
831     0.001938 
832     0.002163 
833     0.001979 
834     0.002335 
835     0.001695 
836     0.001318 
837     0.000793 
838     0.000702 
839     0.000601 
840     0.000690 
841     0.000856 
842     0.001000 
843     0.000888 
844     0.000970 
845     0.001207 
846     0.001096 
847     0.001404 
848     0.001577 
849     0.001027 
850     0.001094 
851     0.001070 
852     0.002088 
853     0.001805 
854     0.002635 
855     0.002228 
856     0.000676 
857     0.001544 
858     0.001465 
859     0.002030 
860     0.002675 
861     0.002408 
862     0.002731 
863     0.002712 
864     0.003097 
865     0.003013 
866     0.002450 
867     0.002620 
868     0.002322 
869     0.002941 
870     0.003293 
871     0.003640 
872     0.002917 
873     0.003460 
874     0.002381 
875     0.002521 
876     0.002481 
877     0.002562 
878     0.002569 
879     0.002828 
880     0.003664 
881     0.003355 
882     0.003809 
883     0.003599 
884     0.003785 
885     0.002662 
886     0.003015 
887     0.002820 
888     0.002644 
889     0.001768 
890     0.001615 
891     0.002418 
892     0.003477 
893     0.003607 
894     0.003696 
895     0.004014 
896     0.003606 
897     0.004056 
898     0.003621 
899     0.004529 
900     0.004765 
901     0.004207 
902     0.003368 
903     0.003456 
904     0.003214 
905     0.004000 
906     0.003636 
907     0.003564 
908     0.002862 
909     0.003244 
910     0.003337 
911     0.003703 
912     0.003576 
913     0.002931 
914     0.002246 
915     0.002109 
916     0.002470 
917     0.002284 
918     0.002751 
919     0.002620 
920     0.003874 
921     0.003418 
922     0.003170 
923     0.002843 
924     0.002670 
925     0.002849 
926     0.002201 
927     0.002516 
928     0.002357 
929     0.003147 
930     0.002329 
931     0.002938 
932     0.002352 
933     0.003326 
934     0.003612 
935     0.005498 
936     0.005681 
937     0.007014 
938     0.008025 
939     0.008742 
940     0.007698 
941     0.004482 
942     0.005154 
943     0.006472 
944     0.005824 
945     0.003210 
946     0.004167 
947     0.006218 
948     0.005137 
949     0.004418 
950     0.006806 
951     0.007324 
952     0.008231 
953     0.011440 
954     0.009520 
955     0.009875 
956     0.012106 
957     0.013824 
958     0.015007 
959     0.017048 
960     0.015353 
961     0.017800 
962     0.017493 
963     0.014382 
964     0.010854 
965     0.011357 
966     0.006832 
967     0.009471 
968     0.004230 
969     0.004452 
970     0.005860 
971     0.002110 
972     0.006241 
973     0.010560 
974     0.013308 
975     0.012345 
976     0.006919 
977     0.009319 
978     0.009601 
979     0.015474 
980     0.011780 
981     0.018992 
982     0.001243 
983     0.001140 
984     0.001741 
985     0.002253 
986     0.002941 
987     0.002535 
988     0.003782 
989     0.003255 
990     0.002085 
991     0.003373 
992     0.004185 
993     0.005819 
994     0.006469 
995     0.007602 
996     0.010161 
997     0.010239 
998     0.010172 
999     0.007165 
1000     0.009324 
1001     0.008850 
1002     0.005986 
1003     0.006782 
1004     0.007793 
1005     0.005487 
1006     0.004645 
1007     0.005851 
1008     0.005026 
1009     0.004244 
1010     0.004193 
1011     0.004561 
1012     0.005018 
1013     0.004465 
1014     0.003591 
1015     0.003490 
1016     0.003095 
1017     0.004012 
1018     0.004209 
1019     0.003732 
1020     0.005041 
1021     0.005068 
1022     0.004263 
1023     0.004500 
1024     0.004022 
1025     0.002965 
1026     0.002850 
1027     0.003360 
1028     0.002941 
1029     0.002610 
1030     0.002228 
1031     0.002658 
1032     0.002594 
1033     0.001587 
1034     0.001750 
1035     0.003064 
1036     0.002091 
1037     0.001590 
1038     0.004209 
1039     0.006089 
1040     0.006128 
1041     0.009849 
1042     0.008718 
1043     0.006261 
1044     0.007740 
1045     0.012307 
1046     0.010531 
1047     0.012700 
1048     0.016196 
1049     0.018502 
1050     0.018501 
1051     0.024311 
1052     0.024545 
1053     0.015822 
1054     0.015691 
1055     0.009815 
1056     0.006295 
1057     0.007033 
1058     0.004322 
1059     0.003720 
1060     0.004611 
1061     0.004733 
1062     0.003749 
1063     0.003062 
1064     0.003204 
1065     0.002810 
1066     0.002163 
1067     0.003028 
1068     0.002943 
1069     0.002615 
1070     0.002459 
1071     0.001160 
1072     0.002078 
1073     0.004075 
1074     0.004991 
1075     0.006233 
1076     0.009617 
1077     0.011370 
1078     0.009764 
1079     0.007266 
1080     0.007670 
1081     0.006048 
1082     0.005149 
1083     0.004022 
1084     0.004629 
1085     0.004338 
1086     0.005339 
1087     0.005391 
1088     0.004561 
1089     0.004444 
1090     0.004081 
1091     0.003272 
1092     0.001948 
1093     0.002627 
1094     0.001926 
1095     0.002939 
1096     0.004067 
1097     0.005390 
1098     0.007926 
1099     0.011807 
1100     0.018247 
1101     0.017651 
1102     0.014954 
1103     0.005633 
1104     0.004844 
1105     0.006810 
1106     0.007971 
1107     0.009948 
1108     0.007773 
1109     0.004582 
1110     0.007038 
1111     0.009126 
1112     0.007905 
1113     0.008330 
1114     0.014314 
1115     0.015846 
1116     0.021308 
1117     0.020029 
1118     0.023972 
1119     0.022512 
1120     0.022139 
1121     0.015703 
1122     0.012835 
1123     0.008247 
1124     0.005869 
1125     0.003098 
1126     0.004767 
1127     0.005454 
1128     0.004065 
1129     0.004301 
1130     0.004574 
1131     0.002447 
1132     0.003598 
1133     0.005267 
1134     0.008607 
1135     0.010033 
1136     0.013423 
1137     0.009147 
1138     0.005707 
1139     0.003425 
1140     0.003741 
1141     0.003543 
1142     0.002475 
1143     0.004195 
1144     0.005526 
1145     0.007243 
1146     0.007909 
1147     0.006548 
1148     0.008668 
1149     0.007311 
1150     0.009933 
1151     0.011658 
1152     0.013932 
1153     0.007971 
1154     0.013988 
1155     0.016678 
1156     0.027465 
1157     0.025607 
1158     0.014508 
1159     0.010933 
1160     0.007034 
1161     0.009992 
1162     0.013558 
1163     0.010963 
1164     0.009030 
1165     0.009833 
1166     0.007623 
1167     0.004697 
1168     0.006705 
1169     0.006889 
1170     0.003972 
1171     0.004307 
1172     0.001706 
1173     0.001955 
1174     0.005700 
1175     0.009437 
1176     0.010552 
1177     0.009098 
1178     0.007056 
1179     0.009859 
1180     0.005412 
1181     0.005889 
1182     0.009936 
1183     0.007973 
1184     0.009238 
1185     0.005523 
1186     0.007896 
1187     0.008395 
1188     0.018487 
1189     0.018367 
1190     0.024815 
1191     0.021382 
1192     0.022137 
1193     0.021152 
1194     0.020745 
1195     0.018133 
1196     0.015624 
1197     0.009176 
1198     0.006984 
1199     0.006696 
1200     0.003417 
1201     0.002511 
1202     0.002109 
1203     0.007244 
1204     0.012262 
1205     0.010422 
1206     0.015023 
1207     0.014612 
1208     0.011308 
1209     0.008976 
1210     0.004641 
1211     0.006385 
1212     0.007442 
1213     0.005296 
1214     0.005735 
1215     0.005515 
1216     0.005569 
1217     0.004712 
1218     0.003393 
1219     0.003369 
1220     0.002627 
1221     0.002688 
1222     0.003267 
1223     0.002498 
1224     0.003685 
1225     0.006505 
1226     0.011801 
1227     0.015781 
1228     0.014899 
1229     0.010632 
1230     0.007389 
1231     0.003029 
1232     0.006966 
1233     0.011459 
1234     0.012598 
1235     0.018285 
1236     0.016081 
1237     0.014046 
1238     0.013360 
1239     0.010578 
1240     0.011172 
1241     0.008676 
1242     0.006825 
1243     0.009873 
1244     0.012220 
1245     0.014138 
1246     0.014964 
1247     0.010340 
1248     0.007639 
1249     0.005048 
1250     0.002512 
1251     0.002560 
1252     0.002571 
1253     0.004188 
1254     0.002852 
1255     0.002194 
1256     0.003987 
1257     0.004190 
1258     0.002723 
1259     0.004184 
1260     0.004014 
1261     0.002111 
1262     0.007789 
1263     0.011409 
1264     0.015465 
1265     0.013300 
1266     0.013072 
1267     0.011737 
1268     0.019148 
1269     0.017849 
1270     0.014680 
1271     0.007992 
1272     0.009518 
1273     0.006921 
1274     0.003455 
1275     0.001623 
1276     0.003329 
1277     0.003767 
1278     0.001929 
1279     0.003771 
1280     0.005098 
1281     0.007235 
1282     0.007576 
1283     0.009177 
1284     0.007277 
1285     0.009646 
1286     0.008678 
1287     0.007970 
1288     0.007105 
1289     0.008950 
1290     0.009008 
1291     0.006673 
1292     0.004723 
1293     0.001877 
1294     0.003275 
1295     0.002635 
1296     0.004259 
1297     0.004494 
1298     0.003229 
1299     0.005182 
1300     0.007024 
1301     0.009216 
1302     0.011712 
1303     0.013651 
1304     0.011339 
1305     0.008598 
1306     0.004891 
1307     0.004066 
1308     0.002471 
1309     0.003295 
1310     0.003643 
1311     0.005220 
1312     0.004172 
1313     0.003564 
1314     0.002054 
1315     0.002486 
1316     0.005161 
1317     0.005536 
1318     0.003402 
1319     0.001572 
1320     0.002447 
1321     0.001382 
1322     0.000620 
1323     0.001874 
1324     0.002158 
1325     0.002724 
1326     0.001952 
1327     0.005519 
1328     0.006701 
1329     0.006175 
1330     0.007266 
1331     0.008912 
1332     0.009270 
1333     0.009797 
1334     0.009623 
1335     0.009605 
1336     0.007847 
1337     0.005521 
1338     0.001753 
1339     0.003365 
1340     0.005097 
1341     0.006958 
1342     0.006073 
1343     0.009787 
1344     0.012489 
1345     0.009255 
1346     0.005385 
1347     0.002473 
1348     0.002297 
1349     0.001845 
1350     0.007104 
1351     0.009565 
1352     0.009733 
1353     0.007064 
1354     0.004380 
1355     0.006854 
1356     0.006809 
1357     0.014294 
