  1     0.017650 
  2     0.017581 
  3     0.017716 
  4     0.017987 
  5     0.017551 
  6     0.015816 
  7     0.015559 
  8     0.014091 
  9     0.014710 
 10     0.014918 
 11     0.015414 
 12     0.015622 
 13     0.015321 
 14     0.014716 
 15     0.013528 
 16     0.013548 
 17     0.013160 
 18     0.018341 
 19     0.024696 
 20     0.040759 
 21     0.086020 
 22     0.076998 
 23     0.049050 
 24     0.018984 
 25     0.012369 
 26     0.009508 
 27     0.013601 
 28     0.015790 
 29     0.015895 
 30     0.023666 
 31     0.025392 
 32     0.021851 
 33     0.020099 
 34     0.015904 
 35     0.014835 
 36     0.015901 
 37     0.015016 
 38     0.013192 
 39     0.008972 
 40     0.006077 
 41     0.008967 
 42     0.016960 
 43     0.022517 
 44     0.041987 
 45     0.014627 
 46     0.004798 
 47     0.006528 
 48     0.011560 
 49     0.012463 
 50     0.010693 
 51     0.013437 
 52     0.013274 
 53     0.012005 
 54     0.009230 
 55     0.005854 
 56     0.010101 
 57     0.012999 
 58     0.009158 
 59     0.014016 
 60     0.017638 
 61     0.013888 
 62     0.014319 
 63     0.020415 
 64     0.015977 
 65     0.008573 
 66     0.005506 
 67     0.007089 
 68     0.013599 
 69     0.010662 
 70     0.013037 
 71     0.013171 
 72     0.012927 
 73     0.012863 
 74     0.012772 
 75     0.024486 
 76     0.029722 
 77     0.034301 
 78     0.043118 
 79     0.038185 
 80     0.042408 
 81     0.025985 
 82     0.026912 
 83     0.033114 
 84     0.031967 
 85     0.011280 
 86     0.022743 
 87     0.021419 
 88     0.012631 
 89     0.020893 
 90     0.017784 
 91     0.020743 
 92     0.026712 
 93     0.029662 
 94     0.037186 
 95     0.039794 
 96     0.032366 
 97     0.058787 
 98     0.027975 
 99     0.035003 
100     0.025163 
101     0.024572 
102     0.019276 
103     0.023654 
104     0.032099 
105     0.027767 
106     0.060360 
107     0.097424 
108     0.066396 
109     0.032466 
110     0.015547 
111     0.011446 
112     0.008091 
113     0.008650 
114     0.004893 
115     0.007766 
116     0.010054 
117     0.009300 
118     0.008869 
119     0.012177 
120     0.011704 
121     0.011897 
122     0.013530 
123     0.013970 
124     0.013490 
125     0.016999 
126     0.015399 
127     0.012867 
128     0.019163 
129     0.022181 
130     0.018789 
131     0.021151 
132     0.028190 
133     0.020594 
134     0.021730 
135     0.016022 
136     0.014975 
137     0.014578 
138     0.015598 
139     0.015154 
140     0.015078 
141     0.014756 
142     0.015499 
143     0.015285 
144     0.013803 
145     0.016087 
146     0.016667 
147     0.008704 
148     0.009161 
149     0.010251 
150     0.013170 
151     0.012928 
152     0.009962 
153     0.010477 
154     0.012125 
155     0.012653 
156     0.011170 
157     0.010890 
158     0.011871 
159     0.012287 
160     0.009333 
161     0.010146 
162     0.011651 
163     0.012526 
164     0.013426 
165     0.013268 
166     0.015242 
167     0.014165 
168     0.013854 
169     0.013937 
170     0.013722 
171     0.012182 
172     0.009388 
173     0.009772 
174     0.009755 
175     0.007758 
176     0.006600 
177     0.007041 
178     0.006330 
179     0.005780 
180     0.011088 
181     0.013160 
182     0.023015 
183     0.022737 
184     0.026087 
185     0.017655 
186     0.023240 
187     0.033076 
188     0.026434 
189     0.008091 
190     0.007457 
191     0.009554 
192     0.007335 
193     0.010934 
194     0.011898 
195     0.015316 
196     0.014349 
197     0.015411 
198     0.014856 
199     0.016146 
200     0.013908 
201     0.011827 
202     0.008656 
203     0.007895 
204     0.005821 
205     0.005331 
206     0.008568 
207     0.006433 
208     0.018495 
209     0.009751 
210     0.013975 
211     0.013675 
212     0.012472 
213     0.010507 
214     0.005106 
215     0.008026 
216     0.006207 
217     0.005617 
218     0.006696 
219     0.004758 
220     0.006728 
221     0.010372 
222     0.015843 
223     0.017466 
224     0.021856 
225     0.021988 
226     0.013809 
227     0.019258 
228     0.014135 
229     0.016539 
230     0.016145 
231     0.018580 
232     0.012511 
233     0.012894 
234     0.012922 
235     0.015144 
236     0.009949 
237     0.008077 
238     0.010015 
239     0.012832 
240     0.010054 
241     0.017566 
242     0.025293 
243     0.025826 
244     0.023664 
245     0.031568 
246     0.036999 
247     0.038285 
248     0.037703 
249     0.041588 
250     0.035377 
251     0.030950 
252     0.024892 
253     0.023694 
254     0.031058 
255     0.024160 
256     0.020623 
257     0.015483 
258     0.012892 
259     0.011685 
260     0.009818 
261     0.010696 
262     0.006679 
263     0.010482 
264     0.013563 
265     0.011831 
266     0.011254 
267     0.012785 
268     0.011917 
269     0.011091 
270     0.011265 
271     0.008227 
272     0.003459 
273     0.007541 
274     0.009014 
275     0.008749 
276     0.010113 
277     0.015347 
278     0.008281 
279     0.000691 
280     0.005585 
281     0.010726 
282     0.010031 
283     0.011396 
284     0.014631 
285     0.021409 
286     0.020576 
287     0.031187 
288     0.052722 
289     0.045913 
290     0.032486 
291     0.071699 
292     0.055001 
293     0.025508 
294     0.019838 
295     0.010728 
296     0.012719 
297     0.014675 
298     0.014795 
299     0.004300 
300     0.005635 
301     0.012697 
302     0.016547 
303     0.020116 
304     0.020520 
305     0.011584 
306     0.022686 
307     0.024173 
308     0.018657 
309     0.024081 
310     0.034001 
311     0.040716 
312     0.032398 
313     0.031919 
314     0.042985 
315     0.038749 
316     0.029986 
317     0.037938 
318     0.040712 
319     0.026820 
320     0.022821 
321     0.032312 
322     0.026744 
323     0.014924 
324     0.019143 
325     0.022794 
326     0.012048 
327     0.006972 
328     0.016921 
329     0.021577 
330     0.028113 
331     0.030459 
332     0.031075 
333     0.027014 
334     0.017669 
335     0.016955 
336     0.024084 
337     0.017135 
338     0.006266 
339     0.006299 
340     0.008857 
341     0.011656 
342     0.012740 
343     0.014450 
344     0.008954 
345     0.003756 
346     0.014101 
347     0.024776 
348     0.033111 
349     0.032790 
350     0.033856 
351     0.043323 
352     0.039382 
353     0.035956 
354     0.043083 
355     0.052675 
356     0.041767 
357     0.038289 
358     0.049127 
359     0.044905 
360     0.038994 
361     0.027357 
362     0.021131 
363     0.017935 
364     0.016831 
365     0.004250 
366     0.006103 
367     0.007133 
368     0.011823 
369     0.010542 
370     0.008809 
371     0.010171 
372     0.011003 
373     0.007835 
374     0.010249 
375     0.012430 
376     0.013434 
377     0.010828 
378     0.011619 
379     0.015084 
380     0.015468 
381     0.010652 
382     0.013641 
383     0.017121 
384     0.013641 
385     0.015586 
386     0.012066 
387     0.009669 
388     0.013754 
389     0.008863 
390     0.011885 
391     0.009562 
392     0.007058 
393     0.007538 
394     0.007902 
395     0.007337 
396     0.010389 
397     0.005998 
398     0.009542 
399     0.008933 
400     0.011155 
401     0.011302 
402     0.009241 
403     0.007427 
404     0.011041 
405     0.010383 
406     0.009626 
407     0.006764 
408     0.007945 
409     0.009145 
410     0.009416 
411     0.009128 
412     0.006219 
413     0.007958 
414     0.006750 
415     0.008535 
416     0.006769 
417     0.007260 
418     0.009161 
419     0.007261 
420     0.003643 
421     0.004125 
422     0.005947 
423     0.005450 
424     0.004879 
425     0.013127 
426     0.016391 
427     0.017933 
428     0.023946 
429     0.034403 
430     0.034406 
431     0.029278 
432     0.027090 
433     0.028318 
434     0.022658 
435     0.021810 
436     0.023284 
437     0.022279 
438     0.019265 
439     0.012692 
440     0.013039 
441     0.012949 
442     0.012316 
443     0.013497 
444     0.013515 
445     0.010543 
446     0.008842 
447     0.009915 
448     0.011062 
449     0.013797 
450     0.014966 
451     0.014724 
452     0.018990 
453     0.016194 
454     0.014031 
455     0.015049 
456     0.015022 
457     0.019288 
458     0.020363 
459     0.017287 
460     0.017386 
461     0.016137 
462     0.015664 
463     0.016541 
464     0.021719 
465     0.019340 
466     0.020622 
467     0.023672 
468     0.021568 
469     0.016465 
470     0.012850 
471     0.014928 
472     0.013940 
473     0.012784 
474     0.007304 
475     0.006676 
476     0.008021 
477     0.004770 
478     0.006853 
479     0.006250 
480     0.009529 
481     0.012150 
482     0.011142 
483     0.010215 
484     0.007395 
485     0.005587 
486     0.007064 
487     0.010331 
488     0.012055 
489     0.013791 
490     0.015501 
491     0.017039 
492     0.024355 
493     0.032596 
494     0.025394 
495     0.026652 
496     0.017443 
497     0.012059 
498     0.012039 
499     0.012407 
500     0.015651 
501     0.016244 
502     0.015399 
503     0.016364 
504     0.012940 
505     0.013276 
506     0.006503 
507     0.016979 
508     0.026049 
509     0.025128 
510     0.020664 
511     0.018055 
512     0.003407 
513     0.004901 
514     0.006767 
515     0.006089 
516     0.006057 
517     0.004826 
518     0.006182 
519     0.008474 
520     0.006472 
521     0.006588 
522     0.005100 
523     0.004565 
524     0.004891 
525     0.003648 
526     0.004828 
527     0.003173 
528     0.002993 
529     0.003420 
530     0.001716 
531     0.003146 
532     0.006944 
533     0.008331 
534     0.008572 
535     0.008266 
536     0.008766 
537     0.011450 
538     0.008733 
539     0.006798 
540     0.006720 
541     0.006886 
542     0.006219 
543     0.003108 
544     0.003175 
545     0.008345 
546     0.006404 
547     0.005604 
548     0.011370 
549     0.009387 
550     0.006697 
551     0.012774 
552     0.013883 
553     0.006010 
554     0.010073 
555     0.010007 
556     0.006135 
557     0.004905 
558     0.006249 
559     0.005786 
560     0.004712 
561     0.002764 
562     0.003969 
563     0.003132 
564     0.002746 
565     0.002434 
566     0.003089 
567     0.002567 
568     0.002265 
569     0.001937 
570     0.003223 
571     0.004166 
572     0.003345 
573     0.005052 
574     0.007290 
575     0.005788 
576     0.006760 
577     0.009635 
578     0.010304 
579     0.008127 
580     0.006074 
581     0.006723 
582     0.005406 
583     0.003992 
584     0.004710 
585     0.005361 
586     0.003910 
587     0.002832 
588     0.003852 
589     0.003983 
590     0.003111 
591     0.002726 
592     0.002861 
593     0.004457 
594     0.003213 
595     0.003218 
596     0.003127 
597     0.006728 
598     0.004131 
599     0.009112 
600     0.008232 
601     0.013145 
602     0.014097 
603     0.019811 
604     0.025374 
605     0.040984 
606     0.006711 
607     0.007965 
608     0.014407 
609     0.012175 
610     0.009940 
611     0.006297 
612     0.005610 
613     0.007377 
614     0.006669 
615     0.004969 
616     0.005976 
617     0.005627 
618     0.006086 
619     0.006710 
620     0.005335 
621     0.006189 
622     0.006456 
623     0.005618 
624     0.005594 
625     0.003919 
626     0.003471 
627     0.003947 
628     0.002871 
629     0.003494 
630     0.003034 
631     0.002208 
632     0.004569 
633     0.004677 
634     0.003040 
635     0.001622 
636     0.001568 
637     0.001865 
638     0.002833 
639     0.002560 
640     0.009947 
641     0.013109 
642     0.007627 
643     0.004487 
644     0.013902 
645     0.013879 
646     0.010867 
647     0.004818 
648     0.001411 
649     0.004065 
650     0.004343 
651     0.002497 
652     0.003181 
653     0.004315 
654     0.003905 
655     0.003889 
656     0.003584 
657     0.004529 
658     0.004952 
659     0.004187 
660     0.002863 
661     0.003772 
662     0.003889 
663     0.004950 
664     0.002517 
665     0.003772 
666     0.004145 
667     0.002904 
668     0.003014 
669     0.004143 
670     0.003022 
671     0.004127 
672     0.007577 
673     0.005121 
674     0.004072 
675     0.004107 
676     0.002194 
677     0.001659 
678     0.003265 
679     0.002441 
680     0.001354 
681     0.001252 
682     0.001929 
683     0.002429 
684     0.003006 
685     0.004068 
686     0.003918 
687     0.003048 
688     0.002539 
689     0.002392 
690     0.001739 
691     0.002123 
692     0.003938 
693     0.004243 
694     0.005835 
695     0.005415 
696     0.006695 
697     0.006204 
698     0.005814 
699     0.004295 
700     0.002687 
701     0.003667 
702     0.002889 
703     0.002396 
704     0.002335 
705     0.002061 
706     0.002475 
707     0.002393 
708     0.002853 
709     0.003422 
710     0.003241 
711     0.003493 
712     0.004157 
713     0.004822 
714     0.003723 
715     0.002634 
716     0.002497 
717     0.003186 
718     0.003439 
719     0.003760 
720     0.003741 
721     0.008587 
722     0.006165 
723     0.017633 
724     0.017100 
725     0.014357 
726     0.014013 
727     0.011651 
728     0.006238 
729     0.007137 
730     0.007777 
731     0.005448 
732     0.004686 
733     0.005572 
734     0.003453 
735     0.003097 
736     0.005730 
737     0.004814 
738     0.009397 
739     0.002806 
740     0.004420 
741     0.023884 
742     0.033960 
743     0.031907 
744     0.014022 
745     0.005684 
746     0.003460 
747     0.004384 
748     0.004692 
749     0.004537 
750     0.007737 
751     0.006362 
752     0.004665 
753     0.004588 
754     0.003797 
755     0.002991 
756     0.003255 
757     0.004143 
758     0.005643 
759     0.006499 
760     0.006551 
761     0.004954 
762     0.003210 
763     0.002872 
764     0.003452 
765     0.003284 
766     0.003817 
767     0.005626 
768     0.004405 
769     0.003475 
770     0.004852 
771     0.003045 
772     0.002873 
773     0.002067 
774     0.002677 
775     0.002714 
776     0.003801 
777     0.004522 
778     0.004950 
779     0.003754 
780     0.007813 
781     0.005475 
782     0.002907 
783     0.004751 
784     0.006448 
785     0.004210 
786     0.003421 
787     0.002996 
788     0.001546 
789     0.000780 
790     0.003295 
791     0.002588 
792     0.002917 
793     0.002214 
794     0.002256 
795     0.001071 
796     0.002001 
797     0.003717 
798     0.003171 
799     0.004596 
800     0.005313 
801     0.004792 
802     0.005325 
803     0.005983 
804     0.005599 
805     0.004117 
806     0.003565 
807     0.003276 
808     0.002405 
809     0.003206 
810     0.003831 
811     0.003422 
812     0.005139 
813     0.008311 
814     0.012925 
815     0.003135 
816     0.012494 
817     0.021920 
818     0.016233 
819     0.028757 
820     0.018307 
821     0.009385 
822     0.009144 
823     0.005698 
824     0.005141 
825     0.008478 
826     0.008600 
827     0.009482 
828     0.012147 
829     0.011239 
830     0.014015 
831     0.008315 
832     0.011306 
833     0.008753 
834     0.006546 
835     0.003826 
836     0.001685 
837     0.001661 
838     0.001095 
839     0.003303 
840     0.004662 
841     0.004319 
842     0.004161 
843     0.003965 
844     0.003505 
845     0.004417 
846     0.003476 
847     0.003150 
848     0.006060 
849     0.009030 
850     0.015842 
851     0.015268 
852     0.014410 
853     0.010328 
854     0.010583 
855     0.005193 
856     0.010812 
857     0.015604 
858     0.010331 
859     0.022258 
860     0.007449 
861     0.009156 
862     0.016017 
863     0.016807 
864     0.024021 
865     0.025644 
866     0.018260 
867     0.018038 
868     0.012711 
869     0.012755 
870     0.008833 
871     0.006118 
872     0.005145 
873     0.011070 
874     0.008144 
875     0.007455 
876     0.013492 
877     0.010061 
878     0.005300 
879     0.013492 
880     0.024019 
881     0.019962 
882     0.017373 
883     0.008803 
884     0.004506 
885     0.008729 
886     0.008925 
887     0.005781 
888     0.004240 
889     0.002562 
890     0.002990 
891     0.004348 
892     0.013032 
893     0.011733 
894     0.017912 
895     0.012375 
896     0.010973 
897     0.011263 
898     0.017101 
899     0.017553 
900     0.022701 
901     0.022539 
902     0.017726 
903     0.020406 
904     0.017680 
905     0.018782 
906     0.020688 
907     0.012696 
908     0.019036 
909     0.008184 
910     0.012891 
911     0.020021 
912     0.017078 
913     0.012983 
914     0.013657 
915     0.011807 
916     0.009709 
917     0.004013 
918     0.010173 
919     0.009524 
920     0.012209 
921     0.009966 
922     0.014124 
923     0.017989 
924     0.019330 
925     0.017507 
926     0.013271 
927     0.011713 
928     0.008179 
929     0.003762 
930     0.008058 
931     0.003529 
932     0.003247 
933     0.011558 
934     0.013967 
935     0.015950 
936     0.021196 
937     0.021132 
938     0.021512 
939     0.035084 
940     0.036349 
941     0.030515 
942     0.020270 
943     0.022509 
944     0.026476 
945     0.021176 
946     0.014974 
947     0.014999 
948     0.017466 
949     0.020944 
950     0.025551 
951     0.043050 
952     0.071397 
953     0.071950 
954     0.087600 
955     0.088471 
956     0.104238 
957     0.117766 
958     0.087918 
959     0.075772 
960     0.035926 
961     0.029969 
962     0.070936 
963     0.100117 
964     0.094539 
965     0.078979 
966     0.046028 
967     0.058426 
968     0.082661 
969     0.028686 
970     0.075161 
971     0.085164 
972     0.102645 
973     0.063577 
974     0.072668 
975     0.120858 
976     0.077851 
977     0.085734 
978     0.091461 
979     0.136900 
980     0.151929 
981     0.149524 
982     0.008201 
983     0.011055 
984     0.032105 
985     0.031828 
986     0.020762 
987     0.008638 
988     0.007230 
989     0.017200 
990     0.020236 
991     0.016978 
992     0.014184 
993     0.010901 
994     0.021722 
995     0.020771 
996     0.022294 
997     0.042436 
998     0.044381 
999     0.042841 
1000     0.049773 
1001     0.034181 
1002     0.028058 
1003     0.040969 
1004     0.041806 
1005     0.028932 
1006     0.033599 
1007     0.043081 
1008     0.041384 
1009     0.038797 
1010     0.038875 
1011     0.037705 
1012     0.042383 
1013     0.030643 
1014     0.018008 
1015     0.015157 
1016     0.012472 
1017     0.010188 
1018     0.012610 
1019     0.010518 
1020     0.010848 
1021     0.016623 
1022     0.018407 
1023     0.024192 
1024     0.019076 
1025     0.011278 
1026     0.013993 
1027     0.021181 
1028     0.017555 
1029     0.012490 
1030     0.014167 
1031     0.018453 
1032     0.014517 
1033     0.008589 
1034     0.008159 
1035     0.012796 
1036     0.008246 
1037     0.006493 
1038     0.009704 
1039     0.015282 
1040     0.007856 
1041     0.010492 
1042     0.004523 
1043     0.004069 
1044     0.007979 
1045     0.006750 
1046     0.006575 
1047     0.005809 
1048     0.007217 
1049     0.007909 
1050     0.006339 
1051     0.004633 
1052     0.004732 
1053     0.003371 
1054     0.003109 
1055     0.005395 
1056     0.006351 
1057     0.004982 
1058     0.009279 
1059     0.009625 
1060     0.010107 
1061     0.012022 
1062     0.010645 
1063     0.010021 
1064     0.010109 
1065     0.009080 
1066     0.007422 
1067     0.006351 
1068     0.003664 
1069     0.004926 
1070     0.002046 
1071     0.002112 
1072     0.003960 
1073     0.002157 
1074     0.006501 
1075     0.006488 
1076     0.008460 
1077     0.007297 
1078     0.006583 
1079     0.006884 
1080     0.008095 
1081     0.008936 
1082     0.008240 
1083     0.009108 
1084     0.009391 
1085     0.008664 
1086     0.010854 
1087     0.009859 
1088     0.007945 
1089     0.008016 
1090     0.007349 
1091     0.007214 
1092     0.008295 
1093     0.009459 
1094     0.010809 
1095     0.013297 
1096     0.010815 
1097     0.008771 
1098     0.011815 
1099     0.013864 
1100     0.012780 
1101     0.015883 
1102     0.017708 
1103     0.016856 
1104     0.020701 
1105     0.021156 
1106     0.014109 
1107     0.012943 
1108     0.009656 
1109     0.006816 
1110     0.008166 
1111     0.011251 
1112     0.017663 
1113     0.025876 
1114     0.048824 
1115     0.051344 
1116     0.059498 
1117     0.037521 
1118     0.027014 
1119     0.011647 
1120     0.014047 
1121     0.019667 
1122     0.020880 
1123     0.020498 
1124     0.017937 
1125     0.019785 
1126     0.023190 
1127     0.020709 
1128     0.017308 
1129     0.016272 
1130     0.014516 
1131     0.014493 
1132     0.017661 
1133     0.017714 
1134     0.019869 
1135     0.019540 
1136     0.016956 
1137     0.014582 
1138     0.011727 
1139     0.012426 
1140     0.012502 
1141     0.009701 
1142     0.009849 
1143     0.010927 
1144     0.009362 
1145     0.006891 
1146     0.008350 
1147     0.006569 
1148     0.009133 
1149     0.011103 
1150     0.013487 
1151     0.012589 
1152     0.025995 
1153     0.032447 
1154     0.031322 
1155     0.015531 
1156     0.024074 
1157     0.048817 
1158     0.019484 
1159     0.015643 
1160     0.014183 
1161     0.011774 
1162     0.014906 
1163     0.018853 
1164     0.014489 
1165     0.017862 
1166     0.019364 
1167     0.019590 
1168     0.023622 
1169     0.018347 
1170     0.015487 
1171     0.009991 
1172     0.010993 
1173     0.015570 
1174     0.017032 
1175     0.019777 
1176     0.020780 
1177     0.021613 
1178     0.022334 
1179     0.027338 
1180     0.027231 
1181     0.023116 
1182     0.023530 
1183     0.020796 
1184     0.020208 
1185     0.019253 
1186     0.021677 
1187     0.023148 
1188     0.018975 
1189     0.018936 
1190     0.010854 
1191     0.022895 
1192     0.053742 
1193     0.047223 
1194     0.068667 
1195     0.048319 
1196     0.043852 
1197     0.026916 
1198     0.011116 
1199     0.010250 
1200     0.012946 
1201     0.015465 
1202     0.007483 
1203     0.025893 
1204     0.034365 
1205     0.029363 
1206     0.052052 
1207     0.046609 
1208     0.045291 
1209     0.036130 
1210     0.018094 
1211     0.018599 
1212     0.016846 
1213     0.014277 
1214     0.013629 
1215     0.015121 
1216     0.014080 
1217     0.010106 
1218     0.010327 
1219     0.012675 
1220     0.011203 
1221     0.009878 
1222     0.016243 
1223     0.013317 
1224     0.012790 
1225     0.013276 
1226     0.025604 
1227     0.022750 
1228     0.021264 
1229     0.015391 
1230     0.021686 
1231     0.020553 
1232     0.028587 
1233     0.028475 
1234     0.026542 
1235     0.063760 
1236     0.046916 
1237     0.022137 
1238     0.013141 
1239     0.018115 
1240     0.038470 
1241     0.029132 
1242     0.020301 
1243     0.033526 
1244     0.035573 
1245     0.036780 
1246     0.033199 
1247     0.022010 
1248     0.032586 
1249     0.018049 
1250     0.008186 
1251     0.028861 
1252     0.018152 
1253     0.023217 
1254     0.015094 
1255     0.012695 
1256     0.017458 
1257     0.015735 
1258     0.019442 
1259     0.024036 
1260     0.032303 
1261     0.027207 
1262     0.104420 
1263     0.054329 
1264     0.045624 
1265     0.026036 
1266     0.021146 
1267     0.048235 
1268     0.055908 
1269     0.049457 
1270     0.032518 
1271     0.043938 
1272     0.049453 
1273     0.049499 
1274     0.045496 
1275     0.027036 
1276     0.013716 
1277     0.013330 
1278     0.016279 
1279     0.014095 
1280     0.018487 
1281     0.031321 
1282     0.042577 
1283     0.057423 
1284     0.064468 
1285     0.080904 
1286     0.075420 
1287     0.065251 
1288     0.051274 
1289     0.057052 
1290     0.036369 
1291     0.024155 
1292     0.032355 
1293     0.026262 
1294     0.055919 
1295     0.157765 
1296     0.190651 
1297     0.103092 
1298     0.061920 
1299     0.020331 
1300     0.028540 
1301     0.051276 
1302     0.063431 
1303     0.076329 
1304     0.057606 
1305     0.037996 
1306     0.016882 
1307     0.007950 
1308     0.010061 
1309     0.017246 
1310     0.020516 
1311     0.061446 
1312     0.031122 
1313     0.066726 
1314     0.043464 
1315     0.048315 
1316     0.051695 
1317     0.042477 
1318     0.041028 
1319     0.034773 
1320     0.046857 
1321     0.033694 
1322     0.021998 
1323     0.025965 
1324     0.029600 
1325     0.016713 
1326     0.021640 
1327     0.033396 
1328     0.020491 
1329     0.030978 
1330     0.047285 
1331     0.024460 
1332     0.047871 
1333     0.058001 
1334     0.064144 
1335     0.071055 
1336     0.049925 
1337     0.055718 
1338     0.084574 
1339     0.103709 
1340     0.077507 
1341     0.069232 
1342     0.051674 
1343     0.034006 
1344     0.006661 
1345     0.023989 
1346     0.062468 
1347     0.100985 
1348     0.105963 
1349     0.081717 
1350     0.085227 
1351     0.083888 
1352     0.053798 
1353     0.063964 
1354     0.058364 
1355     0.064517 
1356     0.093077 
1357     0.138034 
