  1     0.009447 
  2     0.010073 
  3     0.008462 
  4     0.006638 
  5     0.006713 
  6     0.005100 
  7     0.006461 
  8     0.005122 
  9     0.007283 
 10     0.005798 
 11     0.007349 
 12     0.007459 
 13     0.007271 
 14     0.007417 
 15     0.006955 
 16     0.007884 
 17     0.007105 
 18     0.008492 
 19     0.008044 
 20     0.014642 
 21     0.018401 
 22     0.019625 
 23     0.014969 
 24     0.009236 
 25     0.009614 
 26     0.008434 
 27     0.010651 
 28     0.012135 
 29     0.013004 
 30     0.015270 
 31     0.016621 
 32     0.014581 
 33     0.012038 
 34     0.009756 
 35     0.007965 
 36     0.009995 
 37     0.010477 
 38     0.010626 
 39     0.013522 
 40     0.015745 
 41     0.019266 
 42     0.020248 
 43     0.024563 
 44     0.022367 
 45     0.020220 
 46     0.018434 
 47     0.018212 
 48     0.017802 
 49     0.018610 
 50     0.015553 
 51     0.014195 
 52     0.015488 
 53     0.017918 
 54     0.017731 
 55     0.016551 
 56     0.018819 
 57     0.021258 
 58     0.019548 
 59     0.021431 
 60     0.024260 
 61     0.024495 
 62     0.022234 
 63     0.022395 
 64     0.022083 
 65     0.019582 
 66     0.016629 
 67     0.013457 
 68     0.011029 
 69     0.012722 
 70     0.010312 
 71     0.011937 
 72     0.013564 
 73     0.012745 
 74     0.014695 
 75     0.016174 
 76     0.019749 
 77     0.022045 
 78     0.023644 
 79     0.020292 
 80     0.019980 
 81     0.016778 
 82     0.017977 
 83     0.020325 
 84     0.017454 
 85     0.015802 
 86     0.018554 
 87     0.017331 
 88     0.014489 
 89     0.016642 
 90     0.020450 
 91     0.020126 
 92     0.022513 
 93     0.021491 
 94     0.023536 
 95     0.025022 
 96     0.024372 
 97     0.028364 
 98     0.022708 
 99     0.024120 
100     0.020290 
101     0.019645 
102     0.020095 
103     0.021135 
104     0.024205 
105     0.024048 
106     0.024163 
107     0.026912 
108     0.028045 
109     0.025667 
110     0.022228 
111     0.018490 
112     0.014627 
113     0.012857 
114     0.013317 
115     0.014544 
116     0.011813 
117     0.012103 
118     0.012875 
119     0.011578 
120     0.010622 
121     0.012073 
122     0.012580 
123     0.010398 
124     0.010904 
125     0.013981 
126     0.012652 
127     0.011681 
128     0.014369 
129     0.016792 
130     0.015330 
131     0.014417 
132     0.016905 
133     0.013985 
134     0.014503 
135     0.011147 
136     0.011199 
137     0.008893 
138     0.007070 
139     0.005088 
140     0.006108 
141     0.005584 
142     0.007704 
143     0.008520 
144     0.010033 
145     0.012598 
146     0.012402 
147     0.013711 
148     0.013692 
149     0.013829 
150     0.012446 
151     0.010088 
152     0.011496 
153     0.012174 
154     0.009353 
155     0.009148 
156     0.011320 
157     0.011124 
158     0.009858 
159     0.011352 
160     0.011649 
161     0.011849 
162     0.012115 
163     0.010564 
164     0.009811 
165     0.008205 
166     0.006047 
167     0.005611 
168     0.006604 
169     0.005177 
170     0.006356 
171     0.004538 
172     0.005782 
173     0.005618 
174     0.002583 
175     0.003795 
176     0.006508 
177     0.004397 
178     0.005180 
179     0.009161 
180     0.010781 
181     0.011770 
182     0.017693 
183     0.017923 
184     0.017918 
185     0.015987 
186     0.013491 
187     0.014992 
188     0.016565 
189     0.016274 
190     0.014751 
191     0.013408 
192     0.009422 
193     0.008463 
194     0.005694 
195     0.004495 
196     0.004186 
197     0.006863 
198     0.009010 
199     0.008115 
200     0.008578 
201     0.009565 
202     0.011208 
203     0.011241 
204     0.013361 
205     0.011244 
206     0.012522 
207     0.010738 
208     0.009751 
209     0.009198 
210     0.007176 
211     0.010242 
212     0.013274 
213     0.009727 
214     0.007750 
215     0.010631 
216     0.007318 
217     0.009218 
218     0.010543 
219     0.014127 
220     0.014476 
221     0.013179 
222     0.014557 
223     0.013176 
224     0.013367 
225     0.012363 
226     0.012149 
227     0.010052 
228     0.006705 
229     0.006429 
230     0.010035 
231     0.009517 
232     0.006939 
233     0.010438 
234     0.012279 
235     0.008454 
236     0.009364 
237     0.012706 
238     0.010898 
239     0.008990 
240     0.012532 
241     0.015149 
242     0.011551 
243     0.014111 
244     0.016040 
245     0.014498 
246     0.019783 
247     0.020996 
248     0.030780 
249     0.022135 
250     0.016756 
251     0.016269 
252     0.018481 
253     0.018991 
254     0.023027 
255     0.022333 
256     0.022586 
257     0.024676 
258     0.021733 
259     0.019440 
260     0.020423 
261     0.021883 
262     0.018432 
263     0.017053 
264     0.017786 
265     0.017105 
266     0.013096 
267     0.012215 
268     0.014378 
269     0.012614 
270     0.008845 
271     0.010478 
272     0.013466 
273     0.010998 
274     0.009656 
275     0.014363 
276     0.016674 
277     0.017212 
278     0.017178 
279     0.017248 
280     0.018783 
281     0.017497 
282     0.019533 
283     0.020853 
284     0.031783 
285     0.043235 
286     0.022574 
287     0.021432 
288     0.053752 
289     0.097051 
290     0.153528 
291     0.147292 
292     0.108126 
293     0.065326 
294     0.043750 
295     0.032071 
296     0.025378 
297     0.022714 
298     0.018708 
299     0.019055 
300     0.014268 
301     0.014636 
302     0.012196 
303     0.011553 
304     0.008791 
305     0.006480 
306     0.005380 
307     0.003137 
308     0.003215 
309     0.003997 
310     0.008262 
311     0.011848 
312     0.010044 
313     0.009763 
314     0.014361 
315     0.015151 
316     0.013129 
317     0.016202 
318     0.019428 
319     0.017199 
320     0.016398 
321     0.020846 
322     0.020043 
323     0.017347 
324     0.020317 
325     0.024176 
326     0.021412 
327     0.020361 
328     0.025860 
329     0.024984 
330     0.026304 
331     0.023888 
332     0.026153 
333     0.025170 
334     0.021110 
335     0.020883 
336     0.017211 
337     0.013974 
338     0.010270 
339     0.007042 
340     0.003453 
341     0.000899 
342     0.002021 
343     0.000855 
344     0.003470 
345     0.006158 
346     0.005886 
347     0.009130 
348     0.007108 
349     0.007417 
350     0.011313 
351     0.013683 
352     0.013080 
353     0.014050 
354     0.016879 
355     0.018644 
356     0.018926 
357     0.019283 
358     0.021676 
359     0.020299 
360     0.017666 
361     0.013995 
362     0.013277 
363     0.013350 
364     0.012820 
365     0.008477 
366     0.006877 
367     0.003865 
368     0.002539 
369     0.004499 
370     0.002853 
371     0.000291 
372     0.003270 
373     0.004052 
374     0.001960 
375     0.001682 
376     0.003787 
377     0.003245 
378     0.001144 
379     0.003336 
380     0.002994 
381     0.001970 
382     0.002800 
383     0.003454 
384     0.002272 
385     0.003006 
386     0.001572 
387     0.001770 
388     0.005830 
389     0.005897 
390     0.010939 
391     0.004827 
392     0.007531 
393     0.009246 
394     0.012699 
395     0.014563 
396     0.014867 
397     0.016681 
398     0.017366 
399     0.016972 
400     0.016994 
401     0.015964 
402     0.015749 
403     0.016374 
404     0.021121 
405     0.021649 
406     0.019782 
407     0.020097 
408     0.018224 
409     0.016713 
410     0.016920 
411     0.015697 
412     0.017435 
413     0.017921 
414     0.017964 
415     0.016327 
416     0.015837 
417     0.014282 
418     0.012268 
419     0.011731 
420     0.012876 
421     0.012131 
422     0.010906 
423     0.008311 
424     0.005712 
425     0.004709 
426     0.004428 
427     0.013545 
428     0.024180 
429     0.030749 
430     0.042049 
431     0.046457 
432     0.048041 
433     0.040263 
434     0.039453 
435     0.029627 
436     0.017763 
437     0.021871 
438     0.017912 
439     0.019773 
440     0.018476 
441     0.017000 
442     0.016494 
443     0.016640 
444     0.016797 
445     0.017783 
446     0.019291 
447     0.018892 
448     0.017622 
449     0.018855 
450     0.018297 
451     0.017265 
452     0.017407 
453     0.018291 
454     0.016611 
455     0.018524 
456     0.021935 
457     0.025999 
458     0.030020 
459     0.027151 
460     0.031887 
461     0.037782 
462     0.035346 
463     0.045218 
464     0.050504 
465     0.043910 
466     0.040584 
467     0.034255 
468     0.021514 
469     0.022355 
470     0.025124 
471     0.015964 
472     0.015170 
473     0.010503 
474     0.009555 
475     0.011833 
476     0.011428 
477     0.013916 
478     0.013637 
479     0.011932 
480     0.009345 
481     0.009051 
482     0.012063 
483     0.013013 
484     0.013038 
485     0.012444 
486     0.017154 
487     0.025314 
488     0.025131 
489     0.024631 
490     0.027128 
491     0.024133 
492     0.030262 
493     0.043249 
494     0.038364 
495     0.038185 
496     0.032170 
497     0.031667 
498     0.031568 
499     0.026047 
500     0.029574 
501     0.023653 
502     0.020892 
503     0.020895 
504     0.016738 
505     0.015642 
506     0.012474 
507     0.011553 
508     0.012246 
509     0.013266 
510     0.015687 
511     0.013337 
512     0.010129 
513     0.012544 
514     0.011929 
515     0.009836 
516     0.010227 
517     0.009551 
518     0.008174 
519     0.008520 
520     0.009228 
521     0.006257 
522     0.008361 
523     0.009101 
524     0.011761 
525     0.012829 
526     0.016611 
527     0.022707 
528     0.025219 
529     0.027240 
530     0.036421 
531     0.035125 
532     0.034318 
533     0.041212 
534     0.044119 
535     0.034760 
536     0.034221 
537     0.039893 
538     0.034167 
539     0.026163 
540     0.028708 
541     0.026432 
542     0.018950 
543     0.020875 
544     0.021967 
545     0.012705 
546     0.016969 
547     0.023867 
548     0.024969 
549     0.024425 
550     0.023548 
551     0.025918 
552     0.027373 
553     0.023243 
554     0.020657 
555     0.016202 
556     0.024098 
557     0.021881 
558     0.024681 
559     0.027532 
560     0.027938 
561     0.024519 
562     0.024816 
563     0.026643 
564     0.025080 
565     0.022166 
566     0.025637 
567     0.025963 
568     0.022110 
569     0.022079 
570     0.027093 
571     0.025706 
572     0.021944 
573     0.026692 
574     0.032007 
575     0.028150 
576     0.029814 
577     0.037253 
578     0.039403 
579     0.038579 
580     0.032812 
581     0.029233 
582     0.024254 
583     0.023161 
584     0.023140 
585     0.022438 
586     0.018766 
587     0.018666 
588     0.018871 
589     0.022005 
590     0.019734 
591     0.018200 
592     0.021774 
593     0.024401 
594     0.020138 
595     0.021548 
596     0.024246 
597     0.016018 
598     0.020760 
599     0.038475 
600     0.026336 
601     0.038582 
602     0.054055 
603     0.081810 
604     0.127245 
605     0.304975 
606     0.012985 
607     0.016548 
608     0.029403 
609     0.025048 
610     0.017196 
611     0.012938 
612     0.012124 
613     0.016571 
614     0.019293 
615     0.018519 
616     0.020484 
617     0.016854 
618     0.013863 
619     0.009854 
620     0.013853 
621     0.019379 
622     0.023602 
623     0.021184 
624     0.027842 
625     0.026633 
626     0.020462 
627     0.025364 
628     0.032008 
629     0.026866 
630     0.022806 
631     0.028248 
632     0.035913 
633     0.031179 
634     0.024148 
635     0.025673 
636     0.029237 
637     0.019000 
638     0.010172 
639     0.022904 
640     0.031635 
641     0.027601 
642     0.044875 
643     0.054393 
644     0.076867 
645     0.066864 
646     0.053324 
647     0.039893 
648     0.026764 
649     0.024363 
650     0.017563 
651     0.014410 
652     0.011006 
653     0.012272 
654     0.012978 
655     0.016115 
656     0.014113 
657     0.013875 
658     0.012630 
659     0.012782 
660     0.009402 
661     0.011118 
662     0.009864 
663     0.014050 
664     0.011022 
665     0.018191 
666     0.017108 
667     0.015849 
668     0.019196 
669     0.024249 
670     0.023452 
671     0.030232 
672     0.037399 
673     0.037287 
674     0.038624 
675     0.044582 
676     0.041599 
677     0.032037 
678     0.034049 
679     0.027861 
680     0.019794 
681     0.019206 
682     0.011515 
683     0.008613 
684     0.007920 
685     0.003770 
686     0.006195 
687     0.008835 
688     0.007105 
689     0.002619 
690     0.006190 
691     0.008851 
692     0.012332 
693     0.013255 
694     0.016654 
695     0.014733 
696     0.016555 
697     0.024825 
698     0.027591 
699     0.028008 
700     0.030629 
701     0.032488 
702     0.027422 
703     0.021202 
704     0.023093 
705     0.018010 
706     0.013362 
707     0.013165 
708     0.015118 
709     0.012410 
710     0.017730 
711     0.020575 
712     0.018464 
713     0.020601 
714     0.018335 
715     0.014506 
716     0.010329 
717     0.012525 
718     0.011760 
719     0.011665 
720     0.012716 
721     0.014003 
722     0.010085 
723     0.008383 
724     0.011658 
725     0.021590 
726     0.020328 
727     0.032259 
728     0.026328 
729     0.033517 
730     0.027889 
731     0.028101 
732     0.026511 
733     0.013655 
734     0.012414 
735     0.021526 
736     0.018861 
737     0.028138 
738     0.041052 
739     0.041380 
740     0.047779 
741     0.031599 
742     0.035619 
743     0.018308 
744     0.016163 
745     0.007093 
746     0.009582 
747     0.008887 
748     0.004138 
749     0.010040 
750     0.013327 
751     0.019184 
752     0.012319 
753     0.006902 
754     0.002098 
755     0.003115 
756     0.009398 
757     0.011706 
758     0.020686 
759     0.025275 
760     0.028878 
761     0.021271 
762     0.013919 
763     0.007040 
764     0.010164 
765     0.016227 
766     0.017003 
767     0.023246 
768     0.024793 
769     0.027807 
770     0.030062 
771     0.024557 
772     0.028155 
773     0.026033 
774     0.032174 
775     0.039658 
776     0.060712 
777     0.057874 
778     0.074544 
779     0.035330 
780     0.089835 
781     0.121555 
782     0.078226 
783     0.050669 
784     0.013198 
785     0.038346 
786     0.036010 
787     0.033255 
788     0.031543 
789     0.034514 
790     0.026380 
791     0.018785 
792     0.025168 
793     0.024418 
794     0.017080 
795     0.019213 
796     0.013206 
797     0.009807 
798     0.006606 
799     0.010718 
800     0.018419 
801     0.020444 
802     0.021803 
803     0.030814 
804     0.029380 
805     0.023421 
806     0.028133 
807     0.019436 
808     0.021131 
809     0.013404 
810     0.015678 
811     0.019826 
812     0.006994 
813     0.009391 
814     0.030500 
815     0.029993 
816     0.046124 
817     0.036756 
818     0.048102 
819     0.034362 
820     0.034193 
821     0.018746 
822     0.018884 
823     0.018085 
824     0.007678 
825     0.007069 
826     0.019111 
827     0.027237 
828     0.028512 
829     0.016715 
830     0.020895 
831     0.016296 
832     0.020986 
833     0.023768 
834     0.026530 
835     0.021611 
836     0.018331 
837     0.013831 
838     0.010747 
839     0.007883 
840     0.006170 
841     0.008776 
842     0.009588 
843     0.007038 
844     0.005869 
845     0.010797 
846     0.012886 
847     0.015226 
848     0.018722 
849     0.015583 
850     0.013714 
851     0.006230 
852     0.014685 
853     0.016857 
854     0.030778 
855     0.033781 
856     0.043159 
857     0.044578 
858     0.042482 
859     0.058217 
860     0.042997 
861     0.038418 
862     0.041852 
863     0.034783 
864     0.039697 
865     0.033636 
866     0.021576 
867     0.024947 
868     0.027033 
869     0.035009 
870     0.037292 
871     0.031889 
872     0.026432 
873     0.025249 
874     0.022353 
875     0.021330 
876     0.018540 
877     0.017727 
878     0.017308 
879     0.015982 
880     0.013547 
881     0.013381 
882     0.015100 
883     0.016904 
884     0.019639 
885     0.019585 
886     0.019461 
887     0.023257 
888     0.032512 
889     0.026857 
890     0.027790 
891     0.025327 
892     0.036507 
893     0.030742 
894     0.019952 
895     0.020136 
896     0.017457 
897     0.020335 
898     0.017111 
899     0.013277 
900     0.011990 
901     0.011966 
902     0.014966 
903     0.014881 
904     0.016907 
905     0.019547 
906     0.019883 
907     0.022657 
908     0.022912 
909     0.020133 
910     0.013426 
911     0.007745 
912     0.007158 
913     0.008021 
914     0.008672 
915     0.006996 
916     0.007822 
917     0.017333 
918     0.029352 
919     0.043837 
920     0.048647 
921     0.030858 
922     0.028215 
923     0.013465 
924     0.016994 
925     0.016125 
926     0.019041 
927     0.025754 
928     0.023369 
929     0.023543 
930     0.021298 
931     0.022269 
932     0.020124 
933     0.020960 
934     0.020751 
935     0.024695 
936     0.024846 
937     0.028557 
938     0.026491 
939     0.027790 
940     0.025729 
941     0.024746 
942     0.022397 
943     0.021504 
944     0.019526 
945     0.017270 
946     0.016381 
947     0.015634 
948     0.013129 
949     0.011224 
950     0.011262 
951     0.010188 
952     0.007640 
953     0.007797 
954     0.010233 
955     0.010502 
956     0.007204 
957     0.006548 
958     0.004413 
959     0.008038 
960     0.010951 
961     0.015608 
962     0.017554 
963     0.017513 
964     0.012917 
965     0.007208 
966     0.005148 
967     0.004003 
968     0.004717 
969     0.005814 
970     0.009532 
971     0.012557 
972     0.014434 
973     0.013098 
974     0.014603 
975     0.008638 
976     0.003463 
977     0.007095 
978     0.010909 
979     0.015983 
980     0.015648 
981     0.019549 
982     0.010081 
983     0.019153 
984     0.032021 
985     0.037725 
986     0.039098 
987     0.030570 
988     0.040814 
989     0.042786 
990     0.030550 
991     0.032479 
992     0.043758 
993     0.054403 
994     0.065815 
995     0.059614 
996     0.060914 
997     0.068281 
998     0.069836 
999     0.060754 
1000     0.067025 
1001     0.062420 
1002     0.048098 
1003     0.047876 
1004     0.047683 
1005     0.039850 
1006     0.028877 
1007     0.025241 
1008     0.023928 
1009     0.019853 
1010     0.012047 
1011     0.011134 
1012     0.009150 
1013     0.005260 
1014     0.005497 
1015     0.005413 
1016     0.004940 
1017     0.002658 
1018     0.003576 
1019     0.004907 
1020     0.004128 
1021     0.003511 
1022     0.003894 
1023     0.002821 
1024     0.002802 
1025     0.004241 
1026     0.002201 
1027     0.003193 
1028     0.006596 
1029     0.006439 
1030     0.005895 
1031     0.011128 
1032     0.012742 
1033     0.011504 
1034     0.019179 
1035     0.025552 
1036     0.022515 
1037     0.027159 
1038     0.036306 
1039     0.040568 
1040     0.030702 
1041     0.032931 
1042     0.023855 
1043     0.021688 
1044     0.030144 
1045     0.028303 
1046     0.023643 
1047     0.029547 
1048     0.036001 
1049     0.032356 
1050     0.033404 
1051     0.037452 
1052     0.036421 
1053     0.029794 
1054     0.027602 
1055     0.022015 
1056     0.018510 
1057     0.019076 
1058     0.020703 
1059     0.012259 
1060     0.015724 
1061     0.015632 
1062     0.014152 
1063     0.013561 
1064     0.015738 
1065     0.019422 
1066     0.018696 
1067     0.018295 
1068     0.015780 
1069     0.011876 
1070     0.009173 
1071     0.007988 
1072     0.008861 
1073     0.007904 
1074     0.006291 
1075     0.007780 
1076     0.009194 
1077     0.013254 
1078     0.018956 
1079     0.012839 
1080     0.006836 
1081     0.006632 
1082     0.011002 
1083     0.011023 
1084     0.008638 
1085     0.009407 
1086     0.001874 
1087     0.005765 
1088     0.011588 
1089     0.013162 
1090     0.011334 
1091     0.011191 
1092     0.014487 
1093     0.014894 
1094     0.017893 
1095     0.019979 
1096     0.021168 
1097     0.022842 
1098     0.027830 
1099     0.038440 
1100     0.049464 
1101     0.055608 
1102     0.045891 
1103     0.050175 
1104     0.035992 
1105     0.035869 
1106     0.022209 
1107     0.028204 
1108     0.030479 
1109     0.013676 
1110     0.020175 
1111     0.033155 
1112     0.023999 
1113     0.031918 
1114     0.039659 
1115     0.048313 
1116     0.057593 
1117     0.053895 
1118     0.065806 
1119     0.057919 
1120     0.054953 
1121     0.040940 
1122     0.029845 
1123     0.019383 
1124     0.015974 
1125     0.016079 
1126     0.032171 
1127     0.040185 
1128     0.031567 
1129     0.025746 
1130     0.012945 
1131     0.013784 
1132     0.023908 
1133     0.037406 
1134     0.049649 
1135     0.053843 
1136     0.063844 
1137     0.052152 
1138     0.036531 
1139     0.033903 
1140     0.040702 
1141     0.032940 
1142     0.033308 
1143     0.035866 
1144     0.036713 
1145     0.028091 
1146     0.026814 
1147     0.022490 
1148     0.017524 
1149     0.020268 
1150     0.027822 
1151     0.030537 
1152     0.023909 
1153     0.025906 
1154     0.020212 
1155     0.038090 
1156     0.045883 
1157     0.052356 
1158     0.047060 
1159     0.028003 
1160     0.033051 
1161     0.029392 
1162     0.035839 
1163     0.036708 
1164     0.035011 
1165     0.044104 
1166     0.045452 
1167     0.036618 
1168     0.035885 
1169     0.031939 
1170     0.022198 
1171     0.023575 
1172     0.028267 
1173     0.039321 
1174     0.042202 
1175     0.057654 
1176     0.058443 
1177     0.047989 
1178     0.039642 
1179     0.044581 
1180     0.027806 
1181     0.020207 
1182     0.037033 
1183     0.035397 
1184     0.029593 
1185     0.012623 
1186     0.009890 
1187     0.010684 
1188     0.041438 
1189     0.043220 
1190     0.059904 
1191     0.051692 
1192     0.054278 
1193     0.049238 
1194     0.048100 
1195     0.033099 
1196     0.028392 
1197     0.015583 
1198     0.019288 
1199     0.025521 
1200     0.018219 
1201     0.010193 
1202     0.025029 
1203     0.035762 
1204     0.039852 
1205     0.022253 
1206     0.018601 
1207     0.005271 
1208     0.011453 
1209     0.014119 
1210     0.017214 
1211     0.019246 
1212     0.023437 
1213     0.023567 
1214     0.024540 
1215     0.020846 
1216     0.014315 
1217     0.013548 
1218     0.015948 
1219     0.018272 
1220     0.018233 
1221     0.021204 
1222     0.020075 
1223     0.019816 
1224     0.018123 
1225     0.021868 
1226     0.026210 
1227     0.032139 
1228     0.041170 
1229     0.035732 
1230     0.047274 
1231     0.037975 
1232     0.042654 
1233     0.040017 
1234     0.037404 
1235     0.056165 
1236     0.035237 
1237     0.026728 
1238     0.031655 
1239     0.027381 
1240     0.036784 
1241     0.037374 
1242     0.024779 
1243     0.020689 
1244     0.011911 
1245     0.017746 
1246     0.018976 
1247     0.016100 
1248     0.018050 
1249     0.017891 
1250     0.017066 
1251     0.014767 
1252     0.016476 
1253     0.015962 
1254     0.017561 
1255     0.018967 
1256     0.020531 
1257     0.020249 
1258     0.021328 
1259     0.019353 
1260     0.021296 
1261     0.019419 
1262     0.025611 
1263     0.028074 
1264     0.036679 
1265     0.032997 
1266     0.031278 
1267     0.040103 
1268     0.053651 
1269     0.046157 
1270     0.039931 
1271     0.033342 
1272     0.028816 
1273     0.026565 
1274     0.023579 
1275     0.024480 
1276     0.024737 
1277     0.025066 
1278     0.021025 
1279     0.021854 
1280     0.019539 
1281     0.020354 
1282     0.019217 
1283     0.017270 
1284     0.014444 
1285     0.010433 
1286     0.016054 
1287     0.033163 
1288     0.039949 
1289     0.027105 
1290     0.015954 
1291     0.013376 
1292     0.027633 
1293     0.034908 
1294     0.045736 
1295     0.069600 
1296     0.077487 
1297     0.056180 
1298     0.057019 
1299     0.036582 
1300     0.029897 
1301     0.022326 
1302     0.010845 
1303     0.010384 
1304     0.010119 
1305     0.012427 
1306     0.017434 
1307     0.018725 
1308     0.018022 
1309     0.015749 
1310     0.013458 
1311     0.010766 
1312     0.007508 
1313     0.006273 
1314     0.008576 
1315     0.012634 
1316     0.014298 
1317     0.016853 
1318     0.014412 
1319     0.014897 
1320     0.019726 
1321     0.019856 
1322     0.018441 
1323     0.021027 
1324     0.025716 
1325     0.025436 
1326     0.023378 
1327     0.029888 
1328     0.032823 
1329     0.031559 
1330     0.034021 
1331     0.036948 
1332     0.036099 
1333     0.033276 
1334     0.032647 
1335     0.026331 
1336     0.021858 
1337     0.012335 
1338     0.006883 
1339     0.011975 
1340     0.014748 
1341     0.021455 
1342     0.021726 
1343     0.033427 
1344     0.043133 
1345     0.035459 
1346     0.022880 
1347     0.009262 
1348     0.007279 
1349     0.009953 
1350     0.026192 
1351     0.032822 
1352     0.035672 
1353     0.028127 
1354     0.022705 
1355     0.031150 
1356     0.025816 
1357     0.045558 
