  1     0.013260 
  2     0.012210 
  3     0.010334 
  4     0.008784 
  5     0.007506 
  6     0.005924 
  7     0.004909 
  8     0.003657 
  9     0.003310 
 10     0.002376 
 11     0.002378 
 12     0.001880 
 13     0.001989 
 14     0.002533 
 15     0.003445 
 16     0.004813 
 17     0.005792 
 18     0.007248 
 19     0.008686 
 20     0.014057 
 21     0.023996 
 22     0.025136 
 23     0.014638 
 24     0.007887 
 25     0.007668 
 26     0.005848 
 27     0.006335 
 28     0.005846 
 29     0.005101 
 30     0.005815 
 31     0.005346 
 32     0.005931 
 33     0.004766 
 34     0.004860 
 35     0.003395 
 36     0.003035 
 37     0.002523 
 38     0.002265 
 39     0.002366 
 40     0.002435 
 41     0.002389 
 42     0.002288 
 43     0.002718 
 44     0.002942 
 45     0.009334 
 46     0.008727 
 47     0.006940 
 48     0.003533 
 49     0.003168 
 50     0.002707 
 51     0.002797 
 52     0.003283 
 53     0.003360 
 54     0.002818 
 55     0.002407 
 56     0.002149 
 57     0.002550 
 58     0.001885 
 59     0.001829 
 60     0.002735 
 61     0.002001 
 62     0.001731 
 63     0.002581 
 64     0.002193 
 65     0.002090 
 66     0.002548 
 67     0.002487 
 68     0.002560 
 69     0.003825 
 70     0.003891 
 71     0.004192 
 72     0.005664 
 73     0.005774 
 74     0.006848 
 75     0.007928 
 76     0.009836 
 77     0.010386 
 78     0.011500 
 79     0.010124 
 80     0.010241 
 81     0.008421 
 82     0.007978 
 83     0.009133 
 84     0.008773 
 85     0.006167 
 86     0.006566 
 87     0.007242 
 88     0.005429 
 89     0.004761 
 90     0.002729 
 91     0.003858 
 92     0.004966 
 93     0.006654 
 94     0.009344 
 95     0.011800 
 96     0.011517 
 97     0.015600 
 98     0.013477 
 99     0.012479 
100     0.010336 
101     0.008833 
102     0.007846 
103     0.006283 
104     0.006048 
105     0.003949 
106     0.002929 
107     0.006558 
108     0.007636 
109     0.008717 
110     0.007627 
111     0.007115 
112     0.005770 
113     0.005821 
114     0.005592 
115     0.004315 
116     0.004359 
117     0.004984 
118     0.003831 
119     0.003231 
120     0.004582 
121     0.005209 
122     0.004118 
123     0.004528 
124     0.006109 
125     0.006551 
126     0.006334 
127     0.007839 
128     0.009058 
129     0.009237 
130     0.010221 
131     0.011370 
132     0.011914 
133     0.011887 
134     0.010878 
135     0.009539 
136     0.009627 
137     0.009151 
138     0.007606 
139     0.006474 
140     0.005332 
141     0.004205 
142     0.004116 
143     0.003535 
144     0.003768 
145     0.004379 
146     0.004756 
147     0.004600 
148     0.005076 
149     0.006397 
150     0.005890 
151     0.005470 
152     0.006495 
153     0.006728 
154     0.005778 
155     0.006672 
156     0.007722 
157     0.006319 
158     0.006639 
159     0.008013 
160     0.006674 
161     0.006017 
162     0.007649 
163     0.008257 
164     0.009207 
165     0.008296 
166     0.008129 
167     0.006634 
168     0.005785 
169     0.004801 
170     0.003971 
171     0.002897 
172     0.002363 
173     0.003273 
174     0.003535 
175     0.002334 
176     0.002311 
177     0.002997 
178     0.003160 
179     0.002030 
180     0.002444 
181     0.002444 
182     0.002464 
183     0.002600 
184     0.003200 
185     0.003228 
186     0.003290 
187     0.003578 
188     0.003038 
189     0.003411 
190     0.002558 
191     0.002337 
192     0.002037 
193     0.002180 
194     0.002036 
195     0.002607 
196     0.002181 
197     0.002530 
198     0.003417 
199     0.003015 
200     0.002797 
201     0.002755 
202     0.002487 
203     0.002892 
204     0.002812 
205     0.003264 
206     0.003754 
207     0.003579 
208     0.003645 
209     0.003544 
210     0.004361 
211     0.004602 
212     0.003829 
213     0.003883 
214     0.003227 
215     0.003972 
216     0.003833 
217     0.003966 
218     0.003744 
219     0.003815 
220     0.003699 
221     0.003526 
222     0.003663 
223     0.003771 
224     0.004445 
225     0.004241 
226     0.005010 
227     0.004179 
228     0.003336 
229     0.002993 
230     0.003010 
231     0.003995 
232     0.003622 
233     0.002448 
234     0.002842 
235     0.003147 
236     0.002844 
237     0.001176 
238     0.000257 
239     0.002024 
240     0.003217 
241     0.003071 
242     0.002990 
243     0.005400 
244     0.006584 
245     0.006813 
246     0.007505 
247     0.010407 
248     0.011231 
249     0.010316 
250     0.010159 
251     0.007631 
252     0.005390 
253     0.005149 
254     0.007438 
255     0.004922 
256     0.002263 
257     0.002120 
258     0.002772 
259     0.001341 
260     0.001415 
261     0.001986 
262     0.002099 
263     0.001714 
264     0.002477 
265     0.003404 
266     0.002974 
267     0.002682 
268     0.003313 
269     0.003983 
270     0.003686 
271     0.002823 
272     0.004727 
273     0.004936 
274     0.004730 
275     0.005771 
276     0.007877 
277     0.008994 
278     0.007941 
279     0.007139 
280     0.007351 
281     0.006217 
282     0.007905 
283     0.007290 
284     0.008565 
285     0.007776 
286     0.006195 
287     0.007191 
288     0.013550 
289     0.020479 
290     0.028604 
291     0.027012 
292     0.018616 
293     0.011660 
294     0.011650 
295     0.010088 
296     0.007910 
297     0.007803 
298     0.005868 
299     0.006079 
300     0.005325 
301     0.006815 
302     0.007150 
303     0.007373 
304     0.005394 
305     0.004876 
306     0.006234 
307     0.005979 
308     0.004924 
309     0.005493 
310     0.006561 
311     0.006979 
312     0.005845 
313     0.005648 
314     0.006710 
315     0.006396 
316     0.005157 
317     0.005707 
318     0.006556 
319     0.005236 
320     0.004487 
321     0.005930 
322     0.006746 
323     0.004333 
324     0.004567 
325     0.005670 
326     0.005332 
327     0.004871 
328     0.006104 
329     0.005712 
330     0.005932 
331     0.005520 
332     0.005053 
333     0.004827 
334     0.003531 
335     0.002539 
336     0.001751 
337     0.002039 
338     0.001307 
339     0.001478 
340     0.001127 
341     0.001483 
342     0.001736 
343     0.002512 
344     0.002788 
345     0.003187 
346     0.004426 
347     0.005471 
348     0.005547 
349     0.004990 
350     0.005498 
351     0.006388 
352     0.006082 
353     0.005109 
354     0.005498 
355     0.006677 
356     0.005963 
357     0.004932 
358     0.005459 
359     0.004622 
360     0.004140 
361     0.003074 
362     0.002130 
363     0.003201 
364     0.002948 
365     0.002015 
366     0.002780 
367     0.001251 
368     0.001838 
369     0.003152 
370     0.002608 
371     0.002755 
372     0.003867 
373     0.004673 
374     0.004335 
375     0.005053 
376     0.006330 
377     0.006484 
378     0.006006 
379     0.007509 
380     0.007911 
381     0.006685 
382     0.007746 
383     0.008925 
384     0.008419 
385     0.008107 
386     0.006364 
387     0.005976 
388     0.003716 
389     0.002949 
390     0.003895 
391     0.004339 
392     0.004372 
393     0.003854 
394     0.003797 
395     0.003498 
396     0.004080 
397     0.002823 
398     0.002858 
399     0.002774 
400     0.002802 
401     0.003727 
402     0.005705 
403     0.006252 
404     0.008502 
405     0.010159 
406     0.007859 
407     0.006543 
408     0.004638 
409     0.004377 
410     0.003983 
411     0.003336 
412     0.002539 
413     0.002895 
414     0.003578 
415     0.004315 
416     0.003881 
417     0.003615 
418     0.004578 
419     0.004801 
420     0.003960 
421     0.003423 
422     0.003988 
423     0.003912 
424     0.005339 
425     0.007295 
426     0.003622 
427     0.002940 
428     0.006402 
429     0.010263 
430     0.012447 
431     0.010776 
432     0.014513 
433     0.014952 
434     0.017789 
435     0.016675 
436     0.011863 
437     0.013776 
438     0.008314 
439     0.008738 
440     0.005641 
441     0.004802 
442     0.003106 
443     0.002780 
444     0.002131 
445     0.004571 
446     0.006448 
447     0.006007 
448     0.006361 
449     0.008221 
450     0.007347 
451     0.005086 
452     0.005864 
453     0.007234 
454     0.006994 
455     0.010793 
456     0.013997 
457     0.015253 
458     0.017513 
459     0.015759 
460     0.018915 
461     0.020215 
462     0.016036 
463     0.018341 
464     0.017057 
465     0.011167 
466     0.005666 
467     0.005397 
468     0.003886 
469     0.005922 
470     0.009633 
471     0.008105 
472     0.006554 
473     0.005436 
474     0.002929 
475     0.003215 
476     0.002869 
477     0.002757 
478     0.004775 
479     0.004754 
480     0.005256 
481     0.005686 
482     0.005176 
483     0.005323 
484     0.003944 
485     0.004310 
486     0.009459 
487     0.012725 
488     0.013166 
489     0.013710 
490     0.015294 
491     0.015913 
492     0.020490 
493     0.029257 
494     0.025524 
495     0.025044 
496     0.020546 
497     0.018261 
498     0.019068 
499     0.017101 
500     0.018891 
501     0.018175 
502     0.018261 
503     0.014937 
504     0.010395 
505     0.008939 
506     0.008976 
507     0.011510 
508     0.015718 
509     0.018317 
510     0.019146 
511     0.015185 
512     0.009800 
513     0.012886 
514     0.012711 
515     0.007943 
516     0.006929 
517     0.007807 
518     0.007638 
519     0.004488 
520     0.004952 
521     0.006167 
522     0.005982 
523     0.005345 
524     0.007969 
525     0.008028 
526     0.007534 
527     0.008428 
528     0.008647 
529     0.008674 
530     0.008694 
531     0.008619 
532     0.009125 
533     0.009639 
534     0.009058 
535     0.008881 
536     0.009500 
537     0.010192 
538     0.009313 
539     0.008715 
540     0.009235 
541     0.010210 
542     0.009083 
543     0.008103 
544     0.009418 
545     0.010528 
546     0.008827 
547     0.008262 
548     0.010667 
549     0.010379 
550     0.009267 
551     0.011232 
552     0.012400 
553     0.011075 
554     0.011769 
555     0.011663 
556     0.010802 
557     0.009492 
558     0.009177 
559     0.008007 
560     0.006938 
561     0.007203 
562     0.007451 
563     0.005678 
564     0.004833 
565     0.005956 
566     0.005757 
567     0.003710 
568     0.004445 
569     0.005993 
570     0.005274 
571     0.004763 
572     0.006418 
573     0.007205 
574     0.006866 
575     0.007549 
576     0.008525 
577     0.009304 
578     0.009614 
579     0.009460 
580     0.008999 
581     0.008895 
582     0.008482 
583     0.007453 
584     0.007988 
585     0.008206 
586     0.006812 
587     0.006292 
588     0.007484 
589     0.006879 
590     0.005045 
591     0.006113 
592     0.007529 
593     0.006241 
594     0.005973 
595     0.007531 
596     0.008924 
597     0.008282 
598     0.008434 
599     0.007343 
600     0.007571 
601     0.006226 
602     0.004387 
603     0.007057 
604     0.011124 
605     0.058181 
606     0.007876 
607     0.015366 
608     0.041299 
609     0.039117 
610     0.030408 
611     0.014628 
612     0.014464 
613     0.022147 
614     0.020213 
615     0.013272 
616     0.019195 
617     0.010929 
618     0.017646 
619     0.020925 
620     0.024942 
621     0.017306 
622     0.018733 
623     0.018016 
624     0.025279 
625     0.017982 
626     0.012186 
627     0.024522 
628     0.031759 
629     0.023874 
630     0.023001 
631     0.038937 
632     0.044605 
633     0.034787 
634     0.029552 
635     0.045625 
636     0.043346 
637     0.019135 
638     0.027132 
639     0.020159 
640     0.041927 
641     0.029526 
642     0.006583 
643     0.034097 
644     0.049409 
645     0.049563 
646     0.052431 
647     0.039909 
648     0.015295 
649     0.023704 
650     0.025861 
651     0.011355 
652     0.008627 
653     0.012723 
654     0.005681 
655     0.006277 
656     0.007262 
657     0.006911 
658     0.007457 
659     0.008504 
660     0.013513 
661     0.015640 
662     0.014475 
663     0.017057 
664     0.020579 
665     0.025882 
666     0.021776 
667     0.016205 
668     0.020927 
669     0.026463 
670     0.019542 
671     0.023618 
672     0.034794 
673     0.032017 
674     0.029206 
675     0.032778 
676     0.031365 
677     0.021074 
678     0.021743 
679     0.011334 
680     0.009702 
681     0.010690 
682     0.008103 
683     0.008848 
684     0.005848 
685     0.005875 
686     0.008073 
687     0.005507 
688     0.006465 
689     0.013328 
690     0.011697 
691     0.011050 
692     0.004224 
693     0.003442 
694     0.004901 
695     0.006244 
696     0.005490 
697     0.008018 
698     0.011379 
699     0.013749 
700     0.014309 
701     0.018613 
702     0.015887 
703     0.010731 
704     0.011265 
705     0.009568 
706     0.006423 
707     0.004996 
708     0.008143 
709     0.008173 
710     0.007930 
711     0.014297 
712     0.017090 
713     0.020687 
714     0.014075 
715     0.005862 
716     0.005688 
717     0.011732 
718     0.019861 
719     0.029422 
720     0.036759 
721     0.050021 
722     0.046368 
723     0.054856 
724     0.042135 
725     0.027027 
726     0.017636 
727     0.017680 
728     0.021515 
729     0.037464 
730     0.040369 
731     0.041801 
732     0.036239 
733     0.027012 
734     0.033473 
735     0.036565 
736     0.030465 
737     0.041436 
738     0.061525 
739     0.057104 
740     0.068484 
741     0.046032 
742     0.039598 
743     0.039334 
744     0.030238 
745     0.051373 
746     0.030124 
747     0.016176 
748     0.010970 
749     0.005413 
750     0.011608 
751     0.015177 
752     0.011501 
753     0.009599 
754     0.002876 
755     0.009107 
756     0.013244 
757     0.017493 
758     0.023105 
759     0.024388 
760     0.030175 
761     0.021133 
762     0.013389 
763     0.013215 
764     0.014407 
765     0.007949 
766     0.006197 
767     0.006406 
768     0.009365 
769     0.007963 
770     0.006444 
771     0.007482 
772     0.009887 
773     0.014219 
774     0.022970 
775     0.027851 
776     0.060974 
777     0.228695 
778     0.226410 
779     0.290405 
780     0.197517 
781     0.175524 
782     0.264344 
783     0.097478 
784     0.232910 
785     0.098047 
786     0.099981 
787     0.041023 
788     0.022231 
789     0.016863 
790     0.010566 
791     0.014319 
792     0.021036 
793     0.029076 
794     0.019697 
795     0.013604 
796     0.011668 
797     0.013084 
798     0.017663 
799     0.026873 
800     0.028597 
801     0.025427 
802     0.020029 
803     0.024910 
804     0.017078 
805     0.014999 
806     0.024781 
807     0.021795 
808     0.022065 
809     0.012751 
810     0.012963 
811     0.012217 
812     0.022658 
813     0.024596 
814     0.037260 
815     0.072307 
816     0.101135 
817     0.083968 
818     0.079530 
819     0.061130 
820     0.052452 
821     0.033765 
822     0.021647 
823     0.023811 
824     0.018623 
825     0.011483 
826     0.019142 
827     0.037353 
828     0.045871 
829     0.037422 
830     0.062497 
831     0.060672 
832     0.073629 
833     0.068782 
834     0.066330 
835     0.051900 
836     0.053963 
837     0.045539 
838     0.034929 
839     0.027476 
840     0.017707 
841     0.018341 
842     0.016798 
843     0.019360 
844     0.018739 
845     0.028920 
846     0.034761 
847     0.042003 
848     0.055505 
849     0.057353 
850     0.065944 
851     0.053042 
852     0.046216 
853     0.030927 
854     0.027010 
855     0.031320 
856     0.048741 
857     0.049840 
858     0.049421 
859     0.062787 
860     0.043844 
861     0.047571 
862     0.047767 
863     0.044750 
864     0.043521 
865     0.030502 
866     0.030711 
867     0.040971 
868     0.045776 
869     0.045837 
870     0.040044 
871     0.023118 
872     0.017668 
873     0.007260 
874     0.007501 
875     0.002127 
876     0.009920 
877     0.008378 
878     0.009624 
879     0.014143 
880     0.015335 
881     0.015509 
882     0.018450 
883     0.015268 
884     0.018329 
885     0.017264 
886     0.020361 
887     0.027610 
888     0.041455 
889     0.043058 
890     0.046887 
891     0.041846 
892     0.037411 
893     0.031585 
894     0.024095 
895     0.028821 
896     0.028473 
897     0.024955 
898     0.023549 
899     0.028808 
900     0.025743 
901     0.024369 
902     0.022335 
903     0.024430 
904     0.025035 
905     0.028538 
906     0.030919 
907     0.034412 
908     0.031651 
909     0.046105 
910     0.044754 
911     0.043955 
912     0.041307 
913     0.042697 
914     0.040850 
915     0.034561 
916     0.029357 
917     0.017444 
918     0.013025 
919     0.009956 
920     0.020878 
921     0.025096 
922     0.025859 
923     0.032038 
924     0.034994 
925     0.042166 
926     0.046795 
927     0.045789 
928     0.030629 
929     0.024581 
930     0.016258 
931     0.009407 
932     0.009703 
933     0.008972 
934     0.013639 
935     0.020083 
936     0.027918 
937     0.029479 
938     0.014061 
939     0.014875 
940     0.012222 
941     0.010602 
942     0.012612 
943     0.012792 
944     0.011370 
945     0.011723 
946     0.017204 
947     0.009772 
948     0.011865 
949     0.012734 
950     0.013465 
951     0.012032 
952     0.020680 
953     0.018558 
954     0.011960 
955     0.021760 
956     0.027522 
957     0.043962 
958     0.045267 
959     0.064000 
960     0.063229 
961     0.074031 
962     0.073408 
963     0.063065 
964     0.039334 
965     0.032311 
966     0.022307 
967     0.035988 
968     0.025563 
969     0.026786 
970     0.030443 
971     0.028906 
972     0.043551 
973     0.050510 
974     0.061984 
975     0.051518 
976     0.032068 
977     0.045856 
978     0.048769 
979     0.059884 
980     0.042054 
981     0.046812 
982     0.007972 
983     0.012200 
984     0.016953 
985     0.018217 
986     0.016924 
987     0.012572 
988     0.016603 
989     0.020482 
990     0.016570 
991     0.015982 
992     0.022284 
993     0.024497 
994     0.028943 
995     0.021397 
996     0.019321 
997     0.027614 
998     0.028927 
999     0.024471 
1000     0.027584 
1001     0.027288 
1002     0.020191 
1003     0.019686 
1004     0.020876 
1005     0.019415 
1006     0.013520 
1007     0.012498 
1008     0.015048 
1009     0.013999 
1010     0.009590 
1011     0.009343 
1012     0.011892 
1013     0.009275 
1014     0.006476 
1015     0.006382 
1016     0.006366 
1017     0.007121 
1018     0.006982 
1019     0.007281 
1020     0.008269 
1021     0.007955 
1022     0.008601 
1023     0.008261 
1024     0.007052 
1025     0.006812 
1026     0.007532 
1027     0.007693 
1028     0.006706 
1029     0.006166 
1030     0.007634 
1031     0.007761 
1032     0.006428 
1033     0.005832 
1034     0.007543 
1035     0.008671 
1036     0.006771 
1037     0.006065 
1038     0.009768 
1039     0.012411 
1040     0.009594 
1041     0.010824 
1042     0.008802 
1043     0.006451 
1044     0.005005 
1045     0.006539 
1046     0.006040 
1047     0.003614 
1048     0.003308 
1049     0.006424 
1050     0.005566 
1051     0.007231 
1052     0.008875 
1053     0.007866 
1054     0.006806 
1055     0.007389 
1056     0.007435 
1057     0.007148 
1058     0.007309 
1059     0.007277 
1060     0.007638 
1061     0.007594 
1062     0.006790 
1063     0.006564 
1064     0.007102 
1065     0.007581 
1066     0.004685 
1067     0.003032 
1068     0.002874 
1069     0.003723 
1070     0.003588 
1071     0.003759 
1072     0.004058 
1073     0.005509 
1074     0.004164 
1075     0.004235 
1076     0.004459 
1077     0.005774 
1078     0.005084 
1079     0.005820 
1080     0.005907 
1081     0.006709 
1082     0.006859 
1083     0.006402 
1084     0.005769 
1085     0.005920 
1086     0.006331 
1087     0.005356 
1088     0.004861 
1089     0.003654 
1090     0.003926 
1091     0.005116 
1092     0.005205 
1093     0.005290 
1094     0.006335 
1095     0.007122 
1096     0.006629 
1097     0.008676 
1098     0.009459 
1099     0.019367 
1100     0.024126 
1101     0.034152 
1102     0.041465 
1103     0.039042 
1104     0.040787 
1105     0.038316 
1106     0.031725 
1107     0.034294 
1108     0.040447 
1109     0.036258 
1110     0.030825 
1111     0.036842 
1112     0.042549 
1113     0.048741 
1114     0.055250 
1115     0.050694 
1116     0.046580 
1117     0.041900 
1118     0.033198 
1119     0.024697 
1120     0.011791 
1121     0.009009 
1122     0.006368 
1123     0.006724 
1124     0.007276 
1125     0.006966 
1126     0.008764 
1127     0.008988 
1128     0.008029 
1129     0.008394 
1130     0.007134 
1131     0.006654 
1132     0.006585 
1133     0.007306 
1134     0.007863 
1135     0.008746 
1136     0.009382 
1137     0.008029 
1138     0.007314 
1139     0.007400 
1140     0.007898 
1141     0.008355 
1142     0.009061 
1143     0.010234 
1144     0.011008 
1145     0.010130 
1146     0.009240 
1147     0.008322 
1148     0.007818 
1149     0.008537 
1150     0.009996 
1151     0.011798 
1152     0.012238 
1153     0.018226 
1154     0.017779 
1155     0.018937 
1156     0.017877 
1157     0.010188 
1158     0.005371 
1159     0.007649 
1160     0.008236 
1161     0.010524 
1162     0.013218 
1163     0.012242 
1164     0.011787 
1165     0.012812 
1166     0.011836 
1167     0.009210 
1168     0.010886 
1169     0.010715 
1170     0.009150 
1171     0.008957 
1172     0.008952 
1173     0.009283 
1174     0.007303 
1175     0.007048 
1176     0.007283 
1177     0.007034 
1178     0.007388 
1179     0.007368 
1180     0.007302 
1181     0.006134 
1182     0.005530 
1183     0.006178 
1184     0.005634 
1185     0.005297 
1186     0.005235 
1187     0.005873 
1188     0.007187 
1189     0.007373 
1190     0.011905 
1191     0.015370 
1192     0.029265 
1193     0.037012 
1194     0.050413 
1195     0.049510 
1196     0.051384 
1197     0.047440 
1198     0.042647 
1199     0.037193 
1200     0.031493 
1201     0.036860 
1202     0.036291 
1203     0.039456 
1204     0.038833 
1205     0.040506 
1206     0.041819 
1207     0.042659 
1208     0.033654 
1209     0.027278 
1210     0.016228 
1211     0.011884 
1212     0.010532 
1213     0.008592 
1214     0.007718 
1215     0.008024 
1216     0.006210 
1217     0.005606 
1218     0.005860 
1219     0.007243 
1220     0.007921 
1221     0.008336 
1222     0.009034 
1223     0.009833 
1224     0.015401 
1225     0.015223 
1226     0.029480 
1227     0.035006 
1228     0.037488 
1229     0.040195 
1230     0.039745 
1231     0.037778 
1232     0.035848 
1233     0.032751 
1234     0.034084 
1235     0.040949 
1236     0.032200 
1237     0.024521 
1238     0.022111 
1239     0.019641 
1240     0.017525 
1241     0.019611 
1242     0.017853 
1243     0.014579 
1244     0.016917 
1245     0.018628 
1246     0.024710 
1247     0.025550 
1248     0.030064 
1249     0.027352 
1250     0.026208 
1251     0.026380 
1252     0.020760 
1253     0.023581 
1254     0.032383 
1255     0.024060 
1256     0.022044 
1257     0.033111 
1258     0.041909 
1259     0.050444 
1260     0.057958 
1261     0.047082 
1262     0.056850 
1263     0.046420 
1264     0.045659 
1265     0.028906 
1266     0.029082 
1267     0.023805 
1268     0.031634 
1269     0.042409 
1270     0.045487 
1271     0.057092 
1272     0.048334 
1273     0.053747 
1274     0.045875 
1275     0.049625 
1276     0.044374 
1277     0.037855 
1278     0.031789 
1279     0.024658 
1280     0.015727 
1281     0.015975 
1282     0.023811 
1283     0.025982 
1284     0.026448 
1285     0.024045 
1286     0.027128 
1287     0.021744 
1288     0.015562 
1289     0.018014 
1290     0.015962 
1291     0.020413 
1292     0.022769 
1293     0.026961 
1294     0.034822 
1295     0.032156 
1296     0.032579 
1297     0.025330 
1298     0.020407 
1299     0.016395 
1300     0.014972 
1301     0.016257 
1302     0.020820 
1303     0.026704 
1304     0.026533 
1305     0.023316 
1306     0.022661 
1307     0.019039 
1308     0.017539 
1309     0.024083 
1310     0.025110 
1311     0.033083 
1312     0.027648 
1313     0.026801 
1314     0.022620 
1315     0.016861 
1316     0.016738 
1317     0.016900 
1318     0.016518 
1319     0.014119 
1320     0.013999 
1321     0.011709 
1322     0.010856 
1323     0.009524 
1324     0.009294 
1325     0.008252 
1326     0.005626 
1327     0.005199 
1328     0.004598 
1329     0.005954 
1330     0.010632 
1331     0.007868 
1332     0.007376 
1333     0.007491 
1334     0.007298 
1335     0.007659 
1336     0.004683 
1337     0.004796 
1338     0.007247 
1339     0.008753 
1340     0.007046 
1341     0.005668 
1342     0.002551 
1343     0.003930 
1344     0.005045 
1345     0.003483 
1346     0.001714 
1347     0.004297 
1348     0.006171 
1349     0.004864 
1350     0.005293 
1351     0.005700 
1352     0.005089 
1353     0.005295 
1354     0.003382 
1355     0.002228 
1356     0.003260 
1357     0.009012 
