  1     0.016926 
  2     0.016559 
  3     0.013140 
  4     0.009647 
  5     0.010474 
  6     0.009768 
  7     0.011920 
  8     0.013033 
  9     0.014824 
 10     0.014599 
 11     0.016008 
 12     0.015576 
 13     0.014801 
 14     0.015159 
 15     0.013964 
 16     0.013763 
 17     0.011278 
 18     0.011577 
 19     0.010767 
 20     0.016781 
 21     0.020935 
 22     0.020659 
 23     0.017091 
 24     0.011624 
 25     0.011644 
 26     0.011638 
 27     0.016381 
 28     0.018716 
 29     0.019260 
 30     0.023908 
 31     0.025126 
 32     0.022904 
 33     0.020672 
 34     0.017740 
 35     0.015957 
 36     0.016497 
 37     0.015655 
 38     0.016073 
 39     0.015826 
 40     0.015629 
 41     0.016094 
 42     0.020438 
 43     0.023895 
 44     0.030711 
 45     0.017925 
 46     0.011194 
 47     0.013113 
 48     0.012916 
 49     0.014031 
 50     0.015599 
 51     0.016039 
 52     0.014443 
 53     0.008744 
 54     0.011102 
 55     0.008175 
 56     0.012193 
 57     0.013555 
 58     0.009851 
 59     0.022747 
 60     0.029918 
 61     0.017242 
 62     0.011621 
 63     0.013881 
 64     0.018436 
 65     0.013651 
 66     0.016470 
 67     0.015624 
 68     0.015697 
 69     0.018040 
 70     0.016959 
 71     0.020375 
 72     0.021339 
 73     0.019012 
 74     0.018804 
 75     0.022420 
 76     0.025842 
 77     0.030361 
 78     0.035134 
 79     0.031428 
 80     0.031771 
 81     0.025403 
 82     0.025090 
 83     0.027855 
 84     0.024280 
 85     0.013462 
 86     0.017449 
 87     0.014236 
 88     0.005445 
 89     0.012317 
 90     0.012856 
 91     0.013492 
 92     0.018045 
 93     0.022846 
 94     0.029718 
 95     0.034149 
 96     0.030717 
 97     0.039845 
 98     0.022118 
 99     0.029136 
100     0.025854 
101     0.025958 
102     0.024608 
103     0.023175 
104     0.025067 
105     0.021963 
106     0.028756 
107     0.037701 
108     0.034463 
109     0.030168 
110     0.024628 
111     0.022704 
112     0.018877 
113     0.016732 
114     0.017364 
115     0.017359 
116     0.016650 
117     0.016390 
118     0.016304 
119     0.017279 
120     0.015210 
121     0.016925 
122     0.017845 
123     0.016051 
124     0.015388 
125     0.019643 
126     0.019544 
127     0.017540 
128     0.020236 
129     0.024112 
130     0.022486 
131     0.020907 
132     0.023845 
133     0.021352 
134     0.019773 
135     0.015925 
136     0.013673 
137     0.010215 
138     0.009640 
139     0.009577 
140     0.011924 
141     0.013608 
142     0.015703 
143     0.018217 
144     0.018528 
145     0.020699 
146     0.018499 
147     0.017025 
148     0.013770 
149     0.013689 
150     0.015813 
151     0.014018 
152     0.012286 
153     0.014717 
154     0.014491 
155     0.012216 
156     0.012715 
157     0.014018 
158     0.012787 
159     0.012307 
160     0.014115 
161     0.014827 
162     0.013852 
163     0.011611 
164     0.010147 
165     0.009961 
166     0.008043 
167     0.008880 
168     0.011363 
169     0.012206 
170     0.015117 
171     0.015470 
172     0.016407 
173     0.014603 
174     0.012308 
175     0.014114 
176     0.015854 
177     0.012099 
178     0.011089 
179     0.020592 
180     0.024159 
181     0.023896 
182     0.041033 
183     0.044208 
184     0.047209 
185     0.043467 
186     0.033312 
187     0.031540 
188     0.033195 
189     0.029041 
190     0.026244 
191     0.025272 
192     0.019351 
193     0.020251 
194     0.018204 
195     0.017747 
196     0.016408 
197     0.017697 
198     0.020329 
199     0.020120 
200     0.020987 
201     0.021313 
202     0.022872 
203     0.021141 
204     0.023567 
205     0.019749 
206     0.022025 
207     0.022875 
208     0.024319 
209     0.028609 
210     0.027950 
211     0.037754 
212     0.037456 
213     0.022347 
214     0.023275 
215     0.017316 
216     0.015713 
217     0.016252 
218     0.017121 
219     0.020556 
220     0.020318 
221     0.020662 
222     0.024038 
223     0.024855 
224     0.025906 
225     0.023469 
226     0.023460 
227     0.021018 
228     0.016597 
229     0.015289 
230     0.016595 
231     0.012374 
232     0.018340 
233     0.023101 
234     0.015939 
235     0.025952 
236     0.032835 
237     0.035723 
238     0.050980 
239     0.048450 
240     0.039487 
241     0.045711 
242     0.060348 
243     0.041377 
244     0.035338 
245     0.057253 
246     0.047861 
247     0.033526 
248     0.051836 
249     0.078701 
250     0.086655 
251     0.083983 
252     0.067676 
253     0.069490 
254     0.080397 
255     0.060816 
256     0.039510 
257     0.036785 
258     0.043939 
259     0.041783 
260     0.030276 
261     0.026641 
262     0.033512 
263     0.033481 
264     0.028382 
265     0.027556 
266     0.030408 
267     0.031560 
268     0.031400 
269     0.029760 
270     0.027285 
271     0.030390 
272     0.030397 
273     0.029819 
274     0.027916 
275     0.030872 
276     0.034724 
277     0.039304 
278     0.039960 
279     0.036444 
280     0.038406 
281     0.038040 
282     0.041545 
283     0.047300 
284     0.045198 
285     0.055504 
286     0.066061 
287     0.071249 
288     0.052673 
289     0.044247 
290     0.118768 
291     0.093483 
292     0.050197 
293     0.041986 
294     0.033438 
295     0.040579 
296     0.050864 
297     0.045855 
298     0.048399 
299     0.047581 
300     0.042691 
301     0.044522 
302     0.038369 
303     0.044554 
304     0.043721 
305     0.032580 
306     0.023035 
307     0.024845 
308     0.024447 
309     0.008098 
310     0.008442 
311     0.013131 
312     0.015865 
313     0.017796 
314     0.023449 
315     0.030179 
316     0.027029 
317     0.030241 
318     0.038219 
319     0.031607 
320     0.030083 
321     0.036754 
322     0.032073 
323     0.027729 
324     0.033177 
325     0.041186 
326     0.031386 
327     0.029731 
328     0.043876 
329     0.046302 
330     0.048927 
331     0.043008 
332     0.045113 
333     0.047193 
334     0.039858 
335     0.039789 
336     0.028348 
337     0.023117 
338     0.018513 
339     0.015692 
340     0.015060 
341     0.014697 
342     0.014090 
343     0.014713 
344     0.013485 
345     0.008460 
346     0.016252 
347     0.013055 
348     0.010399 
349     0.016666 
350     0.019425 
351     0.022103 
352     0.023066 
353     0.024543 
354     0.026824 
355     0.033190 
356     0.032734 
357     0.030874 
358     0.034201 
359     0.031001 
360     0.024137 
361     0.020170 
362     0.019555 
363     0.023127 
364     0.019739 
365     0.014471 
366     0.011055 
367     0.012861 
368     0.013201 
369     0.011639 
370     0.012288 
371     0.012549 
372     0.011009 
373     0.009280 
374     0.009174 
375     0.009168 
376     0.008508 
377     0.006513 
378     0.006516 
379     0.006961 
380     0.006179 
381     0.005649 
382     0.004459 
383     0.006590 
384     0.008934 
385     0.006688 
386     0.008527 
387     0.014221 
388     0.020860 
389     0.015982 
390     0.013090 
391     0.009386 
392     0.011285 
393     0.013117 
394     0.014781 
395     0.013930 
396     0.017369 
397     0.015194 
398     0.011310 
399     0.008015 
400     0.006209 
401     0.005805 
402     0.007378 
403     0.008805 
404     0.018763 
405     0.016225 
406     0.012164 
407     0.010985 
408     0.008754 
409     0.011998 
410     0.009560 
411     0.011325 
412     0.008844 
413     0.010305 
414     0.014214 
415     0.016970 
416     0.012913 
417     0.012630 
418     0.010071 
419     0.006773 
420     0.006657 
421     0.009657 
422     0.013228 
423     0.016904 
424     0.028235 
425     0.068987 
426     0.053533 
427     0.057896 
428     0.046552 
429     0.061630 
430     0.054736 
431     0.038990 
432     0.026983 
433     0.028349 
434     0.013775 
435     0.015401 
436     0.019724 
437     0.010858 
438     0.006042 
439     0.005295 
440     0.009484 
441     0.009942 
442     0.011416 
443     0.011603 
444     0.008657 
445     0.007477 
446     0.009108 
447     0.009013 
448     0.006810 
449     0.006853 
450     0.007872 
451     0.008401 
452     0.015836 
453     0.011604 
454     0.009882 
455     0.005791 
456     0.011516 
457     0.019164 
458     0.025480 
459     0.019817 
460     0.021111 
461     0.017037 
462     0.011904 
463     0.012763 
464     0.012531 
465     0.028225 
466     0.036521 
467     0.049367 
468     0.063070 
469     0.051020 
470     0.046392 
471     0.067705 
472     0.049625 
473     0.055697 
474     0.033199 
475     0.025233 
476     0.010941 
477     0.008129 
478     0.005477 
479     0.005338 
480     0.007358 
481     0.009981 
482     0.011189 
483     0.010985 
484     0.008678 
485     0.008520 
486     0.022817 
487     0.036386 
488     0.033919 
489     0.054800 
490     0.065753 
491     0.091545 
492     0.119486 
493     0.132366 
494     0.112355 
495     0.100791 
496     0.074997 
497     0.044857 
498     0.041300 
499     0.032580 
500     0.042502 
501     0.035210 
502     0.032093 
503     0.019926 
504     0.008679 
505     0.013186 
506     0.013473 
507     0.015923 
508     0.016051 
509     0.015486 
510     0.017664 
511     0.018270 
512     0.014109 
513     0.015641 
514     0.018904 
515     0.016599 
516     0.015519 
517     0.016456 
518     0.017940 
519     0.016022 
520     0.014011 
521     0.015155 
522     0.015301 
523     0.014875 
524     0.015808 
525     0.012878 
526     0.012572 
527     0.009440 
528     0.006273 
529     0.003773 
530     0.005554 
531     0.001713 
532     0.002417 
533     0.004914 
534     0.005921 
535     0.005190 
536     0.004914 
537     0.006404 
538     0.007497 
539     0.005757 
540     0.005132 
541     0.006110 
542     0.005987 
543     0.004345 
544     0.003529 
545     0.003861 
546     0.003707 
547     0.003011 
548     0.002119 
549     0.001959 
550     0.003630 
551     0.004149 
552     0.003239 
553     0.004244 
554     0.006889 
555     0.010277 
556     0.008019 
557     0.005803 
558     0.005895 
559     0.007734 
560     0.007095 
561     0.004836 
562     0.005052 
563     0.006759 
564     0.006543 
565     0.004570 
566     0.004530 
567     0.005880 
568     0.005651 
569     0.004198 
570     0.003878 
571     0.005125 
572     0.004746 
573     0.003349 
574     0.003247 
575     0.003346 
576     0.003447 
577     0.002689 
578     0.002588 
579     0.002014 
580     0.002416 
581     0.002079 
582     0.004261 
583     0.004110 
584     0.004248 
585     0.006474 
586     0.007428 
587     0.006673 
588     0.007009 
589     0.009255 
590     0.008070 
591     0.006153 
592     0.007057 
593     0.008207 
594     0.005872 
595     0.003919 
596     0.003886 
597     0.002506 
598     0.001870 
599     0.002678 
600     0.006389 
601     0.004809 
602     0.002845 
603     0.012366 
604     0.020399 
605     0.022759 
606     0.025208 
607     0.041229 
608     0.049198 
609     0.047900 
610     0.039526 
611     0.030727 
612     0.029047 
613     0.037222 
614     0.032017 
615     0.028487 
616     0.034326 
617     0.037250 
618     0.048746 
619     0.032782 
620     0.023948 
621     0.052658 
622     0.057274 
623     0.054673 
624     0.060733 
625     0.048723 
626     0.040950 
627     0.047138 
628     0.044178 
629     0.034944 
630     0.037955 
631     0.042626 
632     0.032655 
633     0.028470 
634     0.031796 
635     0.054643 
636     0.049500 
637     0.029875 
638     0.060265 
639     0.057938 
640     0.124218 
641     0.122004 
642     0.059222 
643     0.044921 
644     0.046478 
645     0.071114 
646     0.083387 
647     0.064909 
648     0.027540 
649     0.051644 
650     0.060683 
651     0.032026 
652     0.032521 
653     0.030092 
654     0.022562 
655     0.021582 
656     0.013936 
657     0.021164 
658     0.022993 
659     0.012529 
660     0.016462 
661     0.018813 
662     0.012622 
663     0.008896 
664     0.019350 
665     0.021016 
666     0.016596 
667     0.016766 
668     0.017555 
669     0.017525 
670     0.013172 
671     0.018829 
672     0.022193 
673     0.012712 
674     0.028685 
675     0.044222 
676     0.042225 
677     0.030041 
678     0.030827 
679     0.025690 
680     0.019633 
681     0.016100 
682     0.015428 
683     0.009096 
684     0.013788 
685     0.013367 
686     0.014896 
687     0.016504 
688     0.016659 
689     0.018537 
690     0.018279 
691     0.020425 
692     0.015386 
693     0.022017 
694     0.018361 
695     0.020155 
696     0.028157 
697     0.029102 
698     0.033716 
699     0.021406 
700     0.016950 
701     0.022796 
702     0.024719 
703     0.019345 
704     0.013558 
705     0.009347 
706     0.012790 
707     0.015830 
708     0.013544 
709     0.010761 
710     0.005684 
711     0.009391 
712     0.013288 
713     0.018770 
714     0.019553 
715     0.020596 
716     0.020506 
717     0.019610 
718     0.020607 
719     0.018280 
720     0.020259 
721     0.028031 
722     0.022999 
723     0.028685 
724     0.033328 
725     0.034923 
726     0.030275 
727     0.024567 
728     0.021284 
729     0.022249 
730     0.020683 
731     0.023294 
732     0.021972 
733     0.018145 
734     0.019709 
735     0.021574 
736     0.020485 
737     0.020316 
738     0.025028 
739     0.026097 
740     0.033676 
741     0.030470 
742     0.044355 
743     0.032750 
744     0.032934 
745     0.015268 
746     0.008513 
747     0.005990 
748     0.010848 
749     0.010152 
750     0.019674 
751     0.022563 
752     0.018375 
753     0.015094 
754     0.009903 
755     0.008718 
756     0.012584 
757     0.021077 
758     0.026454 
759     0.028288 
760     0.035574 
761     0.034965 
762     0.026153 
763     0.022302 
764     0.030276 
765     0.031314 
766     0.034866 
767     0.046547 
768     0.045218 
769     0.038263 
770     0.038971 
771     0.028628 
772     0.020439 
773     0.023121 
774     0.034910 
775     0.046541 
776     0.055107 
777     0.035020 
778     0.049698 
779     0.061576 
780     0.090721 
781     0.047723 
782     0.044726 
783     0.048595 
784     0.079714 
785     0.062126 
786     0.043530 
787     0.042246 
788     0.041789 
789     0.051895 
790     0.044548 
791     0.027713 
792     0.034651 
793     0.031605 
794     0.018756 
795     0.022950 
796     0.022638 
797     0.029208 
798     0.023785 
799     0.030541 
800     0.030421 
801     0.022977 
802     0.018922 
803     0.018517 
804     0.012185 
805     0.008947 
806     0.014912 
807     0.015690 
808     0.011234 
809     0.005784 
810     0.004721 
811     0.007399 
812     0.023414 
813     0.022509 
814     0.043288 
815     0.030462 
816     0.033541 
817     0.027647 
818     0.029694 
819     0.026556 
820     0.027292 
821     0.020108 
822     0.018945 
823     0.019777 
824     0.017438 
825     0.015758 
826     0.015704 
827     0.014543 
828     0.015484 
829     0.017573 
830     0.019852 
831     0.019211 
832     0.019458 
833     0.014398 
834     0.014770 
835     0.014698 
836     0.010047 
837     0.011893 
838     0.012357 
839     0.010474 
840     0.011328 
841     0.012858 
842     0.016186 
843     0.016010 
844     0.018672 
845     0.020282 
846     0.015758 
847     0.018896 
848     0.017955 
849     0.017198 
850     0.022647 
851     0.024389 
852     0.026148 
853     0.021333 
854     0.016804 
855     0.011171 
856     0.018231 
857     0.026385 
858     0.027581 
859     0.038300 
860     0.030002 
861     0.026667 
862     0.027425 
863     0.023708 
864     0.027126 
865     0.027182 
866     0.024612 
867     0.023762 
868     0.023794 
869     0.026618 
870     0.029400 
871     0.022132 
872     0.010019 
873     0.010818 
874     0.007229 
875     0.010616 
876     0.009491 
877     0.014693 
878     0.011009 
879     0.008563 
880     0.011102 
881     0.012997 
882     0.014346 
883     0.014522 
884     0.016556 
885     0.014875 
886     0.022312 
887     0.014837 
888     0.023540 
889     0.017849 
890     0.024751 
891     0.017924 
892     0.039798 
893     0.039856 
894     0.045482 
895     0.031685 
896     0.023043 
897     0.019910 
898     0.015983 
899     0.016055 
900     0.016735 
901     0.012281 
902     0.006176 
903     0.006327 
904     0.006469 
905     0.011256 
906     0.011684 
907     0.014800 
908     0.014640 
909     0.015040 
910     0.013930 
911     0.017443 
912     0.014442 
913     0.013351 
914     0.017969 
915     0.018450 
916     0.016933 
917     0.015960 
918     0.016334 
919     0.016486 
920     0.013938 
921     0.014742 
922     0.015764 
923     0.017766 
924     0.021193 
925     0.019215 
926     0.016362 
927     0.017226 
928     0.011304 
929     0.013843 
930     0.006516 
931     0.006007 
932     0.005870 
933     0.010806 
934     0.012961 
935     0.015775 
936     0.012498 
937     0.009144 
938     0.015179 
939     0.019641 
940     0.019154 
941     0.017302 
942     0.020654 
943     0.017822 
944     0.021077 
945     0.023179 
946     0.014719 
947     0.023602 
948     0.027852 
949     0.030181 
950     0.024682 
951     0.038991 
952     0.044676 
953     0.043278 
954     0.042837 
955     0.037560 
956     0.040568 
957     0.039029 
958     0.035399 
959     0.036339 
960     0.036252 
961     0.031211 
962     0.014130 
963     0.006892 
964     0.016496 
965     0.022634 
966     0.015311 
967     0.035211 
968     0.040475 
969     0.015993 
970     0.018609 
971     0.022498 
972     0.023063 
973     0.016704 
974     0.038035 
975     0.050055 
976     0.033953 
977     0.027188 
978     0.023379 
979     0.037915 
980     0.044336 
981     0.047601 
982     0.013381 
983     0.010851 
984     0.012375 
985     0.010432 
986     0.007939 
987     0.007327 
988     0.008238 
989     0.011308 
990     0.009650 
991     0.007253 
992     0.012350 
993     0.016475 
994     0.020670 
995     0.012486 
996     0.017733 
997     0.035623 
998     0.037470 
999     0.025888 
1000     0.028122 
1001     0.022918 
1002     0.015127 
1003     0.018210 
1004     0.012212 
1005     0.009533 
1006     0.008376 
1007     0.008529 
1008     0.008964 
1009     0.008526 
1010     0.010237 
1011     0.012640 
1012     0.013995 
1013     0.009853 
1014     0.009779 
1015     0.006549 
1016     0.007835 
1017     0.006325 
1018     0.003949 
1019     0.002195 
1020     0.003194 
1021     0.004317 
1022     0.003768 
1023     0.006806 
1024     0.006131 
1025     0.004902 
1026     0.006909 
1027     0.009242 
1028     0.009339 
1029     0.010417 
1030     0.011570 
1031     0.010845 
1032     0.012409 
1033     0.012188 
1034     0.009897 
1035     0.011530 
1036     0.013794 
1037     0.013402 
1038     0.011944 
1039     0.017764 
1040     0.016501 
1041     0.019282 
1042     0.018878 
1043     0.016536 
1044     0.017499 
1045     0.019241 
1046     0.017282 
1047     0.018692 
1048     0.020288 
1049     0.020086 
1050     0.020306 
1051     0.022799 
1052     0.021860 
1053     0.014416 
1054     0.016898 
1055     0.011018 
1056     0.009516 
1057     0.009495 
1058     0.006072 
1059     0.009182 
1060     0.013258 
1061     0.015550 
1062     0.015802 
1063     0.015646 
1064     0.014913 
1065     0.014493 
1066     0.014922 
1067     0.012594 
1068     0.011065 
1069     0.013671 
1070     0.012686 
1071     0.013525 
1072     0.015896 
1073     0.022712 
1074     0.014602 
1075     0.010509 
1076     0.012632 
1077     0.016960 
1078     0.016356 
1079     0.015451 
1080     0.016653 
1081     0.013433 
1082     0.014609 
1083     0.015141 
1084     0.015092 
1085     0.015134 
1086     0.014476 
1087     0.015237 
1088     0.016140 
1089     0.015837 
1090     0.019933 
1091     0.017378 
1092     0.014405 
1093     0.014942 
1094     0.014072 
1095     0.013895 
1096     0.012373 
1097     0.011661 
1098     0.013952 
1099     0.011066 
1100     0.009743 
1101     0.009976 
1102     0.011945 
1103     0.013994 
1104     0.015058 
1105     0.017148 
1106     0.018292 
1107     0.017893 
1108     0.017739 
1109     0.018032 
1110     0.017818 
1111     0.018289 
1112     0.017650 
1113     0.018637 
1114     0.016611 
1115     0.017195 
1116     0.015670 
1117     0.014118 
1118     0.011758 
1119     0.013602 
1120     0.015635 
1121     0.014636 
1122     0.014564 
1123     0.015404 
1124     0.015393 
1125     0.014658 
1126     0.023928 
1127     0.024608 
1128     0.016410 
1129     0.015478 
1130     0.012463 
1131     0.007336 
1132     0.008946 
1133     0.014945 
1134     0.022694 
1135     0.026056 
1136     0.028071 
1137     0.019610 
1138     0.010577 
1139     0.010298 
1140     0.015088 
1141     0.015326 
1142     0.020496 
1143     0.030096 
1144     0.029185 
1145     0.027108 
1146     0.029385 
1147     0.020583 
1148     0.022404 
1149     0.018373 
1150     0.027042 
1151     0.028237 
1152     0.035005 
1153     0.035842 
1154     0.073260 
1155     0.088679 
1156     0.114351 
1157     0.052229 
1158     0.018194 
1159     0.028291 
1160     0.032387 
1161     0.038047 
1162     0.017887 
1163     0.024532 
1164     0.021077 
1165     0.018774 
1166     0.020862 
1167     0.014301 
1168     0.010959 
1169     0.014737 
1170     0.010089 
1171     0.014414 
1172     0.013030 
1173     0.018147 
1174     0.017014 
1175     0.025128 
1176     0.025972 
1177     0.021857 
1178     0.020527 
1179     0.026390 
1180     0.022592 
1181     0.013447 
1182     0.017868 
1183     0.014509 
1184     0.009456 
1185     0.006981 
1186     0.009053 
1187     0.012649 
1188     0.014658 
1189     0.015788 
1190     0.015569 
1191     0.017966 
1192     0.016753 
1193     0.019108 
1194     0.017313 
1195     0.018668 
1196     0.017098 
1197     0.017480 
1198     0.017880 
1199     0.018135 
1200     0.018385 
1201     0.019519 
1202     0.020786 
1203     0.018623 
1204     0.018041 
1205     0.015775 
1206     0.016768 
1207     0.011697 
1208     0.011734 
1209     0.011442 
1210     0.006729 
1211     0.012524 
1212     0.013149 
1213     0.013572 
1214     0.016552 
1215     0.017055 
1216     0.015905 
1217     0.015767 
1218     0.015574 
1219     0.016157 
1220     0.015276 
1221     0.011692 
1222     0.012785 
1223     0.008636 
1224     0.009500 
1225     0.012194 
1226     0.011972 
1227     0.009539 
1228     0.013427 
1229     0.014274 
1230     0.017551 
1231     0.018905 
1232     0.021273 
1233     0.022439 
1234     0.020943 
1235     0.026736 
1236     0.021336 
1237     0.019906 
1238     0.020713 
1239     0.020061 
1240     0.022120 
1241     0.023212 
1242     0.020794 
1243     0.019653 
1244     0.018170 
1245     0.017025 
1246     0.015630 
1247     0.012819 
1248     0.012462 
1249     0.006224 
1250     0.007414 
1251     0.014048 
1252     0.013197 
1253     0.009792 
1254     0.008943 
1255     0.010551 
1256     0.011249 
1257     0.010578 
1258     0.011093 
1259     0.012670 
1260     0.016576 
1261     0.022820 
1262     0.040180 
1263     0.033342 
1264     0.020553 
1265     0.021227 
1266     0.018245 
1267     0.018028 
1268     0.016123 
1269     0.021484 
1270     0.032632 
1271     0.024144 
1272     0.019746 
1273     0.014594 
1274     0.014418 
1275     0.013378 
1276     0.011842 
1277     0.012331 
1278     0.010375 
1279     0.011794 
1280     0.012742 
1281     0.013521 
1282     0.012883 
1283     0.011714 
1284     0.012644 
1285     0.014859 
1286     0.018596 
1287     0.018672 
1288     0.017012 
1289     0.016352 
1290     0.017562 
1291     0.017892 
1292     0.017884 
1293     0.020966 
1294     0.023862 
1295     0.035658 
1296     0.036464 
1297     0.022947 
1298     0.024404 
1299     0.020408 
1300     0.021570 
1301     0.019215 
1302     0.017854 
1303     0.015650 
1304     0.013725 
1305     0.011645 
1306     0.008954 
1307     0.007784 
1308     0.002261 
1309     0.003904 
1310     0.010319 
1311     0.015516 
1312     0.012745 
1313     0.005722 
1314     0.015037 
1315     0.021350 
1316     0.027313 
1317     0.031508 
1318     0.024696 
1319     0.021907 
1320     0.025049 
1321     0.020259 
1322     0.021702 
1323     0.019642 
1324     0.018586 
1325     0.024073 
1326     0.016941 
1327     0.024931 
1328     0.033433 
1329     0.030866 
1330     0.033517 
1331     0.042484 
1332     0.047987 
1333     0.054496 
1334     0.050241 
1335     0.049130 
1336     0.029606 
1337     0.016537 
1338     0.024021 
1339     0.042229 
1340     0.039820 
1341     0.039657 
1342     0.020948 
1343     0.037282 
1344     0.051574 
1345     0.030090 
1346     0.023394 
1347     0.038373 
1348     0.042418 
1349     0.022279 
1350     0.042583 
1351     0.053157 
1352     0.042007 
1353     0.031233 
1354     0.009199 
1355     0.030155 
1356     0.049660 
1357     0.096330 
