  1     0.021629 
  2     0.023167 
  3     0.022696 
  4     0.019965 
  5     0.020292 
  6     0.019027 
  7     0.018317 
  8     0.017643 
  9     0.016205 
 10     0.016875 
 11     0.016179 
 12     0.018575 
 13     0.019873 
 14     0.019136 
 15     0.020868 
 16     0.021676 
 17     0.022371 
 18     0.023358 
 19     0.024067 
 20     0.026927 
 21     0.028246 
 22     0.027951 
 23     0.027131 
 24     0.024678 
 25     0.025534 
 26     0.024613 
 27     0.025909 
 28     0.026601 
 29     0.025449 
 30     0.027070 
 31     0.027391 
 32     0.028223 
 33     0.025931 
 34     0.025482 
 35     0.023210 
 36     0.022167 
 37     0.020808 
 38     0.018112 
 39     0.018280 
 40     0.017502 
 41     0.018162 
 42     0.017493 
 43     0.019107 
 44     0.018946 
 45     0.018279 
 46     0.018975 
 47     0.020055 
 48     0.019370 
 49     0.020613 
 50     0.020189 
 51     0.021659 
 52     0.023857 
 53     0.023859 
 54     0.021127 
 55     0.021593 
 56     0.023639 
 57     0.022348 
 58     0.020210 
 59     0.021209 
 60     0.020985 
 61     0.018897 
 62     0.017113 
 63     0.014525 
 64     0.015327 
 65     0.016782 
 66     0.015443 
 67     0.016507 
 68     0.015677 
 69     0.013183 
 70     0.012660 
 71     0.012517 
 72     0.010233 
 73     0.009220 
 74     0.007197 
 75     0.007289 
 76     0.006622 
 77     0.007259 
 78     0.008674 
 79     0.009138 
 80     0.011640 
 81     0.012035 
 82     0.010555 
 83     0.011686 
 84     0.014067 
 85     0.013973 
 86     0.013070 
 87     0.015603 
 88     0.016716 
 89     0.015228 
 90     0.015627 
 91     0.013609 
 92     0.011104 
 93     0.009706 
 94     0.007484 
 95     0.006140 
 96     0.006181 
 97     0.006702 
 98     0.006809 
 99     0.006041 
100     0.005993 
101     0.007097 
102     0.008011 
103     0.009764 
104     0.009913 
105     0.012045 
106     0.012579 
107     0.010024 
108     0.010540 
109     0.008980 
110     0.010431 
111     0.009590 
112     0.010474 
113     0.011204 
114     0.012993 
115     0.013731 
116     0.014007 
117     0.015245 
118     0.017006 
119     0.017724 
120     0.017568 
121     0.019236 
122     0.021033 
123     0.021033 
124     0.021202 
125     0.023403 
126     0.024641 
127     0.024472 
128     0.025464 
129     0.027632 
130     0.028293 
131     0.028032 
132     0.028855 
133     0.026862 
134     0.024876 
135     0.022682 
136     0.020583 
137     0.018760 
138     0.017511 
139     0.015829 
140     0.014704 
141     0.014132 
142     0.012304 
143     0.012670 
144     0.011897 
145     0.011171 
146     0.009718 
147     0.007568 
148     0.006389 
149     0.006273 
150     0.007793 
151     0.008480 
152     0.008125 
153     0.008719 
154     0.010666 
155     0.011071 
156     0.011388 
157     0.012523 
158     0.014545 
159     0.014796 
160     0.014800 
161     0.016858 
162     0.018279 
163     0.017556 
164     0.016319 
165     0.014347 
166     0.014400 
167     0.012814 
168     0.011688 
169     0.012746 
170     0.012835 
171     0.015192 
172     0.015894 
173     0.014873 
174     0.016486 
175     0.018621 
176     0.018034 
177     0.017888 
178     0.020388 
179     0.021321 
180     0.020369 
181     0.021617 
182     0.023874 
183     0.022550 
184     0.022095 
185     0.020483 
186     0.018731 
187     0.017970 
188     0.019227 
189     0.017767 
190     0.018786 
191     0.018705 
192     0.018195 
193     0.018840 
194     0.018158 
195     0.019191 
196     0.018321 
197     0.017821 
198     0.015685 
199     0.015382 
200     0.016459 
201     0.015341 
202     0.016193 
203     0.014959 
204     0.015558 
205     0.015161 
206     0.015163 
207     0.016473 
208     0.016297 
209     0.017322 
210     0.016314 
211     0.016929 
212     0.017980 
213     0.015770 
214     0.016829 
215     0.014627 
216     0.014333 
217     0.012309 
218     0.012335 
219     0.012416 
220     0.012662 
221     0.012892 
222     0.013400 
223     0.014511 
224     0.014398 
225     0.013052 
226     0.014516 
227     0.017020 
228     0.018512 
229     0.020238 
230     0.018915 
231     0.019094 
232     0.021883 
233     0.022026 
234     0.020502 
235     0.022574 
236     0.024618 
237     0.023389 
238     0.023057 
239     0.025857 
240     0.026601 
241     0.024986 
242     0.026375 
243     0.028931 
244     0.028244 
245     0.027084 
246     0.029713 
247     0.031118 
248     0.029354 
249     0.027601 
250     0.025143 
251     0.023195 
252     0.022646 
253     0.020087 
254     0.019005 
255     0.019984 
256     0.018788 
257     0.020902 
258     0.022748 
259     0.021266 
260     0.021182 
261     0.023925 
262     0.024232 
263     0.022659 
264     0.024355 
265     0.026648 
266     0.025587 
267     0.024567 
268     0.027244 
269     0.028416 
270     0.026699 
271     0.027519 
272     0.030294 
273     0.030191 
274     0.029177 
275     0.031993 
276     0.033506 
277     0.034347 
278     0.033996 
279     0.032907 
280     0.032884 
281     0.030265 
282     0.031321 
283     0.029588 
284     0.030690 
285     0.028778 
286     0.026697 
287     0.025008 
288     0.025456 
289     0.025984 
290     0.027351 
291     0.030001 
292     0.029800 
293     0.028743 
294     0.029043 
295     0.030785 
296     0.030299 
297     0.032133 
298     0.031671 
299     0.033367 
300     0.031488 
301     0.032983 
302     0.031646 
303     0.032063 
304     0.030787 
305     0.028412 
306     0.028253 
307     0.028595 
308     0.026045 
309     0.024482 
310     0.025721 
311     0.024175 
312     0.021757 
313     0.022275 
314     0.022884 
315     0.020221 
316     0.019430 
317     0.021031 
318     0.019719 
319     0.017151 
320     0.018522 
321     0.019224 
322     0.016367 
323     0.015707 
324     0.017431 
325     0.017107 
326     0.014432 
327     0.014615 
328     0.016496 
329     0.018332 
330     0.021094 
331     0.022476 
332     0.023311 
333     0.020774 
334     0.020485 
335     0.021586 
336     0.022195 
337     0.021889 
338     0.021664 
339     0.021680 
340     0.019947 
341     0.019919 
342     0.021952 
343     0.022320 
344     0.023199 
345     0.025626 
346     0.026456 
347     0.028092 
348     0.027038 
349     0.024453 
350     0.025743 
351     0.027257 
352     0.024999 
353     0.023718 
354     0.026160 
355     0.026504 
356     0.024156 
357     0.023841 
358     0.026614 
359     0.026690 
360     0.027184 
361     0.025150 
362     0.025069 
363     0.026914 
364     0.026342 
365     0.024056 
366     0.024620 
367     0.022348 
368     0.021578 
369     0.022473 
370     0.021261 
371     0.018735 
372     0.019777 
373     0.021143 
374     0.018723 
375     0.017491 
376     0.019799 
377     0.019543 
378     0.016957 
379     0.018283 
380     0.020058 
381     0.017933 
382     0.017427 
383     0.020144 
384     0.020129 
385     0.021833 
386     0.020215 
387     0.018175 
388     0.017722 
389     0.016833 
390     0.014149 
391     0.012922 
392     0.010799 
393     0.010302 
394     0.008944 
395     0.007818 
396     0.009517 
397     0.008899 
398     0.008535 
399     0.007351 
400     0.008696 
401     0.009831 
402     0.011525 
403     0.013739 
404     0.014905 
405     0.015154 
406     0.013234 
407     0.014164 
408     0.012232 
409     0.011560 
410     0.009795 
411     0.008474 
412     0.007262 
413     0.008594 
414     0.009270 
415     0.009768 
416     0.007849 
417     0.007842 
418     0.007228 
419     0.006999 
420     0.005856 
421     0.006185 
422     0.007287 
423     0.008936 
424     0.010846 
425     0.013262 
426     0.014420 
427     0.017001 
428     0.018736 
429     0.019470 
430     0.021967 
431     0.023755 
432     0.023301 
433     0.020782 
434     0.020078 
435     0.017418 
436     0.015542 
437     0.013541 
438     0.011248 
439     0.010051 
440     0.008302 
441     0.007767 
442     0.007497 
443     0.009117 
444     0.010685 
445     0.011992 
446     0.013128 
447     0.012723 
448     0.011094 
449     0.011600 
450     0.011770 
451     0.009665 
452     0.008091 
453     0.007505 
454     0.006588 
455     0.007779 
456     0.009695 
457     0.010477 
458     0.012997 
459     0.014395 
460     0.016748 
461     0.019066 
462     0.019352 
463     0.022011 
464     0.023940 
465     0.024053 
466     0.024069 
467     0.021999 
468     0.020097 
469     0.020940 
470     0.019694 
471     0.017270 
472     0.015266 
473     0.013028 
474     0.011232 
475     0.009298 
476     0.007513 
477     0.006830 
478     0.006214 
479     0.007713 
480     0.009002 
481     0.009323 
482     0.007505 
483     0.006674 
484     0.006200 
485     0.007774 
486     0.008746 
487     0.010758 
488     0.012480 
489     0.014478 
490     0.016634 
491     0.016217 
492     0.018867 
493     0.019718 
494     0.017425 
495     0.017876 
496     0.016113 
497     0.015740 
498     0.015002 
499     0.012621 
500     0.012877 
501     0.010618 
502     0.010354 
503     0.008440 
504     0.007125 
505     0.005910 
506     0.006782 
507     0.008308 
508     0.010362 
509     0.012597 
510     0.013325 
511     0.010982 
512     0.011892 
513     0.014457 
514     0.013930 
515     0.013177 
516     0.015575 
517     0.017003 
518     0.016015 
519     0.016896 
520     0.019709 
521     0.019473 
522     0.019408 
523     0.021452 
524     0.022576 
525     0.020925 
526     0.021841 
527     0.023625 
528     0.020313 
529     0.020711 
530     0.022977 
531     0.020537 
532     0.019339 
533     0.021508 
534     0.022614 
535     0.020021 
536     0.020878 
537     0.025062 
538     0.024924 
539     0.024366 
540     0.027168 
541     0.031212 
542     0.031236 
543     0.032365 
544     0.036500 
545     0.039761 
546     0.040037 
547     0.041422 
548     0.046366 
549     0.048825 
550     0.049454 
551     0.052139 
552     0.056873 
553     0.058857 
554     0.060696 
555     0.065896 
556     0.066131 
557     0.060141 
558     0.062633 
559     0.060833 
560     0.058793 
561     0.054494 
562     0.052181 
563     0.050594 
564     0.047671 
565     0.043758 
566     0.042077 
567     0.040344 
568     0.036653 
569     0.034243 
570     0.032496 
571     0.030585 
572     0.027050 
573     0.025969 
574     0.024312 
575     0.022250 
576     0.020705 
577     0.020140 
578     0.019004 
579     0.019243 
580     0.020695 
581     0.019896 
582     0.023039 
583     0.023772 
584     0.021305 
585     0.021510 
586     0.025971 
587     0.027073 
588     0.026372 
589     0.029090 
590     0.033420 
591     0.034198 
592     0.034743 
593     0.039059 
594     0.043196 
595     0.042617 
596     0.044151 
597     0.050646 
598     0.050350 
599     0.048199 
600     0.053919 
601     0.058108 
602     0.056273 
603     0.059338 
604     0.058586 
605     0.063669 
606     0.032974 
607     0.034361 
608     0.039732 
609     0.042266 
610     0.038738 
611     0.037456 
612     0.045068 
613     0.051250 
614     0.051700 
615     0.054004 
616     0.061423 
617     0.058859 
618     0.058772 
619     0.049488 
620     0.049530 
621     0.057101 
622     0.059670 
623     0.053294 
624     0.060500 
625     0.065344 
626     0.056371 
627     0.055156 
628     0.065068 
629     0.063557 
630     0.055881 
631     0.063931 
632     0.072362 
633     0.068801 
634     0.062831 
635     0.072171 
636     0.074676 
637     0.067611 
638     0.066886 
639     0.067727 
640     0.071494 
641     0.080784 
642     0.080472 
643     0.074218 
644     0.082273 
645     0.078375 
646     0.068954 
647     0.065342 
648     0.065995 
649     0.059463 
650     0.053231 
651     0.053597 
652     0.051912 
653     0.042628 
654     0.040639 
655     0.044293 
656     0.037402 
657     0.029539 
658     0.033910 
659     0.036635 
660     0.026687 
661     0.025639 
662     0.035916 
663     0.035148 
664     0.027532 
665     0.030861 
666     0.023913 
667     0.017923 
668     0.027569 
669     0.029875 
670     0.020577 
671     0.022954 
672     0.032229 
673     0.029597 
674     0.021276 
675     0.018629 
676     0.025138 
677     0.019695 
678     0.009351 
679     0.012926 
680     0.018057 
681     0.017833 
682     0.025649 
683     0.023732 
684     0.021410 
685     0.020472 
686     0.015760 
687     0.009324 
688     0.006940 
689     0.008514 
690     0.010421 
691     0.014810 
692     0.020754 
693     0.020583 
694     0.028510 
695     0.022383 
696     0.025683 
697     0.024651 
698     0.021130 
699     0.011905 
700     0.008694 
701     0.001216 
702     0.007126 
703     0.002202 
704     0.008943 
705     0.015836 
706     0.011214 
707     0.005805 
708     0.015342 
709     0.019908 
710     0.024784 
711     0.025182 
712     0.027353 
713     0.029821 
714     0.024585 
715     0.016814 
716     0.008887 
717     0.014982 
718     0.011528 
719     0.016632 
720     0.025605 
721     0.028004 
722     0.029862 
723     0.030746 
724     0.031618 
725     0.031276 
726     0.028811 
727     0.028005 
728     0.026801 
729     0.025533 
730     0.024378 
731     0.024424 
732     0.025115 
733     0.025151 
734     0.025022 
735     0.025217 
736     0.025223 
737     0.025281 
738     0.025970 
739     0.027537 
740     0.027822 
741     0.028590 
742     0.031151 
743     0.032294 
744     0.037085 
745     0.036010 
746     0.038199 
747     0.037570 
748     0.031312 
749     0.040429 
750     0.044131 
751     0.046688 
752     0.040787 
753     0.032718 
754     0.030554 
755     0.035215 
756     0.045110 
757     0.047708 
758     0.055248 
759     0.054227 
760     0.051895 
761     0.045192 
762     0.036515 
763     0.037838 
764     0.038459 
765     0.030812 
766     0.034942 
767     0.036656 
768     0.044125 
769     0.038072 
770     0.029817 
771     0.025018 
772     0.026004 
773     0.033441 
774     0.042701 
775     0.050131 
776     0.052150 
777     0.060184 
778     0.055217 
779     0.064638 
780     0.062262 
781     0.066924 
782     0.070427 
783     0.060504 
784     0.062988 
785     0.055326 
786     0.056977 
787     0.053030 
788     0.050431 
789     0.058734 
790     0.057962 
791     0.050244 
792     0.052786 
793     0.046481 
794     0.038356 
795     0.034923 
796     0.035025 
797     0.043365 
798     0.048796 
799     0.056143 
800     0.060179 
801     0.059291 
802     0.057162 
803     0.065898 
804     0.062786 
805     0.056298 
806     0.063152 
807     0.056112 
808     0.052680 
809     0.045368 
810     0.046478 
811     0.051610 
812     0.044378 
813     0.041105 
814     0.036119 
815     0.030753 
816     0.029289 
817     0.027865 
818     0.028246 
819     0.027533 
820     0.026430 
821     0.025421 
822     0.025353 
823     0.025248 
824     0.024963 
825     0.025355 
826     0.025912 
827     0.027346 
828     0.027606 
829     0.026637 
830     0.025738 
831     0.024956 
832     0.020275 
833     0.014051 
834     0.005726 
835     0.004300 
836     0.012861 
837     0.017081 
838     0.021925 
839     0.023107 
840     0.026910 
841     0.026534 
842     0.018077 
843     0.013771 
844     0.005346 
845     0.003151 
846     0.008761 
847     0.013592 
848     0.014281 
849     0.021322 
850     0.024622 
851     0.027116 
852     0.028683 
853     0.027907 
854     0.028609 
855     0.027461 
856     0.025141 
857     0.023693 
858     0.023712 
859     0.023263 
860     0.023210 
861     0.023201 
862     0.023055 
863     0.023434 
864     0.023192 
865     0.023058 
866     0.023401 
867     0.023490 
868     0.023507 
869     0.022875 
870     0.022803 
871     0.022540 
872     0.024400 
873     0.025381 
874     0.026793 
875     0.028306 
876     0.027120 
877     0.029494 
878     0.029015 
879     0.026339 
880     0.027323 
881     0.029524 
882     0.029321 
883     0.031475 
884     0.031572 
885     0.029403 
886     0.029401 
887     0.027328 
888     0.026510 
889     0.025236 
890     0.024482 
891     0.026690 
892     0.027894 
893     0.028970 
894     0.029835 
895     0.031282 
896     0.029428 
897     0.030407 
898     0.028102 
899     0.028189 
900     0.028900 
901     0.026457 
902     0.024620 
903     0.022425 
904     0.020550 
905     0.019433 
906     0.021333 
907     0.022268 
908     0.024834 
909     0.025054 
910     0.026415 
911     0.025752 
912     0.025899 
913     0.025610 
914     0.024380 
915     0.024295 
916     0.024616 
917     0.024756 
918     0.024777 
919     0.024751 
920     0.024788 
921     0.024639 
922     0.024833 
923     0.024753 
924     0.024209 
925     0.024410 
926     0.024534 
927     0.023758 
928     0.023726 
929     0.022103 
930     0.022845 
931     0.022440 
932     0.024014 
933     0.026725 
934     0.028787 
935     0.031678 
936     0.032060 
937     0.035055 
938     0.036045 
939     0.038425 
940     0.038772 
941     0.037167 
942     0.034766 
943     0.034951 
944     0.034875 
945     0.032674 
946     0.030989 
947     0.031464 
948     0.031034 
949     0.028545 
950     0.027588 
951     0.027979 
952     0.026550 
953     0.024419 
954     0.025480 
955     0.024460 
956     0.023434 
957     0.024285 
958     0.022038 
959     0.022268 
960     0.020501 
961     0.021312 
962     0.022355 
963     0.023188 
964     0.022878 
965     0.021281 
966     0.018913 
967     0.018041 
968     0.015887 
969     0.016282 
970     0.018309 
971     0.019864 
972     0.020485 
973     0.019820 
974     0.018181 
975     0.016295 
976     0.015322 
977     0.015931 
978     0.016943 
979     0.017529 
980     0.019580 
981     0.021017 
982     0.008337 
983     0.007586 
984     0.009313 
985     0.008145 
986     0.006622 
987     0.005793 
988     0.005665 
989     0.006207 
990     0.006843 
991     0.006803 
992     0.007409 
993     0.006740 
994     0.006068 
995     0.006086 
996     0.007731 
997     0.008568 
998     0.010240 
999     0.009975 
1000     0.011862 
1001     0.010919 
1002     0.008846 
1003     0.010026 
1004     0.011228 
1005     0.009469 
1006     0.008426 
1007     0.010471 
1008     0.011226 
1009     0.009709 
1010     0.009483 
1011     0.011962 
1012     0.012225 
1013     0.011388 
1014     0.011407 
1015     0.011129 
1016     0.012292 
1017     0.014525 
1018     0.013954 
1019     0.012017 
1020     0.013833 
1021     0.013652 
1022     0.011688 
1023     0.011520 
1024     0.010957 
1025     0.009135 
1026     0.008587 
1027     0.008536 
1028     0.007603 
1029     0.006337 
1030     0.006547 
1031     0.006309 
1032     0.005951 
1033     0.005836 
1034     0.005715 
1035     0.006291 
1036     0.007022 
1037     0.007395 
1038     0.007318 
1039     0.008846 
1040     0.009818 
1041     0.011664 
1042     0.011828 
1043     0.009966 
1044     0.009174 
1045     0.010935 
1046     0.011039 
1047     0.009347 
1048     0.009097 
1049     0.011079 
1050     0.010808 
1051     0.012131 
1052     0.013240 
1053     0.013840 
1054     0.013568 
1055     0.015138 
1056     0.015454 
1057     0.014078 
1058     0.015915 
1059     0.016224 
1060     0.015193 
1061     0.015558 
1062     0.014827 
1063     0.012578 
1064     0.011824 
1065     0.011483 
1066     0.009196 
1067     0.008365 
1068     0.006771 
1069     0.007224 
1070     0.006380 
1071     0.007400 
1072     0.008660 
1073     0.010742 
1074     0.011140 
1075     0.010035 
1076     0.012106 
1077     0.012798 
1078     0.010965 
1079     0.010958 
1080     0.012718 
1081     0.014512 
1082     0.013213 
1083     0.011544 
1084     0.013017 
1085     0.014826 
1086     0.016206 
1087     0.015131 
1088     0.014846 
1089     0.013903 
1090     0.012031 
1091     0.011040 
1092     0.010466 
1093     0.012327 
1094     0.012755 
1095     0.015038 
1096     0.015557 
1097     0.015481 
1098     0.016612 
1099     0.016414 
1100     0.016985 
1101     0.015553 
1102     0.015777 
1103     0.013721 
1104     0.013186 
1105     0.011872 
1106     0.011767 
1107     0.012360 
1108     0.013593 
1109     0.014072 
1110     0.015253 
1111     0.016434 
1112     0.017032 
1113     0.017575 
1114     0.020288 
1115     0.019675 
1116     0.021548 
1117     0.020797 
1118     0.022189 
1119     0.021583 
1120     0.022625 
1121     0.021008 
1122     0.021566 
1123     0.021263 
1124     0.019345 
1125     0.021226 
1126     0.021303 
1127     0.020495 
1128     0.019253 
1129     0.017695 
1130     0.017743 
1131     0.018959 
1132     0.021312 
1133     0.021285 
1134     0.022196 
1135     0.020998 
1136     0.018922 
1137     0.017976 
1138     0.017178 
1139     0.018915 
1140     0.019476 
1141     0.018695 
1142     0.020587 
1143     0.021979 
1144     0.023531 
1145     0.021777 
1146     0.020431 
1147     0.018439 
1148     0.018044 
1149     0.019242 
1150     0.021440 
1151     0.023970 
1152     0.024415 
1153     0.026999 
1154     0.026258 
1155     0.028794 
1156     0.028018 
1157     0.027350 
1158     0.027414 
1159     0.025556 
1160     0.025097 
1161     0.023825 
1162     0.023976 
1163     0.023248 
1164     0.023597 
1165     0.025749 
1166     0.025896 
1167     0.023506 
1168     0.023810 
1169     0.022010 
1170     0.020155 
1171     0.019808 
1172     0.020013 
1173     0.021917 
1174     0.022676 
1175     0.024082 
1176     0.024108 
1177     0.024357 
1178     0.023906 
1179     0.026554 
1180     0.026518 
1181     0.025066 
1182     0.026505 
1183     0.024374 
1184     0.023938 
1185     0.022055 
1186     0.022679 
1187     0.024693 
1188     0.024409 
1189     0.024064 
1190     0.024186 
1191     0.022636 
1192     0.023012 
1193     0.021610 
1194     0.021840 
1195     0.020837 
1196     0.020609 
1197     0.018266 
1198     0.018191 
1199     0.017882 
1200     0.016756 
1201     0.015902 
1202     0.014311 
1203     0.012754 
1204     0.013960 
1205     0.015355 
1206     0.016479 
1207     0.016681 
1208     0.016194 
1209     0.016523 
1210     0.016290 
1211     0.016676 
1212     0.017321 
1213     0.016945 
1214     0.018186 
1215     0.017095 
1216     0.018012 
1217     0.017398 
1218     0.015115 
1219     0.014963 
1220     0.012908 
1221     0.012554 
1222     0.014431 
1223     0.014207 
1224     0.015189 
1225     0.016313 
1226     0.016095 
1227     0.016416 
1228     0.015231 
1229     0.014627 
1230     0.012793 
1231     0.011707 
1232     0.010683 
1233     0.010345 
1234     0.010491 
1235     0.010337 
1236     0.011479 
1237     0.011744 
1238     0.011592 
1239     0.012107 
1240     0.013252 
1241     0.014324 
1242     0.015224 
1243     0.015379 
1244     0.014054 
1245     0.014221 
1246     0.014434 
1247     0.016292 
1248     0.018247 
1249     0.019596 
1250     0.022103 
1251     0.023985 
1252     0.026901 
1253     0.027787 
1254     0.026252 
1255     0.026474 
1256     0.029661 
1257     0.029946 
1258     0.027593 
1259     0.026621 
1260     0.023764 
1261     0.020970 
1262     0.017502 
1263     0.014678 
1264     0.012357 
1265     0.012992 
1266     0.012793 
1267     0.014843 
1268     0.014068 
1269     0.013776 
1270     0.016887 
1271     0.019829 
1272     0.021470 
1273     0.024763 
1274     0.024756 
1275     0.027412 
1276     0.029517 
1277     0.028796 
1278     0.025684 
1279     0.026428 
1280     0.024595 
1281     0.022164 
1282     0.022438 
1283     0.020473 
1284     0.021304 
1285     0.020736 
1286     0.020185 
1287     0.021261 
1288     0.020325 
1289     0.017516 
1290     0.016134 
1291     0.015360 
1292     0.017443 
1293     0.018404 
1294     0.020348 
1295     0.021976 
1296     0.023557 
1297     0.021053 
1298     0.021235 
1299     0.019029 
1300     0.018003 
1301     0.018350 
1302     0.016693 
1303     0.017493 
1304     0.017893 
1305     0.018770 
1306     0.020682 
1307     0.020521 
1308     0.021896 
1309     0.021777 
1310     0.023432 
1311     0.023783 
1312     0.024590 
1313     0.025030 
1314     0.027104 
1315     0.029025 
1316     0.031824 
1317     0.033042 
1318     0.030837 
1319     0.031526 
1320     0.034403 
1321     0.033991 
1322     0.032051 
1323     0.034176 
1324     0.036237 
1325     0.034544 
1326     0.033549 
1327     0.036728 
1328     0.037177 
1329     0.035403 
1330     0.037045 
1331     0.040228 
1332     0.039470 
1333     0.040425 
1334     0.039807 
1335     0.041501 
1336     0.043395 
1337     0.046699 
1338     0.048607 
1339     0.048508 
1340     0.045838 
1341     0.043104 
1342     0.043632 
1343     0.041712 
1344     0.042395 
1345     0.042862 
1346     0.043968 
1347     0.046777 
1348     0.048773 
1349     0.048570 
1350     0.050389 
1351     0.049377 
1352     0.046673 
1353     0.047377 
1354     0.046173 
1355     0.043671 
1356     0.044092 
1357     0.042220 
