  1     0.005494 
  2     0.004482 
  3     0.002635 
  4     0.002151 
  5     0.001451 
  6     0.000576 
  7     0.001131 
  8     0.001536 
  9     0.001945 
 10     0.002951 
 11     0.003792 
 12     0.005064 
 13     0.004561 
 14     0.003446 
 15     0.002938 
 16     0.002462 
 17     0.001488 
 18     0.001047 
 19     0.000620 
 20     0.000843 
 21     0.000708 
 22     0.001012 
 23     0.001345 
 24     0.001361 
 25     0.001674 
 26     0.002338 
 27     0.003732 
 28     0.005039 
 29     0.005658 
 30     0.007105 
 31     0.008103 
 32     0.007115 
 33     0.006291 
 34     0.004991 
 35     0.004761 
 36     0.005338 
 37     0.006187 
 38     0.004901 
 39     0.006455 
 40     0.006858 
 41     0.009074 
 42     0.009695 
 43     0.011908 
 44     0.013369 
 45     0.016560 
 46     0.012876 
 47     0.011378 
 48     0.009733 
 49     0.009833 
 50     0.007621 
 51     0.007502 
 52     0.009745 
 53     0.011623 
 54     0.010126 
 55     0.010499 
 56     0.013040 
 57     0.013336 
 58     0.011892 
 59     0.013587 
 60     0.014281 
 61     0.012129 
 62     0.010553 
 63     0.008389 
 64     0.008511 
 65     0.008571 
 66     0.006418 
 67     0.006316 
 68     0.004881 
 69     0.003544 
 70     0.002530 
 71     0.003666 
 72     0.002459 
 73     0.000884 
 74     0.002585 
 75     0.003173 
 76     0.003527 
 77     0.002898 
 78     0.004529 
 79     0.005173 
 80     0.006808 
 81     0.006290 
 82     0.004381 
 83     0.005710 
 84     0.007640 
 85     0.006916 
 86     0.006612 
 87     0.008824 
 88     0.008986 
 89     0.007707 
 90     0.008788 
 91     0.007058 
 92     0.005612 
 93     0.003639 
 94     0.001634 
 95     0.001377 
 96     0.001969 
 97     0.003142 
 98     0.003623 
 99     0.003804 
100     0.002842 
101     0.001402 
102     0.000881 
103     0.003165 
104     0.004574 
105     0.006742 
106     0.007885 
107     0.006748 
108     0.006270 
109     0.004127 
110     0.004262 
111     0.002677 
112     0.001819 
113     0.002241 
114     0.003955 
115     0.003986 
116     0.002754 
117     0.003725 
118     0.005389 
119     0.004295 
120     0.003416 
121     0.005008 
122     0.005524 
123     0.003915 
124     0.004104 
125     0.005311 
126     0.005067 
127     0.004216 
128     0.005351 
129     0.006112 
130     0.005461 
131     0.005216 
132     0.006228 
133     0.005702 
134     0.005912 
135     0.004511 
136     0.004788 
137     0.003370 
138     0.001827 
139     0.001307 
140     0.000622 
141     0.001318 
142     0.001930 
143     0.002416 
144     0.002629 
145     0.002794 
146     0.002241 
147     0.003886 
148     0.004116 
149     0.003878 
150     0.002823 
151     0.002749 
152     0.003392 
153     0.002293 
154     0.001337 
155     0.002675 
156     0.003522 
157     0.002557 
158     0.002950 
159     0.004530 
160     0.004965 
161     0.004690 
162     0.005458 
163     0.004023 
164     0.004340 
165     0.002928 
166     0.003263 
167     0.002667 
168     0.002231 
169     0.002526 
170     0.002855 
171     0.002646 
172     0.003590 
173     0.003603 
174     0.002733 
175     0.003276 
176     0.004071 
177     0.003640 
178     0.003152 
179     0.004201 
180     0.004513 
181     0.003874 
182     0.004355 
183     0.005220 
184     0.005830 
185     0.006742 
186     0.007480 
187     0.007482 
188     0.007214 
189     0.007361 
190     0.006739 
191     0.006530 
192     0.005335 
193     0.005414 
194     0.004647 
195     0.005197 
196     0.004610 
197     0.005017 
198     0.004643 
199     0.003993 
200     0.004754 
201     0.004319 
202     0.005181 
203     0.005101 
204     0.006169 
205     0.005889 
206     0.006660 
207     0.006208 
208     0.006839 
209     0.006622 
210     0.007504 
211     0.007761 
212     0.006563 
213     0.006342 
214     0.005588 
215     0.005406 
216     0.005293 
217     0.005702 
218     0.005242 
219     0.006279 
220     0.005723 
221     0.004705 
222     0.004348 
223     0.004933 
224     0.005087 
225     0.004016 
226     0.005041 
227     0.006101 
228     0.006074 
229     0.006492 
230     0.006840 
231     0.007938 
232     0.009449 
233     0.010204 
234     0.010384 
235     0.012177 
236     0.012908 
237     0.013378 
238     0.014589 
239     0.016081 
240     0.016874 
241     0.016986 
242     0.018952 
243     0.020079 
244     0.020731 
245     0.021539 
246     0.023752 
247     0.024624 
248     0.025848 
249     0.025166 
250     0.022146 
251     0.019071 
252     0.017516 
253     0.014937 
254     0.015569 
255     0.015590 
256     0.012974 
257     0.014185 
258     0.015529 
259     0.013585 
260     0.012755 
261     0.014306 
262     0.014311 
263     0.011827 
264     0.012318 
265     0.014124 
266     0.012873 
267     0.010687 
268     0.012074 
269     0.013206 
270     0.011187 
271     0.010376 
272     0.012218 
273     0.012516 
274     0.010314 
275     0.011482 
276     0.013356 
277     0.014773 
278     0.015947 
279     0.016030 
280     0.017884 
281     0.017334 
282     0.019453 
283     0.019762 
284     0.022861 
285     0.023630 
286     0.019963 
287     0.020313 
288     0.025687 
289     0.030404 
290     0.036352 
291     0.037140 
292     0.033471 
293     0.028210 
294     0.025859 
295     0.024527 
296     0.021934 
297     0.021400 
298     0.020113 
299     0.019099 
300     0.016829 
301     0.016556 
302     0.014588 
303     0.015875 
304     0.016359 
305     0.013646 
306     0.013110 
307     0.014462 
308     0.013091 
309     0.011235 
310     0.011927 
311     0.011696 
312     0.009682 
313     0.009111 
314     0.010244 
315     0.008979 
316     0.007755 
317     0.008756 
318     0.008825 
319     0.007271 
320     0.007305 
321     0.008594 
322     0.007393 
323     0.006953 
324     0.008470 
325     0.008868 
326     0.007782 
327     0.008479 
328     0.009943 
329     0.010083 
330     0.010941 
331     0.010341 
332     0.010805 
333     0.010063 
334     0.008622 
335     0.008186 
336     0.007313 
337     0.006876 
338     0.005756 
339     0.005348 
340     0.004369 
341     0.004360 
342     0.005251 
343     0.006167 
344     0.006326 
345     0.006752 
346     0.008287 
347     0.009311 
348     0.009914 
349     0.008431 
350     0.008324 
351     0.009674 
352     0.009561 
353     0.008609 
354     0.009356 
355     0.010375 
356     0.009857 
357     0.009437 
358     0.010399 
359     0.009323 
360     0.008384 
361     0.007243 
362     0.006271 
363     0.006203 
364     0.005301 
365     0.004717 
366     0.004466 
367     0.004225 
368     0.003991 
369     0.003318 
370     0.002996 
371     0.002367 
372     0.001688 
373     0.001761 
374     0.002126 
375     0.001352 
376     0.000893 
377     0.002104 
378     0.002440 
379     0.001979 
380     0.002483 
381     0.003668 
382     0.003357 
383     0.003958 
384     0.004623 
385     0.004181 
386     0.004499 
387     0.005330 
388     0.005597 
389     0.004641 
390     0.004910 
391     0.004274 
392     0.004939 
393     0.004472 
394     0.004073 
395     0.003954 
396     0.003654 
397     0.004532 
398     0.004740 
399     0.004744 
400     0.004167 
401     0.004455 
402     0.005027 
403     0.003835 
404     0.005986 
405     0.008087 
406     0.008290 
407     0.006239 
408     0.005441 
409     0.003128 
410     0.002836 
411     0.001581 
412     0.002148 
413     0.003110 
414     0.004328 
415     0.004244 
416     0.003817 
417     0.004226 
418     0.004110 
419     0.004308 
420     0.003551 
421     0.003208 
422     0.003029 
423     0.004702 
424     0.005917 
425     0.008726 
426     0.007520 
427     0.010288 
428     0.011122 
429     0.011054 
430     0.013712 
431     0.016898 
432     0.016351 
433     0.012011 
434     0.012416 
435     0.008666 
436     0.005114 
437     0.003331 
438     0.003975 
439     0.005339 
440     0.006367 
441     0.006961 
442     0.007306 
443     0.007701 
444     0.009448 
445     0.010795 
446     0.009064 
447     0.008805 
448     0.008311 
449     0.010554 
450     0.011304 
451     0.009759 
452     0.008743 
453     0.008145 
454     0.008276 
455     0.008109 
456     0.006348 
457     0.006351 
458     0.006544 
459     0.007486 
460     0.010571 
461     0.014595 
462     0.013987 
463     0.018049 
464     0.019445 
465     0.020339 
466     0.020085 
467     0.016879 
468     0.015806 
469     0.018170 
470     0.015957 
471     0.012923 
472     0.010310 
473     0.008913 
474     0.006537 
475     0.005591 
476     0.004142 
477     0.004354 
478     0.004143 
479     0.004496 
480     0.003987 
481     0.003656 
482     0.004386 
483     0.004946 
484     0.005241 
485     0.006356 
486     0.006498 
487     0.008266 
488     0.009136 
489     0.011420 
490     0.013291 
491     0.013540 
492     0.016176 
493     0.017385 
494     0.015862 
495     0.015726 
496     0.013753 
497     0.012484 
498     0.011805 
499     0.009344 
500     0.009740 
501     0.008120 
502     0.008108 
503     0.009027 
504     0.007641 
505     0.005137 
506     0.004423 
507     0.004907 
508     0.007042 
509     0.008488 
510     0.008331 
511     0.006005 
512     0.006092 
513     0.007982 
514     0.007706 
515     0.006019 
516     0.007091 
517     0.008875 
518     0.008075 
519     0.007317 
520     0.009779 
521     0.010319 
522     0.009788 
523     0.010645 
524     0.013012 
525     0.012817 
526     0.012450 
527     0.015150 
528     0.016070 
529     0.015864 
530     0.017869 
531     0.018777 
532     0.019171 
533     0.019242 
534     0.020353 
535     0.018328 
536     0.018210 
537     0.019273 
538     0.016935 
539     0.014524 
540     0.015956 
541     0.015190 
542     0.011254 
543     0.011659 
544     0.013425 
545     0.009830 
546     0.007189 
547     0.010742 
548     0.010836 
549     0.006819 
550     0.009228 
551     0.013083 
552     0.011369 
553     0.010197 
554     0.014693 
555     0.017316 
556     0.014497 
557     0.012148 
558     0.014927 
559     0.016241 
560     0.014022 
561     0.010090 
562     0.010867 
563     0.012184 
564     0.008206 
565     0.006141 
566     0.009892 
567     0.009400 
568     0.006206 
569     0.008929 
570     0.012009 
571     0.010124 
572     0.010674 
573     0.014084 
574     0.015056 
575     0.014579 
576     0.016502 
577     0.019253 
578     0.019835 
579     0.020716 
580     0.018443 
581     0.018322 
582     0.016084 
583     0.013455 
584     0.013981 
585     0.013941 
586     0.010878 
587     0.008908 
588     0.009671 
589     0.008547 
590     0.005022 
591     0.004421 
592     0.005480 
593     0.005451 
594     0.003581 
595     0.002485 
596     0.005463 
597     0.006930 
598     0.004750 
599     0.004672 
600     0.008659 
601     0.008345 
602     0.005135 
603     0.008882 
604     0.007513 
605     0.006235 
606     0.009838 
607     0.011388 
608     0.017078 
609     0.016711 
610     0.014598 
611     0.008912 
612     0.012189 
613     0.013941 
614     0.009063 
615     0.007047 
616     0.012238 
617     0.016592 
618     0.022027 
619     0.020227 
620     0.021941 
621     0.024166 
622     0.024613 
623     0.020659 
624     0.023327 
625     0.020100 
626     0.014792 
627     0.015880 
628     0.015400 
629     0.009877 
630     0.007582 
631     0.009875 
632     0.006593 
633     0.002376 
634     0.003980 
635     0.008232 
636     0.012366 
637     0.016472 
638     0.017710 
639     0.027280 
640     0.033022 
641     0.032927 
642     0.037508 
643     0.039848 
644     0.047946 
645     0.042359 
646     0.037099 
647     0.030677 
648     0.024959 
649     0.024741 
650     0.020722 
651     0.015304 
652     0.011839 
653     0.011143 
654     0.007442 
655     0.002809 
656     0.005638 
657     0.002543 
658     0.002460 
659     0.005845 
660     0.007139 
661     0.007108 
662     0.010743 
663     0.013331 
664     0.012391 
665     0.015389 
666     0.011730 
667     0.007935 
668     0.011075 
669     0.012866 
670     0.008753 
671     0.009755 
672     0.014634 
673     0.014049 
674     0.012259 
675     0.014516 
676     0.014723 
677     0.010209 
678     0.008764 
679     0.006011 
680     0.002542 
681     0.004903 
682     0.006557 
683     0.008008 
684     0.010055 
685     0.012847 
686     0.013655 
687     0.011414 
688     0.009880 
689     0.012501 
690     0.011001 
691     0.012389 
692     0.010101 
693     0.011422 
694     0.010352 
695     0.006236 
696     0.007904 
697     0.010345 
698     0.008961 
699     0.005165 
700     0.005233 
701     0.005880 
702     0.004457 
703     0.002537 
704     0.003849 
705     0.005223 
706     0.006634 
707     0.007490 
708     0.009776 
709     0.010860 
710     0.010043 
711     0.010903 
712     0.013539 
713     0.015502 
714     0.013107 
715     0.010591 
716     0.011537 
717     0.013664 
718     0.015908 
719     0.016908 
720     0.017533 
721     0.016721 
722     0.017144 
723     0.014596 
724     0.009267 
725     0.005785 
726     0.003882 
727     0.005980 
728     0.007106 
729     0.009944 
730     0.012391 
731     0.012306 
732     0.010568 
733     0.011198 
734     0.013022 
735     0.012204 
736     0.010846 
737     0.008387 
738     0.005216 
739     0.001331 
740     0.002276 
741     0.006371 
742     0.007786 
743     0.010896 
744     0.015523 
745     0.017396 
746     0.020680 
747     0.019977 
748     0.017214 
749     0.018350 
750     0.019780 
751     0.018494 
752     0.014992 
753     0.014364 
754     0.013922 
755     0.012211 
756     0.013609 
757     0.012590 
758     0.016013 
759     0.018103 
760     0.017297 
761     0.013632 
762     0.009973 
763     0.007246 
764     0.005841 
765     0.004761 
766     0.004098 
767     0.008465 
768     0.008269 
769     0.009862 
770     0.010395 
771     0.006179 
772     0.008465 
773     0.010179 
774     0.014661 
775     0.015005 
776     0.021185 
777     0.025088 
778     0.032721 
779     0.039328 
780     0.047683 
781     0.051872 
782     0.045446 
783     0.037507 
784     0.032693 
785     0.026404 
786     0.022346 
787     0.019032 
788     0.013220 
789     0.013467 
790     0.010000 
791     0.010187 
792     0.014959 
793     0.014779 
794     0.011111 
795     0.007478 
796     0.004087 
797     0.004375 
798     0.008316 
799     0.008770 
800     0.012980 
801     0.015403 
802     0.018247 
803     0.021701 
804     0.024270 
805     0.021464 
806     0.020286 
807     0.015844 
808     0.017179 
809     0.017202 
810     0.021187 
811     0.025231 
812     0.021851 
813     0.017489 
814     0.013412 
815     0.010073 
816     0.006403 
817     0.004291 
818     0.001686 
819     0.005131 
820     0.007275 
821     0.008411 
822     0.012877 
823     0.013228 
824     0.013762 
825     0.012274 
826     0.012526 
827     0.012364 
828     0.011309 
829     0.010186 
830     0.011500 
831     0.005894 
832     0.010525 
833     0.013831 
834     0.016080 
835     0.016264 
836     0.016042 
837     0.016650 
838     0.017545 
839     0.017558 
840     0.017397 
841     0.016328 
842     0.015402 
843     0.015930 
844     0.014776 
845     0.016875 
846     0.016828 
847     0.016853 
848     0.016282 
849     0.016236 
850     0.012884 
851     0.006623 
852     0.007440 
853     0.005562 
854     0.006729 
855     0.008516 
856     0.011741 
857     0.013419 
858     0.013791 
859     0.015193 
860     0.016395 
861     0.015179 
862     0.014465 
863     0.013739 
864     0.014247 
865     0.013650 
866     0.013991 
867     0.015045 
868     0.015611 
869     0.016579 
870     0.017945 
871     0.018591 
872     0.016113 
873     0.014698 
874     0.012522 
875     0.013691 
876     0.015891 
877     0.019951 
878     0.016663 
879     0.016260 
880     0.019679 
881     0.019726 
882     0.016754 
883     0.018474 
884     0.018503 
885     0.015055 
886     0.014293 
887     0.014639 
888     0.011352 
889     0.012599 
890     0.013894 
891     0.012791 
892     0.012603 
893     0.011159 
894     0.011784 
895     0.016337 
896     0.015954 
897     0.015794 
898     0.014461 
899     0.014689 
900     0.017893 
901     0.018669 
902     0.017420 
903     0.020380 
904     0.021122 
905     0.023132 
906     0.020776 
907     0.018207 
908     0.014658 
909     0.015602 
910     0.015904 
911     0.016137 
912     0.016193 
913     0.015033 
914     0.014844 
915     0.014200 
916     0.015177 
917     0.015285 
918     0.016421 
919     0.018063 
920     0.019623 
921     0.017680 
922     0.017397 
923     0.015362 
924     0.014899 
925     0.015383 
926     0.015801 
927     0.017162 
928     0.016019 
929     0.017785 
930     0.016284 
931     0.016630 
932     0.014317 
933     0.013111 
934     0.013493 
935     0.021202 
936     0.017437 
937     0.024823 
938     0.036017 
939     0.048475 
940     0.051620 
941     0.045607 
942     0.038827 
943     0.040936 
944     0.045626 
945     0.038046 
946     0.033661 
947     0.041633 
948     0.044025 
949     0.034496 
950     0.037804 
951     0.054122 
952     0.037198 
953     0.042200 
954     0.065185 
955     0.069776 
956     0.042807 
957     0.022293 
958     0.036946 
959     0.066588 
960     0.094493 
961     0.079217 
962     0.041949 
963     0.037760 
964     0.036693 
965     0.040630 
966     0.090160 
967     0.117448 
968     0.164293 
969     0.165216 
970     0.141253 
971     0.115365 
972     0.074169 
973     0.040374 
974     0.064934 
975     0.114154 
976     0.157726 
977     0.172687 
978     0.185445 
979     0.214817 
980     0.173758 
981     0.189682 
982     0.008887 
983     0.004659 
984     0.007398 
985     0.007302 
986     0.006215 
987     0.004236 
988     0.004033 
989     0.004850 
990     0.004102 
991     0.002309 
992     0.002924 
993     0.002726 
994     0.004577 
995     0.006304 
996     0.007420 
997     0.005668 
998     0.005584 
999     0.004358 
1000     0.005185 
1001     0.003542 
1002     0.002158 
1003     0.003506 
1004     0.003958 
1005     0.002502 
1006     0.002574 
1007     0.004408 
1008     0.004565 
1009     0.004364 
1010     0.004346 
1011     0.005069 
1012     0.005653 
1013     0.004812 
1014     0.004519 
1015     0.003857 
1016     0.003974 
1017     0.004141 
1018     0.003969 
1019     0.003476 
1020     0.004050 
1021     0.004187 
1022     0.003642 
1023     0.004101 
1024     0.004056 
1025     0.003687 
1026     0.003847 
1027     0.004064 
1028     0.003911 
1029     0.004161 
1030     0.003976 
1031     0.002907 
1032     0.002223 
1033     0.002049 
1034     0.002648 
1035     0.001690 
1036     0.002443 
1037     0.004828 
1038     0.004177 
1039     0.005626 
1040     0.008177 
1041     0.012197 
1042     0.012878 
1043     0.010282 
1044     0.010228 
1045     0.014682 
1046     0.015091 
1047     0.013995 
1048     0.015019 
1049     0.019425 
1050     0.019351 
1051     0.023638 
1052     0.025659 
1053     0.023591 
1054     0.022402 
1055     0.022323 
1056     0.020912 
1057     0.019206 
1058     0.021120 
1059     0.018469 
1060     0.017106 
1061     0.015088 
1062     0.011465 
1063     0.008325 
1064     0.009674 
1065     0.008677 
1066     0.004493 
1067     0.001755 
1068     0.001569 
1069     0.002567 
1070     0.002827 
1071     0.004869 
1072     0.007545 
1073     0.011937 
1074     0.014922 
1075     0.013402 
1076     0.015056 
1077     0.016988 
1078     0.014837 
1079     0.012201 
1080     0.014021 
1081     0.015235 
1082     0.013246 
1083     0.009268 
1084     0.009333 
1085     0.010892 
1086     0.013560 
1087     0.010437 
1088     0.007484 
1089     0.003509 
1090     0.004718 
1091     0.004986 
1092     0.003998 
1093     0.004794 
1094     0.006471 
1095     0.009473 
1096     0.008088 
1097     0.008820 
1098     0.012251 
1099     0.020853 
1100     0.027945 
1101     0.034566 
1102     0.042201 
1103     0.042412 
1104     0.049976 
1105     0.051475 
1106     0.053605 
1107     0.060053 
1108     0.063023 
1109     0.062257 
1110     0.068474 
1111     0.074845 
1112     0.071940 
1113     0.068616 
1114     0.068525 
1115     0.061513 
1116     0.054810 
1117     0.044620 
1118     0.039947 
1119     0.029327 
1120     0.026010 
1121     0.020637 
1122     0.021582 
1123     0.024144 
1124     0.021142 
1125     0.025671 
1126     0.026917 
1127     0.027498 
1128     0.025319 
1129     0.021558 
1130     0.019596 
1131     0.022265 
1132     0.026484 
1133     0.028884 
1134     0.031772 
1135     0.030755 
1136     0.029631 
1137     0.028233 
1138     0.025308 
1139     0.026576 
1140     0.029111 
1141     0.027959 
1142     0.028993 
1143     0.031820 
1144     0.031045 
1145     0.027318 
1146     0.028112 
1147     0.024709 
1148     0.021625 
1149     0.021264 
1150     0.023255 
1151     0.025925 
1152     0.025709 
1153     0.028293 
1154     0.028641 
1155     0.030951 
1156     0.030568 
1157     0.027912 
1158     0.026450 
1159     0.025315 
1160     0.023427 
1161     0.022546 
1162     0.022867 
1163     0.022641 
1164     0.025083 
1165     0.027356 
1166     0.030427 
1167     0.027351 
1168     0.025293 
1169     0.022583 
1170     0.021692 
1171     0.023039 
1172     0.025505 
1173     0.029632 
1174     0.030290 
1175     0.034242 
1176     0.034772 
1177     0.033018 
1178     0.031876 
1179     0.035015 
1180     0.033564 
1181     0.030253 
1182     0.032700 
1183     0.030246 
1184     0.027418 
1185     0.025276 
1186     0.024859 
1187     0.028029 
1188     0.026793 
1189     0.029417 
1190     0.032056 
1191     0.028804 
1192     0.036306 
1193     0.036861 
1194     0.054972 
1195     0.057774 
1196     0.068018 
1197     0.066054 
1198     0.073586 
1199     0.075990 
1200     0.070383 
1201     0.064038 
1202     0.058483 
1203     0.049806 
1204     0.045796 
1205     0.052322 
1206     0.055413 
1207     0.057613 
1208     0.040384 
1209     0.033548 
1210     0.017212 
1211     0.017660 
1212     0.018850 
1213     0.013980 
1214     0.015395 
1215     0.015593 
1216     0.016061 
1217     0.012448 
1218     0.009259 
1219     0.011124 
1220     0.009104 
1221     0.008100 
1222     0.011087 
1223     0.010932 
1224     0.014912 
1225     0.017807 
1226     0.032791 
1227     0.040662 
1228     0.040256 
1229     0.045597 
1230     0.041209 
1231     0.044980 
1232     0.042708 
1233     0.043496 
1234     0.047865 
1235     0.045216 
1236     0.042781 
1237     0.043769 
1238     0.040566 
1239     0.044992 
1240     0.045451 
1241     0.051600 
1242     0.057389 
1243     0.052610 
1244     0.048362 
1245     0.041296 
1246     0.038626 
1247     0.032954 
1248     0.028125 
1249     0.024399 
1250     0.020092 
1251     0.021223 
1252     0.018620 
1253     0.023753 
1254     0.017895 
1255     0.013989 
1256     0.014354 
1257     0.013001 
1258     0.016396 
1259     0.022899 
1260     0.031002 
1261     0.030937 
1262     0.036374 
1263     0.036287 
1264     0.044010 
1265     0.055291 
1266     0.061552 
1267     0.065757 
1268     0.058298 
1269     0.047117 
1270     0.037594 
1271     0.038703 
1272     0.037471 
1273     0.029727 
1274     0.025178 
1275     0.022474 
1276     0.015561 
1277     0.016801 
1278     0.017584 
1279     0.016013 
1280     0.017605 
1281     0.023335 
1282     0.026069 
1283     0.031370 
1284     0.030866 
1285     0.039938 
1286     0.048669 
1287     0.058621 
1288     0.067701 
1289     0.062542 
1290     0.059969 
1291     0.062607 
1292     0.071973 
1293     0.073553 
1294     0.079973 
1295     0.085912 
1296     0.094253 
1297     0.085287 
1298     0.080414 
1299     0.069620 
1300     0.061141 
1301     0.054445 
1302     0.050332 
1303     0.041509 
1304     0.034003 
1305     0.028932 
1306     0.022329 
1307     0.020413 
1308     0.018277 
1309     0.021212 
1310     0.022472 
1311     0.022796 
1312     0.027618 
1313     0.025196 
1314     0.028863 
1315     0.032226 
1316     0.033072 
1317     0.040855 
1318     0.036646 
1319     0.030783 
1320     0.036320 
1321     0.038257 
1322     0.030978 
1323     0.032253 
1324     0.037029 
1325     0.032366 
1326     0.027877 
1327     0.036274 
1328     0.032222 
1329     0.026143 
1330     0.035827 
1331     0.038379 
1332     0.027895 
1333     0.024293 
1334     0.025620 
1335     0.039669 
1336     0.055671 
1337     0.062480 
1338     0.055275 
1339     0.045440 
1340     0.028722 
1341     0.024567 
1342     0.036170 
1343     0.052210 
1344     0.068984 
1345     0.059140 
1346     0.041928 
1347     0.026742 
1348     0.024002 
1349     0.039131 
1350     0.056964 
1351     0.057674 
1352     0.063515 
1353     0.055111 
1354     0.053942 
1355     0.064499 
1356     0.048745 
1357     0.066150 
