  1     0.014509 
  2     0.014614 
  3     0.013600 
  4     0.012479 
  5     0.012063 
  6     0.011330 
  7     0.011450 
  8     0.011098 
  9     0.011331 
 10     0.011466 
 11     0.011913 
 12     0.012627 
 13     0.012499 
 14     0.012029 
 15     0.011928 
 16     0.012057 
 17     0.011659 
 18     0.012149 
 19     0.012112 
 20     0.013522 
 21     0.014128 
 22     0.012325 
 23     0.011374 
 24     0.010959 
 25     0.011560 
 26     0.011689 
 27     0.012479 
 28     0.013302 
 29     0.013825 
 30     0.016309 
 31     0.015038 
 32     0.014889 
 33     0.013934 
 34     0.012962 
 35     0.012692 
 36     0.013121 
 37     0.013560 
 38     0.012735 
 39     0.012991 
 40     0.012311 
 41     0.011332 
 42     0.008476 
 43     0.008276 
 44     0.006526 
 45     0.008186 
 46     0.021125 
 47     0.011173 
 48     0.009534 
 49     0.011996 
 50     0.012584 
 51     0.013618 
 52     0.013865 
 53     0.012215 
 54     0.012366 
 55     0.012563 
 56     0.010374 
 57     0.010777 
 58     0.010943 
 59     0.010152 
 60     0.011509 
 61     0.009797 
 62     0.012997 
 63     0.012523 
 64     0.011554 
 65     0.011667 
 66     0.012147 
 67     0.012390 
 68     0.012583 
 69     0.012102 
 70     0.011537 
 71     0.011423 
 72     0.011122 
 73     0.010797 
 74     0.010835 
 75     0.010507 
 76     0.010665 
 77     0.010644 
 78     0.010757 
 79     0.010600 
 80     0.011514 
 81     0.011829 
 82     0.011483 
 83     0.011478 
 84     0.012335 
 85     0.012088 
 86     0.010960 
 87     0.012884 
 88     0.013800 
 89     0.012542 
 90     0.012565 
 91     0.012350 
 92     0.011472 
 93     0.011211 
 94     0.010941 
 95     0.010050 
 96     0.010443 
 97     0.011011 
 98     0.010693 
 99     0.010191 
100     0.010447 
101     0.010853 
102     0.011272 
103     0.011946 
104     0.012729 
105     0.013179 
106     0.015733 
107     0.015694 
108     0.014665 
109     0.012626 
110     0.012617 
111     0.011850 
112     0.011519 
113     0.011638 
114     0.012469 
115     0.012550 
116     0.011988 
117     0.012338 
118     0.013291 
119     0.012786 
120     0.012238 
121     0.013143 
122     0.013725 
123     0.012933 
124     0.013193 
125     0.015095 
126     0.014423 
127     0.013682 
128     0.015592 
129     0.016754 
130     0.015459 
131     0.015566 
132     0.017553 
133     0.016513 
134     0.016330 
135     0.014418 
136     0.013918 
137     0.012681 
138     0.011777 
139     0.010949 
140     0.010657 
141     0.010514 
142     0.010528 
143     0.010553 
144     0.010282 
145     0.010713 
146     0.011022 
147     0.009652 
148     0.009864 
149     0.010750 
150     0.010871 
151     0.009996 
152     0.010228 
153     0.010936 
154     0.010585 
155     0.010552 
156     0.011381 
157     0.011543 
158     0.011680 
159     0.012310 
160     0.012854 
161     0.012986 
162     0.013450 
163     0.012576 
164     0.012139 
165     0.011259 
166     0.010972 
167     0.010267 
168     0.010121 
169     0.010221 
170     0.010498 
171     0.010531 
172     0.010643 
173     0.010102 
174     0.010212 
175     0.010624 
176     0.010402 
177     0.009583 
178     0.010261 
179     0.011010 
180     0.009637 
181     0.009532 
182     0.010362 
183     0.009926 
184     0.009063 
185     0.008753 
186     0.009161 
187     0.009998 
188     0.010736 
189     0.011577 
190     0.011770 
191     0.012150 
192     0.011374 
193     0.011648 
194     0.011566 
195     0.012200 
196     0.012042 
197     0.012327 
198     0.012250 
199     0.011551 
200     0.011692 
201     0.011123 
202     0.011164 
203     0.010792 
204     0.011052 
205     0.010161 
206     0.010352 
207     0.009252 
208     0.009178 
209     0.008985 
210     0.009893 
211     0.011605 
212     0.011117 
213     0.009857 
214     0.009210 
215     0.008945 
216     0.008897 
217     0.009187 
218     0.009412 
219     0.010642 
220     0.010786 
221     0.010300 
222     0.011011 
223     0.011310 
224     0.011421 
225     0.011220 
226     0.011750 
227     0.012237 
228     0.012469 
229     0.013010 
230     0.012672 
231     0.012605 
232     0.011665 
233     0.010482 
234     0.011374 
235     0.010371 
236     0.008820 
237     0.010149 
238     0.013593 
239     0.011410 
240     0.013030 
241     0.017172 
242     0.020611 
243     0.019833 
244     0.024800 
245     0.031041 
246     0.033026 
247     0.037037 
248     0.045402 
249     0.046644 
250     0.039730 
251     0.032890 
252     0.024486 
253     0.024919 
254     0.028718 
255     0.021619 
256     0.014873 
257     0.012387 
258     0.013415 
259     0.010646 
260     0.008989 
261     0.009180 
262     0.009302 
263     0.008754 
264     0.009783 
265     0.010695 
266     0.009571 
267     0.010910 
268     0.012118 
269     0.012227 
270     0.012004 
271     0.011424 
272     0.014516 
273     0.013751 
274     0.014154 
275     0.016314 
276     0.019572 
277     0.019878 
278     0.018080 
279     0.018150 
280     0.019167 
281     0.016026 
282     0.022667 
283     0.023230 
284     0.032917 
285     0.034829 
286     0.022247 
287     0.026978 
288     0.043578 
289     0.064793 
290     0.086347 
291     0.087414 
292     0.071592 
293     0.050803 
294     0.040461 
295     0.034194 
296     0.023269 
297     0.022681 
298     0.017333 
299     0.014750 
300     0.012724 
301     0.014021 
302     0.014363 
303     0.012913 
304     0.009130 
305     0.010226 
306     0.011915 
307     0.010297 
308     0.009881 
309     0.011302 
310     0.012355 
311     0.011534 
312     0.011806 
313     0.012637 
314     0.013192 
315     0.012165 
316     0.012259 
317     0.013437 
318     0.012426 
319     0.011085 
320     0.011235 
321     0.012107 
322     0.007441 
323     0.010659 
324     0.012271 
325     0.013478 
326     0.013151 
327     0.013667 
328     0.016005 
329     0.015705 
330     0.016525 
331     0.015851 
332     0.016698 
333     0.015866 
334     0.014214 
335     0.013365 
336     0.012912 
337     0.012931 
338     0.012177 
339     0.012380 
340     0.011501 
341     0.011823 
342     0.012545 
343     0.013241 
344     0.013331 
345     0.013757 
346     0.014297 
347     0.015703 
348     0.014537 
349     0.014376 
350     0.016096 
351     0.016624 
352     0.015674 
353     0.015168 
354     0.016054 
355     0.016725 
356     0.015751 
357     0.015552 
358     0.016649 
359     0.015854 
360     0.015183 
361     0.014037 
362     0.012960 
363     0.013554 
364     0.012283 
365     0.011731 
366     0.012094 
367     0.011780 
368     0.011830 
369     0.011362 
370     0.010921 
371     0.010640 
372     0.010892 
373     0.010625 
374     0.010280 
375     0.010464 
376     0.010971 
377     0.010555 
378     0.010507 
379     0.011300 
380     0.011665 
381     0.011212 
382     0.011694 
383     0.013024 
384     0.012694 
385     0.012613 
386     0.011597 
387     0.011165 
388     0.010788 
389     0.009867 
390     0.009647 
391     0.008905 
392     0.008447 
393     0.008816 
394     0.009168 
395     0.009533 
396     0.009877 
397     0.012224 
398     0.013269 
399     0.012910 
400     0.013158 
401     0.013770 
402     0.014023 
403     0.012740 
404     0.014003 
405     0.014633 
406     0.014852 
407     0.011699 
408     0.011972 
409     0.011638 
410     0.011790 
411     0.010323 
412     0.010244 
413     0.011552 
414     0.012016 
415     0.010836 
416     0.009999 
417     0.009366 
418     0.008340 
419     0.007981 
420     0.007293 
421     0.006367 
422     0.007041 
423     0.006675 
424     0.007755 
425     0.013739 
426     0.016428 
427     0.023436 
428     0.028825 
429     0.032865 
430     0.040701 
431     0.044791 
432     0.042955 
433     0.036531 
434     0.031327 
435     0.025033 
436     0.020350 
437     0.018837 
438     0.015655 
439     0.015854 
440     0.015075 
441     0.015408 
442     0.015447 
443     0.015843 
444     0.016710 
445     0.015655 
446     0.012975 
447     0.014726 
448     0.015862 
449     0.017726 
450     0.018103 
451     0.017327 
452     0.016797 
453     0.016835 
454     0.015295 
455     0.015245 
456     0.015951 
457     0.014586 
458     0.016309 
459     0.015259 
460     0.020285 
461     0.023189 
462     0.026335 
463     0.034692 
464     0.042308 
465     0.043551 
466     0.044085 
467     0.037515 
468     0.029919 
469     0.033292 
470     0.030512 
471     0.024684 
472     0.020182 
473     0.015249 
474     0.011935 
475     0.008034 
476     0.007229 
477     0.006083 
478     0.007855 
479     0.007980 
480     0.008805 
481     0.009523 
482     0.009613 
483     0.009616 
484     0.009681 
485     0.007688 
486     0.007305 
487     0.008004 
488     0.011219 
489     0.015898 
490     0.022229 
491     0.023693 
492     0.029923 
493     0.031608 
494     0.025692 
495     0.021629 
496     0.015673 
497     0.015403 
498     0.012691 
499     0.010805 
500     0.013899 
501     0.013134 
502     0.015312 
503     0.014949 
504     0.012558 
505     0.011149 
506     0.010653 
507     0.011220 
508     0.012929 
509     0.014282 
510     0.014777 
511     0.013181 
512     0.012684 
513     0.014649 
514     0.015285 
515     0.013569 
516     0.014189 
517     0.016949 
518     0.015407 
519     0.014661 
520     0.014108 
521     0.014216 
522     0.010008 
523     0.012356 
524     0.011111 
525     0.015764 
526     0.018665 
527     0.032935 
528     0.036600 
529     0.035892 
530     0.037224 
531     0.045572 
532     0.042719 
533     0.041059 
534     0.040353 
535     0.041731 
536     0.038448 
537     0.037083 
538     0.034182 
539     0.034545 
540     0.031697 
541     0.027754 
542     0.025601 
543     0.025356 
544     0.021791 
545     0.015312 
546     0.014849 
547     0.016921 
548     0.009033 
549     0.003919 
550     0.013877 
551     0.016195 
552     0.013064 
553     0.020418 
554     0.028859 
555     0.041661 
556     0.035533 
557     0.026938 
558     0.032177 
559     0.038768 
560     0.036027 
561     0.024916 
562     0.025940 
563     0.034672 
564     0.032425 
565     0.023721 
566     0.027473 
567     0.035577 
568     0.032753 
569     0.028805 
570     0.034245 
571     0.039389 
572     0.037001 
573     0.035905 
574     0.040838 
575     0.042438 
576     0.040123 
577     0.040932 
578     0.046025 
579     0.045527 
580     0.046606 
581     0.044707 
582     0.048987 
583     0.045471 
584     0.042003 
585     0.043675 
586     0.044029 
587     0.039635 
588     0.034953 
589     0.035435 
590     0.034698 
591     0.027653 
592     0.023244 
593     0.024946 
594     0.021829 
595     0.013323 
596     0.009691 
597     0.010296 
598     0.006403 
599     0.013465 
600     0.018409 
601     0.028342 
602     0.030871 
603     0.048862 
604     0.068153 
605     0.119725 
606     0.008658 
607     0.009592 
608     0.013739 
609     0.017623 
610     0.017246 
611     0.012108 
612     0.018269 
613     0.021617 
614     0.016553 
615     0.020192 
616     0.027031 
617     0.028910 
618     0.032832 
619     0.025530 
620     0.022970 
621     0.031615 
622     0.033241 
623     0.030269 
624     0.035643 
625     0.035921 
626     0.028718 
627     0.030829 
628     0.036164 
629     0.030698 
630     0.025138 
631     0.032961 
632     0.036170 
633     0.027833 
634     0.023000 
635     0.030288 
636     0.022108 
637     0.015926 
638     0.025936 
639     0.029080 
640     0.040069 
641     0.036037 
642     0.032110 
643     0.035498 
644     0.037579 
645     0.028110 
646     0.028033 
647     0.017894 
648     0.014953 
649     0.022066 
650     0.016887 
651     0.008253 
652     0.014181 
653     0.010584 
654     0.006302 
655     0.009506 
656     0.009570 
657     0.006220 
658     0.007600 
659     0.012052 
660     0.006467 
661     0.006230 
662     0.012010 
663     0.013789 
664     0.006921 
665     0.006752 
666     0.006419 
667     0.005501 
668     0.006977 
669     0.005883 
670     0.006383 
671     0.006375 
672     0.010076 
673     0.008824 
674     0.008032 
675     0.009771 
676     0.011206 
677     0.008940 
678     0.008060 
679     0.005745 
680     0.004359 
681     0.005878 
682     0.005148 
683     0.004604 
684     0.005405 
685     0.005479 
686     0.004768 
687     0.004903 
688     0.004447 
689     0.003495 
690     0.003131 
691     0.003234 
692     0.006214 
693     0.005775 
694     0.008660 
695     0.007184 
696     0.006120 
697     0.006660 
698     0.007011 
699     0.005795 
700     0.005506 
701     0.006608 
702     0.006113 
703     0.004976 
704     0.004493 
705     0.004103 
706     0.004912 
707     0.004898 
708     0.005413 
709     0.005231 
710     0.004009 
711     0.005597 
712     0.006237 
713     0.007486 
714     0.006821 
715     0.006007 
716     0.004626 
717     0.005054 
718     0.005136 
719     0.008139 
720     0.011592 
721     0.020584 
722     0.016283 
723     0.021626 
724     0.017607 
725     0.022763 
726     0.013393 
727     0.018640 
728     0.010733 
729     0.013425 
730     0.012845 
731     0.005811 
732     0.010433 
733     0.017911 
734     0.023033 
735     0.035276 
736     0.035429 
737     0.031279 
738     0.044586 
739     0.032014 
740     0.036983 
741     0.018009 
742     0.024345 
743     0.010203 
744     0.015022 
745     0.004285 
746     0.005449 
747     0.008403 
748     0.007606 
749     0.009348 
750     0.011862 
751     0.012061 
752     0.009376 
753     0.008035 
754     0.006017 
755     0.005059 
756     0.007277 
757     0.008517 
758     0.011501 
759     0.013087 
760     0.013606 
761     0.010625 
762     0.007632 
763     0.005580 
764     0.004498 
765     0.002515 
766     0.001379 
767     0.001371 
768     0.003671 
769     0.002574 
770     0.002353 
771     0.001676 
772     0.002074 
773     0.000957 
774     0.003371 
775     0.006943 
776     0.012453 
777     0.010475 
778     0.020063 
779     0.018305 
780     0.031566 
781     0.036660 
782     0.026586 
783     0.019150 
784     0.010740 
785     0.008726 
786     0.006103 
787     0.003430 
788     0.004458 
789     0.006966 
790     0.006997 
791     0.006152 
792     0.006614 
793     0.003078 
794     0.003228 
795     0.001524 
796     0.002487 
797     0.004159 
798     0.006039 
799     0.007694 
800     0.010440 
801     0.010963 
802     0.011909 
803     0.014454 
804     0.015222 
805     0.011949 
806     0.012611 
807     0.009445 
808     0.008235 
809     0.007133 
810     0.008519 
811     0.012830 
812     0.015012 
813     0.018318 
814     0.029079 
815     0.026683 
816     0.041556 
817     0.035101 
818     0.046000 
819     0.042686 
820     0.052516 
821     0.042160 
822     0.057506 
823     0.052711 
824     0.046732 
825     0.046715 
826     0.056160 
827     0.056440 
828     0.058629 
829     0.052221 
830     0.060621 
831     0.050908 
832     0.041213 
833     0.034459 
834     0.034442 
835     0.027106 
836     0.022298 
837     0.014172 
838     0.007519 
839     0.006083 
840     0.004254 
841     0.004945 
842     0.005072 
843     0.005323 
844     0.005528 
845     0.008378 
846     0.012795 
847     0.014933 
848     0.023524 
849     0.020041 
850     0.027648 
851     0.022311 
852     0.032670 
853     0.031055 
854     0.036162 
855     0.035502 
856     0.031682 
857     0.033369 
858     0.028687 
859     0.043876 
860     0.041392 
861     0.034972 
862     0.042118 
863     0.040475 
864     0.056757 
865     0.059197 
866     0.044819 
867     0.038873 
868     0.029621 
869     0.042029 
870     0.046820 
871     0.047769 
872     0.043018 
873     0.043608 
874     0.040695 
875     0.036090 
876     0.026737 
877     0.028847 
878     0.031967 
879     0.029061 
880     0.023812 
881     0.028757 
882     0.033686 
883     0.035735 
884     0.037459 
885     0.035408 
886     0.028566 
887     0.032781 
888     0.022585 
889     0.011059 
890     0.009343 
891     0.015022 
892     0.026530 
893     0.022410 
894     0.009458 
895     0.021545 
896     0.025440 
897     0.039203 
898     0.035852 
899     0.034642 
900     0.032822 
901     0.028799 
902     0.029517 
903     0.025640 
904     0.028582 
905     0.033486 
906     0.034959 
907     0.039185 
908     0.041379 
909     0.032966 
910     0.021907 
911     0.020210 
912     0.028428 
913     0.017190 
914     0.016824 
915     0.027193 
916     0.044237 
917     0.061164 
918     0.080612 
919     0.102682 
920     0.108357 
921     0.078438 
922     0.073688 
923     0.046753 
924     0.041495 
925     0.028465 
926     0.021000 
927     0.037549 
928     0.039346 
929     0.042128 
930     0.039394 
931     0.038534 
932     0.031938 
933     0.035822 
934     0.032463 
935     0.041704 
936     0.039461 
937     0.050693 
938     0.052356 
939     0.060430 
940     0.058904 
941     0.050603 
942     0.043680 
943     0.045222 
944     0.044324 
945     0.034369 
946     0.030092 
947     0.034070 
948     0.032423 
949     0.020481 
950     0.021154 
951     0.029030 
952     0.026651 
953     0.023111 
954     0.028764 
955     0.026052 
956     0.030569 
957     0.037066 
958     0.042845 
959     0.045566 
960     0.034320 
961     0.023125 
962     0.025473 
963     0.025790 
964     0.014240 
965     0.023652 
966     0.033085 
967     0.046364 
968     0.061249 
969     0.063085 
970     0.050619 
971     0.034160 
972     0.026261 
973     0.017393 
974     0.026508 
975     0.045503 
976     0.058731 
977     0.067783 
978     0.068137 
979     0.074578 
980     0.049941 
981     0.032661 
982     0.002680 
983     0.001175 
984     0.004560 
985     0.005664 
986     0.006231 
987     0.004824 
988     0.007622 
989     0.007143 
990     0.004002 
991     0.006281 
992     0.008051 
993     0.011018 
994     0.013167 
995     0.013400 
996     0.015370 
997     0.015976 
998     0.017016 
999     0.014660 
1000     0.017362 
1001     0.015553 
1002     0.011835 
1003     0.013224 
1004     0.013591 
1005     0.010097 
1006     0.008762 
1007     0.010271 
1008     0.008702 
1009     0.006555 
1010     0.007389 
1011     0.008384 
1012     0.007199 
1013     0.007195 
1014     0.008200 
1015     0.008088 
1016     0.009317 
1017     0.010156 
1018     0.010044 
1019     0.008863 
1020     0.010121 
1021     0.008970 
1022     0.007153 
1023     0.006723 
1024     0.007438 
1025     0.006907 
1026     0.005535 
1027     0.005626 
1028     0.006244 
1029     0.005319 
1030     0.003240 
1031     0.004253 
1032     0.005442 
1033     0.003461 
1034     0.003675 
1035     0.006519 
1036     0.005761 
1037     0.005148 
1038     0.008332 
1039     0.011051 
1040     0.010345 
1041     0.014622 
1042     0.011280 
1043     0.007329 
1044     0.010716 
1045     0.014900 
1046     0.012104 
1047     0.013353 
1048     0.018023 
1049     0.020270 
1050     0.018925 
1051     0.023783 
1052     0.025034 
1053     0.018960 
1054     0.017337 
1055     0.014005 
1056     0.008980 
1057     0.010121 
1058     0.009264 
1059     0.006169 
1060     0.007890 
1061     0.008065 
1062     0.007265 
1063     0.005887 
1064     0.005229 
1065     0.007505 
1066     0.006862 
1067     0.008988 
1068     0.007925 
1069     0.006302 
1070     0.005282 
1071     0.002474 
1072     0.003797 
1073     0.006683 
1074     0.008925 
1075     0.007454 
1076     0.009472 
1077     0.011281 
1078     0.009315 
1079     0.004747 
1080     0.004902 
1081     0.002179 
1082     0.002988 
1083     0.002473 
1084     0.003559 
1085     0.004230 
1086     0.003078 
1087     0.005727 
1088     0.007378 
1089     0.009838 
1090     0.009607 
1091     0.006692 
1092     0.007535 
1093     0.008508 
1094     0.010299 
1095     0.010925 
1096     0.009258 
1097     0.009936 
1098     0.014411 
1099     0.016794 
1100     0.026393 
1101     0.036079 
1102     0.047039 
1103     0.068638 
1104     0.071124 
1105     0.077237 
1106     0.068047 
1107     0.075854 
1108     0.076892 
1109     0.062525 
1110     0.063840 
1111     0.074015 
1112     0.069301 
1113     0.078244 
1114     0.074558 
1115     0.070154 
1116     0.064478 
1117     0.053211 
1118     0.049954 
1119     0.037368 
1120     0.028421 
1121     0.017010 
1122     0.018164 
1123     0.015232 
1124     0.013351 
1125     0.016472 
1126     0.018221 
1127     0.019627 
1128     0.016912 
1129     0.012859 
1130     0.010425 
1131     0.012362 
1132     0.016516 
1133     0.018256 
1134     0.023600 
1135     0.024978 
1136     0.025535 
1137     0.021617 
1138     0.016336 
1139     0.012979 
1140     0.013745 
1141     0.012497 
1142     0.009269 
1143     0.014064 
1144     0.010189 
1145     0.012877 
1146     0.016209 
1147     0.011019 
1148     0.011217 
1149     0.009229 
1150     0.015532 
1151     0.019281 
1152     0.030339 
1153     0.049297 
1154     0.055571 
1155     0.074466 
1156     0.077903 
1157     0.070725 
1158     0.063807 
1159     0.048041 
1160     0.044096 
1161     0.032729 
1162     0.029731 
1163     0.021921 
1164     0.013825 
1165     0.014381 
1166     0.008444 
1167     0.008091 
1168     0.014796 
1169     0.014424 
1170     0.007297 
1171     0.003099 
1172     0.003461 
1173     0.007010 
1174     0.013671 
1175     0.018173 
1176     0.022966 
1177     0.023118 
1178     0.024122 
1179     0.028981 
1180     0.027781 
1181     0.024717 
1182     0.026634 
1183     0.020978 
1184     0.020621 
1185     0.018112 
1186     0.020043 
1187     0.023417 
1188     0.021851 
1189     0.015700 
1190     0.026872 
1191     0.028093 
1192     0.044300 
1193     0.047905 
1194     0.062650 
1195     0.056250 
1196     0.063032 
1197     0.059190 
1198     0.055358 
1199     0.059729 
1200     0.048531 
1201     0.044489 
1202     0.036768 
1203     0.035668 
1204     0.027823 
1205     0.029472 
1206     0.024222 
1207     0.033353 
1208     0.029443 
1209     0.030008 
1210     0.017893 
1211     0.013452 
1212     0.015355 
1213     0.012105 
1214     0.012260 
1215     0.010787 
1216     0.011199 
1217     0.008094 
1218     0.008453 
1219     0.009769 
1220     0.008873 
1221     0.010029 
1222     0.012779 
1223     0.013837 
1224     0.015540 
1225     0.018275 
1226     0.020602 
1227     0.028061 
1228     0.028280 
1229     0.039894 
1230     0.049843 
1231     0.058189 
1232     0.071777 
1233     0.076072 
1234     0.080764 
1235     0.096162 
1236     0.075215 
1237     0.068443 
1238     0.064418 
1239     0.053368 
1240     0.044965 
1241     0.030736 
1242     0.032930 
1243     0.035874 
1244     0.048048 
1245     0.051893 
1246     0.054898 
1247     0.041894 
1248     0.027969 
1249     0.021207 
1250     0.012539 
1251     0.008061 
1252     0.017142 
1253     0.017901 
1254     0.012151 
1255     0.017263 
1256     0.027265 
1257     0.025681 
1258     0.016736 
1259     0.018790 
1260     0.016981 
1261     0.012992 
1262     0.032248 
1263     0.051551 
1264     0.075657 
1265     0.070723 
1266     0.076102 
1267     0.077186 
1268     0.099309 
1269     0.082194 
1270     0.060575 
1271     0.039681 
1272     0.035990 
1273     0.027632 
1274     0.012572 
1275     0.015467 
1276     0.023273 
1277     0.025029 
1278     0.015975 
1279     0.028521 
1280     0.036162 
1281     0.040834 
1282     0.031931 
1283     0.029951 
1284     0.018466 
1285     0.022113 
1286     0.025689 
1287     0.021625 
1288     0.035619 
1289     0.044635 
1290     0.041473 
1291     0.044532 
1292     0.044281 
1293     0.037651 
1294     0.039492 
1295     0.034084 
1296     0.046853 
1297     0.046038 
1298     0.034533 
1299     0.032667 
1300     0.026610 
1301     0.026268 
1302     0.037982 
1303     0.039768 
1304     0.038168 
1305     0.035215 
1306     0.026424 
1307     0.031674 
1308     0.026470 
1309     0.016889 
1310     0.015362 
1311     0.009379 
1312     0.014713 
1313     0.012394 
1314     0.010368 
1315     0.015994 
1316     0.023949 
1317     0.031739 
1318     0.024527 
1319     0.024965 
1320     0.036446 
1321     0.036176 
1322     0.031043 
1323     0.038627 
1324     0.046308 
1325     0.042482 
1326     0.040693 
1327     0.053667 
1328     0.050281 
1329     0.048953 
1330     0.052876 
1331     0.055521 
1332     0.049989 
1333     0.044439 
1334     0.039466 
1335     0.025673 
1336     0.004810 
1337     0.016961 
1338     0.029062 
1339     0.030943 
1340     0.022782 
1341     0.023796 
1342     0.022467 
1343     0.031493 
1344     0.049535 
1345     0.048698 
1346     0.034489 
1347     0.013840 
1348     0.007526 
1349     0.015456 
1350     0.036324 
1351     0.043478 
1352     0.048706 
1353     0.047208 
1354     0.044412 
1355     0.056032 
1356     0.041330 
1357     0.064285 
