  1     0.046152 
  2     0.041070 
  3     0.033711 
  4     0.026174 
  5     0.023698 
  6     0.018790 
  7     0.017143 
  8     0.012223 
  9     0.009652 
 10     0.007370 
 11     0.004857 
 12     0.006895 
 13     0.008865 
 14     0.009503 
 15     0.012892 
 16     0.016645 
 17     0.017580 
 18     0.032605 
 19     0.027654 
 20     0.214283 
 21     0.424319 
 22     0.476201 
 23     0.211310 
 24     0.071345 
 25     0.017185 
 26     0.018084 
 27     0.020138 
 28     0.019980 
 29     0.019044 
 30     0.022646 
 31     0.022294 
 32     0.020551 
 33     0.017578 
 34     0.016813 
 35     0.013397 
 36     0.012245 
 37     0.010593 
 38     0.007509 
 39     0.008612 
 40     0.007995 
 41     0.010405 
 42     0.008032 
 43     0.009986 
 44     0.008099 
 45     0.008917 
 46     0.008810 
 47     0.007501 
 48     0.008376 
 49     0.011611 
 50     0.011383 
 51     0.013057 
 52     0.016965 
 53     0.018149 
 54     0.014213 
 55     0.015426 
 56     0.020168 
 57     0.020695 
 58     0.017969 
 59     0.023058 
 60     0.024128 
 61     0.017251 
 62     0.017469 
 63     0.014089 
 64     0.009554 
 65     0.010903 
 66     0.008322 
 67     0.008099 
 68     0.005680 
 69     0.005639 
 70     0.005824 
 71     0.007607 
 72     0.011144 
 73     0.011326 
 74     0.015252 
 75     0.017568 
 76     0.022468 
 77     0.024713 
 78     0.027345 
 79     0.023271 
 80     0.024872 
 81     0.020492 
 82     0.019066 
 83     0.023231 
 84     0.023177 
 85     0.016721 
 86     0.019547 
 87     0.022769 
 88     0.018264 
 89     0.016750 
 90     0.017006 
 91     0.015004 
 92     0.016230 
 93     0.017518 
 94     0.024568 
 95     0.029967 
 96     0.029315 
 97     0.042492 
 98     0.032890 
 99     0.029353 
100     0.025033 
101     0.020247 
102     0.017208 
103     0.013809 
104     0.014408 
105     0.008664 
106     0.010542 
107     0.020189 
108     0.017766 
109     0.019537 
110     0.014036 
111     0.013828 
112     0.010200 
113     0.011518 
114     0.009376 
115     0.005838 
116     0.007881 
117     0.010639 
118     0.008401 
119     0.010172 
120     0.013723 
121     0.015589 
122     0.015205 
123     0.016289 
124     0.020846 
125     0.024134 
126     0.022744 
127     0.025999 
128     0.031996 
129     0.034289 
130     0.035645 
131     0.038155 
132     0.041478 
133     0.040075 
134     0.036908 
135     0.031043 
136     0.030586 
137     0.027133 
138     0.021324 
139     0.017273 
140     0.014544 
141     0.011675 
142     0.009876 
143     0.008566 
144     0.010380 
145     0.010916 
146     0.010069 
147     0.012646 
148     0.011853 
149     0.013859 
150     0.013114 
151     0.012789 
152     0.015170 
153     0.014440 
154     0.012675 
155     0.016041 
156     0.018566 
157     0.014776 
158     0.016809 
159     0.020963 
160     0.016028 
161     0.015815 
162     0.021876 
163     0.023885 
164     0.026126 
165     0.022946 
166     0.020106 
167     0.015673 
168     0.013977 
169     0.011448 
170     0.011337 
171     0.009639 
172     0.010655 
173     0.012275 
174     0.011970 
175     0.012480 
176     0.015496 
177     0.014975 
178     0.016074 
179     0.017847 
180     0.022195 
181     0.026502 
182     0.035033 
183     0.037315 
184     0.040349 
185     0.038931 
186     0.038567 
187     0.039551 
188     0.037291 
189     0.028625 
190     0.022932 
191     0.018278 
192     0.013390 
193     0.009936 
194     0.007090 
195     0.004629 
196     0.005225 
197     0.005703 
198     0.005079 
199     0.003963 
200     0.004940 
201     0.008394 
202     0.011954 
203     0.014825 
204     0.019808 
205     0.019212 
206     0.024259 
207     0.023221 
208     0.032184 
209     0.031262 
210     0.024488 
211     0.024405 
212     0.024064 
213     0.022095 
214     0.025884 
215     0.024105 
216     0.020097 
217     0.019117 
218     0.017185 
219     0.021393 
220     0.018318 
221     0.015298 
222     0.013925 
223     0.009902 
224     0.007848 
225     0.006403 
226     0.009099 
227     0.005461 
228     0.005709 
229     0.008611 
230     0.010600 
231     0.010632 
232     0.010212 
233     0.012512 
234     0.013013 
235     0.009362 
236     0.010013 
237     0.012198 
238     0.010260 
239     0.007656 
240     0.006664 
241     0.011280 
242     0.011325 
243     0.010139 
244     0.010772 
245     0.017922 
246     0.020116 
247     0.023025 
248     0.025785 
249     0.029194 
250     0.024056 
251     0.023451 
252     0.017815 
253     0.024491 
254     0.028088 
255     0.023071 
256     0.024454 
257     0.023335 
258     0.018949 
259     0.020834 
260     0.022737 
261     0.020695 
262     0.016191 
263     0.017410 
264     0.019192 
265     0.015598 
266     0.012974 
267     0.013802 
268     0.015437 
269     0.011145 
270     0.010326 
271     0.012718 
272     0.012936 
273     0.009717 
274     0.011082 
275     0.016081 
276     0.009817 
277     0.008265 
278     0.005624 
279     0.003923 
280     0.004297 
281     0.005616 
282     0.006287 
283     0.006354 
284     0.017138 
285     0.010494 
286     0.013344 
287     0.027345 
288     0.053844 
289     0.083080 
290     0.097308 
291     0.104148 
292     0.055209 
293     0.018619 
294     0.025872 
295     0.016561 
296     0.004701 
297     0.005998 
298     0.002702 
299     0.002488 
300     0.001741 
301     0.004873 
302     0.007340 
303     0.006924 
304     0.004766 
305     0.006030 
306     0.006581 
307     0.004663 
308     0.005419 
309     0.005222 
310     0.004320 
311     0.006747 
312     0.005833 
313     0.006051 
314     0.008606 
315     0.009986 
316     0.008849 
317     0.012589 
318     0.015396 
319     0.014455 
320     0.014912 
321     0.020637 
322     0.018880 
323     0.018692 
324     0.024368 
325     0.029105 
326     0.025855 
327     0.027350 
328     0.036313 
329     0.036322 
330     0.034592 
331     0.029012 
332     0.033448 
333     0.035770 
334     0.030914 
335     0.032898 
336     0.026156 
337     0.019735 
338     0.016287 
339     0.011669 
340     0.009790 
341     0.008042 
342     0.009477 
343     0.007767 
344     0.008345 
345     0.009075 
346     0.006546 
347     0.007409 
348     0.004874 
349     0.004773 
350     0.008915 
351     0.008256 
352     0.007740 
353     0.011629 
354     0.014318 
355     0.013229 
356     0.016649 
357     0.019975 
358     0.020370 
359     0.021006 
360     0.019338 
361     0.017779 
362     0.020733 
363     0.020562 
364     0.021237 
365     0.016705 
366     0.016529 
367     0.012528 
368     0.011376 
369     0.013858 
370     0.013389 
371     0.011819 
372     0.014499 
373     0.015755 
374     0.013828 
375     0.014873 
376     0.013626 
377     0.005630 
378     0.014527 
379     0.017121 
380     0.013897 
381     0.017392 
382     0.018223 
383     0.020833 
384     0.020044 
385     0.016093 
386     0.018419 
387     0.018977 
388     0.020992 
389     0.021535 
390     0.020909 
391     0.017560 
392     0.015606 
393     0.013213 
394     0.012519 
395     0.010328 
396     0.013858 
397     0.013505 
398     0.013921 
399     0.011567 
400     0.014155 
401     0.017473 
402     0.021917 
403     0.028479 
404     0.032858 
405     0.035513 
406     0.029175 
407     0.025950 
408     0.020092 
409     0.016164 
410     0.013650 
411     0.011242 
412     0.009485 
413     0.012309 
414     0.014197 
415     0.015161 
416     0.012221 
417     0.012035 
418     0.009726 
419     0.008330 
420     0.006648 
421     0.004018 
422     0.007309 
423     0.011761 
424     0.022707 
425     0.046579 
426     0.059098 
427     0.065009 
428     0.062252 
429     0.065718 
430     0.066818 
431     0.054348 
432     0.051065 
433     0.058516 
434     0.060696 
435     0.064912 
436     0.059830 
437     0.044854 
438     0.026871 
439     0.016878 
440     0.011841 
441     0.013026 
442     0.014434 
443     0.017315 
444     0.019496 
445     0.021544 
446     0.020208 
447     0.025110 
448     0.023249 
449     0.029482 
450     0.029067 
451     0.021766 
452     0.015921 
453     0.014353 
454     0.013255 
455     0.015617 
456     0.019101 
457     0.032830 
458     0.045989 
459     0.052414 
460     0.062038 
461     0.061015 
462     0.055913 
463     0.049007 
464     0.042303 
465     0.040528 
466     0.044739 
467     0.055252 
468     0.058934 
469     0.047057 
470     0.049647 
471     0.060121 
472     0.055009 
473     0.050967 
474     0.045664 
475     0.031263 
476     0.009622 
477     0.004223 
478     0.007625 
479     0.007585 
480     0.010025 
481     0.011837 
482     0.010871 
483     0.009561 
484     0.005065 
485     0.010794 
486     0.020308 
487     0.035149 
488     0.043146 
489     0.054116 
490     0.060420 
491     0.063262 
492     0.079072 
493     0.081213 
494     0.066871 
495     0.068179 
496     0.060024 
497     0.055004 
498     0.055823 
499     0.047274 
500     0.048915 
501     0.035125 
502     0.024000 
503     0.016234 
504     0.024781 
505     0.021166 
506     0.023215 
507     0.030420 
508     0.039510 
509     0.042766 
510     0.038260 
511     0.030868 
512     0.020574 
513     0.024546 
514     0.021708 
515     0.014210 
516     0.013023 
517     0.009663 
518     0.007578 
519     0.004088 
520     0.006835 
521     0.006387 
522     0.008367 
523     0.008321 
524     0.011158 
525     0.008724 
526     0.006891 
527     0.007098 
528     0.006914 
529     0.001832 
530     0.007476 
531     0.010321 
532     0.006316 
533     0.014230 
534     0.019105 
535     0.013353 
536     0.013730 
537     0.022098 
538     0.018684 
539     0.012599 
540     0.016543 
541     0.019235 
542     0.011961 
543     0.011152 
544     0.012835 
545     0.008696 
546     0.004116 
547     0.005742 
548     0.002608 
549     0.002539 
550     0.003437 
551     0.007333 
552     0.007537 
553     0.005738 
554     0.007534 
555     0.007604 
556     0.004801 
557     0.004386 
558     0.006411 
559     0.008668 
560     0.008438 
561     0.005831 
562     0.005353 
563     0.005234 
564     0.005029 
565     0.003643 
566     0.002475 
567     0.003612 
568     0.002865 
569     0.004219 
570     0.008090 
571     0.007687 
572     0.004794 
573     0.010646 
574     0.014395 
575     0.009866 
576     0.010362 
577     0.018479 
578     0.018271 
579     0.011585 
580     0.008009 
581     0.002331 
582     0.009280 
583     0.007742 
584     0.001391 
585     0.008007 
586     0.009689 
587     0.003832 
588     0.006508 
589     0.010076 
590     0.005396 
591     0.004047 
592     0.008607 
593     0.004906 
594     0.003381 
595     0.004767 
596     0.004514 
597     0.005533 
598     0.002928 
599     0.006292 
600     0.011886 
601     0.003934 
602     0.007631 
603     0.017990 
604     0.038493 
605     0.050280 
606     0.002644 
607     0.003116 
608     0.004258 
609     0.003705 
610     0.002945 
611     0.002012 
612     0.001836 
613     0.002527 
614     0.002401 
615     0.001559 
616     0.001803 
617     0.001855 
618     0.002775 
619     0.002409 
620     0.001941 
621     0.002120 
622     0.001758 
623     0.001106 
624     0.001077 
625     0.000865 
626     0.000511 
627     0.000322 
628     0.000454 
629     0.000754 
630     0.001007 
631     0.001114 
632     0.001379 
633     0.001347 
634     0.001656 
635     0.001073 
636     0.000689 
637     0.000580 
638     0.001722 
639     0.002665 
640     0.004898 
641     0.004424 
642     0.003923 
643     0.003821 
644     0.004258 
645     0.002249 
646     0.000683 
647     0.001154 
648     0.000622 
649     0.002197 
650     0.002970 
651     0.002399 
652     0.002670 
653     0.002898 
654     0.002748 
655     0.002234 
656     0.001876 
657     0.001714 
658     0.001420 
659     0.000874 
660     0.000602 
661     0.000345 
662     0.000337 
663     0.000336 
664     0.000591 
665     0.001051 
666     0.001315 
667     0.001116 
668     0.000792 
669     0.001353 
670     0.001624 
671     0.001567 
672     0.001676 
673     0.002264 
674     0.002298 
675     0.002731 
676     0.002966 
677     0.002133 
678     0.001829 
679     0.001348 
680     0.001239 
681     0.001567 
682     0.001414 
683     0.001149 
684     0.001230 
685     0.001184 
686     0.001109 
687     0.001085 
688     0.001161 
689     0.001151 
690     0.001087 
691     0.001340 
692     0.001577 
693     0.001647 
694     0.001769 
695     0.001621 
696     0.001852 
697     0.002060 
698     0.001985 
699     0.002084 
700     0.001452 
701     0.001517 
702     0.001581 
703     0.001505 
704     0.001345 
705     0.001140 
706     0.001251 
707     0.001134 
708     0.001024 
709     0.001024 
710     0.000921 
711     0.000960 
712     0.000987 
713     0.001035 
714     0.001027 
715     0.001096 
716     0.001130 
717     0.001034 
718     0.000956 
719     0.000829 
720     0.000992 
721     0.001353 
722     0.000805 
723     0.000934 
724     0.002090 
725     0.003793 
726     0.003260 
727     0.002543 
728     0.003516 
729     0.003364 
730     0.002875 
731     0.003782 
732     0.003733 
733     0.003241 
734     0.003468 
735     0.004449 
736     0.003846 
737     0.005128 
738     0.006878 
739     0.009875 
740     0.013717 
741     0.008773 
742     0.010148 
743     0.004878 
744     0.004826 
745     0.001176 
746     0.000581 
747     0.000618 
748     0.001095 
749     0.001235 
750     0.001584 
751     0.002349 
752     0.001875 
753     0.001470 
754     0.001122 
755     0.001161 
756     0.001548 
757     0.002076 
758     0.002721 
759     0.003015 
760     0.003485 
761     0.002796 
762     0.002051 
763     0.001722 
764     0.001852 
765     0.001392 
766     0.001180 
767     0.001127 
768     0.001165 
769     0.000861 
770     0.000802 
771     0.000906 
772     0.000781 
773     0.000739 
774     0.000940 
775     0.001016 
776     0.001150 
777     0.001748 
778     0.002091 
779     0.002803 
780     0.001575 
781     0.001678 
782     0.002712 
783     0.000701 
784     0.001268 
785     0.000668 
786     0.001093 
787     0.001408 
788     0.001289 
789     0.001843 
790     0.001902 
791     0.001615 
792     0.001588 
793     0.001194 
794     0.000920 
795     0.000884 
796     0.001171 
797     0.001607 
798     0.001932 
799     0.002625 
800     0.002913 
801     0.002566 
802     0.002324 
803     0.002713 
804     0.001893 
805     0.001549 
806     0.002184 
807     0.001998 
808     0.001663 
809     0.001187 
810     0.001260 
811     0.001504 
812     0.003637 
813     0.003742 
814     0.010515 
815     0.011163 
816     0.017196 
817     0.011668 
818     0.012433 
819     0.008170 
820     0.005195 
821     0.003214 
822     0.002509 
823     0.002764 
824     0.002712 
825     0.002529 
826     0.002754 
827     0.003170 
828     0.003145 
829     0.002888 
830     0.004318 
831     0.004133 
832     0.003366 
833     0.002712 
834     0.002039 
835     0.000983 
836     0.001409 
837     0.000652 
838     0.000704 
839     0.000911 
840     0.000925 
841     0.000953 
842     0.001046 
843     0.001045 
844     0.001096 
845     0.001088 
846     0.000736 
847     0.000625 
848     0.001174 
849     0.001233 
850     0.001833 
851     0.001106 
852     0.001505 
853     0.001370 
854     0.003048 
855     0.003465 
856     0.002918 
857     0.003261 
858     0.003812 
859     0.005932 
860     0.004359 
861     0.002403 
862     0.002048 
863     0.001098 
864     0.001735 
865     0.002452 
866     0.001073 
867     0.001294 
868     0.000813 
869     0.000743 
870     0.002156 
871     0.001959 
872     0.001368 
873     0.001930 
874     0.001418 
875     0.001526 
876     0.002050 
877     0.002308 
878     0.002565 
879     0.002724 
880     0.003822 
881     0.004367 
882     0.004819 
883     0.004586 
884     0.005363 
885     0.004072 
886     0.005267 
887     0.003953 
888     0.005792 
889     0.005324 
890     0.004648 
891     0.007122 
892     0.009536 
893     0.008379 
894     0.007863 
895     0.007854 
896     0.006690 
897     0.006223 
898     0.005017 
899     0.006412 
900     0.006675 
901     0.005415 
902     0.003751 
903     0.004070 
904     0.003928 
905     0.004179 
906     0.003476 
907     0.002270 
908     0.002255 
909     0.004517 
910     0.005818 
911     0.006780 
912     0.006982 
913     0.005672 
914     0.003166 
915     0.002322 
916     0.003021 
917     0.002051 
918     0.002442 
919     0.002160 
920     0.004001 
921     0.003600 
922     0.004364 
923     0.003995 
924     0.003143 
925     0.003736 
926     0.003007 
927     0.001411 
928     0.000632 
929     0.001550 
930     0.001623 
931     0.002680 
932     0.002439 
933     0.001969 
934     0.001934 
935     0.003154 
936     0.003621 
937     0.004320 
938     0.003016 
939     0.002414 
940     0.002289 
941     0.002464 
942     0.002364 
943     0.002568 
944     0.002867 
945     0.002687 
946     0.002273 
947     0.003488 
948     0.003580 
949     0.003338 
950     0.003112 
951     0.004373 
952     0.004691 
953     0.004239 
954     0.004143 
955     0.003742 
956     0.004219 
957     0.004437 
958     0.004607 
959     0.005326 
960     0.006604 
961     0.006808 
962     0.005406 
963     0.004249 
964     0.002609 
965     0.002962 
966     0.003057 
967     0.005857 
968     0.007170 
969     0.004290 
970     0.003175 
971     0.003975 
972     0.005015 
973     0.005334 
974     0.008443 
975     0.008356 
976     0.006200 
977     0.004330 
978     0.003026 
979     0.004972 
980     0.005750 
981     0.007117 
982     0.006562 
983     0.015569 
984     0.025635 
985     0.030020 
986     0.025272 
987     0.018259 
988     0.019268 
989     0.023836 
990     0.021758 
991     0.018981 
992     0.022284 
993     0.020428 
994     0.023498 
995     0.018167 
996     0.013901 
997     0.023338 
998     0.020908 
999     0.020425 
1000     0.019569 
1001     0.019618 
1002     0.019392 
1003     0.018996 
1004     0.020981 
1005     0.020172 
1006     0.018789 
1007     0.019918 
1008     0.019225 
1009     0.019034 
1010     0.016622 
1011     0.016865 
1012     0.016457 
1013     0.014717 
1014     0.015666 
1015     0.014542 
1016     0.016228 
1017     0.017940 
1018     0.015356 
1019     0.014623 
1020     0.014498 
1021     0.014697 
1022     0.014524 
1023     0.014670 
1024     0.014133 
1025     0.013376 
1026     0.013121 
1027     0.014159 
1028     0.012617 
1029     0.010446 
1030     0.012081 
1031     0.014227 
1032     0.010511 
1033     0.011214 
1034     0.013304 
1035     0.010469 
1036     0.008288 
1037     0.010379 
1038     0.009231 
1039     0.005333 
1040     0.008271 
1041     0.014230 
1042     0.014214 
1043     0.012755 
1044     0.016470 
1045     0.023435 
1046     0.017305 
1047     0.027367 
1048     0.040840 
1049     0.039166 
1050     0.036769 
1051     0.044914 
1052     0.043613 
1053     0.027019 
1054     0.027091 
1055     0.018625 
1056     0.014769 
1057     0.009969 
1058     0.010246 
1059     0.012369 
1060     0.007711 
1061     0.006248 
1062     0.003766 
1063     0.004836 
1064     0.003639 
1065     0.003947 
1066     0.002477 
1067     0.008450 
1068     0.007505 
1069     0.006668 
1070     0.005844 
1071     0.008088 
1072     0.008315 
1073     0.010204 
1074     0.009933 
1075     0.010269 
1076     0.018131 
1077     0.018611 
1078     0.016976 
1079     0.012001 
1080     0.012942 
1081     0.010715 
1082     0.005925 
1083     0.005738 
1084     0.008929 
1085     0.006918 
1086     0.009901 
1087     0.012420 
1088     0.012143 
1089     0.017113 
1090     0.015233 
1091     0.011631 
1092     0.007728 
1093     0.010208 
1094     0.011364 
1095     0.011478 
1096     0.013342 
1097     0.014545 
1098     0.007591 
1099     0.006550 
1100     0.005355 
1101     0.006632 
1102     0.007091 
1103     0.002440 
1104     0.004555 
1105     0.006652 
1106     0.005059 
1107     0.006850 
1108     0.006245 
1109     0.003626 
1110     0.005826 
1111     0.008202 
1112     0.005876 
1113     0.004378 
1114     0.007803 
1115     0.009588 
1116     0.016064 
1117     0.014219 
1118     0.019611 
1119     0.019732 
1120     0.023513 
1121     0.011412 
1122     0.022684 
1123     0.027656 
1124     0.020573 
1125     0.033295 
1126     0.040209 
1127     0.040596 
1128     0.031077 
1129     0.024545 
1130     0.015825 
1131     0.021810 
1132     0.032343 
1133     0.034001 
1134     0.042208 
1135     0.044264 
1136     0.042312 
1137     0.030435 
1138     0.020195 
1139     0.021648 
1140     0.021368 
1141     0.019248 
1142     0.022581 
1143     0.027840 
1144     0.024749 
1145     0.019703 
1146     0.023921 
1147     0.020655 
1148     0.019909 
1149     0.020433 
1150     0.025783 
1151     0.022843 
1152     0.046858 
1153     0.052356 
1154     0.045058 
1155     0.046077 
1156     0.036911 
1157     0.032016 
1158     0.042380 
1159     0.045072 
1160     0.058255 
1161     0.070010 
1162     0.046686 
1163     0.029657 
1164     0.021525 
1165     0.023646 
1166     0.031300 
1167     0.030220 
1168     0.029463 
1169     0.026045 
1170     0.022930 
1171     0.020294 
1172     0.021177 
1173     0.027221 
1174     0.031662 
1175     0.039720 
1176     0.043367 
1177     0.046691 
1178     0.047021 
1179     0.059539 
1180     0.058856 
1181     0.048675 
1182     0.055496 
1183     0.043342 
1184     0.039815 
1185     0.033603 
1186     0.034967 
1187     0.044936 
1188     0.039324 
1189     0.037753 
1190     0.032281 
1191     0.026446 
1192     0.027001 
1193     0.018772 
1194     0.015829 
1195     0.010439 
1196     0.008153 
1197     0.003002 
1198     0.004851 
1199     0.007255 
1200     0.005915 
1201     0.004392 
1202     0.004126 
1203     0.003571 
1204     0.003336 
1205     0.003180 
1206     0.002039 
1207     0.002237 
1208     0.009744 
1209     0.014664 
1210     0.015689 
1211     0.013161 
1212     0.012757 
1213     0.010909 
1214     0.006483 
1215     0.006409 
1216     0.006887 
1217     0.008766 
1218     0.007655 
1219     0.006833 
1220     0.007438 
1221     0.009579 
1222     0.013231 
1223     0.015291 
1224     0.015496 
1225     0.012275 
1226     0.006403 
1227     0.001615 
1228     0.002653 
1229     0.003579 
1230     0.002171 
1231     0.002958 
1232     0.007950 
1233     0.010905 
1234     0.010552 
1235     0.017708 
1236     0.012620 
1237     0.009559 
1238     0.011224 
1239     0.009101 
1240     0.012455 
1241     0.013329 
1242     0.008849 
1243     0.007355 
1244     0.005670 
1245     0.008921 
1246     0.010310 
1247     0.007947 
1248     0.006093 
1249     0.004993 
1250     0.003413 
1251     0.001844 
1252     0.001893 
1253     0.001550 
1254     0.001391 
1255     0.001803 
1256     0.002529 
1257     0.002887 
1258     0.003042 
1259     0.002916 
1260     0.003468 
1261     0.003720 
1262     0.008402 
1263     0.010693 
1264     0.013186 
1265     0.010168 
1266     0.008812 
1267     0.012011 
1268     0.019891 
1269     0.017346 
1270     0.015120 
1271     0.009455 
1272     0.008084 
1273     0.006122 
1274     0.004106 
1275     0.004629 
1276     0.004347 
1277     0.003709 
1278     0.001875 
1279     0.002504 
1280     0.003472 
1281     0.004840 
1282     0.005390 
1283     0.006348 
1284     0.005614 
1285     0.003970 
1286     0.005125 
1287     0.010348 
1288     0.013101 
1289     0.008856 
1290     0.004853 
1291     0.005049 
1292     0.009006 
1293     0.010343 
1294     0.012294 
1295     0.023280 
1296     0.026231 
1297     0.018157 
1298     0.019660 
1299     0.012272 
1300     0.009760 
1301     0.006863 
1302     0.003168 
1303     0.005996 
1304     0.006805 
1305     0.006442 
1306     0.004539 
1307     0.004014 
1308     0.003254 
1309     0.003914 
1310     0.003953 
1311     0.003552 
1312     0.005325 
1313     0.002851 
1314     0.004757 
1315     0.002419 
1316     0.003210 
1317     0.003302 
1318     0.003301 
1319     0.003455 
1320     0.003073 
1321     0.002764 
1322     0.002795 
1323     0.002501 
1324     0.002402 
1325     0.002329 
1326     0.001965 
1327     0.002256 
1328     0.002652 
1329     0.002549 
1330     0.003275 
1331     0.003788 
1332     0.003826 
1333     0.004054 
1334     0.004007 
1335     0.003662 
1336     0.001766 
1337     0.001904 
1338     0.003549 
1339     0.004425 
1340     0.003525 
1341     0.003093 
1342     0.001510 
1343     0.002167 
1344     0.003045 
1345     0.002225 
1346     0.001587 
1347     0.002413 
1348     0.003226 
1349     0.002468 
1350     0.003146 
1351     0.003264 
1352     0.002660 
1353     0.002097 
1354     0.000673 
1355     0.002253 
1356     0.003037 
1357     0.006524 
