  1     0.007202 
  2     0.008031 
  3     0.008357 
  4     0.007770 
  5     0.008475 
  6     0.008325 
  7     0.008792 
  8     0.009029 
  9     0.009235 
 10     0.009318 
 11     0.009957 
 12     0.009431 
 13     0.009137 
 14     0.009408 
 15     0.009391 
 16     0.009490 
 17     0.009195 
 18     0.010088 
 19     0.011125 
 20     0.025100 
 21     0.041178 
 22     0.046671 
 23     0.027705 
 24     0.015445 
 25     0.010146 
 26     0.009201 
 27     0.010328 
 28     0.010011 
 29     0.009901 
 30     0.010283 
 31     0.010499 
 32     0.010083 
 33     0.009599 
 34     0.009832 
 35     0.009185 
 36     0.008740 
 37     0.008148 
 38     0.009179 
 39     0.008494 
 40     0.008407 
 41     0.008698 
 42     0.009877 
 43     0.011242 
 44     0.012269 
 45     0.010365 
 46     0.006924 
 47     0.006802 
 48     0.006884 
 49     0.007435 
 50     0.007971 
 51     0.008006 
 52     0.007476 
 53     0.006148 
 54     0.006867 
 55     0.004895 
 56     0.006196 
 57     0.009091 
 58     0.007292 
 59     0.014752 
 60     0.014563 
 61     0.011381 
 62     0.012055 
 63     0.011697 
 64     0.011782 
 65     0.009619 
 66     0.009087 
 67     0.008794 
 68     0.010515 
 69     0.010657 
 70     0.010232 
 71     0.011510 
 72     0.010673 
 73     0.009861 
 74     0.008308 
 75     0.009523 
 76     0.010196 
 77     0.012901 
 78     0.013467 
 79     0.011865 
 80     0.013048 
 81     0.012919 
 82     0.012746 
 83     0.014182 
 84     0.014446 
 85     0.016637 
 86     0.013804 
 87     0.014949 
 88     0.014634 
 89     0.013377 
 90     0.016240 
 91     0.012231 
 92     0.012555 
 93     0.013014 
 94     0.012418 
 95     0.014089 
 96     0.012658 
 97     0.015491 
 98     0.007542 
 99     0.011904 
100     0.010974 
101     0.011289 
102     0.010683 
103     0.011530 
104     0.012489 
105     0.011461 
106     0.013109 
107     0.014187 
108     0.013819 
109     0.012828 
110     0.011181 
111     0.010485 
112     0.009922 
113     0.008772 
114     0.008789 
115     0.008861 
116     0.009162 
117     0.008813 
118     0.008582 
119     0.009503 
120     0.009110 
121     0.009272 
122     0.009712 
123     0.009575 
124     0.009274 
125     0.010342 
126     0.010489 
127     0.010511 
128     0.010787 
129     0.012632 
130     0.013230 
131     0.012379 
132     0.012472 
133     0.010249 
134     0.009687 
135     0.008730 
136     0.008325 
137     0.007922 
138     0.007955 
139     0.008001 
140     0.008572 
141     0.008845 
142     0.009158 
143     0.009633 
144     0.009086 
145     0.010411 
146     0.010752 
147     0.007934 
148     0.007031 
149     0.006807 
150     0.007666 
151     0.008512 
152     0.007478 
153     0.007906 
154     0.008252 
155     0.007660 
156     0.007628 
157     0.007793 
158     0.008017 
159     0.007848 
160     0.008073 
161     0.008556 
162     0.008432 
163     0.007732 
164     0.007616 
165     0.007712 
166     0.008326 
167     0.007791 
168     0.008099 
169     0.008235 
170     0.008762 
171     0.008771 
172     0.008383 
173     0.008093 
174     0.008185 
175     0.008270 
176     0.008486 
177     0.008802 
178     0.009260 
179     0.009396 
180     0.011070 
181     0.011923 
182     0.014734 
183     0.014718 
184     0.015675 
185     0.014478 
186     0.015228 
187     0.017124 
188     0.015712 
189     0.011254 
190     0.008968 
191     0.007318 
192     0.008536 
193     0.010099 
194     0.010433 
195     0.012660 
196     0.010683 
197     0.010592 
198     0.011945 
199     0.011604 
200     0.010851 
201     0.009318 
202     0.008096 
203     0.008112 
204     0.008121 
205     0.008779 
206     0.009958 
207     0.010663 
208     0.013290 
209     0.011204 
210     0.005172 
211     0.003393 
212     0.004590 
213     0.006335 
214     0.009705 
215     0.009834 
216     0.008840 
217     0.008435 
218     0.008217 
219     0.009528 
220     0.008927 
221     0.008962 
222     0.009567 
223     0.011157 
224     0.015232 
225     0.013830 
226     0.013580 
227     0.015663 
228     0.012151 
229     0.011883 
230     0.012190 
231     0.016757 
232     0.018914 
233     0.014274 
234     0.018848 
235     0.027974 
236     0.022032 
237     0.016478 
238     0.032260 
239     0.033029 
240     0.014099 
241     0.016249 
242     0.027610 
243     0.020562 
244     0.009769 
245     0.015184 
246     0.011606 
247     0.023505 
248     0.032966 
249     0.029860 
250     0.047857 
251     0.049062 
252     0.043503 
253     0.049386 
254     0.065809 
255     0.052281 
256     0.032513 
257     0.034509 
258     0.033796 
259     0.024990 
260     0.019026 
261     0.018859 
262     0.013317 
263     0.011423 
264     0.007046 
265     0.010635 
266     0.010064 
267     0.009566 
268     0.017429 
269     0.022373 
270     0.019001 
271     0.017915 
272     0.029425 
273     0.030815 
274     0.021373 
275     0.029805 
276     0.045898 
277     0.054407 
278     0.048096 
279     0.040426 
280     0.036618 
281     0.025282 
282     0.029950 
283     0.028660 
284     0.045301 
285     0.055018 
286     0.036900 
287     0.050440 
288     0.071164 
289     0.081770 
290     0.129742 
291     0.124145 
292     0.101673 
293     0.069872 
294     0.044628 
295     0.037298 
296     0.020450 
297     0.027231 
298     0.025443 
299     0.036747 
300     0.034240 
301     0.044954 
302     0.045194 
303     0.052473 
304     0.043058 
305     0.034854 
306     0.042664 
307     0.048807 
308     0.040077 
309     0.036803 
310     0.037904 
311     0.043722 
312     0.032870 
313     0.028440 
314     0.031960 
315     0.030168 
316     0.020768 
317     0.020310 
318     0.021054 
319     0.014665 
320     0.010140 
321     0.010763 
322     0.011510 
323     0.009017 
324     0.008160 
325     0.010278 
326     0.010847 
327     0.011064 
328     0.012052 
329     0.010074 
330     0.007856 
331     0.005616 
332     0.007201 
333     0.008795 
334     0.008178 
335     0.011147 
336     0.010962 
337     0.009786 
338     0.009550 
339     0.009957 
340     0.009595 
341     0.009330 
342     0.008850 
343     0.010879 
344     0.011811 
345     0.012499 
346     0.017222 
347     0.024725 
348     0.032307 
349     0.026254 
350     0.027194 
351     0.028531 
352     0.025993 
353     0.019443 
354     0.020453 
355     0.021601 
356     0.015121 
357     0.011741 
358     0.014628 
359     0.017102 
360     0.020414 
361     0.017271 
362     0.015395 
363     0.014724 
364     0.011353 
365     0.008745 
366     0.008866 
367     0.009334 
368     0.008994 
369     0.008573 
370     0.008950 
371     0.008718 
372     0.008753 
373     0.009164 
374     0.008266 
375     0.008024 
376     0.008384 
377     0.008488 
378     0.007239 
379     0.007239 
380     0.007740 
381     0.006330 
382     0.005281 
383     0.006347 
384     0.006313 
385     0.008161 
386     0.008194 
387     0.007938 
388     0.008248 
389     0.008388 
390     0.007118 
391     0.007627 
392     0.007052 
393     0.007477 
394     0.007482 
395     0.006692 
396     0.009330 
397     0.007121 
398     0.005612 
399     0.003790 
400     0.006718 
401     0.010226 
402     0.014953 
403     0.018438 
404     0.024010 
405     0.025883 
406     0.021117 
407     0.019664 
408     0.015466 
409     0.011695 
410     0.007769 
411     0.004778 
412     0.004112 
413     0.005907 
414     0.007171 
415     0.007983 
416     0.006313 
417     0.006474 
418     0.006254 
419     0.005879 
420     0.005088 
421     0.005491 
422     0.005571 
423     0.005942 
424     0.008161 
425     0.012254 
426     0.008782 
427     0.007709 
428     0.006373 
429     0.009715 
430     0.014162 
431     0.016972 
432     0.018122 
433     0.012010 
434     0.011496 
435     0.008888 
436     0.007115 
437     0.007213 
438     0.012520 
439     0.009953 
440     0.008283 
441     0.006958 
442     0.005768 
443     0.008866 
444     0.012757 
445     0.017230 
446     0.017726 
447     0.018445 
448     0.016023 
449     0.019568 
450     0.019115 
451     0.013165 
452     0.008318 
453     0.006926 
454     0.004284 
455     0.004886 
456     0.007093 
457     0.009441 
458     0.010679 
459     0.012807 
460     0.010946 
461     0.010308 
462     0.012639 
463     0.020762 
464     0.022174 
465     0.021713 
466     0.017555 
467     0.009402 
468     0.008030 
469     0.017533 
470     0.015289 
471     0.014171 
472     0.010300 
473     0.010121 
474     0.007437 
475     0.006678 
476     0.005262 
477     0.005747 
478     0.005953 
479     0.006563 
480     0.006093 
481     0.007465 
482     0.007137 
483     0.006764 
484     0.004900 
485     0.005957 
486     0.007199 
487     0.009453 
488     0.009369 
489     0.010766 
490     0.015132 
491     0.019288 
492     0.026273 
493     0.029864 
494     0.022688 
495     0.017273 
496     0.011331 
497     0.010465 
498     0.011278 
499     0.011564 
500     0.011152 
501     0.008276 
502     0.006554 
503     0.003028 
504     0.000851 
505     0.003778 
506     0.005847 
507     0.006688 
508     0.005651 
509     0.005881 
510     0.005546 
511     0.005490 
512     0.006560 
513     0.006897 
514     0.007383 
515     0.007955 
516     0.008145 
517     0.007907 
518     0.008672 
519     0.008523 
520     0.008011 
521     0.007691 
522     0.007682 
523     0.007833 
524     0.007688 
525     0.006538 
526     0.006385 
527     0.006583 
528     0.005192 
529     0.004670 
530     0.007133 
531     0.005124 
532     0.003735 
533     0.007172 
534     0.006565 
535     0.003537 
536     0.005235 
537     0.006654 
538     0.004528 
539     0.003379 
540     0.005034 
541     0.004393 
542     0.002434 
543     0.002747 
544     0.002192 
545     0.002025 
546     0.000640 
547     0.000657 
548     0.002736 
549     0.002910 
550     0.002349 
551     0.005171 
552     0.005922 
553     0.004458 
554     0.006040 
555     0.006694 
556     0.004633 
557     0.003843 
558     0.005521 
559     0.007146 
560     0.006708 
561     0.004294 
562     0.003966 
563     0.004387 
564     0.003834 
565     0.001954 
566     0.001234 
567     0.001854 
568     0.002016 
569     0.001360 
570     0.003103 
571     0.004111 
572     0.003414 
573     0.004901 
574     0.007292 
575     0.006359 
576     0.005815 
577     0.009501 
578     0.010349 
579     0.008702 
580     0.006954 
581     0.003622 
582     0.005302 
583     0.005323 
584     0.002990 
585     0.002490 
586     0.003646 
587     0.002667 
588     0.001789 
589     0.002652 
590     0.002183 
591     0.001859 
592     0.002485 
593     0.002588 
594     0.002656 
595     0.002032 
596     0.003070 
597     0.003032 
598     0.001261 
599     0.003110 
600     0.004532 
601     0.001515 
602     0.003513 
603     0.006571 
604     0.012590 
605     0.016696 
606     0.011912 
607     0.014167 
608     0.027090 
609     0.024577 
610     0.018280 
611     0.010370 
612     0.011192 
613     0.015930 
614     0.015583 
615     0.011222 
616     0.013136 
617     0.010712 
618     0.014697 
619     0.013995 
620     0.013554 
621     0.010889 
622     0.007900 
623     0.003511 
624     0.004282 
625     0.001442 
626     0.003323 
627     0.006349 
628     0.010141 
629     0.010323 
630     0.010352 
631     0.016318 
632     0.020057 
633     0.016991 
634     0.016259 
635     0.020338 
636     0.018234 
637     0.008732 
638     0.013573 
639     0.013388 
640     0.022418 
641     0.013406 
642     0.014553 
643     0.022178 
644     0.029925 
645     0.023206 
646     0.018259 
647     0.011482 
648     0.002601 
649     0.008287 
650     0.002083 
651     0.006465 
652     0.010436 
653     0.009345 
654     0.010915 
655     0.011001 
656     0.007544 
657     0.007427 
658     0.006018 
659     0.003905 
660     0.003149 
661     0.001330 
662     0.002498 
663     0.003648 
664     0.006547 
665     0.007812 
666     0.005087 
667     0.003261 
668     0.002714 
669     0.003886 
670     0.003346 
671     0.005368 
672     0.009017 
673     0.006084 
674     0.009413 
675     0.013426 
676     0.012151 
677     0.010585 
678     0.012169 
679     0.012570 
680     0.011820 
681     0.008619 
682     0.009140 
683     0.009816 
684     0.008479 
685     0.010901 
686     0.013049 
687     0.012219 
688     0.009459 
689     0.011228 
690     0.009651 
691     0.012801 
692     0.011334 
693     0.013853 
694     0.012723 
695     0.010063 
696     0.011734 
697     0.015110 
698     0.013922 
699     0.011694 
700     0.011633 
701     0.011362 
702     0.008006 
703     0.008143 
704     0.011000 
705     0.011497 
706     0.009485 
707     0.010237 
708     0.013201 
709     0.013354 
710     0.013915 
711     0.016483 
712     0.018327 
713     0.021034 
714     0.017233 
715     0.013314 
716     0.013137 
717     0.015830 
718     0.018233 
719     0.018413 
720     0.016886 
721     0.018147 
722     0.014087 
723     0.014081 
724     0.013745 
725     0.012608 
726     0.010988 
727     0.018452 
728     0.020279 
729     0.023195 
730     0.023270 
731     0.024651 
732     0.024642 
733     0.024070 
734     0.022399 
735     0.026712 
736     0.027665 
737     0.024328 
738     0.016067 
739     0.010566 
740     0.009442 
741     0.009405 
742     0.010302 
743     0.012059 
744     0.011415 
745     0.015599 
746     0.013873 
747     0.011044 
748     0.010498 
749     0.009159 
750     0.010503 
751     0.013124 
752     0.011016 
753     0.008723 
754     0.009305 
755     0.010122 
756     0.012568 
757     0.014969 
758     0.018153 
759     0.018259 
760     0.020757 
761     0.017299 
762     0.012970 
763     0.013672 
764     0.016307 
765     0.014872 
766     0.016199 
767     0.016167 
768     0.016554 
769     0.015460 
770     0.015091 
771     0.015036 
772     0.014992 
773     0.015013 
774     0.015572 
775     0.012297 
776     0.010170 
777     0.062716 
778     0.068474 
779     0.101279 
780     0.070700 
781     0.036512 
782     0.087441 
783     0.030236 
784     0.076216 
785     0.032689 
786     0.021446 
787     0.014262 
788     0.016581 
789     0.020634 
790     0.021453 
791     0.019767 
792     0.021165 
793     0.018429 
794     0.016499 
795     0.016073 
796     0.016095 
797     0.018052 
798     0.017268 
799     0.021465 
800     0.021800 
801     0.019103 
802     0.016428 
803     0.019176 
804     0.016033 
805     0.013960 
806     0.018213 
807     0.017058 
808     0.016155 
809     0.011796 
810     0.011110 
811     0.010704 
812     0.008982 
813     0.012399 
814     0.017265 
815     0.022696 
816     0.020186 
817     0.017122 
818     0.012102 
819     0.017171 
820     0.022069 
821     0.026651 
822     0.034186 
823     0.030652 
824     0.027356 
825     0.026405 
826     0.024086 
827     0.025765 
828     0.023389 
829     0.025119 
830     0.026962 
831     0.026068 
832     0.011480 
833     0.014008 
834     0.018646 
835     0.019620 
836     0.017656 
837     0.017696 
838     0.017401 
839     0.015995 
840     0.014656 
841     0.015036 
842     0.015894 
843     0.016007 
844     0.015466 
845     0.019422 
846     0.018919 
847     0.019072 
848     0.018313 
849     0.015806 
850     0.012511 
851     0.011220 
852     0.012568 
853     0.015428 
854     0.021128 
855     0.023646 
856     0.027377 
857     0.026590 
858     0.025335 
859     0.036488 
860     0.026096 
861     0.017746 
862     0.014486 
863     0.013442 
864     0.016860 
865     0.015750 
866     0.011022 
867     0.009013 
868     0.013668 
869     0.013001 
870     0.015312 
871     0.016213 
872     0.019481 
873     0.013555 
874     0.021312 
875     0.022361 
876     0.027194 
877     0.030408 
878     0.036529 
879     0.035888 
880     0.038834 
881     0.047662 
882     0.054037 
883     0.052316 
884     0.055438 
885     0.045173 
886     0.049533 
887     0.041347 
888     0.039308 
889     0.025162 
890     0.024053 
891     0.036425 
892     0.057956 
893     0.058103 
894     0.059982 
895     0.064852 
896     0.058641 
897     0.062666 
898     0.055249 
899     0.066950 
900     0.067247 
901     0.057250 
902     0.045744 
903     0.043766 
904     0.036259 
905     0.034593 
906     0.039034 
907     0.037369 
908     0.040795 
909     0.047157 
910     0.048182 
911     0.038321 
912     0.036004 
913     0.037893 
914     0.020785 
915     0.019356 
916     0.025505 
917     0.025299 
918     0.034909 
919     0.037922 
920     0.045744 
921     0.037103 
922     0.024397 
923     0.016554 
924     0.010020 
925     0.022178 
926     0.028348 
927     0.032631 
928     0.030462 
929     0.026614 
930     0.024568 
931     0.014012 
932     0.014799 
933     0.009891 
934     0.013687 
935     0.017038 
936     0.019546 
937     0.025045 
938     0.024341 
939     0.027104 
940     0.028086 
941     0.024200 
942     0.021675 
943     0.028699 
944     0.031780 
945     0.027192 
946     0.030991 
947     0.035062 
948     0.036229 
949     0.032048 
950     0.031600 
951     0.036898 
952     0.045415 
953     0.043294 
954     0.054959 
955     0.076581 
956     0.068752 
957     0.066008 
958     0.071006 
959     0.064166 
960     0.087021 
961     0.103827 
962     0.109859 
963     0.109113 
964     0.082438 
965     0.065309 
966     0.059570 
967     0.083269 
968     0.109609 
969     0.086580 
970     0.079152 
971     0.086530 
972     0.101252 
973     0.098388 
974     0.136541 
975     0.116007 
976     0.092336 
977     0.067697 
978     0.068087 
979     0.120634 
980     0.125387 
981     0.183765 
982     0.010194 
983     0.007459 
984     0.010785 
985     0.012109 
986     0.008466 
987     0.006517 
988     0.009050 
989     0.013245 
990     0.012567 
991     0.012481 
992     0.017973 
993     0.017512 
994     0.018695 
995     0.010576 
996     0.015325 
997     0.027186 
998     0.026308 
999     0.017703 
1000     0.019243 
1001     0.020285 
1002     0.014501 
1003     0.013845 
1004     0.015896 
1005     0.015577 
1006     0.011511 
1007     0.013478 
1008     0.015423 
1009     0.014827 
1010     0.010836 
1011     0.010208 
1012     0.014683 
1013     0.011690 
1014     0.006494 
1015     0.006838 
1016     0.005486 
1017     0.005871 
1018     0.006336 
1019     0.007768 
1020     0.010360 
1021     0.012669 
1022     0.012711 
1023     0.012855 
1024     0.009810 
1025     0.008191 
1026     0.008203 
1027     0.009380 
1028     0.006878 
1029     0.005753 
1030     0.006131 
1031     0.007416 
1032     0.005724 
1033     0.004879 
1034     0.005801 
1035     0.007373 
1036     0.007744 
1037     0.008288 
1038     0.008876 
1039     0.011932 
1040     0.013199 
1041     0.015872 
1042     0.012125 
1043     0.010033 
1044     0.013028 
1045     0.014456 
1046     0.013653 
1047     0.017561 
1048     0.018700 
1049     0.018751 
1050     0.023143 
1051     0.027517 
1052     0.026428 
1053     0.023143 
1054     0.023511 
1055     0.022477 
1056     0.018747 
1057     0.014961 
1058     0.013168 
1059     0.009319 
1060     0.005609 
1061     0.005047 
1062     0.006152 
1063     0.004364 
1064     0.003730 
1065     0.006007 
1066     0.004164 
1067     0.005542 
1068     0.004427 
1069     0.004676 
1070     0.004570 
1071     0.004371 
1072     0.004578 
1073     0.002844 
1074     0.005481 
1075     0.009156 
1076     0.011060 
1077     0.017533 
1078     0.015883 
1079     0.010392 
1080     0.011092 
1081     0.010657 
1082     0.006548 
1083     0.004004 
1084     0.006799 
1085     0.007547 
1086     0.011019 
1087     0.011386 
1088     0.011714 
1089     0.012369 
1090     0.008435 
1091     0.005782 
1092     0.004577 
1093     0.008051 
1094     0.009991 
1095     0.013744 
1096     0.016618 
1097     0.019659 
1098     0.020943 
1099     0.030565 
1100     0.033753 
1101     0.026036 
1102     0.018201 
1103     0.018379 
1104     0.025051 
1105     0.034975 
1106     0.034522 
1107     0.039976 
1108     0.035233 
1109     0.022377 
1110     0.027375 
1111     0.036505 
1112     0.033727 
1113     0.041049 
1114     0.049137 
1115     0.039998 
1116     0.040175 
1117     0.033475 
1118     0.032670 
1119     0.031541 
1120     0.030339 
1121     0.028071 
1122     0.022955 
1123     0.016176 
1124     0.009367 
1125     0.006753 
1126     0.010479 
1127     0.012192 
1128     0.009702 
1129     0.007674 
1130     0.004599 
1131     0.008605 
1132     0.012157 
1133     0.016900 
1134     0.019326 
1135     0.019460 
1136     0.026790 
1137     0.024299 
1138     0.018758 
1139     0.020037 
1140     0.027070 
1141     0.026443 
1142     0.028024 
1143     0.033182 
1144     0.032919 
1145     0.028144 
1146     0.029292 
1147     0.024524 
1148     0.022227 
1149     0.021598 
1150     0.024871 
1151     0.029299 
1152     0.024465 
1153     0.005387 
1154     0.039103 
1155     0.062833 
1156     0.092185 
1157     0.083547 
1158     0.050936 
1159     0.023559 
1160     0.009444 
1161     0.015909 
1162     0.021586 
1163     0.026553 
1164     0.030221 
1165     0.038925 
1166     0.036484 
1167     0.029864 
1168     0.030576 
1169     0.026465 
1170     0.021292 
1171     0.022485 
1172     0.023743 
1173     0.028414 
1174     0.025387 
1175     0.031123 
1176     0.027347 
1177     0.020346 
1178     0.013026 
1179     0.013447 
1180     0.007866 
1181     0.011819 
1182     0.017818 
1183     0.018649 
1184     0.019769 
1185     0.012542 
1186     0.015646 
1187     0.018574 
1188     0.028599 
1189     0.029627 
1190     0.032444 
1191     0.028100 
1192     0.035440 
1193     0.038169 
1194     0.050944 
1195     0.048983 
1196     0.050905 
1197     0.035829 
1198     0.033751 
1199     0.028589 
1200     0.015835 
1201     0.015818 
1202     0.019099 
1203     0.024066 
1204     0.034127 
1205     0.029603 
1206     0.048409 
1207     0.048966 
1208     0.047566 
1209     0.038422 
1210     0.019381 
1211     0.021121 
1212     0.023681 
1213     0.018635 
1214     0.015970 
1215     0.011725 
1216     0.010119 
1217     0.010704 
1218     0.009837 
1219     0.010080 
1220     0.008291 
1221     0.010841 
1222     0.013782 
1223     0.016713 
1224     0.021366 
1225     0.024862 
1226     0.038674 
1227     0.038618 
1228     0.032198 
1229     0.018685 
1230     0.018151 
1231     0.023100 
1232     0.037517 
1233     0.048973 
1234     0.051505 
1235     0.074129 
1236     0.054503 
1237     0.053665 
1238     0.052635 
1239     0.043684 
1240     0.046497 
1241     0.041071 
1242     0.031495 
1243     0.041211 
1244     0.048033 
1245     0.053975 
1246     0.053485 
1247     0.033235 
1248     0.037040 
1249     0.034784 
1250     0.029618 
1251     0.032813 
1252     0.028713 
1253     0.034011 
1254     0.028574 
1255     0.021534 
1256     0.023572 
1257     0.030494 
1258     0.034359 
1259     0.044700 
1260     0.047658 
1261     0.024481 
1262     0.019251 
1263     0.023632 
1264     0.049214 
1265     0.046000 
1266     0.048380 
1267     0.042804 
1268     0.063301 
1269     0.043289 
1270     0.022478 
1271     0.036502 
1272     0.044091 
1273     0.052293 
1274     0.038548 
1275     0.038571 
1276     0.033975 
1277     0.023271 
1278     0.021468 
1279     0.013050 
1280     0.007556 
1281     0.016664 
1282     0.028988 
1283     0.040355 
1284     0.047283 
1285     0.054075 
1286     0.047520 
1287     0.039827 
1288     0.027728 
1289     0.035165 
1290     0.034058 
1291     0.025171 
1292     0.016408 
1293     0.017140 
1294     0.032660 
1295     0.040667 
1296     0.043022 
1297     0.024025 
1298     0.017009 
1299     0.021440 
1300     0.032694 
1301     0.042129 
1302     0.049164 
1303     0.058550 
1304     0.049377 
1305     0.032306 
1306     0.021924 
1307     0.018954 
1308     0.027399 
1309     0.036554 
1310     0.040874 
1311     0.032167 
1312     0.051780 
1313     0.038674 
1314     0.037890 
1315     0.009876 
1316     0.021530 
1317     0.025964 
1318     0.030793 
1319     0.028141 
1320     0.027845 
1321     0.024287 
1322     0.024121 
1323     0.024792 
1324     0.018830 
1325     0.018869 
1326     0.026540 
1327     0.030945 
1328     0.027491 
1329     0.031397 
1330     0.034430 
1331     0.033481 
1332     0.033519 
1333     0.035869 
1334     0.034305 
1335     0.038649 
1336     0.034682 
1337     0.043401 
1338     0.049671 
1339     0.051062 
1340     0.041564 
1341     0.034858 
1342     0.027536 
1343     0.022894 
1344     0.015782 
1345     0.016186 
1346     0.023742 
1347     0.033566 
1348     0.040550 
1349     0.040752 
1350     0.042515 
1351     0.034903 
1352     0.024598 
1353     0.023349 
1354     0.019703 
1355     0.016066 
1356     0.026258 
1357     0.034023 
