  1     0.011763 
  2     0.010828 
  3     0.008797 
  4     0.006854 
  5     0.006202 
  6     0.004698 
  7     0.003896 
  8     0.002668 
  9     0.002211 
 10     0.001563 
 11     0.001137 
 12     0.000993 
 13     0.001589 
 14     0.002396 
 15     0.003238 
 16     0.004437 
 17     0.004741 
 18     0.006320 
 19     0.006142 
 20     0.015005 
 21     0.026873 
 22     0.030868 
 23     0.014651 
 24     0.007439 
 25     0.005189 
 26     0.004754 
 27     0.005540 
 28     0.005618 
 29     0.005973 
 30     0.007648 
 31     0.007567 
 32     0.006520 
 33     0.005257 
 34     0.004444 
 35     0.003149 
 36     0.003487 
 37     0.003051 
 38     0.002104 
 39     0.003513 
 40     0.004094 
 41     0.005648 
 42     0.006228 
 43     0.007285 
 44     0.007925 
 45     0.010294 
 46     0.008847 
 47     0.007081 
 48     0.006026 
 49     0.005819 
 50     0.004566 
 51     0.004238 
 52     0.004603 
 53     0.004866 
 54     0.005067 
 55     0.005615 
 56     0.004761 
 57     0.005118 
 58     0.005563 
 59     0.003943 
 60     0.001789 
 61     0.007163 
 62     0.008805 
 63     0.009388 
 64     0.007680 
 65     0.006406 
 66     0.005485 
 67     0.003731 
 68     0.001130 
 69     0.001474 
 70     0.001877 
 71     0.001141 
 72     0.004401 
 73     0.004044 
 74     0.004618 
 75     0.005210 
 76     0.005230 
 77     0.005279 
 78     0.007329 
 79     0.007130 
 80     0.007588 
 81     0.005165 
 82     0.005285 
 83     0.006687 
 84     0.006609 
 85     0.004236 
 86     0.005997 
 87     0.007234 
 88     0.007685 
 89     0.007457 
 90     0.010792 
 91     0.008408 
 92     0.008280 
 93     0.006844 
 94     0.006570 
 95     0.004310 
 96     0.003182 
 97     0.004550 
 98     0.004745 
 99     0.004366 
100     0.004306 
101     0.003945 
102     0.003962 
103     0.005690 
104     0.007422 
105     0.008442 
106     0.013152 
107     0.013605 
108     0.009292 
109     0.005798 
110     0.005051 
111     0.003268 
112     0.002349 
113     0.002474 
114     0.002732 
115     0.003173 
116     0.002416 
117     0.003219 
118     0.003822 
119     0.003514 
120     0.003951 
121     0.005076 
122     0.005257 
123     0.005035 
124     0.006114 
125     0.007256 
126     0.007324 
127     0.007957 
128     0.009391 
129     0.010251 
130     0.011061 
131     0.011750 
132     0.012105 
133     0.011367 
134     0.010185 
135     0.008813 
136     0.008534 
137     0.007428 
138     0.005444 
139     0.004271 
140     0.003497 
141     0.002869 
142     0.003116 
143     0.002832 
144     0.003548 
145     0.003539 
146     0.003322 
147     0.007022 
148     0.007327 
149     0.006357 
150     0.005345 
151     0.005456 
152     0.005788 
153     0.004002 
154     0.003309 
155     0.004755 
156     0.004672 
157     0.003605 
158     0.004492 
159     0.005677 
160     0.004166 
161     0.004707 
162     0.006528 
163     0.006479 
164     0.007325 
165     0.005986 
166     0.005784 
167     0.004719 
168     0.004170 
169     0.003064 
170     0.003119 
171     0.002287 
172     0.002795 
173     0.003055 
174     0.002832 
175     0.002534 
176     0.002981 
177     0.003484 
178     0.003250 
179     0.003049 
180     0.003810 
181     0.004833 
182     0.005150 
183     0.004866 
184     0.005368 
185     0.005102 
186     0.005224 
187     0.005409 
188     0.004694 
189     0.003728 
190     0.003287 
191     0.003292 
192     0.002594 
193     0.002281 
194     0.002107 
195     0.001673 
196     0.002130 
197     0.001964 
198     0.002174 
199     0.001813 
200     0.002661 
201     0.003127 
202     0.003500 
203     0.003565 
204     0.004297 
205     0.003715 
206     0.003989 
207     0.003882 
208     0.005300 
209     0.005210 
210     0.002824 
211     0.003847 
212     0.004343 
213     0.005302 
214     0.005527 
215     0.005935 
216     0.004298 
217     0.004489 
218     0.004475 
219     0.004807 
220     0.004898 
221     0.004612 
222     0.004643 
223     0.003588 
224     0.002913 
225     0.002865 
226     0.002165 
227     0.002353 
228     0.002157 
229     0.003664 
230     0.003384 
231     0.003725 
232     0.005066 
233     0.006479 
234     0.007162 
235     0.005634 
236     0.005497 
237     0.009317 
238     0.014776 
239     0.009081 
240     0.011875 
241     0.023435 
242     0.008001 
243     0.028897 
244     0.044373 
245     0.040617 
246     0.036381 
247     0.072910 
248     0.089184 
249     0.072055 
250     0.089554 
251     0.078056 
252     0.069395 
253     0.062991 
254     0.075414 
255     0.031525 
256     0.016915 
257     0.003706 
258     0.022397 
259     0.018489 
260     0.010628 
261     0.012501 
262     0.019139 
263     0.014844 
264     0.013549 
265     0.016133 
266     0.011541 
267     0.010126 
268     0.009881 
269     0.008547 
270     0.006697 
271     0.005842 
272     0.005446 
273     0.005190 
274     0.004968 
275     0.004618 
276     0.004698 
277     0.004372 
278     0.005963 
279     0.007333 
280     0.009830 
281     0.014215 
282     0.018310 
283     0.024744 
284     0.066392 
285     0.071939 
286     0.057593 
287     0.080822 
288     0.129427 
289     0.172997 
290     0.156077 
291     0.202451 
292     0.092014 
293     0.036389 
294     0.046084 
295     0.041629 
296     0.011765 
297     0.017617 
298     0.013786 
299     0.011043 
300     0.009194 
301     0.005192 
302     0.005481 
303     0.004592 
304     0.005569 
305     0.006200 
306     0.005712 
307     0.004361 
308     0.003578 
309     0.004201 
310     0.004507 
311     0.003940 
312     0.003470 
313     0.003292 
314     0.003809 
315     0.003635 
316     0.003805 
317     0.004305 
318     0.004383 
319     0.003966 
320     0.003908 
321     0.004454 
322     0.005107 
323     0.004445 
324     0.004817 
325     0.004867 
326     0.004878 
327     0.004745 
328     0.004963 
329     0.004404 
330     0.004037 
331     0.003950 
332     0.003686 
333     0.003605 
334     0.003614 
335     0.003610 
336     0.003172 
337     0.002868 
338     0.002609 
339     0.002424 
340     0.002072 
341     0.001907 
342     0.001881 
343     0.002281 
344     0.002280 
345     0.004094 
346     0.004717 
347     0.004440 
348     0.003486 
349     0.003560 
350     0.004124 
351     0.003412 
352     0.003536 
353     0.003834 
354     0.003101 
355     0.003160 
356     0.003859 
357     0.003446 
358     0.002947 
359     0.002693 
360     0.002659 
361     0.002989 
362     0.002815 
363     0.002803 
364     0.002953 
365     0.002629 
366     0.002589 
367     0.002572 
368     0.002322 
369     0.002806 
370     0.002664 
371     0.002518 
372     0.003229 
373     0.003552 
374     0.003296 
375     0.003584 
376     0.004478 
377     0.003816 
378     0.004554 
379     0.005331 
380     0.005713 
381     0.005781 
382     0.005771 
383     0.006878 
384     0.007116 
385     0.006706 
386     0.006837 
387     0.007555 
388     0.007084 
389     0.005885 
390     0.005618 
391     0.005051 
392     0.004951 
393     0.005228 
394     0.006402 
395     0.007107 
396     0.006326 
397     0.008915 
398     0.010276 
399     0.010454 
400     0.010339 
401     0.009226 
402     0.008943 
403     0.009613 
404     0.010757 
405     0.010207 
406     0.009609 
407     0.009530 
408     0.009793 
409     0.009995 
410     0.010664 
411     0.010187 
412     0.009708 
413     0.009963 
414     0.008287 
415     0.006299 
416     0.007252 
417     0.006931 
418     0.006310 
419     0.006253 
420     0.007508 
421     0.010943 
422     0.011019 
423     0.011415 
424     0.011329 
425     0.011691 
426     0.011981 
427     0.012636 
428     0.015742 
429     0.019158 
430     0.023373 
431     0.021689 
432     0.024648 
433     0.023793 
434     0.025480 
435     0.022388 
436     0.015975 
437     0.012409 
438     0.003184 
439     0.003252 
440     0.008023 
441     0.009111 
442     0.010465 
443     0.010195 
444     0.010723 
445     0.010726 
446     0.010463 
447     0.009258 
448     0.009013 
449     0.009972 
450     0.009433 
451     0.009163 
452     0.009082 
453     0.007596 
454     0.008799 
455     0.004641 
456     0.006290 
457     0.013981 
458     0.019024 
459     0.018277 
460     0.023419 
461     0.026209 
462     0.022470 
463     0.025971 
464     0.026121 
465     0.019439 
466     0.015708 
467     0.015671 
468     0.013417 
469     0.010901 
470     0.014889 
471     0.012295 
472     0.012103 
473     0.012095 
474     0.010246 
475     0.012155 
476     0.011789 
477     0.010610 
478     0.008525 
479     0.007460 
480     0.005148 
481     0.005535 
482     0.007474 
483     0.008078 
484     0.009207 
485     0.010483 
486     0.009703 
487     0.015286 
488     0.016106 
489     0.016597 
490     0.018945 
491     0.019971 
492     0.024112 
493     0.043025 
494     0.036325 
495     0.033091 
496     0.022635 
497     0.021883 
498     0.021926 
499     0.017514 
500     0.020214 
501     0.015458 
502     0.008733 
503     0.001262 
504     0.005449 
505     0.004836 
506     0.004531 
507     0.004575 
508     0.005109 
509     0.006110 
510     0.004550 
511     0.003060 
512     0.003215 
513     0.003762 
514     0.002151 
515     0.002473 
516     0.003585 
517     0.004297 
518     0.004773 
519     0.004136 
520     0.005596 
521     0.007951 
522     0.007387 
523     0.006392 
524     0.007593 
525     0.007642 
526     0.006104 
527     0.005273 
528     0.004782 
529     0.004264 
530     0.002604 
531     0.002481 
532     0.000332 
533     0.001483 
534     0.003023 
535     0.003144 
536     0.002836 
537     0.004634 
538     0.004687 
539     0.003559 
540     0.004080 
541     0.005137 
542     0.003685 
543     0.003464 
544     0.004291 
545     0.003363 
546     0.002253 
547     0.003014 
548     0.002786 
549     0.001713 
550     0.002223 
551     0.002926 
552     0.002478 
553     0.002179 
554     0.002797 
555     0.002888 
556     0.002390 
557     0.002038 
558     0.001952 
559     0.002156 
560     0.001794 
561     0.001518 
562     0.001945 
563     0.002045 
564     0.001732 
565     0.001710 
566     0.002053 
567     0.002041 
568     0.001715 
569     0.002203 
570     0.002436 
571     0.001981 
572     0.002034 
573     0.002730 
574     0.002458 
575     0.001862 
576     0.002521 
577     0.003002 
578     0.002500 
579     0.001835 
580     0.001401 
581     0.001517 
582     0.001657 
583     0.001308 
584     0.001878 
585     0.002261 
586     0.001990 
587     0.001727 
588     0.002498 
589     0.002623 
590     0.001696 
591     0.001852 
592     0.002580 
593     0.001692 
594     0.001222 
595     0.001690 
596     0.001250 
597     0.001120 
598     0.001295 
599     0.001395 
600     0.001785 
601     0.001332 
602     0.001576 
603     0.002928 
604     0.006371 
605     0.008571 
606     0.008905 
607     0.006309 
608     0.028007 
609     0.026949 
610     0.022682 
611     0.010341 
612     0.016351 
613     0.021014 
614     0.015687 
615     0.011877 
616     0.017967 
617     0.024528 
618     0.032492 
619     0.027355 
620     0.029536 
621     0.041460 
622     0.045554 
623     0.036132 
624     0.040280 
625     0.029900 
626     0.019856 
627     0.023563 
628     0.012742 
629     0.008587 
630     0.010619 
631     0.017370 
632     0.021846 
633     0.020339 
634     0.019446 
635     0.044405 
636     0.045764 
637     0.020790 
638     0.035251 
639     0.036738 
640     0.067190 
641     0.058582 
642     0.036004 
643     0.044936 
644     0.043717 
645     0.033078 
646     0.045388 
647     0.032915 
648     0.010453 
649     0.028266 
650     0.027515 
651     0.013627 
652     0.007225 
653     0.006622 
654     0.009966 
655     0.008424 
656     0.011783 
657     0.013299 
658     0.010119 
659     0.013727 
660     0.016901 
661     0.014609 
662     0.015849 
663     0.024305 
664     0.016519 
665     0.018543 
666     0.014306 
667     0.014359 
668     0.015215 
669     0.011768 
670     0.013612 
671     0.013957 
672     0.009754 
673     0.016360 
674     0.020390 
675     0.027634 
676     0.031182 
677     0.021137 
678     0.016246 
679     0.012418 
680     0.012342 
681     0.011496 
682     0.008698 
683     0.011579 
684     0.012389 
685     0.014687 
686     0.016144 
687     0.018734 
688     0.017942 
689     0.019826 
690     0.023362 
691     0.024689 
692     0.023697 
693     0.026897 
694     0.019964 
695     0.017049 
696     0.016233 
697     0.015472 
698     0.013606 
699     0.014306 
700     0.014177 
701     0.012380 
702     0.013273 
703     0.014417 
704     0.015359 
705     0.015122 
706     0.015548 
707     0.019047 
708     0.019388 
709     0.017124 
710     0.020846 
711     0.019839 
712     0.019613 
713     0.022303 
714     0.023442 
715     0.022638 
716     0.022293 
717     0.020160 
718     0.015844 
719     0.003505 
720     0.010693 
721     0.025493 
722     0.021607 
723     0.029503 
724     0.017576 
725     0.027994 
726     0.014602 
727     0.046702 
728     0.059693 
729     0.053234 
730     0.038511 
731     0.050716 
732     0.059035 
733     0.050555 
734     0.055111 
735     0.073354 
736     0.065056 
737     0.076919 
738     0.060391 
739     0.097592 
740     0.137500 
741     0.083974 
742     0.090548 
743     0.041625 
744     0.032357 
745     0.030923 
746     0.006033 
747     0.004990 
748     0.009992 
749     0.007668 
750     0.009546 
751     0.013743 
752     0.009603 
753     0.009909 
754     0.008939 
755     0.009674 
756     0.010339 
757     0.013144 
758     0.016264 
759     0.016766 
760     0.020137 
761     0.018234 
762     0.013083 
763     0.014824 
764     0.021873 
765     0.022664 
766     0.028089 
767     0.035103 
768     0.038639 
769     0.033426 
770     0.028896 
771     0.022277 
772     0.022292 
773     0.028162 
774     0.036664 
775     0.039865 
776     0.032290 
777     0.032982 
778     0.052868 
779     0.079279 
780     0.069342 
781     0.025673 
782     0.065721 
783     0.023998 
784     0.046127 
785     0.029838 
786     0.033080 
787     0.047277 
788     0.044699 
789     0.054548 
790     0.048143 
791     0.036846 
792     0.044831 
793     0.040497 
794     0.028296 
795     0.027334 
796     0.024182 
797     0.028526 
798     0.021535 
799     0.025906 
800     0.022212 
801     0.015986 
802     0.011616 
803     0.012799 
804     0.006673 
805     0.009120 
806     0.012930 
807     0.014815 
808     0.016870 
809     0.008806 
810     0.010495 
811     0.017393 
812     0.028636 
813     0.036411 
814     0.105400 
815     0.132286 
816     0.200958 
817     0.131862 
818     0.121912 
819     0.075527 
820     0.038357 
821     0.051603 
822     0.044157 
823     0.054857 
824     0.047132 
825     0.040387 
826     0.037948 
827     0.051353 
828     0.058281 
829     0.054683 
830     0.079175 
831     0.070570 
832     0.065138 
833     0.055834 
834     0.048954 
835     0.033842 
836     0.036227 
837     0.020440 
838     0.007304 
839     0.010733 
840     0.009084 
841     0.009692 
842     0.012754 
843     0.013475 
844     0.017929 
845     0.017045 
846     0.015108 
847     0.011173 
848     0.030032 
849     0.031927 
850     0.045351 
851     0.036044 
852     0.038382 
853     0.035891 
854     0.046244 
855     0.049261 
856     0.040706 
857     0.037635 
858     0.041989 
859     0.067026 
860     0.032708 
861     0.020384 
862     0.021327 
863     0.010044 
864     0.023093 
865     0.031529 
866     0.018613 
867     0.019734 
868     0.001622 
869     0.016173 
870     0.027273 
871     0.030922 
872     0.029548 
873     0.031877 
874     0.030295 
875     0.024979 
876     0.019186 
877     0.015694 
878     0.013203 
879     0.018853 
880     0.015436 
881     0.012895 
882     0.011772 
883     0.009537 
884     0.006623 
885     0.010750 
886     0.011817 
887     0.020073 
888     0.022752 
889     0.041523 
890     0.053698 
891     0.061828 
892     0.033822 
893     0.016194 
894     0.028829 
895     0.007670 
896     0.019688 
897     0.014769 
898     0.015234 
899     0.017046 
900     0.016822 
901     0.018702 
902     0.020054 
903     0.021991 
904     0.025522 
905     0.034845 
906     0.033549 
907     0.034412 
908     0.022019 
909     0.031022 
910     0.036206 
911     0.063531 
912     0.074612 
913     0.051445 
914     0.037657 
915     0.036037 
916     0.054195 
917     0.040343 
918     0.041946 
919     0.070437 
920     0.112060 
921     0.082639 
922     0.085458 
923     0.060372 
924     0.042866 
925     0.038253 
926     0.018619 
927     0.013874 
928     0.020409 
929     0.031125 
930     0.028580 
931     0.029906 
932     0.024814 
933     0.027334 
934     0.024440 
935     0.032262 
936     0.036799 
937     0.035475 
938     0.018134 
939     0.036907 
940     0.042365 
941     0.032005 
942     0.025648 
943     0.033018 
944     0.034674 
945     0.024747 
946     0.024088 
947     0.034369 
948     0.025858 
949     0.019750 
950     0.033517 
951     0.030781 
952     0.017823 
953     0.042095 
954     0.043847 
955     0.032474 
956     0.041763 
957     0.044147 
958     0.054158 
959     0.055091 
960     0.044944 
961     0.054603 
962     0.058923 
963     0.052334 
964     0.044297 
965     0.045926 
966     0.028988 
967     0.029671 
968     0.010438 
969     0.023832 
970     0.033110 
971     0.024399 
972     0.026368 
973     0.034890 
974     0.039580 
975     0.037632 
976     0.024074 
977     0.034469 
978     0.040124 
979     0.073880 
980     0.063714 
981     0.116563 
982     0.011538 
983     0.009307 
984     0.015189 
985     0.016288 
986     0.012479 
987     0.007762 
988     0.006143 
989     0.011126 
990     0.009742 
991     0.006886 
992     0.011564 
993     0.009839 
994     0.011284 
995     0.003774 
996     0.004269 
997     0.011716 
998     0.014045 
999     0.009683 
1000     0.013199 
1001     0.012505 
1002     0.007049 
1003     0.007788 
1004     0.009415 
1005     0.008461 
1006     0.004417 
1007     0.006593 
1008     0.008730 
1009     0.008193 
1010     0.004837 
1011     0.005653 
1012     0.009085 
1013     0.007932 
1014     0.005311 
1015     0.005326 
1016     0.005233 
1017     0.006177 
1018     0.006416 
1019     0.006525 
1020     0.008430 
1021     0.011446 
1022     0.012137 
1023     0.012081 
1024     0.008539 
1025     0.007816 
1026     0.009127 
1027     0.008054 
1028     0.005580 
1029     0.007541 
1030     0.006613 
1031     0.005380 
1032     0.005635 
1033     0.007373 
1034     0.006374 
1035     0.004370 
1036     0.009887 
1037     0.010600 
1038     0.005649 
1039     0.006079 
1040     0.007617 
1041     0.004402 
1042     0.005850 
1043     0.009096 
1044     0.007578 
1045     0.007675 
1046     0.011182 
1047     0.015578 
1048     0.013005 
1049     0.019192 
1050     0.025364 
1051     0.036704 
1052     0.036484 
1053     0.023266 
1054     0.022615 
1055     0.013929 
1056     0.010647 
1057     0.011498 
1058     0.010538 
1059     0.005178 
1060     0.005984 
1061     0.006681 
1062     0.007277 
1063     0.008746 
1064     0.008752 
1065     0.009676 
1066     0.009551 
1067     0.009671 
1068     0.008916 
1069     0.009514 
1070     0.009520 
1071     0.008928 
1072     0.010642 
1073     0.010963 
1074     0.013959 
1075     0.010350 
1076     0.012607 
1077     0.014413 
1078     0.015477 
1079     0.011200 
1080     0.010624 
1081     0.007245 
1082     0.007569 
1083     0.009102 
1084     0.008337 
1085     0.006232 
1086     0.004643 
1087     0.007340 
1088     0.007558 
1089     0.009558 
1090     0.009745 
1091     0.010300 
1092     0.009900 
1093     0.009585 
1094     0.010179 
1095     0.010495 
1096     0.009978 
1097     0.010310 
1098     0.011470 
1099     0.011948 
1100     0.019470 
1101     0.024086 
1102     0.018549 
1103     0.016637 
1104     0.022444 
1105     0.022099 
1106     0.019599 
1107     0.023468 
1108     0.024801 
1109     0.023207 
1110     0.021386 
1111     0.027051 
1112     0.027460 
1113     0.032409 
1114     0.040700 
1115     0.047607 
1116     0.061664 
1117     0.046628 
1118     0.047530 
1119     0.035806 
1120     0.030121 
1121     0.019962 
1122     0.015061 
1123     0.008033 
1124     0.004030 
1125     0.003100 
1126     0.007855 
1127     0.014278 
1128     0.012701 
1129     0.008142 
1130     0.002803 
1131     0.005722 
1132     0.013078 
1133     0.019141 
1134     0.026106 
1135     0.027065 
1136     0.033945 
1137     0.027183 
1138     0.018201 
1139     0.015942 
1140     0.019041 
1141     0.014910 
1142     0.011994 
1143     0.012383 
1144     0.010091 
1145     0.006613 
1146     0.009263 
1147     0.008950 
1148     0.006688 
1149     0.004476 
1150     0.005490 
1151     0.005986 
1152     0.009738 
1153     0.018416 
1154     0.015554 
1155     0.025125 
1156     0.020514 
1157     0.007103 
1158     0.013453 
1159     0.010026 
1160     0.016056 
1161     0.016164 
1162     0.011308 
1163     0.008490 
1164     0.006434 
1165     0.013907 
1166     0.016034 
1167     0.013776 
1168     0.013867 
1169     0.009651 
1170     0.006425 
1171     0.005689 
1172     0.009944 
1173     0.015576 
1174     0.019345 
1175     0.028590 
1176     0.030894 
1177     0.026606 
1178     0.022459 
1179     0.028198 
1180     0.020683 
1181     0.018519 
1182     0.026466 
1183     0.021543 
1184     0.019631 
1185     0.011802 
1186     0.012787 
1187     0.014219 
1188     0.020979 
1189     0.021095 
1190     0.037877 
1191     0.038552 
1192     0.056560 
1193     0.049850 
1194     0.058158 
1195     0.042059 
1196     0.033348 
1197     0.026597 
1198     0.025936 
1199     0.024501 
1200     0.022601 
1201     0.024567 
1202     0.027747 
1203     0.026811 
1204     0.025456 
1205     0.023687 
1206     0.029334 
1207     0.028458 
1208     0.027828 
1209     0.028950 
1210     0.011942 
1211     0.014700 
1212     0.014514 
1213     0.012249 
1214     0.012371 
1215     0.010069 
1216     0.006465 
1217     0.006354 
1218     0.008217 
1219     0.009333 
1220     0.010048 
1221     0.011185 
1222     0.011492 
1223     0.011925 
1224     0.011482 
1225     0.010943 
1226     0.013437 
1227     0.011091 
1228     0.014091 
1229     0.014495 
1230     0.022974 
1231     0.023806 
1232     0.019392 
1233     0.019133 
1234     0.022026 
1235     0.029389 
1236     0.023780 
1237     0.013770 
1238     0.007335 
1239     0.004352 
1240     0.012941 
1241     0.014744 
1242     0.007248 
1243     0.011005 
1244     0.009845 
1245     0.008143 
1246     0.005971 
1247     0.010388 
1248     0.012264 
1249     0.016313 
1250     0.016045 
1251     0.016020 
1252     0.015144 
1253     0.020285 
1254     0.021794 
1255     0.019372 
1256     0.023324 
1257     0.029263 
1258     0.036683 
1259     0.041298 
1260     0.045806 
1261     0.036659 
1262     0.035238 
1263     0.023386 
1264     0.028647 
1265     0.028850 
1266     0.028948 
1267     0.042955 
1268     0.048691 
1269     0.041898 
1270     0.038806 
1271     0.048970 
1272     0.047176 
1273     0.053921 
1274     0.044701 
1275     0.054803 
1276     0.047856 
1277     0.044970 
1278     0.033939 
1279     0.034159 
1280     0.033571 
1281     0.037834 
1282     0.038853 
1283     0.036447 
1284     0.039089 
1285     0.048246 
1286     0.052576 
1287     0.046775 
1288     0.040348 
1289     0.035946 
1290     0.018661 
1291     0.012408 
1292     0.015961 
1293     0.020988 
1294     0.035069 
1295     0.035546 
1296     0.038485 
1297     0.027757 
1298     0.014093 
1299     0.015233 
1300     0.016258 
1301     0.028250 
1302     0.027512 
1303     0.025193 
1304     0.014283 
1305     0.017130 
1306     0.019456 
1307     0.024899 
1308     0.023000 
1309     0.017616 
1310     0.015538 
1311     0.014491 
1312     0.014011 
1313     0.013853 
1314     0.010175 
1315     0.009047 
1316     0.009835 
1317     0.013684 
1318     0.011957 
1319     0.011023 
1320     0.018763 
1321     0.020475 
1322     0.016422 
1323     0.017584 
1324     0.024520 
1325     0.026516 
1326     0.018148 
1327     0.026557 
1328     0.033261 
1329     0.030016 
1330     0.030010 
1331     0.030285 
1332     0.033271 
1333     0.034054 
1334     0.026756 
1335     0.024602 
1336     0.017291 
1337     0.013168 
1338     0.003243 
1339     0.016147 
1340     0.021337 
1341     0.020758 
1342     0.009804 
1343     0.015103 
1344     0.017611 
1345     0.004991 
1346     0.018584 
1347     0.028959 
1348     0.027372 
1349     0.013899 
1350     0.027741 
1351     0.031143 
1352     0.020508 
1353     0.022004 
1354     0.020313 
1355     0.025725 
1356     0.034871 
1357     0.046438 
