  1     0.011616 
  2     0.013341 
  3     0.013103 
  4     0.012610 
  5     0.014663 
  6     0.015081 
  7     0.017135 
  8     0.017634 
  9     0.018967 
 10     0.019385 
 11     0.020582 
 12     0.023246 
 13     0.023135 
 14     0.021405 
 15     0.020693 
 16     0.019637 
 17     0.017809 
 18     0.016441 
 19     0.014598 
 20     0.016158 
 21     0.014973 
 22     0.015135 
 23     0.016630 
 24     0.015949 
 25     0.018482 
 26     0.019865 
 27     0.021906 
 28     0.024486 
 29     0.025231 
 30     0.027417 
 31     0.029362 
 32     0.028249 
 33     0.026660 
 34     0.024393 
 35     0.023795 
 36     0.024747 
 37     0.025753 
 38     0.024341 
 39     0.026858 
 40     0.027703 
 41     0.030543 
 42     0.031622 
 43     0.034275 
 44     0.036987 
 45     0.035911 
 46     0.031229 
 47     0.031689 
 48     0.030175 
 49     0.029982 
 50     0.027718 
 51     0.027708 
 52     0.030047 
 53     0.032055 
 54     0.031008 
 55     0.031283 
 56     0.034298 
 57     0.035231 
 58     0.033780 
 59     0.036177 
 60     0.037805 
 61     0.035892 
 62     0.034240 
 63     0.032868 
 64     0.032203 
 65     0.030957 
 66     0.028179 
 67     0.026647 
 68     0.023943 
 69     0.023241 
 70     0.020413 
 71     0.020476 
 72     0.020899 
 73     0.019725 
 74     0.018322 
 75     0.019057 
 76     0.020493 
 77     0.023083 
 78     0.021847 
 79     0.019461 
 80     0.019929 
 81     0.020498 
 82     0.022576 
 83     0.024066 
 84     0.023565 
 85     0.024596 
 86     0.026903 
 87     0.027929 
 88     0.028062 
 89     0.028539 
 90     0.031437 
 91     0.030560 
 92     0.030518 
 93     0.027758 
 94     0.027840 
 95     0.026453 
 96     0.025788 
 97     0.026422 
 98     0.023713 
 99     0.023022 
100     0.022070 
101     0.023284 
102     0.025169 
103     0.027524 
104     0.030220 
105     0.031583 
106     0.034355 
107     0.033907 
108     0.031629 
109     0.029155 
110     0.027365 
111     0.024508 
112     0.022781 
113     0.021326 
114     0.023783 
115     0.024541 
116     0.021964 
117     0.022089 
118     0.024485 
119     0.023199 
120     0.020922 
121     0.022547 
122     0.023940 
123     0.021572 
124     0.020440 
125     0.022827 
126     0.022808 
127     0.020188 
128     0.020979 
129     0.023302 
130     0.021812 
131     0.019377 
132     0.020376 
133     0.018263 
134     0.019231 
135     0.017535 
136     0.016978 
137     0.014572 
138     0.014188 
139     0.012990 
140     0.014671 
141     0.014734 
142     0.014445 
143     0.013987 
144     0.011365 
145     0.011761 
146     0.013132 
147     0.012336 
148     0.012094 
149     0.015007 
150     0.015758 
151     0.013750 
152     0.014709 
153     0.017397 
154     0.016634 
155     0.015174 
156     0.017733 
157     0.019218 
158     0.017862 
159     0.018398 
160     0.021112 
161     0.021125 
162     0.020035 
163     0.017363 
164     0.015149 
165     0.013680 
166     0.010962 
167     0.010350 
168     0.011675 
169     0.011014 
170     0.011557 
171     0.014209 
172     0.013447 
173     0.011158 
174     0.012606 
175     0.014896 
176     0.013470 
177     0.012153 
178     0.014709 
179     0.016032 
180     0.014396 
181     0.014461 
182     0.016893 
183     0.016579 
184     0.015999 
185     0.015540 
186     0.014861 
187     0.013979 
188     0.014851 
189     0.013259 
190     0.014178 
191     0.014321 
192     0.014545 
193     0.016180 
194     0.017022 
195     0.019394 
196     0.020174 
197     0.021966 
198     0.020153 
199     0.017667 
200     0.016625 
201     0.014080 
202     0.013096 
203     0.011125 
204     0.010848 
205     0.010350 
206     0.010369 
207     0.011383 
208     0.011564 
209     0.011967 
210     0.011975 
211     0.011701 
212     0.010392 
213     0.008471 
214     0.009694 
215     0.008322 
216     0.008507 
217     0.006871 
218     0.007374 
219     0.007067 
220     0.007296 
221     0.008911 
222     0.010164 
223     0.012995 
224     0.015073 
225     0.016480 
226     0.019092 
227     0.019618 
228     0.021360 
229     0.023992 
230     0.025062 
231     0.024375 
232     0.025966 
233     0.028269 
234     0.027880 
235     0.027893 
236     0.030364 
237     0.031742 
238     0.031248 
239     0.032265 
240     0.034656 
241     0.035173 
242     0.034842 
243     0.036792 
244     0.038698 
245     0.038259 
246     0.038847 
247     0.041410 
248     0.042333 
249     0.040867 
250     0.040190 
251     0.037372 
252     0.037234 
253     0.034864 
254     0.036964 
255     0.037870 
256     0.035796 
257     0.037427 
258     0.037629 
259     0.034688 
260     0.034072 
261     0.036026 
262     0.034927 
263     0.032156 
264     0.033065 
265     0.034709 
266     0.032489 
267     0.030514 
268     0.032510 
269     0.033075 
270     0.030199 
271     0.030239 
272     0.032878 
273     0.031986 
274     0.029876 
275     0.032183 
276     0.034549 
277     0.035131 
278     0.036344 
279     0.036841 
280     0.038588 
281     0.037432 
282     0.040068 
283     0.040554 
284     0.043337 
285     0.043906 
286     0.041220 
287     0.042090 
288     0.044721 
289     0.046201 
290     0.049137 
291     0.049368 
292     0.048626 
293     0.046338 
294     0.044424 
295     0.043764 
296     0.041256 
297     0.040874 
298     0.038636 
299     0.038307 
300     0.035463 
301     0.035056 
302     0.032573 
303     0.032010 
304     0.032263 
305     0.030551 
306     0.028479 
307     0.028544 
308     0.027743 
309     0.025333 
310     0.024327 
311     0.022430 
312     0.021688 
313     0.020919 
314     0.019652 
315     0.017877 
316     0.017063 
317     0.016639 
318     0.014261 
319     0.012500 
320     0.013555 
321     0.012430 
322     0.009668 
323     0.009891 
324     0.010928 
325     0.009054 
326     0.006791 
327     0.008103 
328     0.009434 
329     0.011981 
330     0.014481 
331     0.016319 
332     0.017948 
333     0.015872 
334     0.015719 
335     0.017259 
336     0.017789 
337     0.017698 
338     0.017935 
339     0.018975 
340     0.018110 
341     0.019772 
342     0.022679 
343     0.023395 
344     0.022468 
345     0.025111 
346     0.026400 
347     0.026788 
348     0.025630 
349     0.023004 
350     0.023316 
351     0.024176 
352     0.021624 
353     0.020065 
354     0.022001 
355     0.021630 
356     0.018761 
357     0.018774 
358     0.021497 
359     0.022200 
360     0.023197 
361     0.021499 
362     0.021135 
363     0.023078 
364     0.021775 
365     0.020064 
366     0.021475 
367     0.020240 
368     0.020628 
369     0.019990 
370     0.017717 
371     0.016167 
372     0.016858 
373     0.016015 
374     0.013559 
375     0.013213 
376     0.013701 
377     0.011800 
378     0.009835 
379     0.010797 
380     0.010047 
381     0.007420 
382     0.007461 
383     0.008098 
384     0.006210 
385     0.008635 
386     0.008202 
387     0.005853 
388     0.007606 
389     0.008023 
390     0.005974 
391     0.006069 
392     0.004660 
393     0.005751 
394     0.005130 
395     0.006018 
396     0.007769 
397     0.007578 
398     0.006130 
399     0.007891 
400     0.008800 
401     0.011160 
402     0.012497 
403     0.013270 
404     0.015310 
405     0.014639 
406     0.013052 
407     0.010859 
408     0.009424 
409     0.007760 
410     0.006271 
411     0.006815 
412     0.004789 
413     0.003119 
414     0.004398 
415     0.004167 
416     0.001860 
417     0.002015 
418     0.003310 
419     0.003984 
420     0.004283 
421     0.006634 
422     0.008199 
423     0.010625 
424     0.012325 
425     0.015142 
426     0.016075 
427     0.018750 
428     0.020511 
429     0.019959 
430     0.022753 
431     0.025253 
432     0.026325 
433     0.024185 
434     0.024825 
435     0.022603 
436     0.019791 
437     0.018413 
438     0.015646 
439     0.015222 
440     0.013150 
441     0.012090 
442     0.010515 
443     0.009604 
444     0.007483 
445     0.007954 
446     0.006793 
447     0.009691 
448     0.012107 
449     0.013923 
450     0.012415 
451     0.012265 
452     0.013902 
453     0.015158 
454     0.015365 
455     0.017393 
456     0.017778 
457     0.017651 
458     0.019766 
459     0.020167 
460     0.023041 
461     0.024713 
462     0.023882 
463     0.026242 
464     0.027672 
465     0.026813 
466     0.025622 
467     0.022837 
468     0.020896 
469     0.022849 
470     0.022496 
471     0.019908 
472     0.018294 
473     0.015863 
474     0.014302 
475     0.012077 
476     0.010500 
477     0.008954 
478     0.007584 
479     0.007485 
480     0.006274 
481     0.008933 
482     0.008469 
483     0.010372 
484     0.010836 
485     0.012204 
486     0.013289 
487     0.014651 
488     0.016420 
489     0.018013 
490     0.020177 
491     0.019398 
492     0.022249 
493     0.023245 
494     0.020635 
495     0.021248 
496     0.019783 
497     0.020312 
498     0.020815 
499     0.019161 
500     0.021116 
501     0.019970 
502     0.021249 
503     0.020999 
504     0.019182 
505     0.018460 
506     0.018716 
507     0.020677 
508     0.021923 
509     0.022153 
510     0.024676 
511     0.024131 
512     0.022225 
513     0.023775 
514     0.026100 
515     0.024590 
516     0.023756 
517     0.026461 
518     0.027768 
519     0.025882 
520     0.026504 
521     0.028878 
522     0.029379 
523     0.028112 
524     0.027884 
525     0.028353 
526     0.029326 
527     0.027171 
528     0.020923 
529     0.024820 
530     0.027960 
531     0.018056 
532     0.018279 
533     0.030885 
534     0.029022 
535     0.023695 
536     0.032009 
537     0.044160 
538     0.042432 
539     0.042808 
540     0.053756 
541     0.062271 
542     0.061878 
543     0.065733 
544     0.077662 
545     0.083611 
546     0.083417 
547     0.087720 
548     0.100292 
549     0.104315 
550     0.104346 
551     0.112521 
552     0.123463 
553     0.126145 
554     0.129634 
555     0.138910 
556     0.140268 
557     0.125758 
558     0.127973 
559     0.120500 
560     0.114113 
561     0.108820 
562     0.104216 
563     0.095940 
564     0.088766 
565     0.084728 
566     0.080874 
567     0.070895 
568     0.064439 
569     0.063986 
570     0.057936 
571     0.046446 
572     0.042923 
573     0.046010 
574     0.035579 
575     0.024599 
576     0.030910 
577     0.036717 
578     0.024964 
579     0.021473 
580     0.010262 
581     0.009645 
582     0.019487 
583     0.020814 
584     0.022633 
585     0.025816 
586     0.037310 
587     0.040642 
588     0.044983 
589     0.053538 
590     0.059719 
591     0.063947 
592     0.069492 
593     0.079104 
594     0.085583 
595     0.087038 
596     0.093713 
597     0.106740 
598     0.106335 
599     0.103816 
600     0.117534 
601     0.125080 
602     0.121695 
603     0.130068 
604     0.127687 
605     0.137263 
606     0.022725 
607     0.020741 
608     0.023513 
609     0.021316 
610     0.017103 
611     0.017122 
612     0.018296 
613     0.022077 
614     0.024783 
615     0.025055 
616     0.027189 
617     0.023975 
618     0.021728 
619     0.016659 
620     0.015742 
621     0.020699 
622     0.023645 
623     0.022193 
624     0.027076 
625     0.029088 
626     0.025033 
627     0.026106 
628     0.031379 
629     0.030116 
630     0.027612 
631     0.032648 
632     0.036083 
633     0.034114 
634     0.032517 
635     0.037833 
636     0.039336 
637     0.036815 
638     0.036649 
639     0.038156 
640     0.040101 
641     0.044687 
642     0.045108 
643     0.042460 
644     0.047086 
645     0.045127 
646     0.040748 
647     0.038317 
648     0.037544 
649     0.034692 
650     0.032071 
651     0.030823 
652     0.029402 
653     0.025600 
654     0.024078 
655     0.023922 
656     0.020886 
657     0.017541 
658     0.017161 
659     0.017658 
660     0.012969 
661     0.010344 
662     0.013947 
663     0.014131 
664     0.009352 
665     0.009404 
666     0.005846 
667     0.004458 
668     0.006813 
669     0.006538 
670     0.004440 
671     0.004982 
672     0.006021 
673     0.004943 
674     0.005155 
675     0.007420 
676     0.007936 
677     0.009633 
678     0.011536 
679     0.015210 
680     0.015161 
681     0.010577 
682     0.013418 
683     0.014153 
684     0.010333 
685     0.010221 
686     0.009859 
687     0.009985 
688     0.006500 
689     0.004221 
690     0.007454 
691     0.011335 
692     0.015149 
693     0.016762 
694     0.020809 
695     0.017545 
696     0.020762 
697     0.022438 
698     0.021262 
699     0.016011 
700     0.016751 
701     0.013804 
702     0.009333 
703     0.010159 
704     0.014956 
705     0.015360 
706     0.010801 
707     0.011121 
708     0.014909 
709     0.015007 
710     0.019100 
711     0.020270 
712     0.019556 
713     0.020574 
714     0.019198 
715     0.016082 
716     0.011267 
717     0.013052 
718     0.009738 
719     0.009724 
720     0.013958 
721     0.014165 
722     0.013831 
723     0.013453 
724     0.014580 
725     0.014016 
726     0.012554 
727     0.012139 
728     0.010499 
729     0.010105 
730     0.008703 
731     0.008905 
732     0.009512 
733     0.008551 
734     0.008450 
735     0.009230 
736     0.009219 
737     0.010269 
738     0.012217 
739     0.012981 
740     0.014592 
741     0.014220 
742     0.016601 
743     0.016324 
744     0.018950 
745     0.017504 
746     0.018701 
747     0.018090 
748     0.014486 
749     0.019019 
750     0.019957 
751     0.020348 
752     0.018105 
753     0.014057 
754     0.014910 
755     0.018318 
756     0.022954 
757     0.023417 
758     0.025898 
759     0.023867 
760     0.021158 
761     0.018758 
762     0.016247 
763     0.019738 
764     0.021037 
765     0.020046 
766     0.024651 
767     0.028059 
768     0.031624 
769     0.029575 
770     0.026855 
771     0.022431 
772     0.024072 
773     0.026028 
774     0.031478 
775     0.035870 
776     0.038755 
777     0.044177 
778     0.043309 
779     0.049195 
780     0.049113 
781     0.050598 
782     0.050941 
783     0.045236 
784     0.044644 
785     0.039392 
786     0.038441 
787     0.034785 
788     0.033390 
789     0.036484 
790     0.035261 
791     0.030237 
792     0.031367 
793     0.029520 
794     0.024657 
795     0.024651 
796     0.022913 
797     0.025839 
798     0.026739 
799     0.029890 
800     0.030210 
801     0.029746 
802     0.027733 
803     0.032537 
804     0.031020 
805     0.028240 
806     0.032359 
807     0.029236 
808     0.028098 
809     0.023381 
810     0.023500 
811     0.025837 
812     0.022456 
813     0.021168 
814     0.019770 
815     0.016620 
816     0.016082 
817     0.013915 
818     0.013950 
819     0.012012 
820     0.011041 
821     0.009247 
822     0.008794 
823     0.008825 
824     0.008134 
825     0.008074 
826     0.008190 
827     0.009175 
828     0.009887 
829     0.008985 
830     0.008917 
831     0.008174 
832     0.007088 
833     0.004276 
834     0.004841 
835     0.004430 
836     0.004939 
837     0.006929 
838     0.010182 
839     0.010617 
840     0.013530 
841     0.015149 
842     0.011776 
843     0.007582 
844     0.004681 
845     0.004998 
846     0.004546 
847     0.007302 
848     0.006243 
849     0.008259 
850     0.009312 
851     0.010574 
852     0.011380 
853     0.010569 
854     0.011320 
855     0.010335 
856     0.010475 
857     0.009472 
858     0.009183 
859     0.009587 
860     0.008476 
861     0.008187 
862     0.008437 
863     0.008211 
864     0.008642 
865     0.008419 
866     0.008111 
867     0.008271 
868     0.007923 
869     0.008013 
870     0.007782 
871     0.007810 
872     0.007789 
873     0.007962 
874     0.009305 
875     0.010268 
876     0.011592 
877     0.012455 
878     0.011787 
879     0.012025 
880     0.013680 
881     0.014025 
882     0.013083 
883     0.012379 
884     0.010981 
885     0.009612 
886     0.008644 
887     0.007820 
888     0.007992 
889     0.008262 
890     0.008530 
891     0.009138 
892     0.009344 
893     0.008781 
894     0.009270 
895     0.009984 
896     0.010424 
897     0.011815 
898     0.011872 
899     0.013342 
900     0.014421 
901     0.013855 
902     0.012166 
903     0.012269 
904     0.010982 
905     0.009827 
906     0.010154 
907     0.009443 
908     0.009872 
909     0.009425 
910     0.009146 
911     0.009561 
912     0.009157 
913     0.008346 
914     0.008111 
915     0.007937 
916     0.008229 
917     0.008230 
918     0.008484 
919     0.009208 
920     0.009611 
921     0.009002 
922     0.009249 
923     0.008755 
924     0.008725 
925     0.008806 
926     0.008302 
927     0.008488 
928     0.008393 
929     0.008580 
930     0.009122 
931     0.008660 
932     0.009518 
933     0.009164 
934     0.010112 
935     0.009906 
936     0.010363 
937     0.010612 
938     0.011809 
939     0.012568 
940     0.014323 
941     0.014205 
942     0.013200 
943     0.014326 
944     0.015842 
945     0.015215 
946     0.014726 
947     0.016337 
948     0.017239 
949     0.016259 
950     0.016313 
951     0.018100 
952     0.018111 
953     0.017508 
954     0.018609 
955     0.019872 
956     0.019024 
957     0.019683 
958     0.019161 
959     0.020229 
960     0.021331 
961     0.022988 
962     0.023692 
963     0.023396 
964     0.021940 
965     0.020655 
966     0.021017 
967     0.020285 
968     0.020715 
969     0.020799 
970     0.021074 
971     0.022314 
972     0.023436 
973     0.023566 
974     0.024683 
975     0.024232 
976     0.022902 
977     0.023136 
978     0.022376 
979     0.021088 
980     0.020902 
981     0.019908 
982     0.011163 
983     0.010729 
984     0.013307 
985     0.013843 
986     0.013654 
987     0.011043 
988     0.012358 
989     0.012966 
990     0.010253 
991     0.009528 
992     0.011930 
993     0.013724 
994     0.016420 
995     0.015816 
996     0.016043 
997     0.015931 
998     0.014942 
999     0.012156 
1000     0.012606 
1001     0.012762 
1002     0.010540 
1003     0.008884 
1004     0.009535 
1005     0.009179 
1006     0.006561 
1007     0.005886 
1008     0.007015 
1009     0.006168 
1010     0.003459 
1011     0.003345 
1012     0.003818 
1013     0.002736 
1014     0.000247 
1015     0.002996 
1016     0.004429 
1017     0.004316 
1018     0.005263 
1019     0.006821 
1020     0.008938 
1021     0.008252 
1022     0.008713 
1023     0.007761 
1024     0.004879 
1025     0.005069 
1026     0.006745 
1027     0.005786 
1028     0.003248 
1029     0.004706 
1030     0.006878 
1031     0.005822 
1032     0.004121 
1033     0.006361 
1034     0.008039 
1035     0.006632 
1036     0.005958 
1037     0.008794 
1038     0.009655 
1039     0.008348 
1040     0.008415 
1041     0.010334 
1042     0.010639 
1043     0.010281 
1044     0.011886 
1045     0.014023 
1046     0.013883 
1047     0.014612 
1048     0.016456 
1049     0.018128 
1050     0.018027 
1051     0.020665 
1052     0.021607 
1053     0.019666 
1054     0.019059 
1055     0.018501 
1056     0.016398 
1057     0.014921 
1058     0.014320 
1059     0.011995 
1060     0.010128 
1061     0.007339 
1062     0.006160 
1063     0.006441 
1064     0.006709 
1065     0.004422 
1066     0.003858 
1067     0.001374 
1068     0.003314 
1069     0.006122 
1070     0.006477 
1071     0.008387 
1072     0.010650 
1073     0.013411 
1074     0.014918 
1075     0.013726 
1076     0.014862 
1077     0.015649 
1078     0.013974 
1079     0.011574 
1080     0.012841 
1081     0.012561 
1082     0.010227 
1083     0.008597 
1084     0.009854 
1085     0.009081 
1086     0.011958 
1087     0.012047 
1088     0.010083 
1089     0.010668 
1090     0.010046 
1091     0.008633 
1092     0.005781 
1093     0.006376 
1094     0.003831 
1095     0.002772 
1096     0.004540 
1097     0.005338 
1098     0.002796 
1099     0.003748 
1100     0.003278 
1101     0.003611 
1102     0.005047 
1103     0.005030 
1104     0.006971 
1105     0.007696 
1106     0.008428 
1107     0.010441 
1108     0.010368 
1109     0.010043 
1110     0.012012 
1111     0.013222 
1112     0.012108 
1113     0.011263 
1114     0.011403 
1115     0.009478 
1116     0.008199 
1117     0.006159 
1118     0.005099 
1119     0.002961 
1120     0.002251 
1121     0.001577 
1122     0.003974 
1123     0.005975 
1124     0.007283 
1125     0.009354 
1126     0.010728 
1127     0.013212 
1128     0.012988 
1129     0.010439 
1130     0.009195 
1131     0.011636 
1132     0.013334 
1133     0.015971 
1134     0.017450 
1135     0.017121 
1136     0.018397 
1137     0.018329 
1138     0.016640 
1139     0.017078 
1140     0.019761 
1141     0.020329 
1142     0.021028 
1143     0.023511 
1144     0.022820 
1145     0.021312 
1146     0.022113 
1147     0.019433 
1148     0.018263 
1149     0.017238 
1150     0.019264 
1151     0.021835 
1152     0.023723 
1153     0.026541 
1154     0.027406 
1155     0.030022 
1156     0.030368 
1157     0.029764 
1158     0.028810 
1159     0.026612 
1160     0.024898 
1161     0.022492 
1162     0.020668 
1163     0.018239 
1164     0.018866 
1165     0.018894 
1166     0.019345 
1167     0.016965 
1168     0.015183 
1169     0.015547 
1170     0.014458 
1171     0.016782 
1172     0.017424 
1173     0.019263 
1174     0.018024 
1175     0.020502 
1176     0.019834 
1177     0.017082 
1178     0.015186 
1179     0.015200 
1180     0.012500 
1181     0.011216 
1182     0.013629 
1183     0.014470 
1184     0.012429 
1185     0.010577 
1186     0.008008 
1187     0.007065 
1188     0.004437 
1189     0.004863 
1190     0.004277 
1191     0.003389 
1192     0.005441 
1193     0.006171 
1194     0.008893 
1195     0.009771 
1196     0.011749 
1197     0.010968 
1198     0.012558 
1199     0.013233 
1200     0.012121 
1201     0.010418 
1202     0.009059 
1203     0.007251 
1204     0.007234 
1205     0.008623 
1206     0.010277 
1207     0.010141 
1208     0.008480 
1209     0.007033 
1210     0.005278 
1211     0.002782 
1212     0.002518 
1213     0.000709 
1214     0.002022 
1215     0.004061 
1216     0.006047 
1217     0.006890 
1218     0.005447 
1219     0.003379 
1220     0.002902 
1221     0.000177 
1222     0.000900 
1223     0.003465 
1224     0.005010 
1225     0.004795 
1226     0.006541 
1227     0.006225 
1228     0.005877 
1229     0.006153 
1230     0.004466 
1231     0.005308 
1232     0.005235 
1233     0.006340 
1234     0.008383 
1235     0.009183 
1236     0.009285 
1237     0.008143 
1238     0.006211 
1239     0.006430 
1240     0.006253 
1241     0.007918 
1242     0.009452 
1243     0.008918 
1244     0.008578 
1245     0.007463 
1246     0.008167 
1247     0.008642 
1248     0.010725 
1249     0.011539 
1250     0.012036 
1251     0.013207 
1252     0.012881 
1253     0.013976 
1254     0.013096 
1255     0.011472 
1256     0.011802 
1257     0.012587 
1258     0.012904 
1259     0.014580 
1260     0.015398 
1261     0.013913 
1262     0.014439 
1263     0.012937 
1264     0.012868 
1265     0.012495 
1266     0.012068 
1267     0.013944 
1268     0.014609 
1269     0.014687 
1270     0.014776 
1271     0.015661 
1272     0.014338 
1273     0.014368 
1274     0.012527 
1275     0.012177 
1276     0.011964 
1277     0.010236 
1278     0.010103 
1279     0.008985 
1280     0.007948 
1281     0.007039 
1282     0.007761 
1283     0.008297 
1284     0.009799 
1285     0.010422 
1286     0.012308 
1287     0.013010 
1288     0.014378 
1289     0.013277 
1290     0.011429 
1291     0.011037 
1292     0.012997 
1293     0.013099 
1294     0.014453 
1295     0.015660 
1296     0.017391 
1297     0.015876 
1298     0.015197 
1299     0.013169 
1300     0.011260 
1301     0.010784 
1302     0.010566 
1303     0.009401 
1304     0.009419 
1305     0.008286 
1306     0.009247 
1307     0.009571 
1308     0.010783 
1309     0.012471 
1310     0.013649 
1311     0.015455 
1312     0.015606 
1313     0.017632 
1314     0.017340 
1315     0.018896 
1316     0.019179 
1317     0.018862 
1318     0.017375 
1319     0.016743 
1320     0.016851 
1321     0.015871 
1322     0.014624 
1323     0.014784 
1324     0.014349 
1325     0.012649 
1326     0.012570 
1327     0.012839 
1328     0.011542 
1329     0.010531 
1330     0.011472 
1331     0.011240 
1332     0.009935 
1333     0.009806 
1334     0.008224 
1335     0.007647 
1336     0.006412 
1337     0.006506 
1338     0.007509 
1339     0.008649 
1340     0.009191 
1341     0.008394 
1342     0.007568 
1343     0.006405 
1344     0.006201 
1345     0.007445 
1346     0.008698 
1347     0.009485 
1348     0.009077 
1349     0.007601 
1350     0.006778 
1351     0.007159 
1352     0.007203 
1353     0.008604 
1354     0.009279 
1355     0.009655 
1356     0.010215 
1357     0.011099 
