  1     0.006992 
  2     0.005520 
  3     0.004820 
  4     0.003326 
  5     0.002646 
  6     0.002368 
  7     0.002105 
  8     0.002176 
  9     0.001110 
 10     0.001406 
 11     0.001883 
 12     0.001870 
 13     0.000983 
 14     0.001289 
 15     0.002537 
 16     0.002779 
 17     0.003414 
 18     0.004473 
 19     0.005179 
 20     0.010098 
 21     0.019216 
 22     0.014644 
 23     0.011525 
 24     0.006539 
 25     0.007000 
 26     0.004114 
 27     0.003891 
 28     0.003451 
 29     0.002797 
 30     0.002864 
 31     0.002948 
 32     0.002862 
 33     0.002188 
 34     0.003141 
 35     0.002232 
 36     0.000738 
 37     0.001913 
 38     0.001537 
 39     0.003059 
 40     0.003942 
 41     0.005838 
 42     0.005513 
 43     0.007984 
 44     0.007435 
 45     0.011568 
 46     0.015280 
 47     0.011777 
 48     0.007736 
 49     0.007519 
 50     0.004352 
 51     0.003257 
 52     0.005127 
 53     0.007358 
 54     0.006488 
 55     0.006506 
 56     0.007505 
 57     0.008906 
 58     0.007430 
 59     0.009843 
 60     0.010901 
 61     0.008203 
 62     0.008311 
 63     0.009871 
 64     0.007205 
 65     0.005740 
 66     0.004131 
 67     0.003517 
 68     0.002108 
 69     0.001363 
 70     0.001023 
 71     0.001701 
 72     0.001759 
 73     0.001401 
 74     0.004127 
 75     0.004174 
 76     0.004168 
 77     0.003162 
 78     0.006047 
 79     0.006283 
 80     0.008849 
 81     0.007045 
 82     0.005157 
 83     0.007853 
 84     0.009782 
 85     0.008597 
 86     0.008407 
 87     0.010659 
 88     0.012090 
 89     0.010712 
 90     0.011178 
 91     0.008182 
 92     0.007471 
 93     0.004965 
 94     0.003066 
 95     0.000980 
 96     0.003302 
 97     0.006430 
 98     0.004585 
 99     0.004917 
100     0.003583 
101     0.000994 
102     0.001793 
103     0.004363 
104     0.007055 
105     0.010247 
106     0.018482 
107     0.017741 
108     0.012662 
109     0.006380 
110     0.007589 
111     0.004766 
112     0.001460 
113     0.002310 
114     0.004253 
115     0.002916 
116     0.001348 
117     0.002244 
118     0.003946 
119     0.002298 
120     0.001485 
121     0.001651 
122     0.002065 
123     0.001984 
124     0.001590 
125     0.003248 
126     0.003564 
127     0.003554 
128     0.004198 
129     0.006518 
130     0.006469 
131     0.004892 
132     0.005856 
133     0.003956 
134     0.003887 
135     0.002319 
136     0.002276 
137     0.002463 
138     0.002320 
139     0.002483 
140     0.002861 
141     0.002793 
142     0.003534 
143     0.003673 
144     0.004623 
145     0.004988 
146     0.005927 
147     0.007907 
148     0.007197 
149     0.006479 
150     0.005298 
151     0.004905 
152     0.005461 
153     0.004201 
154     0.002802 
155     0.003572 
156     0.004764 
157     0.003191 
158     0.002743 
159     0.004842 
160     0.005347 
161     0.003030 
162     0.003632 
163     0.002281 
164     0.003199 
165     0.002933 
166     0.005592 
167     0.004195 
168     0.003424 
169     0.002682 
170     0.003131 
171     0.003015 
172     0.004135 
173     0.003736 
174     0.003096 
175     0.003628 
176     0.004453 
177     0.003237 
178     0.004242 
179     0.005483 
180     0.009387 
181     0.012397 
182     0.020540 
183     0.018148 
184     0.016777 
185     0.010482 
186     0.012668 
187     0.017000 
188     0.017706 
189     0.010508 
190     0.007756 
191     0.005495 
192     0.005119 
193     0.004428 
194     0.004475 
195     0.003887 
196     0.004712 
197     0.004733 
198     0.004666 
199     0.003402 
200     0.003336 
201     0.004158 
202     0.004435 
203     0.005061 
204     0.005898 
205     0.005744 
206     0.007313 
207     0.006149 
208     0.007793 
209     0.004477 
210     0.008731 
211     0.012976 
212     0.013205 
213     0.012491 
214     0.006921 
215     0.012546 
216     0.004461 
217     0.004409 
218     0.005455 
219     0.006593 
220     0.006657 
221     0.006299 
222     0.005230 
223     0.004265 
224     0.003674 
225     0.003463 
226     0.002421 
227     0.002879 
228     0.003779 
229     0.004916 
230     0.006668 
231     0.005745 
232     0.006973 
233     0.010244 
234     0.010946 
235     0.010122 
236     0.009386 
237     0.012844 
238     0.020123 
239     0.019898 
240     0.014444 
241     0.015294 
242     0.027310 
243     0.025341 
244     0.022019 
245     0.027204 
246     0.037901 
247     0.035960 
248     0.033456 
249     0.037032 
250     0.024594 
251     0.016809 
252     0.010769 
253     0.016538 
254     0.017502 
255     0.016939 
256     0.017500 
257     0.015546 
258     0.013452 
259     0.012692 
260     0.011543 
261     0.008743 
262     0.006852 
263     0.009322 
264     0.008977 
265     0.006745 
266     0.010238 
267     0.012717 
268     0.015259 
269     0.013756 
270     0.013796 
271     0.018473 
272     0.021565 
273     0.020902 
274     0.019980 
275     0.029234 
276     0.028304 
277     0.028299 
278     0.021680 
279     0.015142 
280     0.009575 
281     0.011330 
282     0.015748 
283     0.013650 
284     0.025897 
285     0.024068 
286     0.006819 
287     0.020138 
288     0.044169 
289     0.061680 
290     0.069147 
291     0.028999 
292     0.058296 
293     0.034356 
294     0.024437 
295     0.029753 
296     0.022798 
297     0.025154 
298     0.023266 
299     0.014436 
300     0.015289 
301     0.022090 
302     0.024420 
303     0.033067 
304     0.023821 
305     0.015584 
306     0.019137 
307     0.017840 
308     0.012488 
309     0.011059 
310     0.009693 
311     0.008124 
312     0.006980 
313     0.008161 
314     0.007535 
315     0.005578 
316     0.004902 
317     0.005200 
318     0.005216 
319     0.004339 
320     0.004363 
321     0.004502 
322     0.005558 
323     0.005480 
324     0.005951 
325     0.006534 
326     0.006745 
327     0.007181 
328     0.009297 
329     0.010980 
330     0.008512 
331     0.006439 
332     0.007207 
333     0.008690 
334     0.008544 
335     0.010196 
336     0.009099 
337     0.006984 
338     0.005966 
339     0.005137 
340     0.004496 
341     0.003824 
342     0.004218 
343     0.004525 
344     0.004120 
345     0.007140 
346     0.005823 
347     0.008889 
348     0.010590 
349     0.009094 
350     0.009552 
351     0.009666 
352     0.007784 
353     0.006162 
354     0.007060 
355     0.006567 
356     0.003917 
357     0.004743 
358     0.005692 
359     0.008598 
360     0.010024 
361     0.009303 
362     0.009704 
363     0.007103 
364     0.004706 
365     0.004077 
366     0.004304 
367     0.005171 
368     0.003228 
369     0.003180 
370     0.003691 
371     0.003204 
372     0.003059 
373     0.003490 
374     0.003100 
375     0.002228 
376     0.002419 
377     0.002111 
378     0.001010 
379     0.002186 
380     0.001062 
381     0.005039 
382     0.004174 
383     0.002962 
384     0.004795 
385     0.003407 
386     0.004469 
387     0.007644 
388     0.007473 
389     0.008001 
390     0.017420 
391     0.005938 
392     0.004052 
393     0.006260 
394     0.007497 
395     0.009149 
396     0.008687 
397     0.008838 
398     0.011077 
399     0.010843 
400     0.009826 
401     0.008248 
402     0.006925 
403     0.008266 
404     0.012991 
405     0.012443 
406     0.010012 
407     0.008839 
408     0.008850 
409     0.009840 
410     0.010373 
411     0.012688 
412     0.012383 
413     0.010686 
414     0.009377 
415     0.007682 
416     0.007251 
417     0.006761 
418     0.006798 
419     0.007856 
420     0.008173 
421     0.009955 
422     0.010389 
423     0.007704 
424     0.004675 
425     0.020691 
426     0.020509 
427     0.020096 
428     0.024030 
429     0.039131 
430     0.040608 
431     0.034866 
432     0.034151 
433     0.032162 
434     0.023067 
435     0.026013 
436     0.031045 
437     0.028162 
438     0.022464 
439     0.007940 
440     0.007960 
441     0.008087 
442     0.007989 
443     0.009008 
444     0.008580 
445     0.009270 
446     0.009309 
447     0.009148 
448     0.007961 
449     0.010482 
450     0.010902 
451     0.008655 
452     0.007645 
453     0.005101 
454     0.007628 
455     0.006833 
456     0.016262 
457     0.030207 
458     0.034259 
459     0.027654 
460     0.024987 
461     0.018632 
462     0.012689 
463     0.014517 
464     0.027923 
465     0.026188 
466     0.024201 
467     0.022102 
468     0.017785 
469     0.015459 
470     0.012191 
471     0.017724 
472     0.019063 
473     0.019225 
474     0.016035 
475     0.005406 
476     0.009825 
477     0.014581 
478     0.011396 
479     0.010820 
480     0.008286 
481     0.006379 
482     0.007856 
483     0.009103 
484     0.011605 
485     0.012308 
486     0.008762 
487     0.020318 
488     0.023438 
489     0.022041 
490     0.018275 
491     0.018101 
492     0.025239 
493     0.024409 
494     0.018348 
495     0.027669 
496     0.025094 
497     0.022184 
498     0.025426 
499     0.027089 
500     0.032607 
501     0.031762 
502     0.022827 
503     0.009347 
504     0.008001 
505     0.005903 
506     0.005316 
507     0.005382 
508     0.012700 
509     0.024257 
510     0.025126 
511     0.015011 
512     0.009637 
513     0.016654 
514     0.017717 
515     0.010150 
516     0.009006 
517     0.013350 
518     0.012977 
519     0.008056 
520     0.009500 
521     0.012294 
522     0.010829 
523     0.009425 
524     0.012206 
525     0.013397 
526     0.012186 
527     0.017479 
528     0.015435 
529     0.013271 
530     0.015841 
531     0.015738 
532     0.009706 
533     0.010772 
534     0.010881 
535     0.006632 
536     0.003688 
537     0.006581 
538     0.004926 
539     0.002976 
540     0.004207 
541     0.004162 
542     0.005110 
543     0.004615 
544     0.004232 
545     0.003075 
546     0.004388 
547     0.003224 
548     0.002119 
549     0.003244 
550     0.001142 
551     0.005189 
552     0.007989 
553     0.009482 
554     0.013066 
555     0.021030 
556     0.016550 
557     0.007055 
558     0.005480 
559     0.018371 
560     0.018914 
561     0.009332 
562     0.007980 
563     0.013453 
564     0.011495 
565     0.006340 
566     0.006992 
567     0.006407 
568     0.005850 
569     0.005432 
570     0.008187 
571     0.006188 
572     0.005758 
573     0.008000 
574     0.012044 
575     0.010554 
576     0.007124 
577     0.011799 
578     0.014631 
579     0.012902 
580     0.015269 
581     0.013394 
582     0.016493 
583     0.012442 
584     0.007793 
585     0.009718 
586     0.007485 
587     0.003938 
588     0.004512 
589     0.007014 
590     0.007017 
591     0.006233 
592     0.009212 
593     0.015668 
594     0.011826 
595     0.009182 
596     0.015547 
597     0.007176 
598     0.005697 
599     0.016917 
600     0.016331 
601     0.015819 
602     0.019641 
603     0.044506 
604     0.050498 
605     0.040098 
606     0.015902 
607     0.017179 
608     0.029373 
609     0.028264 
610     0.023865 
611     0.015177 
612     0.013101 
613     0.019060 
614     0.015026 
615     0.010533 
616     0.016416 
617     0.013531 
618     0.020487 
619     0.017159 
620     0.012411 
621     0.005786 
622     0.011881 
623     0.006711 
624     0.013657 
625     0.013552 
626     0.007092 
627     0.010055 
628     0.014614 
629     0.011749 
630     0.005575 
631     0.009345 
632     0.014590 
633     0.012489 
634     0.004877 
635     0.008748 
636     0.021872 
637     0.012261 
638     0.017541 
639     0.016937 
640     0.054688 
641     0.061644 
642     0.029047 
643     0.009035 
644     0.036693 
645     0.049876 
646     0.048009 
647     0.032403 
648     0.010855 
649     0.020844 
650     0.026346 
651     0.008893 
652     0.010711 
653     0.014437 
654     0.007059 
655     0.007151 
656     0.009861 
657     0.010820 
658     0.011169 
659     0.009962 
660     0.013600 
661     0.014593 
662     0.013276 
663     0.017724 
664     0.024465 
665     0.036171 
666     0.030133 
667     0.018899 
668     0.025035 
669     0.037923 
670     0.027934 
671     0.030823 
672     0.051793 
673     0.053743 
674     0.043934 
675     0.050648 
676     0.055281 
677     0.029215 
678     0.023762 
679     0.007441 
680     0.008032 
681     0.009911 
682     0.004746 
683     0.005188 
684     0.005137 
685     0.003290 
686     0.002724 
687     0.005143 
688     0.008239 
689     0.011744 
690     0.013772 
691     0.013577 
692     0.012851 
693     0.012143 
694     0.011525 
695     0.012287 
696     0.012711 
697     0.005890 
698     0.008204 
699     0.014420 
700     0.013965 
701     0.020958 
702     0.017289 
703     0.011352 
704     0.009939 
705     0.008057 
706     0.007277 
707     0.007411 
708     0.004604 
709     0.003451 
710     0.007627 
711     0.003502 
712     0.002193 
713     0.005396 
714     0.005819 
715     0.007749 
716     0.008613 
717     0.006524 
718     0.009857 
719     0.011768 
720     0.017186 
721     0.025734 
722     0.020630 
723     0.020101 
724     0.013680 
725     0.014079 
726     0.013392 
727     0.012554 
728     0.016149 
729     0.013680 
730     0.021884 
731     0.021220 
732     0.022740 
733     0.029426 
734     0.030961 
735     0.033233 
736     0.033252 
737     0.033570 
738     0.028597 
739     0.036041 
740     0.035943 
741     0.035781 
742     0.022178 
743     0.024278 
744     0.012429 
745     0.011617 
746     0.008991 
747     0.005935 
748     0.002761 
749     0.004494 
750     0.005705 
751     0.005496 
752     0.003819 
753     0.001796 
754     0.001316 
755     0.001316 
756     0.004060 
757     0.005928 
758     0.010420 
759     0.010186 
760     0.011272 
761     0.009941 
762     0.005673 
763     0.005604 
764     0.010075 
765     0.012617 
766     0.014858 
767     0.020869 
768     0.020471 
769     0.020017 
770     0.019944 
771     0.014293 
772     0.014882 
773     0.015948 
774     0.021854 
775     0.024026 
776     0.024559 
777     0.019600 
778     0.026539 
779     0.030452 
780     0.042428 
781     0.019449 
782     0.022923 
783     0.019681 
784     0.027548 
785     0.023939 
786     0.024758 
787     0.026955 
788     0.022653 
789     0.024381 
790     0.017737 
791     0.012126 
792     0.016994 
793     0.018585 
794     0.011159 
795     0.012766 
796     0.010029 
797     0.009735 
798     0.004868 
799     0.008676 
800     0.011266 
801     0.009885 
802     0.010484 
803     0.014083 
804     0.014348 
805     0.011334 
806     0.012098 
807     0.007339 
808     0.008285 
809     0.006919 
810     0.009015 
811     0.012153 
812     0.011116 
813     0.014493 
814     0.016366 
815     0.027290 
816     0.035301 
817     0.044627 
818     0.042470 
819     0.050621 
820     0.033942 
821     0.035282 
822     0.039434 
823     0.038310 
824     0.035115 
825     0.038688 
826     0.045276 
827     0.016855 
828     0.007310 
829     0.016290 
830     0.028801 
831     0.022803 
832     0.033978 
833     0.027338 
834     0.028782 
835     0.019283 
836     0.019102 
837     0.013989 
838     0.011029 
839     0.006471 
840     0.005128 
841     0.006442 
842     0.005947 
843     0.006294 
844     0.008835 
845     0.013571 
846     0.012013 
847     0.017663 
848     0.022446 
849     0.020597 
850     0.025177 
851     0.017084 
852     0.017726 
853     0.014827 
854     0.012600 
855     0.013429 
856     0.013283 
857     0.017529 
858     0.024300 
859     0.034719 
860     0.040732 
861     0.039038 
862     0.033157 
863     0.038335 
864     0.058763 
865     0.060691 
866     0.050965 
867     0.055181 
868     0.050216 
869     0.050718 
870     0.043396 
871     0.028516 
872     0.023171 
873     0.018663 
874     0.015447 
875     0.017031 
876     0.015983 
877     0.018275 
878     0.009905 
879     0.014634 
880     0.023729 
881     0.021142 
882     0.021522 
883     0.013501 
884     0.029940 
885     0.047758 
886     0.070027 
887     0.059479 
888     0.054362 
889     0.046251 
890     0.032153 
891     0.059730 
892     0.101188 
893     0.094251 
894     0.118804 
895     0.099424 
896     0.082048 
897     0.047814 
898     0.037490 
899     0.044827 
900     0.040921 
901     0.032080 
902     0.017953 
903     0.019102 
904     0.017086 
905     0.014297 
906     0.012611 
907     0.020956 
908     0.014506 
909     0.079306 
910     0.078180 
911     0.077365 
912     0.048846 
913     0.049942 
914     0.038592 
915     0.030908 
916     0.025756 
917     0.046098 
918     0.065436 
919     0.153459 
920     0.171907 
921     0.080711 
922     0.060630 
923     0.042613 
924     0.058606 
925     0.065150 
926     0.065462 
927     0.068804 
928     0.044090 
929     0.014631 
930     0.009782 
931     0.019000 
932     0.015526 
933     0.014983 
934     0.013943 
935     0.012563 
936     0.014271 
937     0.015893 
938     0.026058 
939     0.035618 
940     0.024308 
941     0.020961 
942     0.019702 
943     0.017038 
944     0.012104 
945     0.012837 
946     0.005332 
947     0.005514 
948     0.005882 
949     0.004074 
950     0.007503 
951     0.007564 
952     0.009884 
953     0.013401 
954     0.009515 
955     0.006777 
956     0.010090 
957     0.012299 
958     0.012033 
959     0.012189 
960     0.011725 
961     0.013973 
962     0.014649 
963     0.013794 
964     0.010596 
965     0.009045 
966     0.006572 
967     0.006567 
968     0.003847 
969     0.003853 
970     0.004648 
971     0.007148 
972     0.010144 
973     0.011103 
974     0.012267 
975     0.009499 
976     0.006729 
977     0.006930 
978     0.006115 
979     0.005803 
980     0.007089 
981     0.024432 
982     0.006232 
983     0.014858 
984     0.043541 
985     0.057444 
986     0.048255 
987     0.027611 
988     0.034906 
989     0.047394 
990     0.038010 
991     0.029582 
992     0.044573 
993     0.041656 
994     0.054849 
995     0.050923 
996     0.042829 
997     0.038656 
998     0.033155 
999     0.024137 
1000     0.032464 
1001     0.036283 
1002     0.028603 
1003     0.033241 
1004     0.043442 
1005     0.036442 
1006     0.029421 
1007     0.032739 
1008     0.034505 
1009     0.031706 
1010     0.024792 
1011     0.026584 
1012     0.025579 
1013     0.018558 
1014     0.018727 
1015     0.017773 
1016     0.009072 
1017     0.011686 
1018     0.015228 
1019     0.015709 
1020     0.021524 
1021     0.023700 
1022     0.019817 
1023     0.017602 
1024     0.017040 
1025     0.014584 
1026     0.014730 
1027     0.014574 
1028     0.013355 
1029     0.011415 
1030     0.011948 
1031     0.015306 
1032     0.008554 
1033     0.006552 
1034     0.012615 
1035     0.009671 
1036     0.004635 
1037     0.015224 
1038     0.014115 
1039     0.012248 
1040     0.024806 
1041     0.052607 
1042     0.042382 
1043     0.022767 
1044     0.041014 
1045     0.071902 
1046     0.043332 
1047     0.071359 
1048     0.125311 
1049     0.129302 
1050     0.108506 
1051     0.143239 
1052     0.152198 
1053     0.059703 
1054     0.046431 
1055     0.013555 
1056     0.024120 
1057     0.017110 
1058     0.027326 
1059     0.020033 
1060     0.019529 
1061     0.016749 
1062     0.014403 
1063     0.014933 
1064     0.015534 
1065     0.015602 
1066     0.012002 
1067     0.010631 
1068     0.009466 
1069     0.011110 
1070     0.005796 
1071     0.003019 
1072     0.001976 
1073     0.005320 
1074     0.008636 
1075     0.018328 
1076     0.028585 
1077     0.022904 
1078     0.023793 
1079     0.016612 
1080     0.022933 
1081     0.025712 
1082     0.019416 
1083     0.018431 
1084     0.021130 
1085     0.018144 
1086     0.025588 
1087     0.025210 
1088     0.015718 
1089     0.011419 
1090     0.013260 
1091     0.015060 
1092     0.013094 
1093     0.012279 
1094     0.009763 
1095     0.008654 
1096     0.008886 
1097     0.010251 
1098     0.011036 
1099     0.024676 
1100     0.034266 
1101     0.045224 
1102     0.034386 
1103     0.031674 
1104     0.037053 
1105     0.032052 
1106     0.020080 
1107     0.020831 
1108     0.023259 
1109     0.023413 
1110     0.014855 
1111     0.024585 
1112     0.030952 
1113     0.031160 
1114     0.037775 
1115     0.052626 
1116     0.072699 
1117     0.049991 
1118     0.060623 
1119     0.043501 
1120     0.035783 
1121     0.021300 
1122     0.022052 
1123     0.018631 
1124     0.020151 
1125     0.027482 
1126     0.038362 
1127     0.044184 
1128     0.035019 
1129     0.028544 
1130     0.019242 
1131     0.018555 
1132     0.024076 
1133     0.032017 
1134     0.046326 
1135     0.054479 
1136     0.062061 
1137     0.052510 
1138     0.038917 
1139     0.029338 
1140     0.034402 
1141     0.034375 
1142     0.033752 
1143     0.042648 
1144     0.036361 
1145     0.035108 
1146     0.037159 
1147     0.029950 
1148     0.027851 
1149     0.027534 
1150     0.031285 
1151     0.031943 
1152     0.050439 
1153     0.064885 
1154     0.070705 
1155     0.031370 
1156     0.071716 
1157     0.094475 
1158     0.041368 
1159     0.023098 
1160     0.019958 
1161     0.034126 
1162     0.036983 
1163     0.041567 
1164     0.036154 
1165     0.046133 
1166     0.036174 
1167     0.029006 
1168     0.038791 
1169     0.034391 
1170     0.027821 
1171     0.026201 
1172     0.024686 
1173     0.025889 
1174     0.020942 
1175     0.028975 
1176     0.038301 
1177     0.036444 
1178     0.042698 
1179     0.050596 
1180     0.050756 
1181     0.038875 
1182     0.039254 
1183     0.026268 
1184     0.020404 
1185     0.022109 
1186     0.024813 
1187     0.033230 
1188     0.024721 
1189     0.015309 
1190     0.034375 
1191     0.032633 
1192     0.054413 
1193     0.047820 
1194     0.061242 
1195     0.035674 
1196     0.031876 
1197     0.032008 
1198     0.034342 
1199     0.027019 
1200     0.022236 
1201     0.034517 
1202     0.044045 
1203     0.042719 
1204     0.046630 
1205     0.038407 
1206     0.045532 
1207     0.035240 
1208     0.030996 
1209     0.027368 
1210     0.013576 
1211     0.011706 
1212     0.009654 
1213     0.008163 
1214     0.011623 
1215     0.012888 
1216     0.014974 
1217     0.014836 
1218     0.012025 
1219     0.010681 
1220     0.010508 
1221     0.009975 
1222     0.006799 
1223     0.007301 
1224     0.012574 
1225     0.011774 
1226     0.021212 
1227     0.015170 
1228     0.033569 
1229     0.028165 
1230     0.034888 
1231     0.031901 
1232     0.029596 
1233     0.037918 
1234     0.032551 
1235     0.053386 
1236     0.032480 
1237     0.027878 
1238     0.039203 
1239     0.032102 
1240     0.051732 
1241     0.058942 
1242     0.039137 
1243     0.039551 
1244     0.027603 
1245     0.036964 
1246     0.031989 
1247     0.030173 
1248     0.019625 
1249     0.016870 
1250     0.013968 
1251     0.008441 
1252     0.008315 
1253     0.005661 
1254     0.010146 
1255     0.008550 
1256     0.006526 
1257     0.014228 
1258     0.022207 
1259     0.028383 
1260     0.033728 
1261     0.023947 
1262     0.026829 
1263     0.020331 
1264     0.023567 
1265     0.016541 
1266     0.016989 
1267     0.034618 
1268     0.045441 
1269     0.034710 
1270     0.034170 
1271     0.040212 
1272     0.043927 
1273     0.042318 
1274     0.035468 
1275     0.042423 
1276     0.029322 
1277     0.026864 
1278     0.022718 
1279     0.020013 
1280     0.018587 
1281     0.028402 
1282     0.033041 
1283     0.043686 
1284     0.038086 
1285     0.053627 
1286     0.056647 
1287     0.067902 
1288     0.053484 
1289     0.036178 
1290     0.024818 
1291     0.012996 
1292     0.006843 
1293     0.016486 
1294     0.047393 
1295     0.043103 
1296     0.054465 
1297     0.035426 
1298     0.022994 
1299     0.034284 
1300     0.042568 
1301     0.050151 
1302     0.036414 
1303     0.041969 
1304     0.031560 
1305     0.037758 
1306     0.020591 
1307     0.016717 
1308     0.016514 
1309     0.016274 
1310     0.016026 
1311     0.021862 
1312     0.028567 
1313     0.027725 
1314     0.033734 
1315     0.028196 
1316     0.019942 
1317     0.026328 
1318     0.024390 
1319     0.020916 
1320     0.021701 
1321     0.019714 
1322     0.018753 
1323     0.020983 
1324     0.022391 
1325     0.021686 
1326     0.020768 
1327     0.018983 
1328     0.016547 
1329     0.033480 
1330     0.039516 
1331     0.030658 
1332     0.041535 
1333     0.052512 
1334     0.067464 
1335     0.067427 
1336     0.037465 
1337     0.039591 
1338     0.063532 
1339     0.076403 
1340     0.054030 
1341     0.054021 
1342     0.029399 
1343     0.037669 
1344     0.055609 
1345     0.042340 
1346     0.033137 
1347     0.048606 
1348     0.058877 
1349     0.044498 
1350     0.056242 
1351     0.060567 
1352     0.046560 
1353     0.035688 
1354     0.012629 
1355     0.051585 
1356     0.065191 
1357     0.141967 
