  1     0.013854 
  2     0.014807 
  3     0.013597 
  4     0.011269 
  5     0.010871 
  6     0.008990 
  7     0.009407 
  8     0.008205 
  9     0.009314 
 10     0.008637 
 11     0.009924 
 12     0.011425 
 13     0.011044 
 14     0.010533 
 15     0.010163 
 16     0.010961 
 17     0.010367 
 18     0.011647 
 19     0.012073 
 20     0.014062 
 21     0.015341 
 22     0.014241 
 23     0.012421 
 24     0.010678 
 25     0.010885 
 26     0.010337 
 27     0.012527 
 28     0.013846 
 29     0.015207 
 30     0.017637 
 31     0.017880 
 32     0.016029 
 33     0.014078 
 34     0.011944 
 35     0.011081 
 36     0.012987 
 37     0.013769 
 38     0.013351 
 39     0.015815 
 40     0.017258 
 41     0.019786 
 42     0.021030 
 43     0.023380 
 44     0.025606 
 45     0.027169 
 46     0.024522 
 47     0.022858 
 48     0.020497 
 49     0.020071 
 50     0.017515 
 51     0.016536 
 52     0.017858 
 53     0.020215 
 54     0.019490 
 55     0.018859 
 56     0.020965 
 57     0.022550 
 58     0.021480 
 59     0.023206 
 60     0.024958 
 61     0.023762 
 62     0.022644 
 63     0.022019 
 64     0.021314 
 65     0.019896 
 66     0.017617 
 67     0.015866 
 68     0.013471 
 69     0.013484 
 70     0.011018 
 71     0.011664 
 72     0.012565 
 73     0.011065 
 74     0.010157 
 75     0.011766 
 76     0.013390 
 77     0.015827 
 78     0.016311 
 79     0.014453 
 80     0.015792 
 81     0.014828 
 82     0.015704 
 83     0.018026 
 84     0.017678 
 85     0.016926 
 86     0.019025 
 87     0.020281 
 88     0.019001 
 89     0.018801 
 90     0.020990 
 91     0.020344 
 92     0.020685 
 93     0.018595 
 94     0.018705 
 95     0.017437 
 96     0.015923 
 97     0.015862 
 98     0.013428 
 99     0.014277 
100     0.013428 
101     0.014788 
102     0.015723 
103     0.017684 
104     0.019901 
105     0.021022 
106     0.023894 
107     0.023118 
108     0.020691 
109     0.018487 
110     0.017042 
111     0.014632 
112     0.013310 
113     0.012043 
114     0.014294 
115     0.014786 
116     0.012560 
117     0.013272 
118     0.015292 
119     0.013822 
120     0.012632 
121     0.014886 
122     0.015503 
123     0.013527 
124     0.014095 
125     0.016453 
126     0.015835 
127     0.015055 
128     0.017008 
129     0.018519 
130     0.017475 
131     0.017515 
132     0.019287 
133     0.017935 
134     0.017271 
135     0.014885 
136     0.013807 
137     0.011586 
138     0.009841 
139     0.007553 
140     0.007205 
141     0.005960 
142     0.005602 
143     0.005323 
144     0.003965 
145     0.006153 
146     0.006376 
147     0.006541 
148     0.005372 
149     0.007238 
150     0.007814 
151     0.005720 
152     0.006168 
153     0.008550 
154     0.008109 
155     0.007262 
156     0.009227 
157     0.010621 
158     0.010388 
159     0.011128 
160     0.012877 
161     0.013566 
162     0.013863 
163     0.011941 
164     0.010411 
165     0.008240 
166     0.007377 
167     0.005295 
168     0.004531 
169     0.003394 
170     0.002544 
171     0.003798 
172     0.002057 
173     0.000809 
174     0.002987 
175     0.002558 
176     0.001589 
177     0.003788 
178     0.004524 
179     0.003306 
180     0.005037 
181     0.006948 
182     0.007654 
183     0.007135 
184     0.009506 
185     0.010997 
186     0.010703 
187     0.009145 
188     0.007366 
189     0.007085 
190     0.005175 
191     0.004817 
192     0.003048 
193     0.004574 
194     0.005281 
195     0.007490 
196     0.008420 
197     0.010785 
198     0.010711 
199     0.008441 
200     0.007883 
201     0.005976 
202     0.005764 
203     0.004386 
204     0.005531 
205     0.004657 
206     0.006556 
207     0.006429 
208     0.008743 
209     0.010135 
210     0.012306 
211     0.013948 
212     0.012454 
213     0.010648 
214     0.008739 
215     0.007530 
216     0.005258 
217     0.005250 
218     0.004373 
219     0.006698 
220     0.006623 
221     0.005792 
222     0.007432 
223     0.008108 
224     0.009669 
225     0.009719 
226     0.011896 
227     0.011479 
228     0.010956 
229     0.011913 
230     0.013936 
231     0.014499 
232     0.014429 
233     0.016065 
234     0.017446 
235     0.017674 
236     0.018045 
237     0.019771 
238     0.020975 
239     0.021106 
240     0.021861 
241     0.023620 
242     0.024376 
243     0.024485 
244     0.025835 
245     0.027202 
246     0.027731 
247     0.028370 
248     0.029721 
249     0.030147 
250     0.029187 
251     0.027212 
252     0.025901 
253     0.024582 
254     0.026536 
255     0.026179 
256     0.024158 
257     0.024659 
258     0.024497 
259     0.022454 
260     0.021380 
261     0.022020 
262     0.021121 
263     0.018868 
264     0.018661 
265     0.019169 
266     0.017786 
267     0.015765 
268     0.016026 
269     0.016155 
270     0.014177 
271     0.012906 
272     0.013786 
273     0.013328 
274     0.010955 
275     0.010725 
276     0.012880 
277     0.013936 
278     0.016203 
279     0.017292 
280     0.019745 
281     0.020446 
282     0.022503 
283     0.024037 
284     0.026376 
285     0.028040 
286     0.026477 
287     0.028260 
288     0.030848 
289     0.032797 
290     0.035274 
291     0.034750 
292     0.033242 
293     0.030961 
294     0.029297 
295     0.027536 
296     0.025444 
297     0.023767 
298     0.022309 
299     0.020649 
300     0.018619 
301     0.017119 
302     0.014873 
303     0.016005 
304     0.017770 
305     0.016158 
306     0.014726 
307     0.016906 
308     0.017016 
309     0.014705 
310     0.014199 
311     0.015350 
312     0.013874 
313     0.011807 
314     0.013099 
315     0.012968 
316     0.010501 
317     0.011073 
318     0.012281 
319     0.010266 
320     0.009299 
321     0.011411 
322     0.010951 
323     0.008781 
324     0.010121 
325     0.011946 
326     0.010501 
327     0.010019 
328     0.012367 
329     0.011714 
330     0.012387 
331     0.010923 
332     0.011160 
333     0.010614 
334     0.008153 
335     0.007362 
336     0.005053 
337     0.003900 
338     0.001954 
339     0.003195 
340     0.003994 
341     0.006383 
342     0.008247 
343     0.009096 
344     0.007053 
345     0.007584 
346     0.009203 
347     0.008548 
348     0.010184 
349     0.008772 
350     0.006880 
351     0.008583 
352     0.009406 
353     0.007327 
354     0.007594 
355     0.010051 
356     0.010007 
357     0.008454 
358     0.009094 
359     0.006817 
360     0.004689 
361     0.003437 
362     0.001133 
363     0.001486 
364     0.002798 
365     0.002804 
366     0.004978 
367     0.004793 
368     0.006851 
369     0.007147 
370     0.004997 
371     0.005028 
372     0.007245 
373     0.007262 
374     0.005448 
375     0.006317 
376     0.008496 
377     0.007977 
378     0.006886 
379     0.008871 
380     0.010163 
381     0.009242 
382     0.009451 
383     0.011843 
384     0.012203 
385     0.012420 
386     0.011091 
387     0.011166 
388     0.010611 
389     0.008167 
390     0.007074 
391     0.004727 
392     0.004229 
393     0.002502 
394     0.003439 
395     0.004103 
396     0.005564 
397     0.007220 
398     0.007993 
399     0.007201 
400     0.008732 
401     0.009647 
402     0.011620 
403     0.012880 
404     0.014418 
405     0.015902 
406     0.014415 
407     0.014431 
408     0.012520 
409     0.011423 
410     0.009754 
411     0.008220 
412     0.007081 
413     0.008100 
414     0.007339 
415     0.006488 
416     0.006112 
417     0.004907 
418     0.003074 
419     0.002958 
420     0.003994 
421     0.004483 
422     0.005812 
423     0.006187 
424     0.007649 
425     0.008147 
426     0.008661 
427     0.009434 
428     0.010507 
429     0.012591 
430     0.013302 
431     0.012624 
432     0.010801 
433     0.010609 
434     0.008764 
435     0.008590 
436     0.008849 
437     0.009383 
438     0.008735 
439     0.009692 
440     0.008358 
441     0.008930 
442     0.008164 
443     0.009359 
444     0.010290 
445     0.012314 
446     0.013417 
447     0.013696 
448     0.012741 
449     0.014355 
450     0.013806 
451     0.011583 
452     0.010544 
453     0.010415 
454     0.008516 
455     0.009430 
456     0.009263 
457     0.007355 
458     0.007722 
459     0.006164 
460     0.006913 
461     0.005934 
462     0.006425 
463     0.006650 
464     0.008627 
465     0.009747 
466     0.011863 
467     0.012322 
468     0.011726 
469     0.010497 
470     0.008227 
471     0.007923 
472     0.006338 
473     0.005735 
474     0.004944 
475     0.003850 
476     0.003441 
477     0.001869 
478     0.001517 
479     0.001123 
480     0.002079 
481     0.002249 
482     0.001731 
483     0.002786 
484     0.002926 
485     0.002224 
486     0.002418 
487     0.001490 
488     0.002663 
489     0.003022 
490     0.004305 
491     0.006201 
492     0.006807 
493     0.005090 
494     0.004730 
495     0.002491 
496     0.001032 
497     0.002379 
498     0.003810 
499     0.004769 
500     0.006894 
501     0.007784 
502     0.009976 
503     0.011159 
504     0.009507 
505     0.009828 
506     0.009093 
507     0.010170 
508     0.010437 
509     0.010979 
510     0.013455 
511     0.013339 
512     0.012222 
513     0.013892 
514     0.015708 
515     0.014851 
516     0.014909 
517     0.017084 
518     0.017897 
519     0.016872 
520     0.018095 
521     0.020022 
522     0.019992 
523     0.019446 
524     0.021741 
525     0.022809 
526     0.021952 
527     0.022716 
528     0.025448 
529     0.025348 
530     0.024155 
531     0.027112 
532     0.028873 
533     0.028730 
534     0.029269 
535     0.032916 
536     0.034569 
537     0.034449 
538     0.036836 
539     0.040174 
540     0.041273 
541     0.041711 
542     0.045115 
543     0.047699 
544     0.047935 
545     0.049706 
546     0.053162 
547     0.055022 
548     0.055846 
549     0.058280 
550     0.061394 
551     0.062637 
552     0.063388 
553     0.066237 
554     0.069391 
555     0.074240 
556     0.073206 
557     0.070088 
558     0.073390 
559     0.073334 
560     0.071694 
561     0.067723 
562     0.066269 
563     0.066335 
564     0.063411 
565     0.059879 
566     0.059546 
567     0.058751 
568     0.054827 
569     0.052802 
570     0.053025 
571     0.050638 
572     0.046802 
573     0.046517 
574     0.046224 
575     0.042096 
576     0.039967 
577     0.040514 
578     0.038051 
579     0.033265 
580     0.034173 
581     0.032904 
582     0.035630 
583     0.039630 
584     0.039181 
585     0.038629 
586     0.042800 
587     0.045392 
588     0.044749 
589     0.047285 
590     0.050866 
591     0.051799 
592     0.051793 
593     0.055713 
594     0.058916 
595     0.057669 
596     0.058722 
597     0.063690 
598     0.062217 
599     0.059524 
600     0.064441 
601     0.066665 
602     0.063004 
603     0.065037 
604     0.061545 
605     0.061807 
606     0.040131 
607     0.036911 
608     0.042142 
609     0.037883 
610     0.030076 
611     0.030488 
612     0.032360 
613     0.038726 
614     0.044189 
615     0.045120 
616     0.048129 
617     0.042069 
618     0.036855 
619     0.028197 
620     0.026956 
621     0.036437 
622     0.043059 
623     0.041735 
624     0.051186 
625     0.053572 
626     0.046338 
627     0.049586 
628     0.058606 
629     0.055237 
630     0.051325 
631     0.060772 
632     0.066138 
633     0.061829 
634     0.059394 
635     0.069184 
636     0.071180 
637     0.066662 
638     0.067055 
639     0.069490 
640     0.073806 
641     0.081772 
642     0.081783 
643     0.076547 
644     0.084381 
645     0.080726 
646     0.072517 
647     0.068423 
648     0.067505 
649     0.062292 
650     0.057092 
651     0.055287 
652     0.053292 
653     0.045956 
654     0.043055 
655     0.043408 
656     0.038396 
657     0.031488 
658     0.031118 
659     0.033071 
660     0.024879 
661     0.019418 
662     0.026338 
663     0.028214 
664     0.020002 
665     0.019931 
666     0.012028 
667     0.008080 
668     0.013058 
669     0.011994 
670     0.006758 
671     0.008016 
672     0.009255 
673     0.007946 
674     0.009510 
675     0.015426 
676     0.016116 
677     0.018178 
678     0.021367 
679     0.027107 
680     0.025743 
681     0.017385 
682     0.022336 
683     0.022267 
684     0.016068 
685     0.015367 
686     0.011787 
687     0.011224 
688     0.006963 
689     0.008171 
690     0.014167 
691     0.020997 
692     0.026475 
693     0.027157 
694     0.035176 
695     0.029744 
696     0.035393 
697     0.037885 
698     0.036898 
699     0.027259 
700     0.028122 
701     0.024057 
702     0.015440 
703     0.015488 
704     0.023614 
705     0.023737 
706     0.014955 
707     0.014967 
708     0.020465 
709     0.020523 
710     0.028714 
711     0.030037 
712     0.027118 
713     0.028313 
714     0.027609 
715     0.023642 
716     0.015399 
717     0.016007 
718     0.009981 
719     0.008358 
720     0.014522 
721     0.013733 
722     0.015269 
723     0.015547 
724     0.020818 
725     0.021074 
726     0.022531 
727     0.023003 
728     0.022775 
729     0.024435 
730     0.022486 
731     0.027959 
732     0.028267 
733     0.023547 
734     0.026876 
735     0.030997 
736     0.027972 
737     0.030008 
738     0.033791 
739     0.032973 
740     0.034776 
741     0.030515 
742     0.034227 
743     0.030673 
744     0.034544 
745     0.029787 
746     0.031087 
747     0.031606 
748     0.025472 
749     0.033887 
750     0.037276 
751     0.037561 
752     0.032328 
753     0.025219 
754     0.024705 
755     0.030417 
756     0.039436 
757     0.041107 
758     0.046231 
759     0.043112 
760     0.038176 
761     0.033561 
762     0.028590 
763     0.034447 
764     0.037578 
765     0.036114 
766     0.044035 
767     0.050999 
768     0.056176 
769     0.051741 
770     0.048097 
771     0.039296 
772     0.041018 
773     0.043321 
774     0.053024 
775     0.061585 
776     0.067041 
777     0.077032 
778     0.076412 
779     0.086873 
780     0.087138 
781     0.088502 
782     0.088036 
783     0.078356 
784     0.076031 
785     0.066581 
786     0.064086 
787     0.057200 
788     0.056085 
789     0.061549 
790     0.060532 
791     0.051195 
792     0.051792 
793     0.048078 
794     0.040086 
795     0.041205 
796     0.039210 
797     0.045223 
798     0.046588 
799     0.053021 
800     0.053746 
801     0.052488 
802     0.049242 
803     0.057888 
804     0.055346 
805     0.049221 
806     0.056250 
807     0.050473 
808     0.047212 
809     0.039288 
810     0.039534 
811     0.044708 
812     0.039390 
813     0.039454 
814     0.038872 
815     0.033622 
816     0.034980 
817     0.030396 
818     0.033485 
819     0.028775 
820     0.029348 
821     0.024541 
822     0.024744 
823     0.027663 
824     0.023736 
825     0.019178 
826     0.013566 
827     0.009019 
828     0.007249 
829     0.010229 
830     0.008387 
831     0.011734 
832     0.009464 
833     0.014618 
834     0.017977 
835     0.016856 
836     0.016997 
837     0.011873 
838     0.013618 
839     0.017427 
840     0.020314 
841     0.020425 
842     0.013001 
843     0.008648 
844     0.007637 
845     0.013249 
846     0.009573 
847     0.006249 
848     0.008098 
849     0.010183 
850     0.009724 
851     0.015088 
852     0.013032 
853     0.014511 
854     0.016107 
855     0.016524 
856     0.020040 
857     0.021097 
858     0.025672 
859     0.028775 
860     0.025971 
861     0.022073 
862     0.016777 
863     0.013973 
864     0.009589 
865     0.011085 
866     0.016393 
867     0.016665 
868     0.018834 
869     0.017226 
870     0.020439 
871     0.021228 
872     0.025114 
873     0.026628 
874     0.027720 
875     0.029432 
876     0.026961 
877     0.030459 
878     0.030685 
879     0.026474 
880     0.027580 
881     0.031419 
882     0.031861 
883     0.035107 
884     0.036139 
885     0.033253 
886     0.034869 
887     0.032091 
888     0.033303 
889     0.031538 
890     0.030907 
891     0.034626 
892     0.038104 
893     0.037823 
894     0.036314 
895     0.037485 
896     0.033881 
897     0.034414 
898     0.030495 
899     0.030560 
900     0.031657 
901     0.027541 
902     0.024372 
903     0.020741 
904     0.017556 
905     0.015558 
906     0.018340 
907     0.018823 
908     0.022944 
909     0.023712 
910     0.027259 
911     0.027626 
912     0.030559 
913     0.029152 
914     0.024169 
915     0.022484 
916     0.025849 
917     0.023120 
918     0.024416 
919     0.026215 
920     0.031635 
921     0.030426 
922     0.028561 
923     0.025580 
924     0.021405 
925     0.021981 
926     0.022974 
927     0.020557 
928     0.021941 
929     0.019302 
930     0.021490 
931     0.021657 
932     0.023483 
933     0.027484 
934     0.029471 
935     0.032963 
936     0.032961 
937     0.036701 
938     0.037331 
939     0.040104 
940     0.039351 
941     0.038055 
942     0.035191 
943     0.033988 
944     0.033194 
945     0.031411 
946     0.028628 
947     0.027686 
948     0.027555 
949     0.025224 
950     0.022665 
951     0.021822 
952     0.021463 
953     0.017816 
954     0.017215 
955     0.016198 
956     0.016494 
957     0.019717 
958     0.017829 
959     0.020756 
960     0.020532 
961     0.022536 
962     0.021585 
963     0.019843 
964     0.017108 
965     0.015581 
966     0.012749 
967     0.014344 
968     0.012657 
969     0.008929 
970     0.008038 
971     0.009651 
972     0.013079 
973     0.016464 
974     0.018327 
975     0.015552 
976     0.012865 
977     0.009285 
978     0.006052 
979     0.002827 
980     0.005929 
981     0.007293 
982     0.008865 
983     0.010706 
984     0.012059 
985     0.013992 
986     0.014735 
987     0.013283 
988     0.014978 
989     0.015386 
990     0.013305 
991     0.013207 
992     0.015347 
993     0.016502 
994     0.018510 
995     0.017858 
996     0.018429 
997     0.018268 
998     0.017142 
999     0.014884 
1000     0.014208 
1001     0.014689 
1002     0.013554 
1003     0.011628 
1004     0.011880 
1005     0.012737 
1006     0.010721 
1007     0.009760 
1008     0.011632 
1009     0.011515 
1010     0.009224 
1011     0.009752 
1012     0.011226 
1013     0.009467 
1014     0.007877 
1015     0.006076 
1016     0.005647 
1017     0.007984 
1018     0.007716 
1019     0.005681 
1020     0.007175 
1021     0.007397 
1022     0.005635 
1023     0.007224 
1024     0.007313 
1025     0.005034 
1026     0.005648 
1027     0.007757 
1028     0.006812 
1029     0.006125 
1030     0.008098 
1031     0.009261 
1032     0.008254 
1033     0.009111 
1034     0.011039 
1035     0.010804 
1036     0.010722 
1037     0.012663 
1038     0.013502 
1039     0.012907 
1040     0.013753 
1041     0.015827 
1042     0.016006 
1043     0.014487 
1044     0.015490 
1045     0.017477 
1046     0.016438 
1047     0.016092 
1048     0.017962 
1049     0.019042 
1050     0.017574 
1051     0.018386 
1052     0.020154 
1053     0.018795 
1054     0.016860 
1055     0.016804 
1056     0.016869 
1057     0.017098 
1058     0.018284 
1059     0.017347 
1060     0.016929 
1061     0.016315 
1062     0.015042 
1063     0.013088 
1064     0.013336 
1065     0.012667 
1066     0.010682 
1067     0.008854 
1068     0.007362 
1069     0.007722 
1070     0.006893 
1071     0.008874 
1072     0.007980 
1073     0.008570 
1074     0.009796 
1075     0.011280 
1076     0.011891 
1077     0.014072 
1078     0.014306 
1079     0.013331 
1080     0.013265 
1081     0.014910 
1082     0.014657 
1083     0.012570 
1084     0.012743 
1085     0.014577 
1086     0.015209 
1087     0.013409 
1088     0.013506 
1089     0.012383 
1090     0.010687 
1091     0.010601 
1092     0.010793 
1093     0.012136 
1094     0.012617 
1095     0.014530 
1096     0.015325 
1097     0.016142 
1098     0.017237 
1099     0.016855 
1100     0.016040 
1101     0.015202 
1102     0.014324 
1103     0.012232 
1104     0.011940 
1105     0.010423 
1106     0.011636 
1107     0.010813 
1108     0.011754 
1109     0.013947 
1110     0.014495 
1111     0.014353 
1112     0.015443 
1113     0.014665 
1114     0.015412 
1115     0.015783 
1116     0.016057 
1117     0.016831 
1118     0.018575 
1119     0.018606 
1120     0.019807 
1121     0.019005 
1122     0.019999 
1123     0.019951 
1124     0.018986 
1125     0.020760 
1126     0.021036 
1127     0.021462 
1128     0.020721 
1129     0.018872 
1130     0.018330 
1131     0.019481 
1132     0.021538 
1133     0.022467 
1134     0.023960 
1135     0.023412 
1136     0.022906 
1137     0.022106 
1138     0.020498 
1139     0.020818 
1140     0.021424 
1141     0.020024 
1142     0.019881 
1143     0.019783 
1144     0.020002 
1145     0.017950 
1146     0.017240 
1147     0.017074 
1148     0.015397 
1149     0.016359 
1150     0.016702 
1151     0.017835 
1152     0.016430 
1153     0.016792 
1154     0.015181 
1155     0.015112 
1156     0.013046 
1157     0.011465 
1158     0.013056 
1159     0.013648 
1160     0.014670 
1161     0.015718 
1162     0.017180 
1163     0.018146 
1164     0.019141 
1165     0.021196 
1166     0.022303 
1167     0.021207 
1168     0.020885 
1169     0.018887 
1170     0.018453 
1171     0.018040 
1172     0.019525 
1173     0.021554 
1174     0.022678 
1175     0.024471 
1176     0.025210 
1177     0.024616 
1178     0.024171 
1179     0.025882 
1180     0.025186 
1181     0.023803 
1182     0.025051 
1183     0.023541 
1184     0.022487 
1185     0.021334 
1186     0.021502 
1187     0.022830 
1188     0.021852 
1189     0.020565 
1190     0.019159 
1191     0.016950 
1192     0.016378 
1193     0.016030 
1194     0.016220 
1195     0.016403 
1196     0.016917 
1197     0.016709 
1198     0.018028 
1199     0.017174 
1200     0.017393 
1201     0.017135 
1202     0.017200 
1203     0.015734 
1204     0.016427 
1205     0.016442 
1206     0.017081 
1207     0.016715 
1208     0.016988 
1209     0.016452 
1210     0.014665 
1211     0.015069 
1212     0.016229 
1213     0.016028 
1214     0.017020 
1215     0.016563 
1216     0.017608 
1217     0.016737 
1218     0.014785 
1219     0.014799 
1220     0.013143 
1221     0.012059 
1222     0.013647 
1223     0.013506 
1224     0.014802 
1225     0.016657 
1226     0.016793 
1227     0.016127 
1228     0.016010 
1229     0.015145 
1230     0.014049 
1231     0.013182 
1232     0.010773 
1233     0.009893 
1234     0.008803 
1235     0.006950 
1236     0.009056 
1237     0.011073 
1238     0.012358 
1239     0.014383 
1240     0.016541 
1241     0.017976 
1242     0.017809 
1243     0.017420 
1244     0.015093 
1245     0.014814 
1246     0.013547 
1247     0.014608 
1248     0.014429 
1249     0.015528 
1250     0.018687 
1251     0.020837 
1252     0.025005 
1253     0.024849 
1254     0.023295 
1255     0.025056 
1256     0.028738 
1257     0.028201 
1258     0.025066 
1259     0.022097 
1260     0.017942 
1261     0.016353 
1262     0.012877 
1263     0.011434 
1264     0.008787 
1265     0.010428 
1266     0.010686 
1267     0.011436 
1268     0.009151 
1269     0.008670 
1270     0.011681 
1271     0.013480 
1272     0.017051 
1273     0.020537 
1274     0.022523 
1275     0.026491 
1276     0.028650 
1277     0.029486 
1278     0.025585 
1279     0.027303 
1280     0.025746 
1281     0.023593 
1282     0.024000 
1283     0.021570 
1284     0.020910 
1285     0.020433 
1286     0.018887 
1287     0.020683 
1288     0.019270 
1289     0.016583 
1290     0.016597 
1291     0.016320 
1292     0.017898 
1293     0.019663 
1294     0.021380 
1295     0.023295 
1296     0.023288 
1297     0.020615 
1298     0.021479 
1299     0.019658 
1300     0.019454 
1301     0.019155 
1302     0.016781 
1303     0.017464 
1304     0.016667 
1305     0.018247 
1306     0.019379 
1307     0.018421 
1308     0.019564 
1309     0.018652 
1310     0.021351 
1311     0.021942 
1312     0.024328 
1313     0.025442 
1314     0.027046 
1315     0.029106 
1316     0.033359 
1317     0.033437 
1318     0.030365 
1319     0.032602 
1320     0.036184 
1321     0.034596 
1322     0.032859 
1323     0.036691 
1324     0.038880 
1325     0.036934 
1326     0.036585 
1327     0.041207 
1328     0.041642 
1329     0.039545 
1330     0.042105 
1331     0.046571 
1332     0.045354 
1333     0.046482 
1334     0.045814 
1335     0.048188 
1336     0.051482 
1337     0.056048 
1338     0.058533 
1339     0.058331 
1340     0.054571 
1341     0.050709 
1342     0.051802 
1343     0.049352 
1344     0.050847 
1345     0.050912 
1346     0.052123 
1347     0.056224 
1348     0.059163 
1349     0.058988 
1350     0.062084 
1351     0.060975 
1352     0.057098 
1353     0.057600 
1354     0.055405 
1355     0.051364 
1356     0.052061 
1357     0.049085 
