  1     0.009188 
  2     0.009443 
  3     0.008339 
  4     0.007290 
  5     0.006976 
  6     0.006005 
  7     0.006650 
  8     0.006139 
  9     0.007114 
 10     0.006770 
 11     0.007658 
 12     0.008450 
 13     0.007971 
 14     0.007554 
 15     0.006904 
 16     0.007047 
 17     0.006238 
 18     0.006666 
 19     0.006462 
 20     0.007228 
 21     0.007603 
 22     0.006544 
 23     0.005626 
 24     0.005176 
 25     0.005534 
 26     0.005784 
 27     0.007153 
 28     0.008122 
 29     0.009306 
 30     0.010716 
 31     0.010891 
 32     0.009507 
 33     0.008760 
 34     0.007350 
 35     0.007400 
 36     0.008713 
 37     0.009540 
 38     0.009441 
 39     0.010879 
 40     0.011696 
 41     0.013077 
 42     0.013660 
 43     0.014918 
 44     0.015320 
 45     0.017607 
 46     0.015611 
 47     0.014116 
 48     0.013316 
 49     0.012983 
 50     0.011652 
 51     0.011013 
 52     0.011777 
 53     0.013214 
 54     0.012910 
 55     0.012694 
 56     0.014010 
 57     0.014904 
 58     0.014318 
 59     0.015463 
 60     0.016395 
 61     0.015353 
 62     0.014846 
 63     0.014233 
 64     0.013817 
 65     0.013172 
 66     0.011864 
 67     0.010955 
 68     0.009687 
 69     0.009750 
 70     0.008362 
 71     0.008604 
 72     0.009016 
 73     0.008346 
 74     0.007678 
 75     0.008152 
 76     0.008934 
 77     0.010331 
 78     0.010229 
 79     0.009193 
 80     0.009938 
 81     0.009781 
 82     0.010369 
 83     0.011521 
 84     0.011452 
 85     0.011345 
 86     0.012373 
 87     0.013180 
 88     0.012633 
 89     0.012495 
 90     0.013763 
 91     0.013314 
 92     0.013406 
 93     0.012272 
 94     0.012247 
 95     0.011418 
 96     0.010879 
 97     0.010916 
 98     0.009517 
 99     0.009620 
100     0.009296 
101     0.010109 
102     0.010878 
103     0.011955 
104     0.013125 
105     0.013609 
106     0.013566 
107     0.014294 
108     0.013625 
109     0.012663 
110     0.011915 
111     0.010623 
112     0.009813 
113     0.009235 
114     0.010545 
115     0.010661 
116     0.009293 
117     0.009713 
118     0.010822 
119     0.009703 
120     0.008983 
121     0.010265 
122     0.010332 
123     0.008967 
124     0.009351 
125     0.010577 
126     0.009822 
127     0.009239 
128     0.010552 
129     0.011132 
130     0.010113 
131     0.010183 
132     0.011494 
133     0.011013 
134     0.011137 
135     0.009720 
136     0.009574 
137     0.008181 
138     0.007046 
139     0.005744 
140     0.005862 
141     0.005262 
142     0.005215 
143     0.004975 
144     0.003915 
145     0.004843 
146     0.005227 
147     0.004923 
148     0.004686 
149     0.006009 
150     0.006412 
151     0.005439 
152     0.005907 
153     0.007235 
154     0.006922 
155     0.006566 
156     0.007856 
157     0.008442 
158     0.008119 
159     0.008825 
160     0.009883 
161     0.009939 
162     0.010143 
163     0.008825 
164     0.008083 
165     0.006752 
166     0.005925 
167     0.004791 
168     0.004676 
169     0.003813 
170     0.003472 
171     0.004091 
172     0.003138 
173     0.002068 
174     0.002781 
175     0.002653 
176     0.001481 
177     0.001472 
178     0.002054 
179     0.001125 
180     0.001152 
181     0.002227 
182     0.002307 
183     0.002228 
184     0.003597 
185     0.004598 
186     0.004629 
187     0.003956 
188     0.003393 
189     0.003536 
190     0.003168 
191     0.003722 
192     0.003306 
193     0.004530 
194     0.005037 
195     0.006373 
196     0.006855 
197     0.008193 
198     0.008106 
199     0.006784 
200     0.006371 
201     0.005056 
202     0.004589 
203     0.003325 
204     0.003298 
205     0.002189 
206     0.002629 
207     0.002246 
208     0.003410 
209     0.004106 
210     0.005424 
211     0.006402 
212     0.005546 
213     0.004506 
214     0.003360 
215     0.002623 
216     0.001398 
217     0.001421 
218     0.001670 
219     0.002805 
220     0.003315 
221     0.003654 
222     0.004961 
223     0.005921 
224     0.007043 
225     0.007302 
226     0.008525 
227     0.008494 
228     0.008355 
229     0.008945 
230     0.010082 
231     0.010428 
232     0.010636 
233     0.011605 
234     0.012283 
235     0.012605 
236     0.012981 
237     0.013899 
238     0.014610 
239     0.014911 
240     0.015456 
241     0.016304 
242     0.016897 
243     0.017211 
244     0.017978 
245     0.018676 
246     0.019263 
247     0.019774 
248     0.020594 
249     0.020603 
250     0.019746 
251     0.018294 
252     0.017506 
253     0.016462 
254     0.017598 
255     0.017451 
256     0.016069 
257     0.016419 
258     0.016505 
259     0.015245 
260     0.014522 
261     0.015027 
262     0.014652 
263     0.013202 
264     0.013027 
265     0.013553 
266     0.012784 
267     0.011425 
268     0.011607 
269     0.011967 
270     0.010742 
271     0.009815 
272     0.010522 
273     0.010551 
274     0.008996 
275     0.009003 
276     0.010438 
277     0.011392 
278     0.012611 
279     0.012998 
280     0.014465 
281     0.014735 
282     0.015973 
283     0.016772 
284     0.018327 
285     0.019340 
286     0.018087 
287     0.019073 
288     0.021211 
289     0.022841 
290     0.024957 
291     0.024729 
292     0.023428 
293     0.021516 
294     0.020345 
295     0.019252 
296     0.017910 
297     0.016989 
298     0.016167 
299     0.015291 
300     0.013950 
301     0.013262 
302     0.011839 
303     0.012636 
304     0.013535 
305     0.012247 
306     0.011426 
307     0.012681 
308     0.012473 
309     0.010974 
310     0.010760 
311     0.011113 
312     0.010111 
313     0.008971 
314     0.009578 
315     0.009189 
316     0.007785 
317     0.008045 
318     0.008308 
319     0.006906 
320     0.006425 
321     0.007357 
322     0.006643 
323     0.005321 
324     0.006017 
325     0.006683 
326     0.005365 
327     0.005036 
328     0.006447 
329     0.006593 
330     0.007568 
331     0.007277 
332     0.007297 
333     0.006396 
334     0.005123 
335     0.004509 
336     0.003695 
337     0.003808 
338     0.003250 
339     0.004093 
340     0.004303 
341     0.005595 
342     0.006620 
343     0.007342 
344     0.006324 
345     0.006596 
346     0.007804 
347     0.007748 
348     0.008614 
349     0.007556 
350     0.006626 
351     0.007724 
352     0.007872 
353     0.006519 
354     0.006858 
355     0.008187 
356     0.007688 
357     0.006621 
358     0.007363 
359     0.006131 
360     0.005288 
361     0.004507 
362     0.003151 
363     0.003052 
364     0.001932 
365     0.002586 
366     0.003767 
367     0.004339 
368     0.005355 
369     0.004876 
370     0.003593 
371     0.004074 
372     0.004970 
373     0.004258 
374     0.003399 
375     0.004426 
376     0.005170 
377     0.004336 
378     0.004230 
379     0.005615 
380     0.005731 
381     0.005180 
382     0.005926 
383     0.007122 
384     0.006809 
385     0.006530 
386     0.005468 
387     0.005497 
388     0.004785 
389     0.003453 
390     0.002847 
391     0.001835 
392     0.001112 
393     0.001054 
394     0.001533 
395     0.002365 
396     0.003396 
397     0.003764 
398     0.003446 
399     0.003515 
400     0.004025 
401     0.004702 
402     0.005596 
403     0.005982 
404     0.006704 
405     0.007191 
406     0.006461 
407     0.006136 
408     0.005283 
409     0.004652 
410     0.003847 
411     0.003317 
412     0.002630 
413     0.002842 
414     0.002912 
415     0.002487 
416     0.001656 
417     0.000853 
418     0.001251 
419     0.001808 
420     0.001306 
421     0.001632 
422     0.002155 
423     0.002065 
424     0.002657 
425     0.003100 
426     0.004002 
427     0.004893 
428     0.006170 
429     0.006862 
430     0.007880 
431     0.008157 
432     0.008175 
433     0.007752 
434     0.007629 
435     0.007027 
436     0.006141 
437     0.006075 
438     0.004923 
439     0.005494 
440     0.004719 
441     0.004865 
442     0.004304 
443     0.004389 
444     0.003869 
445     0.004681 
446     0.005071 
447     0.005752 
448     0.005918 
449     0.006769 
450     0.006188 
451     0.005456 
452     0.005776 
453     0.006062 
454     0.005505 
455     0.006125 
456     0.006127 
457     0.005678 
458     0.006292 
459     0.005930 
460     0.006975 
461     0.007214 
462     0.006699 
463     0.007209 
464     0.007915 
465     0.007334 
466     0.007497 
467     0.007043 
468     0.005841 
469     0.005618 
470     0.005328 
471     0.004098 
472     0.004128 
473     0.003208 
474     0.003562 
475     0.002928 
476     0.003168 
477     0.003023 
478     0.002859 
479     0.003225 
480     0.002998 
481     0.003711 
482     0.003210 
483     0.003997 
484     0.003777 
485     0.004401 
486     0.004583 
487     0.004555 
488     0.004568 
489     0.004240 
490     0.004355 
491     0.003290 
492     0.003607 
493     0.004225 
494     0.003874 
495     0.004861 
496     0.005134 
497     0.005608 
498     0.006214 
499     0.005948 
500     0.006776 
501     0.006468 
502     0.006942 
503     0.007224 
504     0.006928 
505     0.007278 
506     0.007345 
507     0.008269 
508     0.008686 
509     0.009208 
510     0.010628 
511     0.010424 
512     0.009889 
513     0.010902 
514     0.012032 
515     0.011280 
516     0.011338 
517     0.012930 
518     0.013300 
519     0.012376 
520     0.013050 
521     0.014449 
522     0.014040 
523     0.013301 
524     0.014108 
525     0.014489 
526     0.013808 
527     0.014007 
528     0.013604 
529     0.013709 
530     0.015214 
531     0.013832 
532     0.012701 
533     0.013744 
534     0.014519 
535     0.011209 
536     0.009649 
537     0.011567 
538     0.010617 
539     0.006143 
540     0.005659 
541     0.007374 
542     0.006194 
543     0.001568 
544     0.001898 
545     0.005637 
546     0.007020 
547     0.005613 
548     0.005029 
549     0.009807 
550     0.011857 
551     0.010939 
552     0.010997 
553     0.015683 
554     0.017383 
555     0.022650 
556     0.023058 
557     0.021401 
558     0.025249 
559     0.025145 
560     0.025316 
561     0.021592 
562     0.018593 
563     0.019724 
564     0.018256 
565     0.014184 
566     0.012845 
567     0.013928 
568     0.010487 
569     0.007023 
570     0.008844 
571     0.007702 
572     0.002992 
573     0.004545 
574     0.007412 
575     0.004048 
576     0.005323 
577     0.009308 
578     0.010085 
579     0.010404 
580     0.006908 
581     0.007944 
582     0.005556 
583     0.001568 
584     0.003658 
585     0.007665 
586     0.007165 
587     0.005374 
588     0.007535 
589     0.011788 
590     0.011345 
591     0.010267 
592     0.013610 
593     0.017197 
594     0.017138 
595     0.015252 
596     0.019279 
597     0.021614 
598     0.018322 
599     0.019249 
600     0.024181 
601     0.022907 
602     0.020244 
603     0.025304 
604     0.024304 
605     0.023752 
606     0.007130 
607     0.007689 
608     0.010539 
609     0.009739 
610     0.008620 
611     0.005706 
612     0.006338 
613     0.006349 
614     0.004269 
615     0.002446 
616     0.003732 
617     0.006505 
618     0.009526 
619     0.010484 
620     0.012329 
621     0.012051 
622     0.012225 
623     0.010600 
624     0.011807 
625     0.009349 
626     0.007075 
627     0.008451 
628     0.008198 
629     0.004848 
630     0.005017 
631     0.007356 
632     0.006057 
633     0.003751 
634     0.005328 
635     0.008251 
636     0.008746 
637     0.009405 
638     0.010423 
639     0.013152 
640     0.015632 
641     0.016581 
642     0.017366 
643     0.017102 
644     0.019980 
645     0.017916 
646     0.015554 
647     0.013423 
648     0.011811 
649     0.011167 
650     0.009559 
651     0.007754 
652     0.006639 
653     0.005345 
654     0.004367 
655     0.002681 
656     0.002924 
657     0.001886 
658     0.003000 
659     0.003760 
660     0.004878 
661     0.006281 
662     0.007106 
663     0.008555 
664     0.009524 
665     0.012353 
666     0.011627 
667     0.009048 
668     0.010243 
669     0.013023 
670     0.011775 
671     0.010978 
672     0.013208 
673     0.015280 
674     0.014005 
675     0.016217 
676     0.018038 
677     0.015981 
678     0.014144 
679     0.013958 
680     0.012952 
681     0.012646 
682     0.013705 
683     0.011742 
684     0.011687 
685     0.011216 
686     0.009145 
687     0.006466 
688     0.007714 
689     0.008562 
690     0.006382 
691     0.005901 
692     0.003523 
693     0.002786 
694     0.003426 
695     0.002384 
696     0.004821 
697     0.006450 
698     0.008528 
699     0.007589 
700     0.008882 
701     0.011124 
702     0.009798 
703     0.007852 
704     0.007863 
705     0.008994 
706     0.008397 
707     0.005574 
708     0.004771 
709     0.007201 
710     0.007424 
711     0.004823 
712     0.004018 
713     0.002768 
714     0.002064 
715     0.002167 
716     0.004327 
717     0.004936 
718     0.007600 
719     0.009802 
720     0.010049 
721     0.011776 
722     0.014279 
723     0.017461 
724     0.018756 
725     0.020058 
726     0.020534 
727     0.020415 
728     0.019911 
729     0.019816 
730     0.019575 
731     0.017207 
732     0.017817 
733     0.018677 
734     0.017327 
735     0.016608 
736     0.018059 
737     0.018277 
738     0.019268 
739     0.019566 
740     0.019620 
741     0.020812 
742     0.021031 
743     0.019274 
744     0.018331 
745     0.016205 
746     0.015296 
747     0.016018 
748     0.014779 
749     0.017049 
750     0.019144 
751     0.019696 
752     0.017529 
753     0.015326 
754     0.013638 
755     0.014152 
756     0.016892 
757     0.018958 
758     0.021728 
759     0.021866 
760     0.021553 
761     0.019992 
762     0.017305 
763     0.017192 
764     0.018721 
765     0.017668 
766     0.017624 
767     0.019065 
768     0.018113 
769     0.015495 
770     0.016323 
771     0.014367 
772     0.011978 
773     0.011100 
774     0.011898 
775     0.014750 
776     0.016107 
777     0.020503 
778     0.021781 
779     0.025766 
780     0.026828 
781     0.025559 
782     0.023045 
783     0.019902 
784     0.016496 
785     0.013053 
786     0.011279 
787     0.010384 
788     0.013052 
789     0.014576 
790     0.016914 
791     0.015180 
792     0.013296 
793     0.011156 
794     0.011659 
795     0.012630 
796     0.014970 
797     0.017829 
798     0.018374 
799     0.021387 
800     0.022736 
801     0.021428 
802     0.021264 
803     0.023212 
804     0.022432 
805     0.019296 
806     0.020132 
807     0.018573 
808     0.015856 
809     0.015425 
810     0.015754 
811     0.018024 
812     0.017704 
813     0.018174 
814     0.018951 
815     0.017407 
816     0.018221 
817     0.018522 
818     0.018666 
819     0.018796 
820     0.018827 
821     0.019122 
822     0.018962 
823     0.017915 
824     0.018638 
825     0.019893 
826     0.020833 
827     0.021430 
828     0.021601 
829     0.020011 
830     0.018702 
831     0.017059 
832     0.016871 
833     0.016638 
834     0.015199 
835     0.013352 
836     0.014987 
837     0.014195 
838     0.013113 
839     0.013385 
840     0.012441 
841     0.010182 
842     0.008409 
843     0.010239 
844     0.009155 
845     0.010398 
846     0.011596 
847     0.011507 
848     0.013859 
849     0.015915 
850     0.017673 
851     0.018686 
852     0.019828 
853     0.020500 
854     0.021439 
855     0.021553 
856     0.022693 
857     0.021553 
858     0.018826 
859     0.018300 
860     0.017506 
861     0.018944 
862     0.021552 
863     0.022339 
864     0.024593 
865     0.024090 
866     0.021876 
867     0.021617 
868     0.019677 
869     0.020512 
870     0.018557 
871     0.017840 
872     0.013524 
873     0.011870 
874     0.010644 
875     0.008503 
876     0.013894 
877     0.014199 
878     0.013813 
879     0.017673 
880     0.021142 
881     0.021921 
882     0.019485 
883     0.016435 
884     0.011217 
885     0.007671 
886     0.004109 
887     0.006260 
888     0.007064 
889     0.011767 
890     0.014848 
891     0.010370 
892     0.004015 
893     0.001866 
894     0.007698 
895     0.008145 
896     0.010571 
897     0.015189 
898     0.017371 
899     0.022830 
900     0.025006 
901     0.024887 
902     0.022213 
903     0.024736 
904     0.024713 
905     0.026200 
906     0.024722 
907     0.022774 
908     0.019660 
909     0.019731 
910     0.016924 
911     0.018937 
912     0.016405 
913     0.014473 
914     0.017637 
915     0.018678 
916     0.018072 
917     0.019345 
918     0.019541 
919     0.020224 
920     0.018437 
921     0.017746 
922     0.018967 
923     0.019136 
924     0.020812 
925     0.020025 
926     0.017537 
927     0.019079 
928     0.017265 
929     0.019911 
930     0.017789 
931     0.016936 
932     0.015516 
933     0.011493 
934     0.009782 
935     0.007089 
936     0.009069 
937     0.004555 
938     0.000880 
939     0.006054 
940     0.008451 
941     0.012539 
942     0.008054 
943     0.007345 
944     0.013661 
945     0.016080 
946     0.014935 
947     0.017952 
948     0.023334 
949     0.024639 
950     0.025344 
951     0.028267 
952     0.034848 
953     0.039427 
954     0.036242 
955     0.042546 
956     0.046970 
957     0.050696 
958     0.060012 
959     0.071988 
960     0.087016 
961     0.090316 
962     0.081586 
963     0.070355 
964     0.060751 
965     0.065193 
966     0.078332 
967     0.087154 
968     0.100500 
969     0.093047 
970     0.079259 
971     0.070520 
972     0.072469 
973     0.083157 
974     0.098844 
975     0.103170 
976     0.104559 
977     0.098034 
978     0.090179 
979     0.086989 
980     0.071680 
981     0.071917 
982     0.001267 
983     0.002397 
984     0.003040 
985     0.003731 
986     0.003774 
987     0.003290 
988     0.004357 
989     0.004805 
990     0.004194 
991     0.004296 
992     0.005446 
993     0.005736 
994     0.006365 
995     0.005507 
996     0.005895 
997     0.006569 
998     0.006470 
999     0.005318 
1000     0.005531 
1001     0.005762 
1002     0.004739 
1003     0.004069 
1004     0.004566 
1005     0.004716 
1006     0.003528 
1007     0.003558 
1008     0.004668 
1009     0.004477 
1010     0.003469 
1011     0.004147 
1012     0.005072 
1013     0.004447 
1014     0.003736 
1015     0.003570 
1016     0.003501 
1017     0.004814 
1018     0.005259 
1019     0.004696 
1020     0.006127 
1021     0.005813 
1022     0.004786 
1023     0.004583 
1024     0.004240 
1025     0.003118 
1026     0.002822 
1027     0.003157 
1028     0.002352 
1029     0.001563 
1030     0.001956 
1031     0.002432 
1032     0.001567 
1033     0.001225 
1034     0.002265 
1035     0.002569 
1036     0.002253 
1037     0.002751 
1038     0.003613 
1039     0.003780 
1040     0.003833 
1041     0.004838 
1042     0.004469 
1043     0.003445 
1044     0.003808 
1045     0.004611 
1046     0.003810 
1047     0.003197 
1048     0.004029 
1049     0.004264 
1050     0.003175 
1051     0.002964 
1052     0.004046 
1053     0.004045 
1054     0.003259 
1055     0.004090 
1056     0.004819 
1057     0.004655 
1058     0.005598 
1059     0.005643 
1060     0.005390 
1061     0.005351 
1062     0.005071 
1063     0.004261 
1064     0.003876 
1065     0.003648 
1066     0.002693 
1067     0.002321 
1068     0.001673 
1069     0.001813 
1070     0.000807 
1071     0.000977 
1072     0.001301 
1073     0.002115 
1074     0.001655 
1075     0.001379 
1076     0.002593 
1077     0.003115 
1078     0.002832 
1079     0.003100 
1080     0.003831 
1081     0.004778 
1082     0.004409 
1083     0.003733 
1084     0.004373 
1085     0.005129 
1086     0.005475 
1087     0.005195 
1088     0.005401 
1089     0.005348 
1090     0.004557 
1091     0.003789 
1092     0.003568 
1093     0.004440 
1094     0.004402 
1095     0.005118 
1096     0.005729 
1097     0.006244 
1098     0.006068 
1099     0.003927 
1100     0.001143 
1101     0.003159 
1102     0.005585 
1103     0.007874 
1104     0.010541 
1105     0.013497 
1106     0.016034 
1107     0.016953 
1108     0.014750 
1109     0.014653 
1110     0.017135 
1111     0.016232 
1112     0.013754 
1113     0.011854 
1114     0.009752 
1115     0.008308 
1116     0.006099 
1117     0.003224 
1118     0.002640 
1119     0.003411 
1120     0.005644 
1121     0.006341 
1122     0.007395 
1123     0.007646 
1124     0.006834 
1125     0.007683 
1126     0.007656 
1127     0.007535 
1128     0.007019 
1129     0.006333 
1130     0.006342 
1131     0.006763 
1132     0.007627 
1133     0.007626 
1134     0.008154 
1135     0.007903 
1136     0.007322 
1137     0.006757 
1138     0.006205 
1139     0.006581 
1140     0.006564 
1141     0.005936 
1142     0.006422 
1143     0.006522 
1144     0.007189 
1145     0.006619 
1146     0.005898 
1147     0.005500 
1148     0.005447 
1149     0.006235 
1150     0.006958 
1151     0.007341 
1152     0.006993 
1153     0.007322 
1154     0.006559 
1155     0.007236 
1156     0.006681 
1157     0.007133 
1158     0.007748 
1159     0.006943 
1160     0.007539 
1161     0.007304 
1162     0.007961 
1163     0.007963 
1164     0.007789 
1165     0.008678 
1166     0.008703 
1167     0.008070 
1168     0.008320 
1169     0.007614 
1170     0.006927 
1171     0.006506 
1172     0.006606 
1173     0.007313 
1174     0.007828 
1175     0.008315 
1176     0.008597 
1177     0.008744 
1178     0.008732 
1179     0.009748 
1180     0.009804 
1181     0.009233 
1182     0.009663 
1183     0.008743 
1184     0.008644 
1185     0.008095 
1186     0.008506 
1187     0.009296 
1188     0.008357 
1189     0.007372 
1190     0.005332 
1191     0.005061 
1192     0.004297 
1193     0.002404 
1194     0.005236 
1195     0.006149 
1196     0.008903 
1197     0.010363 
1198     0.013068 
1199     0.015432 
1200     0.016136 
1201     0.013868 
1202     0.013308 
1203     0.011220 
1204     0.009161 
1205     0.009403 
1206     0.009339 
1207     0.007520 
1208     0.003124 
1209     0.002228 
1210     0.004099 
1211     0.004275 
1212     0.004593 
1213     0.005310 
1214     0.005873 
1215     0.005617 
1216     0.006300 
1217     0.006260 
1218     0.005315 
1219     0.004957 
1220     0.004118 
1221     0.003901 
1222     0.004422 
1223     0.004429 
1224     0.004646 
1225     0.005089 
1226     0.003788 
1227     0.003451 
1228     0.005484 
1229     0.007612 
1230     0.008257 
1231     0.011073 
1232     0.012645 
1233     0.015730 
1234     0.017752 
1235     0.019618 
1236     0.022023 
1237     0.020571 
1238     0.018862 
1239     0.018090 
1240     0.018995 
1241     0.018803 
1242     0.019135 
1243     0.021068 
1244     0.021502 
1245     0.022827 
1246     0.024782 
1247     0.025533 
1248     0.026399 
1249     0.025044 
1250     0.022281 
1251     0.020738 
1252     0.016210 
1253     0.017554 
1254     0.019016 
1255     0.016027 
1256     0.012305 
1257     0.014716 
1258     0.019463 
1259     0.022570 
1260     0.025711 
1261     0.024801 
1262     0.024241 
1263     0.021336 
1264     0.020027 
1265     0.020945 
1266     0.020053 
1267     0.021344 
1268     0.020967 
1269     0.021330 
1270     0.022606 
1271     0.026764 
1272     0.025945 
1273     0.025643 
1274     0.023246 
1275     0.021809 
1276     0.018076 
1277     0.016304 
1278     0.018299 
1279     0.014979 
1280     0.015575 
1281     0.018955 
1282     0.020186 
1283     0.023330 
1284     0.022616 
1285     0.023591 
1286     0.025037 
1287     0.024523 
1288     0.023422 
1289     0.022554 
1290     0.021084 
1291     0.018899 
1292     0.018573 
1293     0.017658 
1294     0.016999 
1295     0.019125 
1296     0.019945 
1297     0.019586 
1298     0.020786 
1299     0.020602 
1300     0.021367 
1301     0.023112 
1302     0.023991 
1303     0.026240 
1304     0.026085 
1305     0.024376 
1306     0.021708 
1307     0.021352 
1308     0.020671 
1309     0.023604 
1310     0.024080 
1311     0.030273 
1312     0.029953 
1313     0.042495 
1314     0.034636 
1315     0.041233 
1316     0.040736 
1317     0.036949 
1318     0.031826 
1319     0.031472 
1320     0.031054 
1321     0.023657 
1322     0.021414 
1323     0.025712 
1324     0.022488 
1325     0.012714 
1326     0.016473 
1327     0.029586 
1328     0.021309 
1329     0.017870 
1330     0.030152 
1331     0.055740 
1332     0.050231 
1333     0.044986 
1334     0.067299 
1335     0.076311 
1336     0.118200 
1337     0.126018 
1338     0.131958 
1339     0.132618 
1340     0.112741 
1341     0.097548 
1342     0.136094 
1343     0.140957 
1344     0.184274 
1345     0.173507 
1346     0.151973 
1347     0.165268 
1348     0.173470 
1349     0.167717 
1350     0.203835 
1351     0.225489 
1352     0.220835 
1353     0.224466 
1354     0.202844 
1355     0.170836 
1356     0.144532 
1357     0.112234 
