1 	 0.0260737
2 	 0.0260858
3 	 0.0263046
4 	 0.0259314
5 	 0.0249502
6 	 0.0248062
7 	 0.0228591
8 	 0.0226643
9 	 0.0210088
10 	 0.0208621
11 	 0.0197154
12 	 0.0188622
13 	 0.0194608
14 	 0.0201271
15 	 0.0216384
16 	 0.0227167
17 	 0.024879
18 	 0.0264288
19 	 0.0283308
20 	 0.0295289
21 	 0.0313502
22 	 0.0318099
23 	 0.0309043
24 	 0.0287011
25 	 0.0271514
26 	 0.024897
27 	 0.023264
28 	 0.0215195
29 	 0.0196434
30 	 0.0186717
31 	 0.0177141
32 	 0.0194495
33 	 0.0196606
34 	 0.0211634
35 	 0.0207696
36 	 0.0188006
37 	 0.0176124
38 	 0.0173637
39 	 0.0154308
40 	 0.0139767
41 	 0.0120621
42 	 0.0105484
43 	 0.00930685
44 	 0.00764776
45 	 0.00754127
46 	 0.0089799
47 	 0.0103014
48 	 0.0118306
49 	 0.0127029
50 	 0.014573
51 	 0.0157063
52 	 0.015192
53 	 0.0132543
54 	 0.0132179
55 	 0.0141029
56 	 0.0130126
57 	 0.0113674
58 	 0.0123531
59 	 0.0119254
60 	 0.0100313
61 	 0.00975885
62 	 0.0113404
63 	 0.0104972
64 	 0.0104014
65 	 0.0121122
66 	 0.0136475
67 	 0.015351
68 	 0.0170235
69 	 0.0169182
70 	 0.0189847
71 	 0.0189042
72 	 0.017361
73 	 0.0179387
74 	 0.0184818
75 	 0.0181751
76 	 0.0168055
77 	 0.0153375
78 	 0.0166751
79 	 0.0185334
80 	 0.0197839
81 	 0.0190907
82 	 0.0170796
83 	 0.0170112
84 	 0.0179593
85 	 0.0167033
86 	 0.0150124
87 	 0.0159857
88 	 0.0162567
89 	 0.0149393
90 	 0.0131825
91 	 0.0121774
92 	 0.0112559
93 	 0.0126684
94 	 0.0120535
95 	 0.0127599
96 	 0.0128913
97 	 0.0123691
98 	 0.0143626
99 	 0.0145241
100 	 0.0154094
101 	 0.0150709
102 	 0.0137154
103 	 0.0124026
104 	 0.0104219
105 	 0.00985464
106 	 0.00811345
107 	 0.00782842
108 	 0.0093128
109 	 0.0107562
110 	 0.012606
111 	 0.014516
112 	 0.0155256
113 	 0.0171854
114 	 0.0157719
115 	 0.0150445
116 	 0.0170277
117 	 0.0175131
118 	 0.0161902
119 	 0.0175491
120 	 0.0191086
121 	 0.0182208
122 	 0.0179923
123 	 0.0199088
124 	 0.0206787
125 	 0.0198414
126 	 0.0205236
127 	 0.0224454
128 	 0.0222198
129 	 0.0214124
130 	 0.0230719
131 	 0.0245012
132 	 0.0236784
133 	 0.0243989
134 	 0.0231968
135 	 0.0233054
136 	 0.0234325
137 	 0.0242179
138 	 0.023943
139 	 0.0246565
140 	 0.0234317
141 	 0.0237675
142 	 0.0235047
143 	 0.0245126
144 	 0.0264753
145 	 0.0257328
146 	 0.0238715
147 	 0.0238342
148 	 0.0235653
149 	 0.0213268
150 	 0.021238
151 	 0.0227843
152 	 0.0219426
153 	 0.0198946
154 	 0.0207101
155 	 0.0217877
156 	 0.0200838
157 	 0.0191548
158 	 0.020767
159 	 0.0207316
160 	 0.0186963
161 	 0.0191641
162 	 0.0206829
163 	 0.0220154
164 	 0.023459
165 	 0.0238667
166 	 0.0256757
167 	 0.0257767
168 	 0.0248516
169 	 0.0262034
170 	 0.026291
171 	 0.0258441
172 	 0.0285731
173 	 0.0294155
174 	 0.0271643
175 	 0.0285446
176 	 0.0312997
177 	 0.0300354
178 	 0.0287091
179 	 0.0316913
180 	 0.0334155
181 	 0.03518
182 	 0.0357895
183 	 0.0392445
184 	 0.0417645
185 	 0.0428558
186 	 0.0444174
187 	 0.0423206
188 	 0.0398326
189 	 0.0386011
190 	 0.0356461
191 	 0.0338653
192 	 0.0307013
193 	 0.0298484
194 	 0.0269443
195 	 0.0261819
196 	 0.0239912
197 	 0.0218367
198 	 0.0214971
199 	 0.0232806
200 	 0.0257413
201 	 0.0269469
202 	 0.0294689
203 	 0.0303313
204 	 0.0332146
205 	 0.0339125
206 	 0.0368507
207 	 0.0376176
208 	 0.0406752
209 	 0.0424789
210 	 0.0455458
211 	 0.044695
212 	 0.0450612
213 	 0.0423051
214 	 0.0398577
215 	 0.0379721
216 	 0.0349304
217 	 0.0341643
218 	 0.0322742
219 	 0.0340933
220 	 0.0324203
221 	 0.0297371
222 	 0.0286843
223 	 0.0269194
224 	 0.0253789
225 	 0.0230796
226 	 0.0230043
227 	 0.0252169
228 	 0.0261101
229 	 0.0244376
230 	 0.0229907
231 	 0.0249994
232 	 0.0266545
233 	 0.0254125
234 	 0.0246883
235 	 0.0271321
236 	 0.0269785
237 	 0.0249611
238 	 0.0258393
239 	 0.0278088
240 	 0.0265645
241 	 0.0255875
242 	 0.0274174
243 	 0.0283423
244 	 0.0267521
245 	 0.0268551
246 	 0.0288974
247 	 0.0287772
248 	 0.0270464
249 	 0.02704
250 	 0.0250703
251 	 0.0241372
252 	 0.0227136
253 	 0.0222784
254 	 0.020865
255 	 0.0198387
256 	 0.0185784
257 	 0.0185295
258 	 0.0205344
259 	 0.0209758
260 	 0.0198636
261 	 0.0206525
262 	 0.0224305
263 	 0.0222627
264 	 0.0218856
265 	 0.0231181
266 	 0.0245699
267 	 0.0244324
268 	 0.0245827
269 	 0.0260538
270 	 0.0269337
271 	 0.0265903
272 	 0.0279184
273 	 0.0295421
274 	 0.0303713
275 	 0.0309119
276 	 0.03138
277 	 0.0322461
278 	 0.0304979
279 	 0.0284478
280 	 0.0273841
281 	 0.0258763
282 	 0.0248706
283 	 0.0230569
284 	 0.0221703
285 	 0.0209713
286 	 0.0214703
287 	 0.0213198
288 	 0.0213414
289 	 0.0223683
290 	 0.0232581
291 	 0.0244585
292 	 0.0226482
293 	 0.0221002
294 	 0.0234779
295 	 0.0237802
296 	 0.0247432
297 	 0.0261631
298 	 0.0274403
299 	 0.0289213
300 	 0.0292662
301 	 0.0309892
302 	 0.0316328
303 	 0.0332437
304 	 0.0319809
305 	 0.0305706
306 	 0.0324565
307 	 0.0330408
308 	 0.0308783
309 	 0.0306115
310 	 0.03247
311 	 0.0310918
312 	 0.0293288
313 	 0.0306588
314 	 0.0322156
315 	 0.0301863
316 	 0.0301481
317 	 0.0328497
318 	 0.0326119
319 	 0.0312047
320 	 0.0328315
321 	 0.03482
322 	 0.0335363
323 	 0.0331645
324 	 0.0360417
325 	 0.0367172
326 	 0.0349789
327 	 0.0364479
328 	 0.0393152
329 	 0.0404312
330 	 0.0415471
331 	 0.0404492
332 	 0.0426618
333 	 0.042182
334 	 0.0395566
335 	 0.0399631
336 	 0.0371882
337 	 0.0349759
338 	 0.0318434
339 	 0.0296494
340 	 0.0269901
341 	 0.0248399
342 	 0.0236618
343 	 0.0252376
344 	 0.0274996
345 	 0.0277147
346 	 0.0288316
347 	 0.0315972
348 	 0.0318805
349 	 0.0313071
350 	 0.032452
351 	 0.0346088
352 	 0.0346734
353 	 0.034439
354 	 0.0365601
355 	 0.0382014
356 	 0.0380538
357 	 0.0384202
358 	 0.0402383
359 	 0.0393091
360 	 0.0368857
361 	 0.0344919
362 	 0.0331801
363 	 0.0307253
364 	 0.0311167
365 	 0.0287095
366 	 0.0265046
367 	 0.0261611
368 	 0.0235955
369 	 0.0244095
370 	 0.0264771
371 	 0.0255764
372 	 0.024636
373 	 0.026385
374 	 0.0269018
375 	 0.0257978
376 	 0.0264693
377 	 0.0272984
378 	 0.026642
379 	 0.0261855
380 	 0.0279998
381 	 0.0305738
382 	 0.0231084
383 	 0.0239249
384 	 0.028371
385 	 0.0208598
386 	 0.0239018
387 	 0.0332895
388 	 0.041708
389 	 0.0452951
390 	 0.042188
391 	 0.0400982
392 	 0.0389339
393 	 0.0403712
394 	 0.0458049
395 	 0.0483241
396 	 0.049308
397 	 0.0486725
398 	 0.0431194
399 	 0.0404633
400 	 0.0370609
401 	 0.0360503
402 	 0.0380188
403 	 0.0359753
404 	 0.0374941
405 	 0.0444922
406 	 0.0443682
407 	 0.0432835
408 	 0.0408296
409 	 0.0362427
410 	 0.0356188
411 	 0.0332341
412 	 0.035647
413 	 0.0370785
414 	 0.0424932
415 	 0.0435449
416 	 0.0401878
417 	 0.0421739
418 	 0.0424019
419 	 0.0421154
420 	 0.038915
421 	 0.0370058
422 	 0.0340538
423 	 0.0334396
424 	 0.0330984
425 	 0.0351401
426 	 0.0345737
427 	 0.0363861
428 	 0.0359531
429 	 0.0371504
430 	 0.0390357
431 	 0.042417
432 	 0.0408664
433 	 0.0364571
434 	 0.0365146
435 	 0.0341451
436 	 0.0331386
437 	 0.0332865
438 	 0.0342187
439 	 0.0371569
440 	 0.0388704
441 	 0.0425709
442 	 0.0463094
443 	 0.048643
444 	 0.0490694
445 	 0.0512655
446 	 0.0479327
447 	 0.0499542
448 	 0.0460232
449 	 0.0502892
450 	 0.0546402
451 	 0.0504599
452 	 0.0501766
453 	 0.0452994
454 	 0.0435182
455 	 0.0405653
456 	 0.0378097
457 	 0.0371244
458 	 0.0354221
459 	 0.0357541
460 	 0.0369642
461 	 0.0403568
462 	 0.0400203
463 	 0.0449979
464 	 0.0457495
465 	 0.0471425
466 	 0.0474583
467 	 0.0434813
468 	 0.0437349
469 	 0.0455578
470 	 0.0418477
471 	 0.0406124
472 	 0.0364738
473 	 0.0358355
474 	 0.0335922
475 	 0.0355061
476 	 0.0365844
477 	 0.0392581
478 	 0.0402875
479 	 0.0429771
480 	 0.0446898
481 	 0.0448841
482 	 0.0433416
483 	 0.0448749
484 	 0.0395197
485 	 0.0411404
486 	 0.0384749
487 	 0.0384605
488 	 0.0361788
489 	 0.0389101
490 	 0.0406528
491 	 0.0448001
492 	 0.0485927
493 	 0.0498825
494 	 0.0489256
495 	 0.0459803
496 	 0.043721
497 	 0.0415912
498 	 0.0424472
499 	 0.0427817
500 	 0.0458995
501 	 0.0456567
502 	 0.0505217
503 	 0.047557
504 	 0.0566181
505 	 0.0510696
506 	 0.0497248
507 	 0.0574467
508 	 0.0645624
509 	 0.0665441
510 	 0.070613
511 	 0.0650116
512 	 0.0603047
513 	 0.0652369
514 	 0.0664877
515 	 0.059601
516 	 0.0592578
517 	 0.0651321
518 	 0.0631358
519 	 0.0573453
520 	 0.0598815
521 	 0.065381
522 	 0.0623649
523 	 0.0582492
524 	 0.062129
525 	 0.0617684
526 	 0.0553472
527 	 0.0543084
528 	 0.0581776
529 	 0.0533058
530 	 0.0503474
531 	 0.0517263
532 	 0.0509719
533 	 0.0507401
534 	 0.0532357
535 	 0.0495956
536 	 0.0540042
537 	 0.0611852
538 	 0.0528155
539 	 0.055852
540 	 0.0701836
541 	 0.0673224
542 	 0.0605123
543 	 0.0737197
544 	 0.0847007
545 	 0.0773221
546 	 0.076096
547 	 0.0917417
548 	 0.0952277
549 	 0.0853044
550 	 0.0958557
551 	 0.108005
552 	 0.102057
553 	 0.100255
554 	 0.114601
555 	 0.121288
556 	 0.108198
557 	 0.103824
558 	 0.112197
559 	 0.119783
560 	 0.110547
561 	 0.0974062
562 	 0.104558
563 	 0.108033
564 	 0.0934519
565 	 0.0857351
566 	 0.0958444
567 	 0.0925547
568 	 0.0770302
569 	 0.0812874
570 	 0.0892854
571 	 0.0766884
572 	 0.0681075
573 	 0.080762
574 	 0.0781219
575 	 0.063411
576 	 0.0678655
577 	 0.0762838
578 	 0.0631269
579 	 0.0556545
580 	 0.0448831
581 	 0.0391936
582 	 0.0296999
583 	 0.0418529
584 	 0.0449332
585 	 0.0325384
586 	 0.0371246
587 	 0.05
588 	 0.0452225
589 	 0.039958
590 	 0.0537411
591 	 0.0593906
592 	 0.0496686
593 	 0.0537616
594 	 0.0687117
595 	 0.0661408
596 	 0.062376
597 	 0.0756776
598 	 0.0764043
599 	 0.0632221
600 	 0.0671514
601 	 0.0794562
602 	 0.0736115
603 	 0.0630623
604 	 0.0735524
605 	 0.0641303
