  1     0.199816 
  2     0.071817 
  3     0.045612 
  4     0.042031 
  5     0.023364 
  6     0.025496 
  7     0.017337 
  8     0.019562 
  9     0.010430 
 10     0.020510 
 11     0.019687 
 12     0.025896 
 13     0.019176 
 14     0.020804 
 15     0.017882 
 16     0.016475 
 17     0.022647 
 18     0.023846 
 19     0.056300 
 20     0.017621 
 21     0.024255 
 22     0.017287 
 23     0.020783 
 24     0.016411 
 25     0.013573 
 26     0.016523 
 27     0.018831 
 28     0.019681 
 29     0.132938 
 30     0.198446 
 31     0.200644 
 32     0.085693 
 33     0.013151 
 34     0.022003 
 35     0.025523 
 36     0.026723 
 37     0.023447 
 38     0.032924 
 39     0.025157 
 40     0.014291 
 41     0.019410 
 42     0.022746 
 43     0.033428 
 44     0.040303 
 45     0.030104 
 46     0.035946 
 47     0.025862 
 48     0.018502 
 49     0.028962 
 50     0.040181 
 51     0.067439 
 52     0.008898 
 53     0.007038 
 54     0.052371 
 55     0.137828 
 56     0.113054 
 57     0.081840 
 58     0.073692 
 59     0.087526 
 60     0.052968 
 61     0.026346 
 62     0.012834 
 63     0.007942 
 64     0.010048 
 65     0.025487 
 66     0.037594 
 67     0.025732 
 68     0.021992 
 69     0.020538 
 70     0.017932 
 71     0.020424 
 72     0.026220 
 73     0.024546 
 74     0.023269 
 75     0.017227 
 76     0.012645 
 77     0.014968 
 78     0.018807 
 79     0.022603 
 80     0.011619 
 81     0.010986 
 82     0.014429 
 83     0.020872 
 84     0.013821 
 85     0.012647 
 86     0.018275 
 87     0.015398 
 88     0.020602 
 89     0.011449 
 90     0.013240 
 91     0.017502 
 92     0.014112 
 93     0.008215 
 94     0.009421 
 95     0.013247 
 96     0.036152 
 97     0.031417 
 98     0.023301 
 99     0.019804 
100     0.016698 
101     0.017951 
102     0.016835 
103     0.019936 
104     0.020137 
105     0.018378 
106     0.022837 
107     0.021883 
108     0.018064 
109     0.022194 
110     0.012447 
111     0.026904 
112     0.021129 
113     0.017361 
114     0.022725 
115     0.021548 
116     0.023571 
117     0.016329 
118     0.018893 
119     0.020358 
120     0.022507 
121     0.021344 
122     0.009113 
123     0.014630 
124     0.023615 
125     0.029626 
126     0.019082 
127     0.015025 
128     0.074661 
129     0.101029 
130     0.062845 
131     0.067927 
132     0.087272 
133     0.053381 
134     0.035000 
135     0.038144 
136     0.029842 
137     0.016006 
138     0.022190 
139     0.015575 
140     0.016364 
141     0.020600 
142     0.023264 
143     0.019017 
144     0.016296 
145     0.020401 
146     0.034298 
147     0.042131 
148     0.029488 
149     0.028666 
150     0.033303 
151     0.035915 
152     0.028222 
153     0.030767 
154     0.028817 
155     0.026357 
156     0.025283 
157     0.026697 
158     0.028449 
159     0.011393 
160     0.024724 
161     0.027366 
162     0.019637 
163     0.020509 
164     0.012410 
165     0.017386 
166     0.019713 
167     0.013059 
168     0.010738 
169     0.012748 
170     0.025090 
171     0.035198 
172     0.024901 
173     0.034655 
174     0.026529 
175     0.025898 
176     0.030065 
177     0.028186 
178     0.010988 
179     0.021562 
180     0.023375 
181     0.023406 
182     0.021352 
183     0.028603 
184     0.027905 
185     0.028917 
186     0.027198 
187     0.023778 
188     0.029936 
189     0.017482 
190     0.028376 
191     0.024724 
192     0.024728 
193     0.023602 
194     0.023134 
195     0.024769 
196     0.024445 
197     0.023309 
198     0.021462 
199     0.025035 
200     0.023443 
201     0.029002 
202     0.032220 
203     0.046713 
204     0.037955 
205     0.043759 
206     0.029854 
207     0.029567 
208     0.041980 
209     0.089747 
210     0.025957 
211     0.082055 
212     0.060884 
213     0.018392 
214     0.034361 
215     0.043701 
216     0.037218 
217     0.030259 
218     0.026868 
219     0.021406 
220     0.016983 
221     0.014479 
222     0.018734 
223     0.022567 
224     0.022620 
225     0.024187 
226     0.026550 
227     0.028606 
228     0.029215 
229     0.021913 
230     0.017938 
231     0.025680 
232     0.015576 
233     0.024778 
234     0.048770 
235     0.041346 
236     0.032742 
237     0.091993 
238     0.060114 
239     0.047828 
240     0.064741 
241     0.053621 
242     0.030384 
243     0.049522 
244     0.045854 
245     0.047051 
246     0.042456 
247     0.052655 
248     0.069331 
249     0.078126 
250     0.072540 
251     0.031181 
252     0.046306 
253     0.021820 
254     0.029212 
255     0.022604 
256     0.026309 
257     0.031214 
258     0.030161 
259     0.056356 
260     0.050359 
261     0.038874 
262     0.032393 
263     0.030676 
264     0.015380 
265     0.003255 
266     0.020651 
267     0.031467 
268     0.045009 
269     0.023886 
270     0.025629 
271     0.024863 
272     0.024410 
273     0.016606 
274     0.014829 
275     0.021189 
276     0.036292 
277     0.039463 
278     0.029179 
279     0.031261 
280     0.037861 
281     0.036879 
282     0.032312 
283     0.044587 
284     0.059994 
285     0.030607 
286     0.037331 
287     0.129050 
288     0.083502 
289     0.053485 
290     0.124324 
291     0.147881 
292     0.094406 
293     0.041300 
294     0.026854 
295     0.018249 
296     0.053156 
297     0.032894 
298     0.065889 
299     0.079800 
300     0.050406 
301     0.016879 
302     0.065690 
303     0.032634 
304     0.059592 
305     0.092947 
306     0.022069 
307     0.043318 
308     0.064837 
309     0.030528 
310     0.032847 
311     0.026598 
312     0.016036 
313     0.022794 
314     0.028245 
315     0.022752 
316     0.019341 
317     0.016763 
318     0.017660 
319     0.034269 
320     0.060381 
321     0.044908 
322     0.042486 
323     0.061747 
324     0.039691 
325     0.048231 
326     0.069412 
327     0.038932 
328     0.088823 
329     0.062024 
330     0.078057 
331     0.026657 
332     0.032470 
333     0.049537 
334     0.038909 
335     0.033687 
336     0.017099 
337     0.009946 
338     0.018119 
339     0.023807 
340     0.026555 
341     0.023768 
342     0.012659 
343     0.016904 
344     0.018978 
345     0.027517 
346     0.025556 
347     0.017760 
348     0.011835 
349     0.005936 
350     0.012653 
351     0.013966 
352     0.011730 
353     0.012766 
354     0.010297 
355     0.011771 
356     0.015379 
357     0.009604 
358     0.015001 
359     0.016102 
360     0.011990 
361     0.053156 
362     0.111019 
363     0.052055 
364     0.012799 
365     0.026526 
366     0.027470 
367     0.033754 
368     0.025940 
369     0.028103 
370     0.032426 
371     0.028282 
372     0.028725 
373     0.032700 
374     0.029526 
375     0.028105 
376     0.030177 
377     0.035570 
378     0.038309 
379     0.035628 
380     0.041513 
381     0.065182 
382     0.076315 
383     0.048452 
384     0.046908 
385     0.022694 
386     0.029014 
387     0.072433 
388     0.055693 
389     0.052822 
390     0.031649 
391     0.026867 
392     0.009334 
393     0.010722 
394     0.011709 
395     0.011782 
396     0.009783 
397     0.013526 
398     0.011328 
399     0.020705 
400     0.020817 
401     0.016812 
402     0.017670 
403     0.024384 
404     0.020757 
405     0.014946 
406     0.017903 
407     0.020837 
408     0.020075 
409     0.017685 
410     0.017111 
411     0.016010 
412     0.012839 
413     0.009009 
414     0.014352 
415     0.020111 
416     0.021290 
417     0.034701 
418     0.044142 
419     0.047671 
420     0.052452 
421     0.037614 
422     0.046630 
423     0.054858 
424     0.024061 
425     0.034370 
426     0.027435 
427     0.017381 
428     0.024446 
429     0.027185 
430     0.024903 
431     0.024085 
432     0.016471 
433     0.014933 
434     0.027451 
435     0.031461 
436     0.065706 
437     0.041221 
438     0.017104 
439     0.016113 
440     0.011789 
441     0.009500 
442     0.019107 
443     0.024438 
444     0.016217 
445     0.024454 
446     0.015650 
447     0.007504 
448     0.020222 
449     0.010694 
450     0.011047 
451     0.009998 
452     0.023366 
453     0.022259 
454     0.040806 
455     0.030173 
456     0.015303 
457     0.050058 
458     0.041215 
459     0.031970 
460     0.037609 
461     0.022191 
462     0.034490 
463     0.033974 
464     0.027384 
465     0.018501 
466     0.017826 
467     0.029031 
468     0.025147 
469     0.032362 
470     0.015121 
471     0.025584 
472     0.028950 
473     0.035422 
474     0.032973 
475     0.029144 
476     0.051798 
477     0.045152 
478     0.059193 
479     0.033035 
480     0.033796 
481     0.030512 
482     0.040003 
483     0.061307 
484     0.102866 
485     0.026263 
486     0.031128 
487     0.033064 
488     0.035206 
489     0.028044 
490     0.046369 
491     0.072507 
492     0.042274 
493     0.058770 
494     0.095172 
495     0.035261 
496     0.036964 
497     0.031383 
498     0.024355 
499     0.052065 
500     0.133002 
501     0.129647 
502     0.037922 
503     0.059069 
504     0.034650 
505     0.041238 
506     0.078919 
507     0.074765 
508     0.176501 
509     0.085842 
510     0.053865 
511     0.129326 
512     0.056762 
513     0.031712 
514     0.039351 
515     0.005225 
516     0.015727 
517     0.028657 
518     0.023884 
519     0.032560 
520     0.056231 
521     0.019283 
522     0.019267 
523     0.025318 
524     0.012799 
525     0.030011 
526     0.024460 
527     0.020330 
528     0.027792 
529     0.038524 
530     0.009158 
531     0.010559 
532     0.015778 
533     0.010864 
534     0.018880 
535     0.020584 
536     0.024979 
537     0.018906 
538     0.015621 
539     0.008159 
540     0.015217 
541     0.016553 
542     0.006767 
543     0.029769 
544     0.029552 
545     0.019619 
546     0.022383 
547     0.027926 
548     0.008823 
549     0.020856 
550     0.024532 
551     0.022646 
552     0.021282 
553     0.064478 
554     0.010060 
555     0.003462 
556     0.021806 
557     0.023560 
558     0.014057 
559     0.022662 
560     0.010399 
561     0.013167 
562     0.021894 
563     0.013262 
564     0.008422 
565     0.012304 
566     0.015562 
567     0.010497 
568     0.006936 
569     0.011207 
570     0.012142 
571     0.007433 
572     0.009635 
573     0.018071 
574     0.010516 
575     0.016346 
576     0.028580 
577     0.025220 
578     0.007575 
579     0.007408 
580     0.008855 
581     0.009172 
582     0.003386 
583     0.006983 
584     0.008670 
585     0.005047 
586     0.006046 
587     0.005560 
588     0.010012 
589     0.007918 
590     0.006598 
591     0.008328 
592     0.007621 
593     0.008899 
594     0.010000 
595     0.008496 
596     0.015075 
597     0.008618 
598     0.011595 
599     0.015671 
600     0.024038 
601     0.014725 
602     0.013598 
603     0.028055 
604     0.012453 
