  1     0.058920 
  2     0.041117 
  3     0.029392 
  4     0.031024 
  5     0.027033 
  6     0.027228 
  7     0.024701 
  8     0.021710 
  9     0.017077 
 10     0.022206 
 11     0.026900 
 12     0.022603 
 13     0.021725 
 14     0.017280 
 15     0.011697 
 16     0.020541 
 17     0.026321 
 18     0.040618 
 19     0.166042 
 20     0.045143 
 21     0.042052 
 22     0.059126 
 23     0.032837 
 24     0.031837 
 25     0.029551 
 26     0.028214 
 27     0.039589 
 28     0.038271 
 29     0.172163 
 30     0.095227 
 31     0.131290 
 32     0.073432 
 33     0.026769 
 34     0.015405 
 35     0.025313 
 36     0.025442 
 37     0.025101 
 38     0.023293 
 39     0.016625 
 40     0.017205 
 41     0.021337 
 42     0.027717 
 43     0.034588 
 44     0.032789 
 45     0.014220 
 46     0.016399 
 47     0.025947 
 48     0.020539 
 49     0.012120 
 50     0.022776 
 51     0.036767 
 52     0.034884 
 53     0.018644 
 54     0.038821 
 55     0.066081 
 56     0.041166 
 57     0.033386 
 58     0.025312 
 59     0.035882 
 60     0.028034 
 61     0.020689 
 62     0.018750 
 63     0.018043 
 64     0.021293 
 65     0.026651 
 66     0.025749 
 67     0.013617 
 68     0.021454 
 69     0.019032 
 70     0.033664 
 71     0.032450 
 72     0.029977 
 73     0.025759 
 74     0.040152 
 75     0.039650 
 76     0.040743 
 77     0.062992 
 78     0.077908 
 79     0.095105 
 80     0.051130 
 81     0.044187 
 82     0.046375 
 83     0.026687 
 84     0.021850 
 85     0.015435 
 86     0.066504 
 87     0.097517 
 88     0.036275 
 89     0.028208 
 90     0.012160 
 91     0.007375 
 92     0.034531 
 93     0.031353 
 94     0.035020 
 95     0.030567 
 96     0.069842 
 97     0.029225 
 98     0.029984 
 99     0.033456 
100     0.033162 
101     0.032323 
102     0.027798 
103     0.021190 
104     0.019998 
105     0.050344 
106     0.026167 
107     0.034194 
108     0.033711 
109     0.037381 
110     0.029938 
111     0.025163 
112     0.020036 
113     0.030790 
114     0.029306 
115     0.023799 
116     0.022474 
117     0.018650 
118     0.021297 
119     0.011305 
120     0.020731 
121     0.020659 
122     0.013756 
123     0.017197 
124     0.019562 
125     0.036568 
126     0.026110 
127     0.021364 
128     0.034332 
129     0.061890 
130     0.043996 
131     0.034888 
132     0.051632 
133     0.029148 
134     0.023943 
135     0.032939 
136     0.035690 
137     0.018657 
138     0.021230 
139     0.018239 
140     0.026791 
141     0.024228 
142     0.032367 
143     0.032812 
144     0.029486 
145     0.036906 
146     0.032401 
147     0.032142 
148     0.026976 
149     0.022902 
150     0.019330 
151     0.023807 
152     0.016117 
153     0.014381 
154     0.017416 
155     0.008474 
156     0.015380 
157     0.009587 
158     0.008581 
159     0.010359 
160     0.012972 
161     0.010502 
162     0.014395 
163     0.016560 
164     0.019737 
165     0.019237 
166     0.011512 
167     0.015353 
168     0.033386 
169     0.038560 
170     0.035013 
171     0.035255 
172     0.038060 
173     0.038311 
174     0.037304 
175     0.046460 
176     0.045785 
177     0.036096 
178     0.035750 
179     0.077956 
180     0.132863 
181     0.130762 
182     0.023945 
183     0.108715 
184     0.084451 
185     0.052557 
186     0.020262 
187     0.069934 
188     0.035810 
189     0.019911 
190     0.028971 
191     0.018504 
192     0.014494 
193     0.019243 
194     0.020649 
195     0.014543 
196     0.010505 
197     0.009601 
198     0.015327 
199     0.016382 
200     0.018375 
201     0.012217 
202     0.019295 
203     0.037858 
204     0.029607 
205     0.033464 
206     0.024129 
207     0.042491 
208     0.116692 
209     0.213246 
210     0.306412 
211     0.121191 
212     0.044067 
213     0.068902 
214     0.035419 
215     0.035329 
216     0.035456 
217     0.037500 
218     0.041890 
219     0.030391 
220     0.015046 
221     0.009539 
222     0.017212 
223     0.021555 
224     0.027960 
225     0.014447 
226     0.017072 
227     0.011968 
228     0.009249 
229     0.008298 
230     0.010224 
231     0.011762 
232     0.014527 
233     0.022711 
234     0.022927 
235     0.022584 
236     0.021521 
237     0.054743 
238     0.036244 
239     0.029562 
240     0.026132 
241     0.027398 
242     0.017871 
243     0.011520 
244     0.009450 
245     0.031369 
246     0.033182 
247     0.008307 
248     0.038947 
249     0.040858 
250     0.032089 
251     0.034741 
252     0.029769 
253     0.020533 
254     0.020952 
255     0.017837 
256     0.022912 
257     0.025029 
258     0.014351 
259     0.011158 
260     0.016959 
261     0.023345 
262     0.025471 
263     0.016304 
264     0.023677 
265     0.018646 
266     0.017918 
267     0.017143 
268     0.014891 
269     0.017541 
270     0.024792 
271     0.024016 
272     0.019086 
273     0.027009 
274     0.025366 
275     0.022059 
276     0.017172 
277     0.020590 
278     0.024994 
279     0.022059 
280     0.020141 
281     0.019997 
282     0.024304 
283     0.033756 
284     0.034810 
285     0.027366 
286     0.021085 
287     0.026980 
288     0.018649 
289     0.015964 
290     0.032529 
291     0.034487 
292     0.035327 
293     0.044799 
294     0.051417 
295     0.050745 
296     0.037042 
297     0.022509 
298     0.042752 
299     0.031792 
300     0.016498 
301     0.003947 
302     0.014968 
303     0.026284 
304     0.024909 
305     0.033869 
306     0.046327 
307     0.030213 
308     0.026093 
309     0.029980 
310     0.016979 
311     0.011586 
312     0.019440 
313     0.015200 
314     0.020467 
315     0.014712 
316     0.010116 
317     0.045920 
318     0.022516 
319     0.021288 
320     0.063096 
321     0.047180 
322     0.026977 
323     0.051467 
324     0.057095 
325     0.049293 
326     0.052680 
327     0.083418 
328     0.044949 
329     0.019127 
330     0.023605 
331     0.034514 
332     0.042084 
333     0.023894 
334     0.018862 
335     0.021157 
336     0.028674 
337     0.020133 
338     0.020352 
339     0.021032 
340     0.021252 
341     0.015905 
342     0.016808 
343     0.020461 
344     0.012943 
345     0.023881 
346     0.035705 
347     0.040730 
348     0.044515 
349     0.034835 
350     0.037785 
351     0.040855 
352     0.039425 
353     0.030771 
354     0.035515 
355     0.038724 
356     0.037924 
357     0.035603 
358     0.028214 
359     0.024843 
360     0.022255 
361     0.024574 
362     0.051035 
363     0.047443 
364     0.025559 
365     0.022227 
366     0.017697 
367     0.018283 
368     0.025926 
369     0.034219 
370     0.031751 
371     0.027633 
372     0.027705 
373     0.031765 
374     0.029774 
375     0.032668 
376     0.028888 
377     0.029934 
378     0.025774 
379     0.036025 
380     0.052092 
381     0.053207 
382     0.074655 
383     0.142922 
384     0.045938 
385     0.102779 
386     0.283638 
387     0.079710 
388     0.073483 
389     0.060949 
390     0.033500 
391     0.040609 
392     0.041193 
393     0.032084 
394     0.027295 
395     0.026356 
396     0.011582 
397     0.010947 
398     0.003396 
399     0.007869 
400     0.012887 
401     0.016873 
402     0.026979 
403     0.061046 
404     0.030875 
405     0.016356 
406     0.009622 
407     0.004508 
408     0.014834 
409     0.023892 
410     0.038754 
411     0.017626 
412     0.016758 
413     0.018614 
414     0.025292 
415     0.021995 
416     0.028295 
417     0.030005 
418     0.032246 
419     0.022031 
420     0.026498 
421     0.032416 
422     0.055630 
423     0.057087 
424     0.014834 
425     0.038615 
426     0.052177 
427     0.022858 
428     0.024918 
429     0.024206 
430     0.021502 
431     0.013544 
432     0.008523 
433     0.012818 
434     0.021441 
435     0.041655 
436     0.043707 
437     0.026258 
438     0.006168 
439     0.004684 
440     0.005246 
441     0.005305 
442     0.005842 
443     0.014411 
444     0.005824 
445     0.003562 
446     0.006819 
447     0.007036 
448     0.012932 
449     0.010631 
450     0.004869 
451     0.002356 
452     0.005350 
453     0.010507 
454     0.026806 
455     0.030345 
456     0.026165 
457     0.013167 
458     0.027133 
459     0.014898 
460     0.020175 
461     0.016494 
462     0.020122 
463     0.020730 
464     0.021358 
465     0.025249 
466     0.028192 
467     0.030022 
468     0.023489 
469     0.021001 
470     0.017211 
471     0.034381 
472     0.039486 
473     0.012730 
474     0.047609 
475     0.044016 
476     0.017789 
477     0.032231 
478     0.040388 
479     0.036065 
480     0.021327 
481     0.039383 
482     0.044251 
483     0.113215 
484     0.095333 
485     0.014231 
486     0.021591 
487     0.022089 
488     0.043636 
489     0.034282 
490     0.032521 
491     0.028487 
492     0.061078 
493     0.034152 
494     0.062728 
495     0.029800 
496     0.025503 
497     0.032630 
498     0.020806 
499     0.016590 
500     0.058881 
501     0.056822 
502     0.034796 
503     0.019810 
504     0.012679 
505     0.022200 
506     0.006632 
507     0.028572 
508     0.023581 
509     0.016774 
510     0.019061 
511     0.022586 
512     0.019325 
513     0.032620 
514     0.036430 
515     0.019361 
516     0.039038 
517     0.036501 
518     0.021709 
519     0.025362 
520     0.040268 
521     0.034195 
522     0.039107 
523     0.044532 
524     0.026152 
525     0.026215 
526     0.053128 
527     0.030963 
528     0.014164 
529     0.015975 
530     0.014451 
531     0.022524 
532     0.024884 
533     0.043186 
534     0.023703 
535     0.022659 
536     0.026228 
537     0.018402 
538     0.009536 
539     0.008548 
540     0.035022 
541     0.028405 
542     0.021882 
543     0.049717 
544     0.034381 
545     0.020405 
546     0.034042 
547     0.024407 
548     0.014301 
549     0.026811 
550     0.052026 
551     0.049377 
552     0.045031 
553     0.080926 
554     0.027987 
555     0.042849 
556     0.014644 
557     0.024576 
558     0.018946 
559     0.011640 
560     0.011407 
561     0.010046 
562     0.017717 
563     0.011124 
564     0.006646 
565     0.008409 
566     0.012702 
567     0.005456 
568     0.011034 
569     0.019152 
570     0.011595 
571     0.010193 
572     0.010895 
573     0.014762 
574     0.011462 
575     0.010322 
576     0.023773 
577     0.028628 
578     0.014683 
579     0.009606 
580     0.012358 
581     0.022519 
582     0.014534 
583     0.010511 
584     0.018380 
585     0.016371 
586     0.008276 
587     0.009868 
588     0.007198 
589     0.004368 
590     0.007507 
591     0.017079 
592     0.020722 
593     0.016860 
594     0.014768 
595     0.028480 
596     0.012761 
597     0.010617 
598     0.018346 
599     0.017685 
600     0.020757 
601     0.025198 
602     0.029664 
603     0.021497 
604     0.021673 
