  1     0.025730 
  2     0.025299 
  3     0.021585 
  4     0.016281 
  5     0.013594 
  6     0.009273 
  7     0.008208 
  8     0.006739 
  9     0.005750 
 10     0.008269 
 11     0.008060 
 12     0.007974 
 13     0.007896 
 14     0.005832 
 15     0.008741 
 16     0.010617 
 17     0.012036 
 18     0.017808 
 19     0.037185 
 20     0.062192 
 21     0.053083 
 22     0.044599 
 23     0.024149 
 24     0.020139 
 25     0.014786 
 26     0.017836 
 27     0.019509 
 28     0.017443 
 29     0.023712 
 30     0.025627 
 31     0.024177 
 32     0.019215 
 33     0.016710 
 34     0.011515 
 35     0.007854 
 36     0.010802 
 37     0.008316 
 38     0.009216 
 39     0.008334 
 40     0.011541 
 41     0.016015 
 42     0.021993 
 43     0.024895 
 44     0.069387 
 45     0.056043 
 46     0.054016 
 47     0.029273 
 48     0.020055 
 49     0.013001 
 50     0.012199 
 51     0.021232 
 52     0.024292 
 53     0.016761 
 54     0.020610 
 55     0.031660 
 56     0.025565 
 57     0.020663 
 58     0.018312 
 59     0.017830 
 60     0.012442 
 61     0.016143 
 62     0.019605 
 63     0.014185 
 64     0.010577 
 65     0.009335 
 66     0.010035 
 67     0.008180 
 68     0.007771 
 69     0.008255 
 70     0.006414 
 71     0.016026 
 72     0.010622 
 73     0.009983 
 74     0.015938 
 75     0.018668 
 76     0.022457 
 77     0.026042 
 78     0.024749 
 79     0.028034 
 80     0.028159 
 81     0.026276 
 82     0.029221 
 83     0.035560 
 84     0.034469 
 85     0.033817 
 86     0.042829 
 87     0.044239 
 88     0.028448 
 89     0.025708 
 90     0.021307 
 91     0.026241 
 92     0.025221 
 93     0.026424 
 94     0.025737 
 95     0.022032 
 96     0.032091 
 97     0.011517 
 98     0.019146 
 99     0.015539 
100     0.018511 
101     0.017764 
102     0.020358 
103     0.022615 
104     0.018944 
105     0.019748 
106     0.034482 
107     0.029117 
108     0.023409 
109     0.017014 
110     0.014223 
111     0.010238 
112     0.007131 
113     0.008782 
114     0.007212 
115     0.006025 
116     0.006497 
117     0.006958 
118     0.004421 
119     0.005372 
120     0.007622 
121     0.005870 
122     0.008227 
123     0.011041 
124     0.017386 
125     0.017518 
126     0.018533 
127     0.022496 
128     0.024085 
129     0.025134 
130     0.026754 
131     0.030264 
132     0.028830 
133     0.025375 
134     0.019412 
135     0.017332 
136     0.015198 
137     0.011144 
138     0.008778 
139     0.006949 
140     0.005128 
141     0.005716 
142     0.004186 
143     0.006615 
144     0.008020 
145     0.009011 
146     0.010922 
147     0.009351 
148     0.009006 
149     0.009258 
150     0.007739 
151     0.007850 
152     0.006772 
153     0.005877 
154     0.005047 
155     0.004890 
156     0.005504 
157     0.005001 
158     0.003857 
159     0.004800 
160     0.005586 
161     0.006346 
162     0.009417 
163     0.012309 
164     0.010495 
165     0.012806 
166     0.008194 
167     0.007060 
168     0.005360 
169     0.006070 
170     0.002627 
171     0.004167 
172     0.006757 
173     0.004088 
174     0.006271 
175     0.013103 
176     0.010200 
177     0.012328 
178     0.016815 
179     0.024616 
180     0.029805 
181     0.037398 
182     0.035907 
183     0.043143 
184     0.038689 
185     0.041558 
186     0.038866 
187     0.049215 
188     0.037191 
189     0.021431 
190     0.010493 
191     0.006848 
192     0.005142 
193     0.005564 
194     0.011001 
195     0.011694 
196     0.011121 
197     0.007638 
198     0.006531 
199     0.006546 
200     0.002808 
201     0.002421 
202     0.006893 
203     0.013276 
204     0.015068 
205     0.025578 
206     0.026651 
207     0.029973 
208     0.022932 
209     0.015077 
210     0.081130 
211     0.061218 
212     0.015113 
213     0.016445 
214     0.017263 
215     0.014355 
216     0.014704 
217     0.012893 
218     0.017016 
219     0.012752 
220     0.009826 
221     0.007685 
222     0.006687 
223     0.009877 
224     0.007804 
225     0.009889 
226     0.012330 
227     0.014209 
228     0.016605 
229     0.013404 
230     0.023488 
231     0.023668 
232     0.016282 
233     0.022195 
234     0.030324 
235     0.007830 
236     0.020912 
237     0.044192 
238     0.050150 
239     0.049396 
240     0.043764 
241     0.093733 
242     0.094873 
243     0.069336 
244     0.063244 
245     0.154947 
246     0.179139 
247     0.106076 
248     0.040197 
249     0.056485 
250     0.054169 
251     0.041722 
252     0.040972 
253     0.060067 
254     0.039372 
255     0.020842 
256     0.024107 
257     0.027811 
258     0.013853 
259     0.019774 
260     0.020285 
261     0.014792 
262     0.013618 
263     0.009716 
264     0.010669 
265     0.008595 
266     0.006227 
267     0.007156 
268     0.004981 
269     0.014205 
270     0.012317 
271     0.022426 
272     0.031540 
273     0.037807 
274     0.048205 
275     0.052508 
276     0.057537 
277     0.034040 
278     0.009100 
279     0.032636 
280     0.046532 
281     0.057663 
282     0.036311 
283     0.054203 
284     0.054136 
285     0.049561 
286     0.084184 
287     0.107815 
288     0.118430 
289     0.154282 
290     0.179925 
291     0.128466 
292     0.069091 
293     0.040517 
294     0.037296 
295     0.070420 
296     0.104870 
297     0.073822 
298     0.034216 
299     0.037432 
300     0.050368 
301     0.051808 
302     0.077240 
303     0.067903 
304     0.036542 
305     0.054643 
306     0.061737 
307     0.048858 
308     0.043175 
309     0.053469 
310     0.052712 
311     0.043092 
312     0.046939 
313     0.047073 
314     0.036474 
315     0.022735 
316     0.032182 
317     0.022579 
318     0.010786 
319     0.003621 
320     0.004799 
321     0.015008 
322     0.012019 
323     0.017815 
324     0.027815 
325     0.023262 
326     0.019533 
327     0.029706 
328     0.035757 
329     0.034119 
330     0.024640 
331     0.031330 
332     0.036950 
333     0.029660 
334     0.037043 
335     0.028817 
336     0.018241 
337     0.013592 
338     0.013914 
339     0.010635 
340     0.010600 
341     0.012887 
342     0.016356 
343     0.016864 
344     0.027496 
345     0.039352 
346     0.056711 
347     0.057039 
348     0.048328 
349     0.048625 
350     0.054641 
351     0.046343 
352     0.031630 
353     0.032506 
354     0.032659 
355     0.023135 
356     0.008495 
357     0.017915 
358     0.026709 
359     0.039191 
360     0.033503 
361     0.040618 
362     0.039455 
363     0.027098 
364     0.014090 
365     0.012765 
366     0.013595 
367     0.008764 
368     0.007143 
369     0.008630 
370     0.004782 
371     0.006725 
372     0.008220 
373     0.005013 
374     0.004548 
375     0.009496 
376     0.008898 
377     0.004225 
378     0.011853 
379     0.020083 
380     0.012487 
381     0.020800 
382     0.031579 
383     0.029328 
384     0.033350 
385     0.021491 
386     0.018362 
387     0.011968 
388     0.008194 
389     0.002945 
390     0.005832 
391     0.009387 
392     0.009186 
393     0.012104 
394     0.011525 
395     0.010227 
396     0.009720 
397     0.008906 
398     0.012277 
399     0.009893 
400     0.011915 
401     0.016543 
402     0.013883 
403     0.044325 
404     0.056088 
405     0.036616 
406     0.024135 
407     0.012666 
408     0.005741 
409     0.001999 
410     0.011530 
411     0.013906 
412     0.008945 
413     0.009826 
414     0.012173 
415     0.012565 
416     0.013877 
417     0.011820 
418     0.011586 
419     0.009249 
420     0.005957 
421     0.004118 
422     0.005621 
423     0.007810 
424     0.008565 
425     0.008764 
426     0.006153 
427     0.004853 
428     0.004518 
429     0.009841 
430     0.012147 
431     0.012583 
432     0.010853 
433     0.012020 
434     0.011854 
435     0.010398 
436     0.005555 
437     0.011359 
438     0.016946 
439     0.020618 
440     0.019083 
441     0.014539 
442     0.010519 
443     0.005479 
444     0.012352 
445     0.017763 
446     0.022628 
447     0.020896 
448     0.027057 
449     0.023331 
450     0.018773 
451     0.021330 
452     0.022921 
453     0.018838 
454     0.011631 
455     0.003223 
456     0.015007 
457     0.018951 
458     0.015570 
459     0.012907 
460     0.010319 
461     0.011482 
462     0.011092 
463     0.011485 
464     0.008210 
465     0.009158 
466     0.006749 
467     0.002756 
468     0.002684 
469     0.003589 
470     0.009684 
471     0.011090 
472     0.011925 
473     0.011988 
474     0.010233 
475     0.007525 
476     0.004325 
477     0.008654 
478     0.011045 
479     0.011406 
480     0.011324 
481     0.011274 
482     0.010409 
483     0.009629 
484     0.007217 
485     0.018082 
486     0.025078 
487     0.019582 
488     0.018093 
489     0.014700 
490     0.014336 
491     0.019466 
492     0.027184 
493     0.026689 
494     0.027551 
495     0.021297 
496     0.013953 
497     0.014974 
498     0.015441 
499     0.027144 
500     0.025139 
501     0.016072 
502     0.006998 
503     0.008583 
504     0.007648 
505     0.005254 
506     0.016473 
507     0.094019 
508     0.101220 
509     0.097854 
510     0.060541 
511     0.018014 
512     0.035720 
513     0.025866 
514     0.012051 
515     0.004534 
516     0.007501 
517     0.006571 
518     0.008466 
519     0.008251 
520     0.018852 
521     0.019387 
522     0.011956 
523     0.016058 
524     0.028104 
525     0.037796 
526     0.031540 
527     0.027404 
528     0.058363 
529     0.071583 
530     0.071317 
531     0.079757 
532     0.111636 
533     0.128647 
534     0.092009 
535     0.092585 
536     0.120635 
537     0.095490 
538     0.063464 
539     0.061518 
540     0.058463 
541     0.049012 
542     0.013376 
543     0.031552 
544     0.076596 
545     0.053491 
546     0.056600 
547     0.098542 
548     0.067865 
549     0.051164 
550     0.101792 
551     0.064114 
552     0.035238 
553     0.106146 
554     0.200053 
555     0.161314 
556     0.063767 
557     0.050466 
558     0.022306 
559     0.056396 
560     0.036505 
561     0.034411 
562     0.039551 
563     0.042486 
564     0.038923 
565     0.038129 
566     0.036859 
567     0.029955 
568     0.019604 
569     0.027409 
570     0.032909 
571     0.017153 
572     0.040065 
573     0.061689 
574     0.046241 
575     0.066155 
576     0.098724 
577     0.087338 
578     0.068451 
579     0.048717 
580     0.054206 
581     0.035779 
582     0.016482 
583     0.032469 
584     0.046156 
585     0.035268 
586     0.021033 
587     0.031240 
588     0.051968 
589     0.048739 
590     0.033538 
591     0.040849 
592     0.055137 
593     0.042669 
594     0.038441 
595     0.023822 
596     0.049572 
597     0.018105 
598     0.058938 
599     0.112755 
600     0.139496 
601     0.119181 
602     0.172573 
603     0.144730 
604     0.152535 
