  1     0.069293 
  2     0.060717 
  3     0.027994 
  4     0.021488 
  5     0.014160 
  6     0.015409 
  7     0.011918 
  8     0.010823 
  9     0.009559 
 10     0.005724 
 11     0.005958 
 12     0.005017 
 13     0.002825 
 14     0.005395 
 15     0.008227 
 16     0.009250 
 17     0.011937 
 18     0.011727 
 19     0.072748 
 20     0.108281 
 21     0.069054 
 22     0.051400 
 23     0.015507 
 24     0.014272 
 25     0.011754 
 26     0.011442 
 27     0.022233 
 28     0.013548 
 29     0.119687 
 30     0.036147 
 31     0.048634 
 32     0.016446 
 33     0.013739 
 34     0.005362 
 35     0.002873 
 36     0.001818 
 37     0.003306 
 38     0.005953 
 39     0.010941 
 40     0.017090 
 41     0.030173 
 42     0.036864 
 43     0.028348 
 44     0.047139 
 45     0.055772 
 46     0.063104 
 47     0.047476 
 48     0.023897 
 49     0.012798 
 50     0.007503 
 51     0.026810 
 52     0.023380 
 53     0.006311 
 54     0.017464 
 55     0.027996 
 56     0.008063 
 57     0.014612 
 58     0.017351 
 59     0.008721 
 60     0.021129 
 61     0.026253 
 62     0.053719 
 63     0.037554 
 64     0.022391 
 65     0.013971 
 66     0.011675 
 67     0.007787 
 68     0.009456 
 69     0.012205 
 70     0.017119 
 71     0.017210 
 72     0.023231 
 73     0.027671 
 74     0.026899 
 75     0.027044 
 76     0.026583 
 77     0.035572 
 78     0.042919 
 79     0.044690 
 80     0.053667 
 81     0.030760 
 82     0.032035 
 83     0.059595 
 84     0.057035 
 85     0.048877 
 86     0.094954 
 87     0.112337 
 88     0.057036 
 89     0.057541 
 90     0.040315 
 91     0.047718 
 92     0.037178 
 93     0.030774 
 94     0.026830 
 95     0.024184 
 96     0.015901 
 97     0.043267 
 98     0.029908 
 99     0.027838 
100     0.028959 
101     0.037059 
102     0.037851 
103     0.067585 
104     0.061411 
105     0.064608 
106     0.369980 
107     0.311161 
108     0.030810 
109     0.047238 
110     0.042891 
111     0.020995 
112     0.016209 
113     0.027707 
114     0.007813 
115     0.008685 
116     0.007426 
117     0.003967 
118     0.002915 
119     0.003387 
120     0.011559 
121     0.001322 
122     0.005070 
123     0.003340 
124     0.009782 
125     0.009352 
126     0.007343 
127     0.022072 
128     0.035878 
129     0.034005 
130     0.052867 
131     0.081494 
132     0.062118 
133     0.010009 
134     0.014747 
135     0.017553 
136     0.018176 
137     0.015612 
138     0.015133 
139     0.015448 
140     0.014826 
141     0.016237 
142     0.011035 
143     0.008327 
144     0.008839 
145     0.014050 
146     0.019628 
147     0.029702 
148     0.031969 
149     0.026765 
150     0.030188 
151     0.041497 
152     0.031400 
153     0.023050 
154     0.023422 
155     0.023470 
156     0.015194 
157     0.017652 
158     0.015834 
159     0.010399 
160     0.014247 
161     0.018278 
162     0.013693 
163     0.019603 
164     0.018850 
165     0.013486 
166     0.011125 
167     0.021018 
168     0.014094 
169     0.013546 
170     0.011252 
171     0.008541 
172     0.013074 
173     0.015309 
174     0.012843 
175     0.012009 
176     0.020105 
177     0.019624 
178     0.022904 
179     0.027170 
180     0.074086 
181     0.095858 
182     0.051226 
183     0.038624 
184     0.042344 
185     0.043633 
186     0.019942 
187     0.020032 
188     0.023343 
189     0.011355 
190     0.003872 
191     0.002756 
192     0.003270 
193     0.004820 
194     0.005880 
195     0.008599 
196     0.009249 
197     0.009801 
198     0.010613 
199     0.009766 
200     0.006473 
201     0.004907 
202     0.003510 
203     0.007861 
204     0.002894 
205     0.003540 
206     0.016326 
207     0.024925 
208     0.034276 
209     0.030793 
210     0.151585 
211     0.035595 
212     0.114371 
213     0.056775 
214     0.054845 
215     0.009205 
216     0.014628 
217     0.012827 
218     0.017600 
219     0.012943 
220     0.004896 
221     0.007783 
222     0.010480 
223     0.013700 
224     0.015901 
225     0.014531 
226     0.012587 
227     0.009684 
228     0.009139 
229     0.010106 
230     0.009573 
231     0.009817 
232     0.009809 
233     0.008119 
234     0.008134 
235     0.009601 
236     0.010994 
237     0.011616 
238     0.010683 
239     0.010209 
240     0.012158 
241     0.016662 
242     0.012364 
243     0.011936 
244     0.016990 
245     0.017576 
246     0.014270 
247     0.020996 
248     0.035925 
249     0.043916 
250     0.016336 
251     0.011648 
252     0.012282 
253     0.026657 
254     0.016575 
255     0.014451 
256     0.007389 
257     0.005179 
258     0.015176 
259     0.014147 
260     0.010520 
261     0.010817 
262     0.008450 
263     0.012868 
264     0.012794 
265     0.011028 
266     0.011876 
267     0.012719 
268     0.010674 
269     0.012252 
270     0.014035 
271     0.004890 
272     0.005492 
273     0.018302 
274     0.013519 
275     0.008021 
276     0.013476 
277     0.015619 
278     0.009529 
279     0.011344 
280     0.014755 
281     0.013168 
282     0.016053 
283     0.020645 
284     0.020684 
285     0.018589 
286     0.023210 
287     0.018330 
288     0.041324 
289     0.026566 
290     0.013983 
291     0.007189 
292     0.013779 
293     0.028765 
294     0.025056 
295     0.030562 
296     0.021642 
297     0.016957 
298     0.030280 
299     0.026186 
300     0.020456 
301     0.015386 
302     0.013211 
303     0.016980 
304     0.018414 
305     0.015349 
306     0.013417 
307     0.016385 
308     0.016949 
309     0.014365 
310     0.019558 
311     0.016422 
312     0.012189 
313     0.016792 
314     0.020817 
315     0.016530 
316     0.016929 
317     0.022922 
318     0.016014 
319     0.017375 
320     0.022468 
321     0.019455 
322     0.015081 
323     0.017811 
324     0.026936 
325     0.025525 
326     0.022031 
327     0.026031 
328     0.024374 
329     0.029933 
330     0.034794 
331     0.039334 
332     0.036190 
333     0.026882 
334     0.026997 
335     0.018091 
336     0.006611 
337     0.008878 
338     0.005078 
339     0.006145 
340     0.008345 
341     0.012749 
342     0.009626 
343     0.010506 
344     0.017287 
345     0.025331 
346     0.018964 
347     0.020158 
348     0.014818 
349     0.012985 
350     0.018040 
351     0.017484 
352     0.013265 
353     0.014396 
354     0.022445 
355     0.021922 
356     0.018789 
357     0.018022 
358     0.011921 
359     0.008216 
360     0.004826 
361     0.015518 
362     0.026842 
363     0.022732 
364     0.015437 
365     0.015120 
366     0.010305 
367     0.007320 
368     0.010962 
369     0.013453 
370     0.011928 
371     0.012763 
372     0.015316 
373     0.018003 
374     0.014838 
375     0.015911 
376     0.021980 
377     0.021907 
378     0.020227 
379     0.035299 
380     0.055981 
381     0.042638 
382     0.044639 
383     0.088649 
384     0.076472 
385     0.063774 
386     0.063376 
387     0.134040 
388     0.142900 
389     0.101174 
390     0.027006 
391     0.034425 
392     0.019169 
393     0.015506 
394     0.007013 
395     0.002122 
396     0.012647 
397     0.035630 
398     0.042043 
399     0.046604 
400     0.042109 
401     0.028447 
402     0.020854 
403     0.014739 
404     0.056433 
405     0.020293 
406     0.014302 
407     0.026439 
408     0.044223 
409     0.054939 
410     0.060098 
411     0.041919 
412     0.039193 
413     0.019261 
414     0.015189 
415     0.012954 
416     0.025554 
417     0.028011 
418     0.038184 
419     0.054452 
420     0.068591 
421     0.065235 
422     0.074788 
423     0.070465 
424     0.020033 
425     0.014365 
426     0.011702 
427     0.002470 
428     0.009865 
429     0.012184 
430     0.012994 
431     0.006984 
432     0.007041 
433     0.016103 
434     0.022959 
435     0.014442 
436     0.085799 
437     0.075752 
438     0.056520 
439     0.044706 
440     0.032276 
441     0.026365 
442     0.022851 
443     0.025126 
444     0.016875 
445     0.021438 
446     0.011309 
447     0.015582 
448     0.017363 
449     0.015393 
450     0.019322 
451     0.021705 
452     0.031671 
453     0.019541 
454     0.033769 
455     0.050083 
456     0.040917 
457     0.050879 
458     0.027006 
459     0.026065 
460     0.031841 
461     0.019541 
462     0.020485 
463     0.014515 
464     0.016332 
465     0.016460 
466     0.011187 
467     0.004869 
468     0.011060 
469     0.012417 
470     0.017481 
471     0.017143 
472     0.022897 
473     0.054112 
474     0.080158 
475     0.095725 
476     0.066344 
477     0.050171 
478     0.042591 
479     0.035140 
480     0.034329 
481     0.027318 
482     0.036470 
483     0.068370 
484     0.048835 
485     0.066929 
486     0.028275 
487     0.028141 
488     0.017922 
489     0.013246 
490     0.011337 
491     0.009075 
492     0.042407 
493     0.020610 
494     0.023963 
495     0.031102 
496     0.034951 
497     0.028827 
498     0.029924 
499     0.022335 
500     0.034378 
501     0.040850 
502     0.036626 
503     0.023003 
504     0.028298 
505     0.033714 
506     0.074216 
507     0.150671 
508     0.058111 
509     0.060033 
510     0.075331 
511     0.010863 
512     0.092073 
513     0.149507 
514     0.071846 
515     0.049952 
516     0.131363 
517     0.103492 
518     0.034685 
519     0.068805 
520     0.096622 
521     0.033251 
522     0.027911 
523     0.058281 
524     0.016414 
525     0.034422 
526     0.068791 
527     0.037316 
528     0.050778 
529     0.093048 
530     0.059451 
531     0.037538 
532     0.061348 
533     0.048781 
534     0.021827 
535     0.010549 
536     0.016762 
537     0.037429 
538     0.028303 
539     0.041079 
540     0.064779 
541     0.042733 
542     0.039501 
543     0.048222 
544     0.027734 
545     0.018189 
546     0.019747 
547     0.007133 
548     0.015271 
549     0.012169 
550     0.039020 
551     0.038218 
552     0.025383 
553     0.047768 
554     0.043924 
555     0.025051 
556     0.020860 
557     0.055824 
558     0.056863 
559     0.057381 
560     0.018600 
561     0.012204 
562     0.021911 
563     0.001885 
564     0.008350 
565     0.009146 
566     0.009952 
567     0.012278 
568     0.021110 
569     0.027005 
570     0.015451 
571     0.017718 
572     0.027674 
573     0.022778 
574     0.009959 
575     0.009511 
576     0.013018 
577     0.016267 
578     0.022327 
579     0.021937 
580     0.014254 
581     0.011277 
582     0.008891 
583     0.005442 
584     0.010388 
585     0.005802 
586     0.010119 
587     0.018036 
588     0.013590 
589     0.012296 
590     0.014735 
591     0.017040 
592     0.014620 
593     0.015357 
594     0.016514 
595     0.012418 
596     0.030158 
597     0.019259 
598     0.008470 
599     0.035865 
600     0.037646 
601     0.024169 
602     0.045135 
603     0.027140 
604     0.035693 
