  1     0.025179 
  2     0.008101 
  3     0.007568 
  4     0.009108 
  5     0.009439 
  6     0.010185 
  7     0.009447 
  8     0.007454 
  9     0.002347 
 10     0.012617 
 11     0.016138 
 12     0.011020 
 13     0.002814 
 14     0.009747 
 15     0.007899 
 16     0.009421 
 17     0.009997 
 18     0.009841 
 19     0.028044 
 20     0.014558 
 21     0.010643 
 22     0.014002 
 23     0.011440 
 24     0.011600 
 25     0.011978 
 26     0.011998 
 27     0.016580 
 28     0.012804 
 29     0.024404 
 30     0.032402 
 31     0.031394 
 32     0.024132 
 33     0.017247 
 34     0.011448 
 35     0.011433 
 36     0.012241 
 37     0.011092 
 38     0.017958 
 39     0.034945 
 40     0.036814 
 41     0.040034 
 42     0.052166 
 43     0.017445 
 44     0.032845 
 45     0.028952 
 46     0.023463 
 47     0.041424 
 48     0.042029 
 49     0.032328 
 50     0.022922 
 51     0.023175 
 52     0.031323 
 53     0.026160 
 54     0.013256 
 55     0.011944 
 56     0.015793 
 57     0.022911 
 58     0.020841 
 59     0.028836 
 60     0.018348 
 61     0.031153 
 62     0.056705 
 63     0.045222 
 64     0.037159 
 65     0.044263 
 66     0.043565 
 67     0.019086 
 68     0.014671 
 69     0.023604 
 70     0.047376 
 71     0.035134 
 72     0.033097 
 73     0.029704 
 74     0.048963 
 75     0.042641 
 76     0.039009 
 77     0.069303 
 78     0.094663 
 79     0.130177 
 80     0.075456 
 81     0.055657 
 82     0.052920 
 83     0.030738 
 84     0.033748 
 85     0.021847 
 86     0.090225 
 87     0.149656 
 88     0.072446 
 89     0.056408 
 90     0.043509 
 91     0.029022 
 92     0.024050 
 93     0.022923 
 94     0.032764 
 95     0.036046 
 96     0.060063 
 97     0.045070 
 98     0.035567 
 99     0.038258 
100     0.034023 
101     0.035224 
102     0.031321 
103     0.036990 
104     0.080681 
105     0.129592 
106     0.054365 
107     0.118479 
108     0.053497 
109     0.055349 
110     0.031811 
111     0.019567 
112     0.021780 
113     0.019301 
114     0.007260 
115     0.019305 
116     0.027182 
117     0.022098 
118     0.013002 
119     0.018016 
120     0.021049 
121     0.010009 
122     0.012018 
123     0.012823 
124     0.009337 
125     0.012272 
126     0.010802 
127     0.011371 
128     0.013227 
129     0.012533 
130     0.007974 
131     0.014724 
132     0.010988 
133     0.009249 
134     0.008851 
135     0.009962 
136     0.006870 
137     0.008753 
138     0.008850 
139     0.007422 
140     0.007083 
141     0.004544 
142     0.011576 
143     0.010817 
144     0.011415 
145     0.010344 
146     0.011013 
147     0.008085 
148     0.018227 
149     0.020885 
150     0.014819 
151     0.021018 
152     0.018870 
153     0.020965 
154     0.016211 
155     0.020975 
156     0.028818 
157     0.024214 
158     0.026612 
159     0.036999 
160     0.025468 
161     0.025433 
162     0.020536 
163     0.013323 
164     0.007490 
165     0.008391 
166     0.008139 
167     0.008901 
168     0.011872 
169     0.009848 
170     0.012269 
171     0.019689 
172     0.021248 
173     0.011670 
174     0.011965 
175     0.011743 
176     0.008031 
177     0.009369 
178     0.023141 
179     0.035128 
180     0.087332 
181     0.107738 
182     0.021419 
183     0.109561 
184     0.089284 
185     0.073393 
186     0.010649 
187     0.072042 
188     0.062236 
189     0.028847 
190     0.035674 
191     0.020796 
192     0.023022 
193     0.020352 
194     0.025765 
195     0.026394 
196     0.028970 
197     0.026695 
198     0.026786 
199     0.020585 
200     0.015354 
201     0.019328 
202     0.028126 
203     0.043577 
204     0.030400 
205     0.026364 
206     0.007149 
207     0.034628 
208     0.095901 
209     0.102213 
210     0.053078 
211     0.086074 
212     0.018881 
213     0.047292 
214     0.026425 
215     0.027717 
216     0.027462 
217     0.023972 
218     0.022964 
219     0.016262 
220     0.010755 
221     0.016042 
222     0.012793 
223     0.017701 
224     0.022872 
225     0.036430 
226     0.024706 
227     0.031864 
228     0.030348 
229     0.026837 
230     0.032965 
231     0.028552 
232     0.031428 
233     0.036253 
234     0.028168 
235     0.040297 
236     0.033280 
237     0.036191 
238     0.046055 
239     0.019738 
240     0.031905 
241     0.027668 
242     0.020447 
243     0.020828 
244     0.028907 
245     0.086898 
246     0.107558 
247     0.018200 
248     0.047624 
249     0.058632 
250     0.012835 
251     0.026881 
252     0.035645 
253     0.038906 
254     0.020101 
255     0.029706 
256     0.024415 
257     0.023632 
258     0.023414 
259     0.027509 
260     0.017451 
261     0.009801 
262     0.012603 
263     0.032277 
264     0.029584 
265     0.020931 
266     0.019626 
267     0.039252 
268     0.052973 
269     0.031384 
270     0.037333 
271     0.028866 
272     0.030703 
273     0.026048 
274     0.012584 
275     0.016931 
276     0.038166 
277     0.051748 
278     0.032850 
279     0.041151 
280     0.035589 
281     0.030377 
282     0.015270 
283     0.030100 
284     0.021106 
285     0.042775 
286     0.035181 
287     0.007805 
288     0.058030 
289     0.025806 
290     0.029938 
291     0.017899 
292     0.012621 
293     0.022948 
294     0.056558 
295     0.078419 
296     0.076648 
297     0.025951 
298     0.116299 
299     0.099020 
300     0.057640 
301     0.051143 
302     0.029657 
303     0.033835 
304     0.072406 
305     0.085475 
306     0.043030 
307     0.028355 
308     0.043013 
309     0.056955 
310     0.040350 
311     0.024127 
312     0.045366 
313     0.036219 
314     0.011634 
315     0.014802 
316     0.024086 
317     0.047035 
318     0.037797 
319     0.046679 
320     0.127718 
321     0.099464 
322     0.066358 
323     0.096215 
324     0.075351 
325     0.070520 
326     0.077268 
327     0.065537 
328     0.089411 
329     0.093887 
330     0.122645 
331     0.054738 
332     0.040918 
333     0.053867 
334     0.043225 
335     0.044298 
336     0.040273 
337     0.024432 
338     0.022197 
339     0.019974 
340     0.025532 
341     0.030921 
342     0.028853 
343     0.027908 
344     0.031893 
345     0.016913 
346     0.026648 
347     0.015343 
348     0.022178 
349     0.025072 
350     0.023623 
351     0.012740 
352     0.022278 
353     0.030952 
354     0.025359 
355     0.033970 
356     0.042972 
357     0.039505 
358     0.036321 
359     0.042064 
360     0.045295 
361     0.040576 
362     0.039656 
363     0.037961 
364     0.017258 
365     0.013478 
366     0.014794 
367     0.004920 
368     0.007067 
369     0.005990 
370     0.009127 
371     0.009557 
372     0.009189 
373     0.009772 
374     0.010017 
375     0.010887 
376     0.010164 
377     0.006394 
378     0.008998 
379     0.008998 
380     0.016860 
381     0.008642 
382     0.019381 
383     0.023073 
384     0.025552 
385     0.025272 
386     0.017449 
387     0.087828 
388     0.092380 
389     0.060040 
390     0.025052 
391     0.020488 
392     0.013710 
393     0.007350 
394     0.005212 
395     0.008634 
396     0.008718 
397     0.004596 
398     0.005174 
399     0.007825 
400     0.009340 
401     0.015145 
402     0.007942 
403     0.092103 
404     0.119864 
405     0.029451 
406     0.015746 
407     0.021724 
408     0.019032 
409     0.009948 
410     0.018626 
411     0.012496 
412     0.008981 
413     0.004349 
414     0.014464 
415     0.011031 
416     0.011961 
417     0.013803 
418     0.018294 
419     0.018895 
420     0.022434 
421     0.023698 
422     0.040308 
423     0.063493 
424     0.029869 
425     0.042087 
426     0.057269 
427     0.017778 
428     0.021205 
429     0.021590 
430     0.030908 
431     0.027156 
432     0.002558 
433     0.031497 
434     0.040444 
435     0.018697 
436     0.016961 
437     0.006997 
438     0.004695 
439     0.010133 
440     0.008534 
441     0.008824 
442     0.014334 
443     0.025177 
444     0.045615 
445     0.043939 
446     0.038541 
447     0.027155 
448     0.050688 
449     0.051409 
450     0.028726 
451     0.021069 
452     0.016050 
453     0.018377 
454     0.014281 
455     0.017476 
456     0.020702 
457     0.007108 
458     0.020788 
459     0.055634 
460     0.085514 
461     0.046622 
462     0.060071 
463     0.055676 
464     0.046467 
465     0.030140 
466     0.005370 
467     0.021034 
468     0.032895 
469     0.048790 
470     0.027655 
471     0.027494 
472     0.010377 
473     0.018215 
474     0.021099 
475     0.020980 
476     0.022630 
477     0.010179 
478     0.016954 
479     0.016294 
480     0.019227 
481     0.006603 
482     0.009792 
483     0.011260 
484     0.012386 
485     0.005702 
486     0.025596 
487     0.023924 
488     0.022662 
489     0.012200 
490     0.021149 
491     0.077210 
492     0.037720 
493     0.024608 
494     0.058915 
495     0.027734 
496     0.048139 
497     0.035721 
498     0.019765 
499     0.038782 
500     0.086829 
501     0.078627 
502     0.041705 
503     0.013110 
504     0.014899 
505     0.027154 
506     0.049119 
507     0.155814 
508     0.111191 
509     0.080247 
510     0.033887 
511     0.071589 
512     0.085691 
513     0.061639 
514     0.022272 
515     0.036986 
516     0.050225 
517     0.017960 
518     0.031269 
519     0.035711 
520     0.015724 
521     0.024409 
522     0.029604 
523     0.052618 
524     0.035055 
525     0.030323 
526     0.046741 
527     0.033108 
528     0.024752 
529     0.014452 
530     0.042932 
531     0.043665 
532     0.055744 
533     0.088771 
534     0.040757 
535     0.034462 
536     0.037040 
537     0.031139 
538     0.014302 
539     0.021680 
540     0.072625 
541     0.053004 
542     0.041226 
543     0.085341 
544     0.055704 
545     0.032022 
546     0.057407 
547     0.038643 
548     0.025928 
549     0.044219 
550     0.091748 
551     0.089690 
552     0.078440 
553     0.130957 
554     0.049186 
555     0.076087 
556     0.028014 
557     0.059103 
558     0.046312 
559     0.016598 
560     0.014721 
561     0.018567 
562     0.035334 
563     0.023842 
564     0.009309 
565     0.014107 
566     0.027655 
567     0.010125 
568     0.016268 
569     0.033521 
570     0.018203 
571     0.014983 
572     0.019319 
573     0.020695 
574     0.017278 
575     0.012572 
576     0.033296 
577     0.041970 
578     0.026483 
579     0.014462 
580     0.022482 
581     0.046468 
582     0.027227 
583     0.017697 
584     0.030450 
585     0.023405 
586     0.007854 
587     0.015805 
588     0.017409 
589     0.017264 
590     0.015600 
591     0.033916 
592     0.045454 
593     0.031739 
594     0.025234 
595     0.044674 
596     0.017022 
597     0.019265 
598     0.030901 
599     0.039884 
600     0.041826 
601     0.050117 
602     0.050042 
603     0.047456 
604     0.036551 
