  1     0.022264 
  2     0.022819 
  3     0.017837 
  4     0.013783 
  5     0.011770 
  6     0.008594 
  7     0.010872 
  8     0.011435 
  9     0.010618 
 10     0.007850 
 11     0.010738 
 12     0.012248 
 13     0.011985 
 14     0.011859 
 15     0.013950 
 16     0.012281 
 17     0.009983 
 18     0.009878 
 19     0.010697 
 20     0.012872 
 21     0.009823 
 22     0.005782 
 23     0.005176 
 24     0.008434 
 25     0.011468 
 26     0.013318 
 27     0.016512 
 28     0.020717 
 29     0.027007 
 30     0.024601 
 31     0.021345 
 32     0.020592 
 33     0.016946 
 34     0.018137 
 35     0.014630 
 36     0.012036 
 37     0.011696 
 38     0.011286 
 39     0.009154 
 40     0.010541 
 41     0.015683 
 42     0.017392 
 43     0.028956 
 44     0.002970 
 45     0.003713 
 46     0.003579 
 47     0.002591 
 48     0.006830 
 49     0.010403 
 50     0.012076 
 51     0.010005 
 52     0.005040 
 53     0.005156 
 54     0.009365 
 55     0.017934 
 56     0.025131 
 57     0.024608 
 58     0.034562 
 59     0.037527 
 60     0.020173 
 61     0.022107 
 62     0.008042 
 63     0.014361 
 64     0.007012 
 65     0.009358 
 66     0.009333 
 67     0.008987 
 68     0.016514 
 69     0.012594 
 70     0.017894 
 71     0.028071 
 72     0.022485 
 73     0.026102 
 74     0.041248 
 75     0.053893 
 76     0.059573 
 77     0.070625 
 78     0.066352 
 79     0.070573 
 80     0.054990 
 81     0.048576 
 82     0.059326 
 83     0.059684 
 84     0.044198 
 85     0.044042 
 86     0.045579 
 87     0.039825 
 88     0.028506 
 89     0.014122 
 90     0.011392 
 91     0.025310 
 92     0.037810 
 93     0.052270 
 94     0.068785 
 95     0.065932 
 96     0.096356 
 97     0.069002 
 98     0.071755 
 99     0.056811 
100     0.047802 
101     0.042507 
102     0.032706 
103     0.034757 
104     0.023974 
105     0.024557 
106     0.042478 
107     0.055139 
108     0.050956 
109     0.040740 
110     0.038488 
111     0.024845 
112     0.020525 
113     0.025136 
114     0.020971 
115     0.017597 
116     0.019139 
117     0.018719 
118     0.018120 
119     0.016857 
120     0.018650 
121     0.018660 
122     0.017497 
123     0.018495 
124     0.023055 
125     0.021469 
126     0.017549 
127     0.023099 
128     0.025588 
129     0.020539 
130     0.021821 
131     0.029334 
132     0.029083 
133     0.026308 
134     0.021542 
135     0.020838 
136     0.017626 
137     0.013049 
138     0.007873 
139     0.008152 
140     0.007757 
141     0.009358 
142     0.014285 
143     0.015070 
144     0.016131 
145     0.012774 
146     0.016464 
147     0.011848 
148     0.011573 
149     0.011823 
150     0.004254 
151     0.007252 
152     0.015242 
153     0.010644 
154     0.010391 
155     0.015835 
156     0.016586 
157     0.014936 
158     0.019554 
159     0.022087 
160     0.019990 
161     0.020936 
162     0.017975 
163     0.015654 
164     0.013259 
165     0.010951 
166     0.006733 
167     0.003898 
168     0.002523 
169     0.009042 
170     0.011555 
171     0.015858 
172     0.010577 
173     0.007771 
174     0.011353 
175     0.011805 
176     0.008013 
177     0.007347 
178     0.012613 
179     0.014402 
180     0.012291 
181     0.017345 
182     0.020785 
183     0.025295 
184     0.024328 
185     0.025435 
186     0.022301 
187     0.018254 
188     0.020086 
189     0.019622 
190     0.022166 
191     0.019869 
192     0.021997 
193     0.021066 
194     0.022131 
195     0.019012 
196     0.018989 
197     0.019506 
198     0.018880 
199     0.020076 
200     0.019515 
201     0.020493 
202     0.019140 
203     0.020340 
204     0.016729 
205     0.017055 
206     0.016239 
207     0.019242 
208     0.025296 
209     0.042503 
210     0.085556 
211     0.064004 
212     0.031301 
213     0.018078 
214     0.011742 
215     0.010452 
216     0.012407 
217     0.015029 
218     0.018209 
219     0.019459 
220     0.018320 
221     0.019054 
222     0.020206 
223     0.021305 
224     0.018878 
225     0.025327 
226     0.021717 
227     0.019977 
228     0.022670 
229     0.026473 
230     0.027688 
231     0.029614 
232     0.031498 
233     0.031762 
234     0.035350 
235     0.033599 
236     0.034290 
237     0.042094 
238     0.038171 
239     0.036860 
240     0.044199 
241     0.044281 
242     0.042290 
243     0.042148 
244     0.043863 
245     0.050265 
246     0.059605 
247     0.053572 
248     0.050070 
249     0.032121 
250     0.051027 
251     0.060601 
252     0.047773 
253     0.053260 
254     0.042222 
255     0.030114 
256     0.035574 
257     0.036917 
258     0.026554 
259     0.028280 
260     0.039598 
261     0.034815 
262     0.032677 
263     0.041165 
264     0.040018 
265     0.036832 
266     0.037585 
267     0.045633 
268     0.041096 
269     0.036539 
270     0.039163 
271     0.041580 
272     0.036654 
273     0.041459 
274     0.039772 
275     0.037161 
276     0.037761 
277     0.040234 
278     0.043031 
279     0.052883 
280     0.054488 
281     0.061178 
282     0.064733 
283     0.049361 
284     0.055648 
285     0.081291 
286     0.099924 
287     0.077879 
288     0.154943 
289     0.250883 
290     0.142878 
291     0.081864 
292     0.030464 
293     0.062552 
294     0.056538 
295     0.072158 
296     0.062970 
297     0.059405 
298     0.055372 
299     0.052225 
300     0.048910 
301     0.039394 
302     0.047637 
303     0.052247 
304     0.037626 
305     0.034361 
306     0.040461 
307     0.040474 
308     0.035617 
309     0.029581 
310     0.026648 
311     0.025402 
312     0.026066 
313     0.023208 
314     0.025040 
315     0.023280 
316     0.026729 
317     0.024200 
318     0.022542 
319     0.022268 
320     0.023545 
321     0.023292 
322     0.021451 
323     0.023624 
324     0.023488 
325     0.021502 
326     0.022632 
327     0.025448 
328     0.027161 
329     0.031302 
330     0.030793 
331     0.029826 
332     0.028739 
333     0.026441 
334     0.022653 
335     0.021378 
336     0.023803 
337     0.021393 
338     0.022630 
339     0.019893 
340     0.021646 
341     0.024633 
342     0.030755 
343     0.028402 
344     0.033965 
345     0.042109 
346     0.039774 
347     0.039197 
348     0.036585 
349     0.032747 
350     0.036338 
351     0.036602 
352     0.031773 
353     0.032728 
354     0.036166 
355     0.034759 
356     0.031879 
357     0.033298 
358     0.030545 
359     0.028744 
360     0.025998 
361     0.023992 
362     0.025429 
363     0.024612 
364     0.019210 
365     0.019703 
366     0.020038 
367     0.018607 
368     0.014036 
369     0.012168 
370     0.010673 
371     0.009451 
372     0.006701 
373     0.005187 
374     0.004516 
375     0.005905 
376     0.004503 
377     0.004602 
378     0.008108 
379     0.009606 
380     0.009966 
381     0.012337 
382     0.014888 
383     0.014159 
384     0.011696 
385     0.010557 
386     0.012290 
387     0.015917 
388     0.007970 
389     0.010893 
390     0.005863 
391     0.008724 
392     0.009456 
393     0.013207 
394     0.012605 
395     0.014317 
396     0.011428 
397     0.002784 
398     0.015268 
399     0.034324 
400     0.057760 
401     0.078689 
402     0.102553 
403     0.147731 
404     0.152165 
405     0.117616 
406     0.093440 
407     0.064344 
408     0.061671 
409     0.028111 
410     0.042715 
411     0.019666 
412     0.016234 
413     0.012717 
414     0.017305 
415     0.014559 
416     0.012529 
417     0.013343 
418     0.018923 
419     0.021845 
420     0.032291 
421     0.025616 
422     0.046405 
423     0.065841 
424     0.078851 
425     0.072847 
426     0.064024 
427     0.076192 
428     0.105476 
429     0.117881 
430     0.112586 
431     0.096857 
432     0.087355 
433     0.071392 
434     0.076492 
435     0.078983 
436     0.064824 
437     0.046417 
438     0.042893 
439     0.038781 
440     0.040053 
441     0.026548 
442     0.033071 
443     0.024262 
444     0.053607 
445     0.065336 
446     0.084584 
447     0.080621 
448     0.104663 
449     0.087934 
450     0.063376 
451     0.048672 
452     0.037214 
453     0.033028 
454     0.035853 
455     0.052287 
456     0.076399 
457     0.092320 
458     0.077268 
459     0.074218 
460     0.058123 
461     0.034790 
462     0.035891 
463     0.068552 
464     0.069041 
465     0.084636 
466     0.083157 
467     0.055528 
468     0.035700 
469     0.022418 
470     0.037102 
471     0.059695 
472     0.082688 
473     0.090402 
474     0.077983 
475     0.043456 
476     0.032131 
477     0.019158 
478     0.017007 
479     0.010652 
480     0.002820 
481     0.009775 
482     0.008274 
483     0.020110 
484     0.038931 
485     0.078309 
486     0.097048 
487     0.083747 
488     0.074041 
489     0.046257 
490     0.065009 
491     0.064218 
492     0.074046 
493     0.081531 
494     0.054474 
495     0.063448 
496     0.060808 
497     0.071037 
498     0.079589 
499     0.104974 
500     0.093420 
501     0.080734 
502     0.038444 
503     0.024832 
504     0.032588 
505     0.043133 
506     0.023520 
507     0.067385 
508     0.080327 
509     0.088643 
510     0.063057 
511     0.036319 
512     0.055246 
513     0.055470 
514     0.035634 
515     0.030401 
516     0.034483 
517     0.030781 
518     0.020896 
519     0.017844 
520     0.013492 
521     0.007051 
522     0.002902 
523     0.004711 
524     0.004372 
525     0.005177 
526     0.004598 
527     0.003821 
528     0.002993 
529     0.003574 
530     0.002105 
531     0.001353 
532     0.003273 
533     0.003113 
534     0.002359 
535     0.003166 
536     0.003788 
537     0.003351 
538     0.003264 
539     0.003919 
540     0.003535 
541     0.003236 
542     0.003393 
543     0.003327 
544     0.002170 
545     0.002216 
546     0.002397 
547     0.001118 
548     0.000717 
549     0.002092 
550     0.002716 
551     0.002682 
552     0.003612 
553     0.005552 
554     0.008401 
555     0.005802 
556     0.003183 
557     0.003574 
558     0.005726 
559     0.005555 
560     0.003613 
561     0.003056 
562     0.004078 
563     0.003967 
564     0.002624 
565     0.002100 
566     0.003123 
567     0.003154 
568     0.002592 
569     0.003201 
570     0.003519 
571     0.003399 
572     0.003815 
573     0.004451 
574     0.003737 
575     0.003800 
576     0.005047 
577     0.004469 
578     0.003101 
579     0.003073 
580     0.002523 
581     0.002934 
582     0.002824 
583     0.002531 
584     0.002854 
585     0.002735 
586     0.003002 
587     0.003127 
588     0.003447 
589     0.003363 
590     0.003138 
591     0.003048 
592     0.003720 
593     0.003345 
594     0.002437 
595     0.002475 
596     0.001211 
597     0.000949 
598     0.001055 
599     0.001643 
600     0.002701 
601     0.002806 
602     0.003519 
603     0.003264 
604     0.003081 
