  1     0.036267 
  2     0.023087 
  3     0.016501 
  4     0.017553 
  5     0.011103 
  6     0.015381 
  7     0.019731 
  8     0.026653 
  9     0.018761 
 10     0.013569 
 11     0.012823 
 12     0.011954 
 13     0.014246 
 14     0.016156 
 15     0.017222 
 16     0.012719 
 17     0.013862 
 18     0.010218 
 19     0.036987 
 20     0.048974 
 21     0.044334 
 22     0.044961 
 23     0.025950 
 24     0.024211 
 25     0.019847 
 26     0.014992 
 27     0.024749 
 28     0.017120 
 29     0.045811 
 30     0.054910 
 31     0.051468 
 32     0.032798 
 33     0.022103 
 34     0.012291 
 35     0.011829 
 36     0.012829 
 37     0.016505 
 38     0.020574 
 39     0.026952 
 40     0.030111 
 41     0.036259 
 42     0.057127 
 43     0.057772 
 44     0.036124 
 45     0.037778 
 46     0.022455 
 47     0.027000 
 48     0.033277 
 49     0.021835 
 50     0.023332 
 51     0.031483 
 52     0.034722 
 53     0.031056 
 54     0.032532 
 55     0.040036 
 56     0.039362 
 57     0.036356 
 58     0.035955 
 59     0.045655 
 60     0.039157 
 61     0.032540 
 62     0.035430 
 63     0.032753 
 64     0.031040 
 65     0.030442 
 66     0.040432 
 67     0.016861 
 68     0.024807 
 69     0.026880 
 70     0.039269 
 71     0.035665 
 72     0.029086 
 73     0.030227 
 74     0.022895 
 75     0.009495 
 76     0.021073 
 77     0.028392 
 78     0.023297 
 79     0.038629 
 80     0.043639 
 81     0.041152 
 82     0.060062 
 83     0.094953 
 84     0.083215 
 85     0.074121 
 86     0.098507 
 87     0.114455 
 88     0.056538 
 89     0.033017 
 90     0.031842 
 91     0.033795 
 92     0.041113 
 93     0.031524 
 94     0.026891 
 95     0.021008 
 96     0.062069 
 97     0.027346 
 98     0.020489 
 99     0.009155 
100     0.013101 
101     0.012723 
102     0.019510 
103     0.024595 
104     0.033402 
105     0.049898 
106     0.062417 
107     0.044310 
108     0.010140 
109     0.010752 
110     0.014854 
111     0.017764 
112     0.020787 
113     0.009378 
114     0.016657 
115     0.019160 
116     0.020966 
117     0.019170 
118     0.015669 
119     0.021495 
120     0.029414 
121     0.009301 
122     0.009192 
123     0.013958 
124     0.017621 
125     0.011243 
126     0.007389 
127     0.019436 
128     0.023572 
129     0.019147 
130     0.018472 
131     0.030018 
132     0.029030 
133     0.029447 
134     0.021658 
135     0.028059 
136     0.027134 
137     0.018592 
138     0.020931 
139     0.023145 
140     0.027473 
141     0.026222 
142     0.024031 
143     0.019680 
144     0.018274 
145     0.024385 
146     0.030587 
147     0.030019 
148     0.036199 
149     0.038018 
150     0.033419 
151     0.035538 
152     0.034381 
153     0.035426 
154     0.036810 
155     0.030981 
156     0.027522 
157     0.032281 
158     0.035283 
159     0.030864 
160     0.033937 
161     0.039094 
162     0.033858 
163     0.031329 
164     0.028863 
165     0.029293 
166     0.027411 
167     0.027352 
168     0.023858 
169     0.027397 
170     0.028580 
171     0.024143 
172     0.023668 
173     0.027607 
174     0.034766 
175     0.030139 
176     0.017338 
177     0.039731 
178     0.072515 
179     0.055717 
180     0.140750 
181     0.242114 
182     0.192118 
183     0.113433 
184     0.098238 
185     0.059113 
186     0.033551 
187     0.036035 
188     0.026338 
189     0.016410 
190     0.008461 
191     0.013638 
192     0.014917 
193     0.014156 
194     0.009220 
195     0.011831 
196     0.012562 
197     0.011927 
198     0.011772 
199     0.012038 
200     0.013774 
201     0.013497 
202     0.012466 
203     0.011206 
204     0.011569 
205     0.009469 
206     0.026722 
207     0.048032 
208     0.083041 
209     0.042998 
210     0.147858 
211     0.061482 
212     0.043348 
213     0.065090 
214     0.050485 
215     0.018902 
216     0.005936 
217     0.007386 
218     0.007720 
219     0.013048 
220     0.016076 
221     0.016253 
222     0.013653 
223     0.014851 
224     0.017548 
225     0.011299 
226     0.019551 
227     0.015338 
228     0.016400 
229     0.023068 
230     0.037147 
231     0.027451 
232     0.033033 
233     0.040357 
234     0.040094 
235     0.030803 
236     0.034671 
237     0.038849 
238     0.038645 
239     0.030975 
240     0.029260 
241     0.029718 
242     0.034604 
243     0.029095 
244     0.012014 
245     0.025873 
246     0.046560 
247     0.046630 
248     0.030159 
249     0.030856 
250     0.021477 
251     0.016648 
252     0.005809 
253     0.008940 
254     0.017227 
255     0.019664 
256     0.033476 
257     0.023440 
258     0.023240 
259     0.027777 
260     0.043613 
261     0.032353 
262     0.039702 
263     0.046715 
264     0.038009 
265     0.031260 
266     0.032254 
267     0.031597 
268     0.023739 
269     0.030456 
270     0.034315 
271     0.035517 
272     0.042737 
273     0.050569 
274     0.069705 
275     0.065143 
276     0.075894 
277     0.062974 
278     0.040658 
279     0.036808 
280     0.030980 
281     0.053899 
282     0.067073 
283     0.096997 
284     0.075205 
285     0.074696 
286     0.053215 
287     0.032322 
288     0.029860 
289     0.067191 
290     0.231958 
291     0.116522 
292     0.018348 
293     0.061731 
294     0.078005 
295     0.104705 
296     0.072818 
297     0.056568 
298     0.059554 
299     0.047398 
300     0.061748 
301     0.062113 
302     0.078428 
303     0.041007 
304     0.031994 
305     0.054582 
306     0.033572 
307     0.031799 
308     0.051034 
309     0.062756 
310     0.080351 
311     0.060812 
312     0.062246 
313     0.072356 
314     0.054195 
315     0.027304 
316     0.055138 
317     0.038159 
318     0.012745 
319     0.014302 
320     0.011207 
321     0.006218 
322     0.010151 
323     0.010211 
324     0.014984 
325     0.009485 
326     0.007295 
327     0.007662 
328     0.026167 
329     0.028909 
330     0.024865 
331     0.022096 
332     0.027944 
333     0.023828 
334     0.020810 
335     0.009569 
336     0.002676 
337     0.022670 
338     0.010808 
339     0.016232 
340     0.018924 
341     0.018476 
342     0.020967 
343     0.015689 
344     0.013839 
345     0.041526 
346     0.059354 
347     0.061802 
348     0.062351 
349     0.056635 
350     0.071766 
351     0.067327 
352     0.052448 
353     0.055279 
354     0.062268 
355     0.047701 
356     0.038772 
357     0.043226 
358     0.039583 
359     0.044662 
360     0.026069 
361     0.024089 
362     0.022311 
363     0.042608 
364     0.027469 
365     0.027598 
366     0.021806 
367     0.029509 
368     0.031960 
369     0.039418 
370     0.033201 
371     0.024021 
372     0.025139 
373     0.025549 
374     0.021330 
375     0.017847 
376     0.019789 
377     0.016613 
378     0.016271 
379     0.015165 
380     0.026852 
381     0.027348 
382     0.028271 
383     0.039667 
384     0.027139 
385     0.025311 
386     0.036711 
387     0.026588 
388     0.045264 
389     0.041288 
390     0.009692 
391     0.008239 
392     0.007024 
393     0.011130 
394     0.014700 
395     0.015769 
396     0.028044 
397     0.030671 
398     0.028234 
399     0.027616 
400     0.019251 
401     0.012697 
402     0.018002 
403     0.022935 
404     0.031013 
405     0.020077 
406     0.008082 
407     0.011901 
408     0.024179 
409     0.025119 
410     0.027162 
411     0.021423 
412     0.027106 
413     0.024281 
414     0.013913 
415     0.014051 
416     0.013907 
417     0.017168 
418     0.022330 
419     0.036968 
420     0.048281 
421     0.056079 
422     0.058170 
423     0.062348 
424     0.037603 
425     0.013618 
426     0.011064 
427     0.011982 
428     0.032879 
429     0.037225 
430     0.024122 
431     0.015583 
432     0.020434 
433     0.029301 
434     0.022021 
435     0.014387 
436     0.038928 
437     0.043818 
438     0.028603 
439     0.024666 
440     0.015532 
441     0.022659 
442     0.024931 
443     0.025456 
444     0.028230 
445     0.026532 
446     0.018429 
447     0.007322 
448     0.019337 
449     0.020933 
450     0.012707 
451     0.006186 
452     0.011311 
453     0.023983 
454     0.038682 
455     0.039795 
456     0.039685 
457     0.025831 
458     0.006441 
459     0.019005 
460     0.039842 
461     0.028799 
462     0.032324 
463     0.027758 
464     0.017519 
465     0.027859 
466     0.034147 
467     0.033204 
468     0.040177 
469     0.027816 
470     0.018350 
471     0.011746 
472     0.030817 
473     0.050491 
474     0.053113 
475     0.062985 
476     0.043037 
477     0.037324 
478     0.029674 
479     0.016977 
480     0.030902 
481     0.022707 
482     0.027342 
483     0.072070 
484     0.065029 
485     0.088313 
486     0.049323 
487     0.029546 
488     0.014619 
489     0.020730 
490     0.037582 
491     0.080190 
492     0.064340 
493     0.047389 
494     0.089459 
495     0.042746 
496     0.026964 
497     0.030946 
498     0.026208 
499     0.023309 
500     0.050888 
501     0.046895 
502     0.039668 
503     0.036064 
504     0.023312 
505     0.026092 
506     0.023798 
507     0.030351 
508     0.029280 
509     0.027215 
510     0.031198 
511     0.026950 
512     0.035197 
513     0.037297 
514     0.029994 
515     0.035462 
516     0.063638 
517     0.054886 
518     0.040117 
519     0.067532 
520     0.090202 
521     0.055910 
522     0.064897 
523     0.104316 
524     0.061334 
525     0.046289 
526     0.085846 
527     0.050605 
528     0.025411 
529     0.045406 
530     0.014398 
531     0.008067 
532     0.016287 
533     0.018227 
534     0.025522 
535     0.021744 
536     0.036971 
537     0.042681 
538     0.030012 
539     0.031881 
540     0.042668 
541     0.025777 
542     0.023543 
543     0.020906 
544     0.006593 
545     0.008619 
546     0.016853 
547     0.023916 
548     0.018087 
549     0.015336 
550     0.025998 
551     0.034640 
552     0.025776 
553     0.005067 
554     0.066275 
555     0.059177 
556     0.021907 
557     0.029184 
558     0.034048 
559     0.023516 
560     0.011944 
561     0.015320 
562     0.014192 
563     0.014140 
564     0.012037 
565     0.013200 
566     0.014000 
567     0.014647 
568     0.015775 
569     0.009755 
570     0.004606 
571     0.009008 
572     0.012054 
573     0.011624 
574     0.007611 
575     0.009975 
576     0.025469 
577     0.028987 
578     0.022826 
579     0.021700 
580     0.016396 
581     0.034641 
582     0.026513 
583     0.016053 
584     0.032616 
585     0.031141 
586     0.019674 
587     0.025288 
588     0.029318 
589     0.017039 
590     0.017446 
591     0.014498 
592     0.009842 
593     0.010818 
594     0.010238 
595     0.009028 
596     0.015236 
597     0.017525 
598     0.004007 
599     0.041750 
600     0.067140 
601     0.024332 
602     0.051395 
603     0.021536 
604     0.047556 
