  1     0.032179 
  2     0.021890 
  3     0.010456 
  4     0.007899 
  5     0.009070 
  6     0.009379 
  7     0.009920 
  8     0.012299 
  9     0.010718 
 10     0.009909 
 11     0.009824 
 12     0.012729 
 13     0.018271 
 14     0.017951 
 15     0.015935 
 16     0.016095 
 17     0.014746 
 18     0.011615 
 19     0.013625 
 20     0.013266 
 21     0.017317 
 22     0.019527 
 23     0.017743 
 24     0.019897 
 25     0.020562 
 26     0.027803 
 27     0.036426 
 28     0.037930 
 29     0.050462 
 30     0.055535 
 31     0.052140 
 32     0.045573 
 33     0.033284 
 34     0.024236 
 35     0.027574 
 36     0.026518 
 37     0.017723 
 38     0.025301 
 39     0.030472 
 40     0.037239 
 41     0.036297 
 42     0.036670 
 43     0.037030 
 44     0.028723 
 45     0.040262 
 46     0.044144 
 47     0.043113 
 48     0.045827 
 49     0.038884 
 50     0.037896 
 51     0.050432 
 52     0.056760 
 53     0.044269 
 54     0.045486 
 55     0.059930 
 56     0.046875 
 57     0.039245 
 58     0.032158 
 59     0.019210 
 60     0.023938 
 61     0.027462 
 62     0.018533 
 63     0.025596 
 64     0.031012 
 65     0.029620 
 66     0.019595 
 67     0.006209 
 68     0.008084 
 69     0.003446 
 70     0.002717 
 71     0.006399 
 72     0.007371 
 73     0.006358 
 74     0.005288 
 75     0.008395 
 76     0.010253 
 77     0.010086 
 78     0.007682 
 79     0.007266 
 80     0.006141 
 81     0.008104 
 82     0.008843 
 83     0.008992 
 84     0.010581 
 85     0.010481 
 86     0.006102 
 87     0.011988 
 88     0.021958 
 89     0.035174 
 90     0.018343 
 91     0.013549 
 92     0.014468 
 93     0.013858 
 94     0.014140 
 95     0.016181 
 96     0.020256 
 97     0.007717 
 98     0.013015 
 99     0.011720 
100     0.011235 
101     0.014915 
102     0.017522 
103     0.020825 
104     0.024737 
105     0.028262 
106     0.029279 
107     0.026808 
108     0.021989 
109     0.020990 
110     0.019712 
111     0.011736 
112     0.015144 
113     0.028509 
114     0.024866 
115     0.018385 
116     0.022808 
117     0.028744 
118     0.023739 
119     0.019281 
120     0.027826 
121     0.031593 
122     0.023458 
123     0.023664 
124     0.034212 
125     0.032668 
126     0.026438 
127     0.033722 
128     0.040698 
129     0.035533 
130     0.032818 
131     0.041472 
132     0.037534 
133     0.035624 
134     0.025984 
135     0.025492 
136     0.015736 
137     0.008910 
138     0.007850 
139     0.007937 
140     0.011122 
141     0.012372 
142     0.014555 
143     0.015007 
144     0.015725 
145     0.015503 
146     0.015936 
147     0.014539 
148     0.008138 
149     0.007271 
150     0.011543 
151     0.010275 
152     0.007594 
153     0.006621 
154     0.010249 
155     0.014678 
156     0.016280 
157     0.013968 
158     0.018765 
159     0.021694 
160     0.022905 
161     0.024236 
162     0.019861 
163     0.019583 
164     0.013748 
165     0.013987 
166     0.012508 
167     0.011934 
168     0.013728 
169     0.016633 
170     0.016845 
171     0.017151 
172     0.017291 
173     0.018152 
174     0.019550 
175     0.019403 
176     0.020603 
177     0.022252 
178     0.021534 
179     0.018824 
180     0.029455 
181     0.027927 
182     0.018947 
183     0.020391 
184     0.022225 
185     0.021286 
186     0.019465 
187     0.023808 
188     0.020814 
189     0.015989 
190     0.014178 
191     0.015087 
192     0.013958 
193     0.015870 
194     0.015504 
195     0.016944 
196     0.015943 
197     0.015497 
198     0.014568 
199     0.014869 
200     0.014974 
201     0.013574 
202     0.014438 
203     0.014016 
204     0.015244 
205     0.016992 
206     0.018488 
207     0.016731 
208     0.011421 
209     0.030128 
210     0.071040 
211     0.051342 
212     0.024306 
213     0.010377 
214     0.016120 
215     0.017875 
216     0.015830 
217     0.015219 
218     0.014145 
219     0.013282 
220     0.013744 
221     0.013703 
222     0.014426 
223     0.015195 
224     0.016880 
225     0.019204 
226     0.016691 
227     0.015445 
228     0.013786 
229     0.026785 
230     0.030700 
231     0.037938 
232     0.056700 
233     0.044892 
234     0.034277 
235     0.047675 
236     0.052052 
237     0.052253 
238     0.054215 
239     0.039526 
240     0.044261 
241     0.050300 
242     0.037052 
243     0.023625 
244     0.020829 
245     0.046891 
246     0.067075 
247     0.067046 
248     0.049951 
249     0.056657 
250     0.066127 
251     0.067800 
252     0.100967 
253     0.123213 
254     0.095923 
255     0.083449 
256     0.080494 
257     0.081141 
258     0.086836 
259     0.086804 
260     0.074504 
261     0.063630 
262     0.076844 
263     0.081482 
264     0.057411 
265     0.057376 
266     0.081683 
267     0.085172 
268     0.069836 
269     0.075605 
270     0.096092 
271     0.107394 
272     0.096455 
273     0.099874 
274     0.137259 
275     0.130744 
276     0.120925 
277     0.099898 
278     0.085311 
279     0.055605 
280     0.041414 
281     0.037974 
282     0.048598 
283     0.054830 
284     0.082798 
285     0.076842 
286     0.107366 
287     0.138895 
288     0.176195 
289     0.271621 
290     0.183364 
291     0.163946 
292     0.112488 
293     0.080696 
294     0.050544 
295     0.030292 
296     0.024864 
297     0.036321 
298     0.042531 
299     0.052775 
300     0.081495 
301     0.090796 
302     0.099986 
303     0.066106 
304     0.061638 
305     0.075778 
306     0.058314 
307     0.039677 
308     0.037023 
309     0.038293 
310     0.025696 
311     0.018038 
312     0.027136 
313     0.022671 
314     0.011060 
315     0.011463 
316     0.014911 
317     0.008530 
318     0.008071 
319     0.009155 
320     0.010306 
321     0.010737 
322     0.011363 
323     0.013514 
324     0.016129 
325     0.011866 
326     0.010073 
327     0.011038 
328     0.018560 
329     0.022501 
330     0.022759 
331     0.025155 
332     0.022197 
333     0.016203 
334     0.019257 
335     0.016669 
336     0.012888 
337     0.016087 
338     0.014909 
339     0.017250 
340     0.023550 
341     0.031145 
342     0.025240 
343     0.021886 
344     0.035164 
345     0.040479 
346     0.045614 
347     0.036790 
348     0.024354 
349     0.026986 
350     0.032489 
351     0.028880 
352     0.018051 
353     0.015382 
354     0.023154 
355     0.021929 
356     0.016144 
357     0.016589 
358     0.009715 
359     0.009404 
360     0.013135 
361     0.020418 
362     0.024589 
363     0.027768 
364     0.024107 
365     0.022447 
366     0.020740 
367     0.022109 
368     0.023257 
369     0.021176 
370     0.018810 
371     0.015334 
372     0.017861 
373     0.017939 
374     0.012791 
375     0.011793 
376     0.014593 
377     0.013810 
378     0.009834 
379     0.011408 
380     0.014180 
381     0.013813 
382     0.011450 
383     0.013525 
384     0.013057 
385     0.015890 
386     0.016432 
387     0.012968 
388     0.007293 
389     0.013122 
390     0.015214 
391     0.016578 
392     0.016372 
393     0.016277 
394     0.017519 
395     0.018083 
396     0.020244 
397     0.014980 
398     0.010889 
399     0.008447 
400     0.013436 
401     0.020575 
402     0.025188 
403     0.043443 
404     0.050180 
405     0.037848 
406     0.031616 
407     0.021277 
408     0.013978 
409     0.010806 
410     0.010084 
411     0.014537 
412     0.017856 
413     0.020158 
414     0.018263 
415     0.018552 
416     0.017778 
417     0.015976 
418     0.015596 
419     0.016046 
420     0.015616 
421     0.016182 
422     0.017606 
423     0.016193 
424     0.019442 
425     0.025477 
426     0.020806 
427     0.016178 
428     0.022054 
429     0.020108 
430     0.025729 
431     0.022092 
432     0.009952 
433     0.008955 
434     0.009504 
435     0.014511 
436     0.012815 
437     0.018692 
438     0.015262 
439     0.012861 
440     0.008956 
441     0.011118 
442     0.017741 
443     0.024028 
444     0.029900 
445     0.031609 
446     0.032439 
447     0.024839 
448     0.029985 
449     0.029734 
450     0.020236 
451     0.012439 
452     0.008964 
453     0.007902 
454     0.010361 
455     0.011209 
456     0.020099 
457     0.022713 
458     0.019989 
459     0.012841 
460     0.012654 
461     0.007879 
462     0.016959 
463     0.026265 
464     0.028142 
465     0.033526 
466     0.030217 
467     0.029724 
468     0.028858 
469     0.016759 
470     0.022283 
471     0.022067 
472     0.023931 
473     0.022113 
474     0.022936 
475     0.019747 
476     0.015858 
477     0.015838 
478     0.015258 
479     0.012940 
480     0.016977 
481     0.015634 
482     0.015582 
483     0.016501 
484     0.021149 
485     0.025781 
486     0.032038 
487     0.027594 
488     0.028127 
489     0.025770 
490     0.028074 
491     0.030726 
492     0.036292 
493     0.035888 
494     0.035415 
495     0.030731 
496     0.023646 
497     0.022055 
498     0.023073 
499     0.030647 
500     0.027690 
501     0.019398 
502     0.010877 
503     0.008148 
504     0.007480 
505     0.005390 
506     0.022473 
507     0.076591 
508     0.085993 
509     0.102511 
510     0.076702 
511     0.038300 
512     0.054671 
513     0.064089 
514     0.045769 
515     0.029518 
516     0.037942 
517     0.045106 
518     0.032728 
519     0.025198 
520     0.040686 
521     0.043859 
522     0.039589 
523     0.048115 
524     0.047714 
525     0.049859 
526     0.058155 
527     0.046291 
528     0.041924 
529     0.046033 
530     0.044507 
531     0.021682 
532     0.019496 
533     0.028696 
534     0.015564 
535     0.007881 
536     0.016817 
537     0.006061 
538     0.011910 
539     0.023440 
540     0.018142 
541     0.019023 
542     0.023479 
543     0.022880 
544     0.022387 
545     0.020893 
546     0.013696 
547     0.023983 
548     0.027419 
549     0.016845 
550     0.030769 
551     0.048679 
552     0.042448 
553     0.051636 
554     0.065403 
555     0.045197 
556     0.027943 
557     0.051874 
558     0.083407 
559     0.075403 
560     0.043092 
561     0.045958 
562     0.053393 
563     0.033535 
564     0.027208 
565     0.037084 
566     0.026996 
567     0.023907 
568     0.032133 
569     0.043599 
570     0.037103 
571     0.035532 
572     0.047418 
573     0.060931 
574     0.051518 
575     0.041940 
576     0.064373 
577     0.068287 
578     0.058593 
579     0.063638 
580     0.049120 
581     0.065694 
582     0.058190 
583     0.033999 
584     0.031401 
585     0.035179 
586     0.026485 
587     0.013231 
588     0.015390 
589     0.019114 
590     0.019181 
591     0.022676 
592     0.033907 
593     0.027137 
594     0.022279 
595     0.033918 
596     0.017603 
597     0.020692 
598     0.039617 
599     0.052612 
600     0.060461 
601     0.065763 
602     0.079409 
603     0.076755 
604     0.072317 
