  1     0.110056 
  2     0.075455 
  3     0.035686 
  4     0.016011 
  5     0.008466 
  6     0.009195 
  7     0.011189 
  8     0.011125 
  9     0.016743 
 10     0.015186 
 11     0.014609 
 12     0.016863 
 13     0.021373 
 14     0.015932 
 15     0.009290 
 16     0.007060 
 17     0.004132 
 18     0.006634 
 19     0.102030 
 20     0.045374 
 21     0.038206 
 22     0.059053 
 23     0.026418 
 24     0.030561 
 25     0.010485 
 26     0.006919 
 27     0.009857 
 28     0.010298 
 29     0.025553 
 30     0.010731 
 31     0.012026 
 32     0.009149 
 33     0.008641 
 34     0.011889 
 35     0.016986 
 36     0.021726 
 37     0.019968 
 38     0.020658 
 39     0.019449 
 40     0.016905 
 41     0.021625 
 42     0.022312 
 43     0.033528 
 44     0.058180 
 45     0.042408 
 46     0.026831 
 47     0.024505 
 48     0.020706 
 49     0.020655 
 50     0.022044 
 51     0.023178 
 52     0.022092 
 53     0.016921 
 54     0.018259 
 55     0.019686 
 56     0.017852 
 57     0.017981 
 58     0.020117 
 59     0.023014 
 60     0.018713 
 61     0.014633 
 62     0.012963 
 63     0.014086 
 64     0.014341 
 65     0.014466 
 66     0.013074 
 67     0.015634 
 68     0.011366 
 69     0.009189 
 70     0.003525 
 71     0.005650 
 72     0.006322 
 73     0.010106 
 74     0.010817 
 75     0.013088 
 76     0.011986 
 77     0.021467 
 78     0.014995 
 79     0.012092 
 80     0.007496 
 81     0.009905 
 82     0.016706 
 83     0.020641 
 84     0.009862 
 85     0.010094 
 86     0.018596 
 87     0.018540 
 88     0.007633 
 89     0.008954 
 90     0.007877 
 91     0.008687 
 92     0.005866 
 93     0.005415 
 94     0.006726 
 95     0.005591 
 96     0.061797 
 97     0.015129 
 98     0.014083 
 99     0.011437 
100     0.007214 
101     0.001940 
102     0.002921 
103     0.010306 
104     0.018065 
105     0.028571 
106     0.028546 
107     0.011339 
108     0.010905 
109     0.007730 
110     0.006117 
111     0.009571 
112     0.014263 
113     0.015031 
114     0.014516 
115     0.016795 
116     0.017248 
117     0.013889 
118     0.019099 
119     0.018343 
120     0.019626 
121     0.017876 
122     0.017177 
123     0.018750 
124     0.017635 
125     0.013868 
126     0.016298 
127     0.016506 
128     0.010495 
129     0.012851 
130     0.025270 
131     0.021019 
132     0.025900 
133     0.021408 
134     0.021898 
135     0.037380 
136     0.041242 
137     0.020442 
138     0.017251 
139     0.017257 
140     0.015361 
141     0.015869 
142     0.018117 
143     0.018365 
144     0.017434 
145     0.015184 
146     0.024025 
147     0.038569 
148     0.022501 
149     0.010920 
150     0.011846 
151     0.014568 
152     0.003779 
153     0.007036 
154     0.012156 
155     0.016386 
156     0.016836 
157     0.017449 
158     0.018725 
159     0.018938 
160     0.019589 
161     0.021151 
162     0.024066 
163     0.020854 
164     0.018855 
165     0.019935 
166     0.019470 
167     0.011908 
168     0.022028 
169     0.015234 
170     0.010224 
171     0.003290 
172     0.007578 
173     0.011087 
174     0.009438 
175     0.020364 
176     0.017080 
177     0.018504 
178     0.039979 
179     0.014872 
180     0.030065 
181     0.086911 
182     0.066253 
183     0.016293 
184     0.002479 
185     0.020993 
186     0.019721 
187     0.021987 
188     0.011892 
189     0.011700 
190     0.004063 
191     0.005872 
192     0.018003 
193     0.011351 
194     0.013687 
195     0.008591 
196     0.016785 
197     0.020235 
198     0.017530 
199     0.012939 
200     0.012216 
201     0.012643 
202     0.009700 
203     0.014837 
204     0.008219 
205     0.013936 
206     0.016859 
207     0.022007 
208     0.017716 
209     0.024320 
210     0.024919 
211     0.020496 
212     0.020410 
213     0.022480 
214     0.024390 
215     0.021517 
216     0.022509 
217     0.021507 
218     0.023279 
219     0.017683 
220     0.013751 
221     0.015506 
222     0.014805 
223     0.015506 
224     0.018116 
225     0.024430 
226     0.016227 
227     0.026474 
228     0.024902 
229     0.027102 
230     0.035718 
231     0.039111 
232     0.039066 
233     0.045411 
234     0.045529 
235     0.045888 
236     0.023088 
237     0.058823 
238     0.052314 
239     0.018116 
240     0.033572 
241     0.037062 
242     0.017005 
243     0.023054 
244     0.029230 
245     0.090733 
246     0.117318 
247     0.051823 
248     0.056244 
249     0.103581 
250     0.030982 
251     0.063458 
252     0.059646 
253     0.137897 
254     0.055515 
255     0.024857 
256     0.020803 
257     0.034701 
258     0.017380 
259     0.005771 
260     0.022478 
261     0.013372 
262     0.014482 
263     0.028939 
264     0.024502 
265     0.013836 
266     0.011827 
267     0.031424 
268     0.033820 
269     0.016590 
270     0.021208 
271     0.019563 
272     0.017821 
273     0.015340 
274     0.024204 
275     0.020513 
276     0.017617 
277     0.028204 
278     0.020178 
279     0.023509 
280     0.042276 
281     0.027983 
282     0.047014 
283     0.042950 
284     0.064621 
285     0.105481 
286     0.084255 
287     0.046634 
288     0.099481 
289     0.063150 
290     0.129228 
291     0.039440 
292     0.045098 
293     0.045978 
294     0.103752 
295     0.184265 
296     0.161808 
297     0.053613 
298     0.096448 
299     0.064918 
300     0.028713 
301     0.034191 
302     0.041009 
303     0.048642 
304     0.067301 
305     0.085218 
306     0.053716 
307     0.040237 
308     0.042864 
309     0.051623 
310     0.047982 
311     0.050434 
312     0.050620 
313     0.053950 
314     0.046332 
315     0.028294 
316     0.042453 
317     0.050857 
318     0.027289 
319     0.027175 
320     0.042477 
321     0.031659 
322     0.022470 
323     0.030025 
324     0.027310 
325     0.027855 
326     0.029616 
327     0.037451 
328     0.028072 
329     0.024999 
330     0.035454 
331     0.029253 
332     0.024759 
333     0.027298 
334     0.025200 
335     0.028451 
336     0.038554 
337     0.017715 
338     0.034431 
339     0.018089 
340     0.021357 
341     0.028011 
342     0.034816 
343     0.034697 
344     0.021545 
345     0.022334 
346     0.032394 
347     0.050026 
348     0.053171 
349     0.043866 
350     0.050481 
351     0.054335 
352     0.046479 
353     0.051746 
354     0.046925 
355     0.042185 
356     0.046515 
357     0.049131 
358     0.042727 
359     0.047899 
360     0.041678 
361     0.066539 
362     0.141872 
363     0.116151 
364     0.041477 
365     0.033455 
366     0.025688 
367     0.029573 
368     0.016744 
369     0.013480 
370     0.004242 
371     0.003372 
372     0.006092 
373     0.007671 
374     0.009241 
375     0.007215 
376     0.014023 
377     0.017078 
378     0.014880 
379     0.017691 
380     0.020824 
381     0.019121 
382     0.019398 
383     0.020782 
384     0.017225 
385     0.020296 
386     0.014997 
387     0.007125 
388     0.014734 
389     0.017846 
390     0.021260 
391     0.034945 
392     0.028776 
393     0.020488 
394     0.020255 
395     0.019167 
396     0.021294 
397     0.026808 
398     0.035797 
399     0.022048 
400     0.009912 
401     0.024177 
402     0.041616 
403     0.041952 
404     0.147011 
405     0.038822 
406     0.017839 
407     0.007611 
408     0.033179 
409     0.032281 
410     0.055775 
411     0.050720 
412     0.026686 
413     0.023638 
414     0.020732 
415     0.019239 
416     0.026006 
417     0.040532 
418     0.061103 
419     0.064770 
420     0.070668 
421     0.058341 
422     0.046283 
423     0.033062 
424     0.036040 
425     0.047098 
426     0.047415 
427     0.044889 
428     0.069518 
429     0.085304 
430     0.076746 
431     0.053699 
432     0.050203 
433     0.036606 
434     0.047083 
435     0.068655 
436     0.055098 
437     0.050799 
438     0.024873 
439     0.025453 
440     0.024028 
441     0.027616 
442     0.021662 
443     0.014050 
444     0.020005 
445     0.020215 
446     0.023532 
447     0.012512 
448     0.020226 
449     0.026660 
450     0.024566 
451     0.024310 
452     0.024026 
453     0.013656 
454     0.012864 
455     0.009310 
456     0.044514 
457     0.031071 
458     0.049875 
459     0.036632 
460     0.033222 
461     0.042504 
462     0.029573 
463     0.026719 
464     0.034394 
465     0.049156 
466     0.033400 
467     0.015140 
468     0.022969 
469     0.070750 
470     0.044306 
471     0.032790 
472     0.025763 
473     0.041141 
474     0.057212 
475     0.092973 
476     0.105816 
477     0.071664 
478     0.085175 
479     0.061924 
480     0.034141 
481     0.028480 
482     0.050250 
483     0.122512 
484     0.181616 
485     0.046282 
486     0.022028 
487     0.036757 
488     0.042285 
489     0.029520 
490     0.060941 
491     0.179234 
492     0.175638 
493     0.053771 
494     0.235416 
495     0.081351 
496     0.027373 
497     0.044699 
498     0.055930 
499     0.052045 
500     0.085957 
501     0.061684 
502     0.042988 
503     0.017398 
504     0.015083 
505     0.012656 
506     0.017019 
507     0.075748 
508     0.027697 
509     0.043254 
510     0.041764 
511     0.014176 
512     0.035684 
513     0.050491 
514     0.021318 
515     0.009755 
516     0.025496 
517     0.026785 
518     0.015729 
519     0.022079 
520     0.026156 
521     0.028933 
522     0.025775 
523     0.040781 
524     0.031117 
525     0.024287 
526     0.023056 
527     0.025555 
528     0.021625 
529     0.008777 
530     0.016449 
531     0.021938 
532     0.032912 
533     0.026195 
534     0.020039 
535     0.015718 
536     0.020517 
537     0.016090 
538     0.004845 
539     0.002436 
540     0.009770 
541     0.011764 
542     0.013161 
543     0.024025 
544     0.018061 
545     0.015488 
546     0.017364 
547     0.025034 
548     0.010490 
549     0.012429 
550     0.021224 
551     0.028885 
552     0.028163 
553     0.020845 
554     0.015321 
555     0.040367 
556     0.029411 
557     0.067831 
558     0.053448 
559     0.047194 
560     0.014177 
561     0.009572 
562     0.018408 
563     0.009878 
564     0.011374 
565     0.011500 
566     0.012029 
567     0.016828 
568     0.015080 
569     0.016008 
570     0.012815 
571     0.009727 
572     0.009727 
573     0.016088 
574     0.012920 
575     0.012335 
576     0.020453 
577     0.024037 
578     0.014880 
579     0.025473 
580     0.023260 
581     0.029541 
582     0.019664 
583     0.010871 
584     0.010221 
585     0.006383 
586     0.011054 
587     0.008588 
588     0.015559 
589     0.020599 
590     0.017177 
591     0.016308 
592     0.027274 
593     0.017113 
594     0.016412 
595     0.021645 
596     0.025687 
597     0.013374 
598     0.014510 
599     0.042881 
600     0.058014 
601     0.048616 
602     0.015144 
603     0.075848 
604     0.018796 
