  1     0.024422 
  2     0.024614 
  3     0.019356 
  4     0.015660 
  5     0.016628 
  6     0.014226 
  7     0.017811 
  8     0.018240 
  9     0.020515 
 10     0.019313 
 11     0.021698 
 12     0.021880 
 13     0.022505 
 14     0.021862 
 15     0.020229 
 16     0.019480 
 17     0.015430 
 18     0.014653 
 19     0.021054 
 20     0.030091 
 21     0.026113 
 22     0.017526 
 23     0.010886 
 24     0.012331 
 25     0.017270 
 26     0.023043 
 27     0.027468 
 28     0.029594 
 29     0.035824 
 30     0.038403 
 31     0.034886 
 32     0.031313 
 33     0.025333 
 34     0.023588 
 35     0.025107 
 36     0.023259 
 37     0.023001 
 38     0.021804 
 39     0.020954 
 40     0.016263 
 41     0.017113 
 42     0.016919 
 43     0.014340 
 44     0.007427 
 45     0.013953 
 46     0.017519 
 47     0.023499 
 48     0.023317 
 49     0.025230 
 50     0.025961 
 51     0.026917 
 52     0.026255 
 53     0.020222 
 54     0.020307 
 55     0.022050 
 56     0.015297 
 57     0.008940 
 58     0.011456 
 59     0.008581 
 60     0.005891 
 61     0.011277 
 62     0.011450 
 63     0.008696 
 64     0.008500 
 65     0.012809 
 66     0.019889 
 67     0.022955 
 68     0.022289 
 69     0.021746 
 70     0.022460 
 71     0.021524 
 72     0.022143 
 73     0.021498 
 74     0.021734 
 75     0.021092 
 76     0.019939 
 77     0.023929 
 78     0.026373 
 79     0.028071 
 80     0.028226 
 81     0.022625 
 82     0.021281 
 83     0.024533 
 84     0.022445 
 85     0.015444 
 86     0.019049 
 87     0.025525 
 88     0.016156 
 89     0.021404 
 90     0.007154 
 91     0.011448 
 92     0.010966 
 93     0.011257 
 94     0.017156 
 95     0.015744 
 96     0.020230 
 97     0.020209 
 98     0.020829 
 99     0.020130 
100     0.018247 
101     0.013410 
102     0.008593 
103     0.004156 
104     0.013002 
105     0.021816 
106     0.020061 
107     0.012963 
108     0.006363 
109     0.008855 
110     0.017421 
111     0.022271 
112     0.021808 
113     0.021202 
114     0.018970 
115     0.021672 
116     0.022119 
117     0.021432 
118     0.022979 
119     0.022067 
120     0.023902 
121     0.025810 
122     0.024302 
123     0.023997 
124     0.029272 
125     0.028324 
126     0.025237 
127     0.028511 
128     0.031170 
129     0.027993 
130     0.026520 
131     0.030884 
132     0.030170 
133     0.029195 
134     0.024951 
135     0.023038 
136     0.017697 
137     0.016668 
138     0.014819 
139     0.016418 
140     0.015582 
141     0.016866 
142     0.016607 
143     0.012494 
144     0.016909 
145     0.018311 
146     0.020291 
147     0.019326 
148     0.020861 
149     0.020565 
150     0.020914 
151     0.021571 
152     0.021397 
153     0.020014 
154     0.018244 
155     0.020517 
156     0.021311 
157     0.020057 
158     0.021420 
159     0.021208 
160     0.022073 
161     0.022730 
162     0.021068 
163     0.018415 
164     0.017102 
165     0.015556 
166     0.013200 
167     0.014762 
168     0.011071 
169     0.011469 
170     0.012682 
171     0.010223 
172     0.004155 
173     0.006644 
174     0.013405 
175     0.013260 
176     0.009620 
177     0.014692 
178     0.030404 
179     0.043021 
180     0.035419 
181     0.058321 
182     0.068435 
183     0.085078 
184     0.083807 
185     0.079478 
186     0.057121 
187     0.040694 
188     0.026097 
189     0.023499 
190     0.020895 
191     0.015822 
192     0.021501 
193     0.019807 
194     0.021432 
195     0.020376 
196     0.021927 
197     0.021605 
198     0.020918 
199     0.021954 
200     0.018279 
201     0.016863 
202     0.010837 
203     0.009932 
204     0.009329 
205     0.018397 
206     0.036137 
207     0.054653 
208     0.088413 
209     0.173272 
210     0.308984 
211     0.241301 
212     0.134877 
213     0.067147 
214     0.046006 
215     0.023658 
216     0.019874 
217     0.009010 
218     0.006349 
219     0.004814 
220     0.009290 
221     0.016183 
222     0.023443 
223     0.026829 
224     0.023401 
225     0.022838 
226     0.027931 
227     0.024993 
228     0.023646 
229     0.021664 
230     0.027746 
231     0.021269 
232     0.016212 
233     0.025982 
234     0.023156 
235     0.014106 
236     0.022775 
237     0.030510 
238     0.013804 
239     0.034783 
240     0.054676 
241     0.029667 
242     0.058682 
243     0.080421 
244     0.074699 
245     0.079737 
246     0.120056 
247     0.138841 
248     0.120114 
249     0.124426 
250     0.118536 
251     0.114923 
252     0.098226 
253     0.112741 
254     0.075700 
255     0.037954 
256     0.032513 
257     0.056161 
258     0.040583 
259     0.028294 
260     0.037302 
261     0.038858 
262     0.029071 
263     0.026876 
264     0.028670 
265     0.018289 
266     0.013150 
267     0.019639 
268     0.018899 
269     0.010846 
270     0.012663 
271     0.021214 
272     0.023807 
273     0.021566 
274     0.031543 
275     0.044990 
276     0.052820 
277     0.045536 
278     0.043225 
279     0.044873 
280     0.043598 
281     0.045172 
282     0.051548 
283     0.096621 
284     0.121939 
285     0.091328 
286     0.109479 
287     0.058530 
288     0.128162 
289     0.187897 
290     0.242788 
291     0.190089 
292     0.130754 
293     0.089144 
294     0.060271 
295     0.055189 
296     0.043522 
297     0.047919 
298     0.043010 
299     0.029180 
300     0.035713 
301     0.038161 
302     0.038234 
303     0.021884 
304     0.021507 
305     0.036155 
306     0.032596 
307     0.024698 
308     0.032879 
309     0.046100 
310     0.053189 
311     0.043639 
312     0.045106 
313     0.053697 
314     0.047063 
315     0.036322 
316     0.044856 
317     0.044731 
318     0.031581 
319     0.028952 
320     0.034955 
321     0.029271 
322     0.018065 
323     0.020854 
324     0.024361 
325     0.014536 
326     0.006416 
327     0.014990 
328     0.024919 
329     0.033869 
330     0.038152 
331     0.040532 
332     0.034830 
333     0.035453 
334     0.041287 
335     0.036545 
336     0.031153 
337     0.022699 
338     0.023635 
339     0.019830 
340     0.019889 
341     0.017517 
342     0.020981 
343     0.024433 
344     0.019754 
345     0.023294 
346     0.035450 
347     0.042974 
348     0.043119 
349     0.047360 
350     0.054127 
351     0.052441 
352     0.045167 
353     0.048681 
354     0.055583 
355     0.048635 
356     0.041615 
357     0.050830 
358     0.049498 
359     0.047073 
360     0.039051 
361     0.039669 
362     0.046895 
363     0.042548 
364     0.025282 
365     0.018832 
366     0.020468 
367     0.020232 
368     0.016519 
369     0.017846 
370     0.014750 
371     0.014299 
372     0.010990 
373     0.006696 
374     0.009276 
375     0.009352 
376     0.002783 
377     0.005043 
378     0.009079 
379     0.006670 
380     0.007861 
381     0.011957 
382     0.015096 
383     0.004853 
384     0.012957 
385     0.014871 
386     0.019154 
387     0.070678 
388     0.044483 
389     0.048285 
390     0.030672 
391     0.024481 
392     0.017489 
393     0.016972 
394     0.016134 
395     0.015662 
396     0.018055 
397     0.013257 
398     0.011568 
399     0.017970 
400     0.026424 
401     0.035158 
402     0.042681 
403     0.062006 
404     0.066697 
405     0.053127 
406     0.046469 
407     0.034212 
408     0.028691 
409     0.020303 
410     0.017698 
411     0.015754 
412     0.014337 
413     0.016210 
414     0.014249 
415     0.014954 
416     0.020422 
417     0.021209 
418     0.020469 
419     0.019178 
420     0.023691 
421     0.022995 
422     0.027772 
423     0.028015 
424     0.029124 
425     0.026720 
426     0.021798 
427     0.027812 
428     0.046266 
429     0.052181 
430     0.060465 
431     0.053278 
432     0.034716 
433     0.027199 
434     0.013043 
435     0.007859 
436     0.017869 
437     0.033054 
438     0.028848 
439     0.024558 
440     0.017670 
441     0.011985 
442     0.020609 
443     0.029779 
444     0.038289 
445     0.043107 
446     0.044759 
447     0.036175 
448     0.040910 
449     0.038510 
450     0.026855 
451     0.017637 
452     0.018090 
453     0.016890 
454     0.026599 
455     0.024431 
456     0.027876 
457     0.027303 
458     0.021309 
459     0.022269 
460     0.032893 
461     0.028302 
462     0.042565 
463     0.054248 
464     0.052444 
465     0.061147 
466     0.055588 
467     0.044141 
468     0.038849 
469     0.016710 
470     0.019678 
471     0.020962 
472     0.029204 
473     0.026142 
474     0.028364 
475     0.024289 
476     0.025097 
477     0.021743 
478     0.021091 
479     0.015816 
480     0.016310 
481     0.017404 
482     0.018381 
483     0.022565 
484     0.024519 
485     0.026881 
486     0.029199 
487     0.026159 
488     0.027270 
489     0.026528 
490     0.032487 
491     0.033041 
492     0.038764 
493     0.037099 
494     0.033974 
495     0.027459 
496     0.023024 
497     0.026817 
498     0.026759 
499     0.036481 
500     0.029383 
501     0.021748 
502     0.021472 
503     0.023943 
504     0.018325 
505     0.025424 
506     0.016930 
507     0.019018 
508     0.022427 
509     0.018270 
510     0.012010 
511     0.017583 
512     0.019622 
513     0.016806 
514     0.018470 
515     0.019328 
516     0.016878 
517     0.017328 
518     0.017856 
519     0.011522 
520     0.015510 
521     0.017638 
522     0.012920 
523     0.011423 
524     0.012389 
525     0.013716 
526     0.007856 
527     0.006981 
528     0.005445 
529     0.007843 
530     0.008098 
531     0.010341 
532     0.008005 
533     0.010408 
534     0.011246 
535     0.012430 
536     0.010640 
537     0.010556 
538     0.011907 
539     0.013596 
540     0.011756 
541     0.011347 
542     0.012747 
543     0.014750 
544     0.013742 
545     0.012463 
546     0.011710 
547     0.015236 
548     0.015117 
549     0.011400 
550     0.013238 
551     0.019677 
552     0.018279 
553     0.017708 
554     0.021174 
555     0.019478 
556     0.014283 
557     0.014842 
558     0.020172 
559     0.015972 
560     0.011414 
561     0.013148 
562     0.012426 
563     0.008539 
564     0.009630 
565     0.011492 
566     0.008653 
567     0.009557 
568     0.012365 
569     0.013854 
570     0.012007 
571     0.013585 
572     0.015908 
573     0.017001 
574     0.015631 
575     0.015623 
576     0.018655 
577     0.018729 
578     0.017299 
579     0.016058 
580     0.012865 
581     0.012236 
582     0.013809 
583     0.012805 
584     0.011099 
585     0.011507 
586     0.012098 
587     0.011279 
588     0.012394 
589     0.010864 
590     0.010343 
591     0.011616 
592     0.011009 
593     0.007552 
594     0.009143 
595     0.010715 
596     0.011476 
597     0.013051 
598     0.018734 
599     0.023896 
600     0.028732 
601     0.028880 
602     0.034051 
603     0.032711 
604     0.031718 
