  1     0.010311 
  2     0.012406 
  3     0.012610 
  4     0.013782 
  5     0.014099 
  6     0.014102 
  7     0.014877 
  8     0.016372 
  9     0.014304 
 10     0.016006 
 11     0.015656 
 12     0.015517 
 13     0.015701 
 14     0.015326 
 15     0.016383 
 16     0.015642 
 17     0.014166 
 18     0.013786 
 19     0.012174 
 20     0.028208 
 21     0.021876 
 22     0.014517 
 23     0.010321 
 24     0.013432 
 25     0.015389 
 26     0.018751 
 27     0.020268 
 28     0.018133 
 29     0.019319 
 30     0.019820 
 31     0.023453 
 32     0.022111 
 33     0.020574 
 34     0.018470 
 35     0.015416 
 36     0.014116 
 37     0.013863 
 38     0.011663 
 39     0.008398 
 40     0.009624 
 41     0.017575 
 42     0.023493 
 43     0.022105 
 44     0.020851 
 45     0.014772 
 46     0.011288 
 47     0.008202 
 48     0.005494 
 49     0.006033 
 50     0.009952 
 51     0.008800 
 52     0.001631 
 53     0.004299 
 54     0.009673 
 55     0.006573 
 56     0.012403 
 57     0.019264 
 58     0.022244 
 59     0.026153 
 60     0.025385 
 61     0.037570 
 62     0.050742 
 63     0.030558 
 64     0.018523 
 65     0.018371 
 66     0.019185 
 67     0.013536 
 68     0.017920 
 69     0.019797 
 70     0.014871 
 71     0.025289 
 72     0.019687 
 73     0.023458 
 74     0.031029 
 75     0.035209 
 76     0.037288 
 77     0.048776 
 78     0.055073 
 79     0.067537 
 80     0.064228 
 81     0.052616 
 82     0.059303 
 83     0.073219 
 84     0.068522 
 85     0.062161 
 86     0.081823 
 87     0.089033 
 88     0.067763 
 89     0.071293 
 90     0.047002 
 91     0.050134 
 92     0.040509 
 93     0.036922 
 94     0.028356 
 95     0.017488 
 96     0.014950 
 97     0.017104 
 98     0.024931 
 99     0.022863 
100     0.025217 
101     0.019079 
102     0.027606 
103     0.037200 
104     0.036515 
105     0.049032 
106     0.068013 
107     0.049550 
108     0.026071 
109     0.015287 
110     0.008183 
111     0.009986 
112     0.010409 
113     0.009344 
114     0.007228 
115     0.011750 
116     0.010361 
117     0.008701 
118     0.011009 
119     0.012156 
120     0.010307 
121     0.010582 
122     0.013927 
123     0.013484 
124     0.013189 
125     0.015975 
126     0.015915 
127     0.015606 
128     0.017458 
129     0.019080 
130     0.019491 
131     0.018821 
132     0.016598 
133     0.014165 
134     0.013466 
135     0.012490 
136     0.013177 
137     0.013752 
138     0.015084 
139     0.016612 
140     0.017325 
141     0.020136 
142     0.023593 
143     0.022432 
144     0.025056 
145     0.021531 
146     0.025562 
147     0.026782 
148     0.028522 
149     0.028603 
150     0.025264 
151     0.027017 
152     0.020788 
153     0.022036 
154     0.021943 
155     0.021646 
156     0.015809 
157     0.018351 
158     0.023360 
159     0.017537 
160     0.010807 
161     0.013520 
162     0.014738 
163     0.014571 
164     0.014564 
165     0.018342 
166     0.017272 
167     0.017213 
168     0.012860 
169     0.015417 
170     0.016597 
171     0.018951 
172     0.014689 
173     0.012601 
174     0.012797 
175     0.011590 
176     0.009226 
177     0.008664 
178     0.007818 
179     0.007161 
180     0.006899 
181     0.009953 
182     0.011590 
183     0.012818 
184     0.015031 
185     0.020418 
186     0.021330 
187     0.020526 
188     0.020566 
189     0.018010 
190     0.020429 
191     0.018009 
192     0.018746 
193     0.021373 
194     0.021315 
195     0.023704 
196     0.025656 
197     0.025876 
198     0.024127 
199     0.023037 
200     0.023489 
201     0.022892 
202     0.021959 
203     0.022209 
204     0.017640 
205     0.016955 
206     0.013481 
207     0.019099 
208     0.019792 
209     0.061435 
210     0.114150 
211     0.079957 
212     0.025367 
213     0.013922 
214     0.014136 
215     0.010545 
216     0.015021 
217     0.020219 
218     0.022138 
219     0.025837 
220     0.026877 
221     0.029610 
222     0.028395 
223     0.030039 
224     0.027673 
225     0.030682 
226     0.029759 
227     0.026315 
228     0.028869 
229     0.040487 
230     0.036016 
231     0.032079 
232     0.042981 
233     0.043395 
234     0.030439 
235     0.037419 
236     0.051790 
237     0.053113 
238     0.057729 
239     0.051381 
240     0.047073 
241     0.063524 
242     0.056772 
243     0.033307 
244     0.025801 
245     0.058127 
246     0.069583 
247     0.048372 
248     0.015063 
249     0.030942 
250     0.045871 
251     0.039777 
252     0.069671 
253     0.094069 
254     0.062344 
255     0.055718 
256     0.036198 
257     0.028676 
258     0.040799 
259     0.039610 
260     0.025293 
261     0.035451 
262     0.051143 
263     0.056454 
264     0.047382 
265     0.050914 
266     0.057049 
267     0.065694 
268     0.056080 
269     0.054616 
270     0.068067 
271     0.075334 
272     0.065923 
273     0.068008 
274     0.097682 
275     0.090446 
276     0.086638 
277     0.072001 
278     0.059974 
279     0.048119 
280     0.050594 
281     0.044265 
282     0.025442 
283     0.031268 
284     0.042582 
285     0.021550 
286     0.041611 
287     0.060490 
288     0.038115 
289     0.075365 
290     0.117936 
291     0.123602 
292     0.078374 
293     0.048400 
294     0.044260 
295     0.058436 
296     0.062477 
297     0.067486 
298     0.047038 
299     0.045355 
300     0.063011 
301     0.067668 
302     0.081686 
303     0.051421 
304     0.036193 
305     0.049824 
306     0.032468 
307     0.016003 
308     0.020037 
309     0.016252 
310     0.019754 
311     0.022104 
312     0.021642 
313     0.025945 
314     0.029119 
315     0.024845 
316     0.029998 
317     0.036771 
318     0.032804 
319     0.029304 
320     0.038409 
321     0.040782 
322     0.032350 
323     0.034564 
324     0.043365 
325     0.037049 
326     0.028545 
327     0.036696 
328     0.036259 
329     0.043788 
330     0.041029 
331     0.042430 
332     0.039361 
333     0.030916 
334     0.028589 
335     0.022340 
336     0.019439 
337     0.012299 
338     0.015122 
339     0.016867 
340     0.022271 
341     0.023623 
342     0.029737 
343     0.019345 
344     0.021848 
345     0.025827 
346     0.014490 
347     0.021764 
348     0.023604 
349     0.020428 
350     0.026807 
351     0.028319 
352     0.028068 
353     0.029160 
354     0.035347 
355     0.035588 
356     0.034393 
357     0.037387 
358     0.032764 
359     0.027288 
360     0.020588 
361     0.016825 
362     0.011417 
363     0.010964 
364     0.005573 
365     0.008881 
366     0.014570 
367     0.016195 
368     0.013414 
369     0.011067 
370     0.013758 
371     0.013874 
372     0.011739 
373     0.010639 
374     0.012098 
375     0.011945 
376     0.011266 
377     0.012840 
378     0.015133 
379     0.018215 
380     0.017781 
381     0.020690 
382     0.027925 
383     0.026722 
384     0.024738 
385     0.020068 
386     0.034157 
387     0.026702 
388     0.023513 
389     0.014919 
390     0.015410 
391     0.016062 
392     0.021665 
393     0.024141 
394     0.027134 
395     0.028185 
396     0.029641 
397     0.022641 
398     0.016029 
399     0.008756 
400     0.014664 
401     0.027480 
402     0.042214 
403     0.084450 
404     0.089125 
405     0.054555 
406     0.051559 
407     0.035701 
408     0.030651 
409     0.021424 
410     0.016334 
411     0.023471 
412     0.026139 
413     0.026756 
414     0.026792 
415     0.022981 
416     0.022496 
417     0.021301 
418     0.019239 
419     0.019633 
420     0.019280 
421     0.019122 
422     0.017766 
423     0.018206 
424     0.026128 
425     0.044896 
426     0.044388 
427     0.043797 
428     0.054691 
429     0.048537 
430     0.049695 
431     0.040899 
432     0.027154 
433     0.019749 
434     0.017578 
435     0.027721 
436     0.027051 
437     0.031477 
438     0.020612 
439     0.015573 
440     0.005861 
441     0.016339 
442     0.028387 
443     0.038632 
444     0.043854 
445     0.049479 
446     0.042136 
447     0.026166 
448     0.023105 
449     0.026945 
450     0.019842 
451     0.015288 
452     0.010906 
453     0.019951 
454     0.020494 
455     0.022414 
456     0.033287 
457     0.033167 
458     0.030770 
459     0.018334 
460     0.026955 
461     0.026921 
462     0.040289 
463     0.053686 
464     0.057919 
465     0.065742 
466     0.063578 
467     0.064497 
468     0.064804 
469     0.043666 
470     0.039532 
471     0.035782 
472     0.034092 
473     0.029224 
474     0.030556 
475     0.028463 
476     0.028088 
477     0.025578 
478     0.025406 
479     0.022503 
480     0.021609 
481     0.027997 
482     0.031531 
483     0.038359 
484     0.041795 
485     0.039409 
486     0.045158 
487     0.039607 
488     0.044267 
489     0.040143 
490     0.044946 
491     0.051949 
492     0.083019 
493     0.077787 
494     0.076931 
495     0.054734 
496     0.042980 
497     0.036591 
498     0.036148 
499     0.034649 
500     0.036681 
501     0.030972 
502     0.026560 
503     0.026057 
504     0.024299 
505     0.021433 
506     0.017783 
507     0.180542 
508     0.215178 
509     0.226003 
510     0.141717 
511     0.054634 
512     0.100373 
513     0.099742 
514     0.055256 
515     0.024827 
516     0.032318 
517     0.047800 
518     0.029965 
519     0.024564 
520     0.041734 
521     0.034161 
522     0.032942 
523     0.049260 
524     0.039136 
525     0.031170 
526     0.059926 
527     0.051914 
528     0.035626 
529     0.056620 
530     0.067352 
531     0.032545 
532     0.041142 
533     0.063575 
534     0.034235 
535     0.019910 
536     0.046470 
537     0.031183 
538     0.016287 
539     0.032027 
540     0.029606 
541     0.017748 
542     0.020746 
543     0.015174 
544     0.019320 
545     0.012904 
546     0.005326 
547     0.023273 
548     0.026369 
549     0.014244 
550     0.039232 
551     0.052108 
552     0.041032 
553     0.056458 
554     0.067839 
555     0.039216 
556     0.022463 
557     0.056259 
558     0.091051 
559     0.084145 
560     0.044778 
561     0.046689 
562     0.057551 
563     0.033579 
564     0.023689 
565     0.035665 
566     0.023238 
567     0.019094 
568     0.028080 
569     0.042378 
570     0.038181 
571     0.032911 
572     0.048033 
573     0.067337 
574     0.054558 
575     0.041187 
576     0.074352 
577     0.076419 
578     0.060842 
579     0.068734 
580     0.055377 
581     0.084480 
582     0.070220 
583     0.036029 
584     0.046541 
585     0.050219 
586     0.027949 
587     0.012579 
588     0.015958 
589     0.012528 
590     0.010845 
591     0.014434 
592     0.028566 
593     0.026188 
594     0.019768 
595     0.036540 
596     0.024642 
597     0.015521 
598     0.030882 
599     0.045228 
600     0.041885 
601     0.052566 
602     0.060829 
603     0.059059 
604     0.054742 
