  1     0.017877 
  2     0.014121 
  3     0.012053 
  4     0.012888 
  5     0.011849 
  6     0.012234 
  7     0.011858 
  8     0.012077 
  9     0.011500 
 10     0.011672 
 11     0.011847 
 12     0.011619 
 13     0.010919 
 14     0.010810 
 15     0.010907 
 16     0.010697 
 17     0.010930 
 18     0.011026 
 19     0.011154 
 20     0.012398 
 21     0.013657 
 22     0.013127 
 23     0.012351 
 24     0.011370 
 25     0.011031 
 26     0.011318 
 27     0.012649 
 28     0.012643 
 29     0.014931 
 30     0.016267 
 31     0.015883 
 32     0.013911 
 33     0.012445 
 34     0.011644 
 35     0.011758 
 36     0.012050 
 37     0.011253 
 38     0.012351 
 39     0.013285 
 40     0.014411 
 41     0.016711 
 42     0.020558 
 43     0.021145 
 44     0.033728 
 45     0.028283 
 46     0.026773 
 47     0.020105 
 48     0.017975 
 49     0.014134 
 50     0.013820 
 51     0.015935 
 52     0.015963 
 53     0.015267 
 54     0.015311 
 55     0.014755 
 56     0.012668 
 57     0.011798 
 58     0.010774 
 59     0.011262 
 60     0.017032 
 61     0.015139 
 62     0.014886 
 63     0.014725 
 64     0.013973 
 65     0.012135 
 66     0.011232 
 67     0.012090 
 68     0.010903 
 69     0.011652 
 70     0.013737 
 71     0.013030 
 72     0.012792 
 73     0.017284 
 74     0.017476 
 75     0.017010 
 76     0.016199 
 77     0.019444 
 78     0.020448 
 79     0.022141 
 80     0.020242 
 81     0.016979 
 82     0.017769 
 83     0.019193 
 84     0.015662 
 85     0.012349 
 86     0.014260 
 87     0.015911 
 88     0.013100 
 89     0.014517 
 90     0.012208 
 91     0.008326 
 92     0.011741 
 93     0.011660 
 94     0.015491 
 95     0.013866 
 96     0.015838 
 97     0.015227 
 98     0.015786 
 99     0.015345 
100     0.013957 
101     0.012070 
102     0.010714 
103     0.011020 
104     0.013062 
105     0.015993 
106     0.015591 
107     0.015700 
108     0.013545 
109     0.013424 
110     0.013397 
111     0.011992 
112     0.014066 
113     0.015778 
114     0.012729 
115     0.011600 
116     0.013549 
117     0.014170 
118     0.011809 
119     0.012176 
120     0.014128 
121     0.013073 
122     0.011481 
123     0.012565 
124     0.013527 
125     0.012369 
126     0.011809 
127     0.013487 
128     0.014131 
129     0.012868 
130     0.012615 
131     0.014639 
132     0.014952 
133     0.015402 
134     0.013985 
135     0.015902 
136     0.015007 
137     0.013751 
138     0.014431 
139     0.013757 
140     0.014517 
141     0.016031 
142     0.017181 
143     0.018149 
144     0.019289 
145     0.020616 
146     0.020171 
147     0.020960 
148     0.020533 
149     0.018335 
150     0.017219 
151     0.018294 
152     0.016490 
153     0.015299 
154     0.018122 
155     0.019085 
156     0.015495 
157     0.015938 
158     0.020119 
159     0.020340 
160     0.016179 
161     0.018651 
162     0.016376 
163     0.017877 
164     0.016969 
165     0.017935 
166     0.017653 
167     0.015918 
168     0.017092 
169     0.018260 
170     0.016214 
171     0.017299 
172     0.017799 
173     0.016380 
174     0.016321 
175     0.017832 
176     0.017343 
177     0.016054 
178     0.017600 
179     0.017564 
180     0.017418 
181     0.017548 
182     0.018223 
183     0.019561 
184     0.019315 
185     0.020855 
186     0.021000 
187     0.021546 
188     0.022295 
189     0.020725 
190     0.020067 
191     0.018009 
192     0.016724 
193     0.015255 
194     0.013370 
195     0.012066 
196     0.010801 
197     0.013540 
198     0.014249 
199     0.015157 
200     0.016913 
201     0.018425 
202     0.019174 
203     0.020220 
204     0.019425 
205     0.020300 
206     0.019219 
207     0.020126 
208     0.019350 
209     0.021137 
210     0.022309 
211     0.019724 
212     0.019329 
213     0.018214 
214     0.018343 
215     0.017469 
216     0.018111 
217     0.018062 
218     0.020413 
219     0.020412 
220     0.019407 
221     0.020622 
222     0.018109 
223     0.016611 
224     0.015747 
225     0.014946 
226     0.013842 
227     0.011834 
228     0.008957 
229     0.009788 
230     0.010661 
231     0.005297 
232     0.004959 
233     0.014500 
234     0.015546 
235     0.016326 
236     0.022120 
237     0.033014 
238     0.034014 
239     0.039767 
240     0.046863 
241     0.055442 
242     0.057551 
243     0.061875 
244     0.071726 
245     0.080343 
246     0.083806 
247     0.083909 
248     0.088757 
249     0.079063 
250     0.065413 
251     0.045996 
252     0.042630 
253     0.047908 
254     0.034817 
255     0.019906 
256     0.015209 
257     0.021781 
258     0.015362 
259     0.007607 
260     0.010879 
261     0.017247 
262     0.008729 
263     0.009492 
264     0.019494 
265     0.015132 
266     0.009944 
267     0.019857 
268     0.021219 
269     0.013599 
270     0.016020 
271     0.023709 
272     0.020530 
273     0.017652 
274     0.027043 
275     0.030049 
276     0.027922 
277     0.030719 
278     0.035255 
279     0.042791 
280     0.037597 
281     0.051847 
282     0.047567 
283     0.064477 
284     0.059447 
285     0.041190 
286     0.045691 
287     0.066643 
288     0.094994 
289     0.123311 
290     0.128670 
291     0.104371 
292     0.084116 
293     0.086716 
294     0.075181 
295     0.061321 
296     0.063116 
297     0.052792 
298     0.041887 
299     0.028962 
300     0.025065 
301     0.018527 
302     0.015548 
303     0.018693 
304     0.013744 
305     0.007090 
306     0.011507 
307     0.010895 
308     0.005128 
309     0.004174 
310     0.008182 
311     0.008818 
312     0.007826 
313     0.011215 
314     0.013528 
315     0.015427 
316     0.016189 
317     0.018905 
318     0.019477 
319     0.020240 
320     0.022598 
321     0.023240 
322     0.022050 
323     0.023785 
324     0.026190 
325     0.025640 
326     0.025147 
327     0.028969 
328     0.027562 
329     0.026467 
330     0.023967 
331     0.026253 
332     0.027455 
333     0.024172 
334     0.024069 
335     0.021680 
336     0.019638 
337     0.017774 
338     0.016100 
339     0.014683 
340     0.012611 
341     0.010624 
342     0.010379 
343     0.012407 
344     0.011980 
345     0.010056 
346     0.010756 
347     0.007202 
348     0.009577 
349     0.013866 
350     0.013701 
351     0.013110 
352     0.015862 
353     0.017810 
354     0.018865 
355     0.019384 
356     0.020848 
357     0.022027 
358     0.021558 
359     0.019929 
360     0.018416 
361     0.018741 
362     0.017609 
363     0.016720 
364     0.015498 
365     0.013493 
366     0.013061 
367     0.010814 
368     0.011714 
369     0.013542 
370     0.013805 
371     0.012420 
372     0.013053 
373     0.014869 
374     0.014167 
375     0.013004 
376     0.014711 
377     0.016153 
378     0.014834 
379     0.014783 
380     0.016784 
381     0.017391 
382     0.015908 
383     0.016376 
384     0.014510 
385     0.016102 
386     0.017873 
387     0.018131 
388     0.017162 
389     0.018185 
390     0.017349 
391     0.015592 
392     0.016406 
393     0.018202 
394     0.019004 
395     0.020431 
396     0.024845 
397     0.024367 
398     0.020033 
399     0.020029 
400     0.022238 
401     0.029964 
402     0.024683 
403     0.030863 
404     0.043419 
405     0.045169 
406     0.038688 
407     0.032137 
408     0.020871 
409     0.018689 
410     0.011084 
411     0.012288 
412     0.019987 
413     0.023608 
414     0.021573 
415     0.019074 
416     0.017524 
417     0.012384 
418     0.009136 
419     0.002324 
420     0.010833 
421     0.022002 
422     0.038961 
423     0.054883 
424     0.066022 
425     0.066461 
426     0.080617 
427     0.090209 
428     0.081234 
429     0.099398 
430     0.123694 
431     0.134615 
432     0.113767 
433     0.121440 
434     0.099406 
435     0.073466 
436     0.046879 
437     0.034301 
438     0.037997 
439     0.035001 
440     0.036933 
441     0.034793 
442     0.040885 
443     0.042917 
444     0.051937 
445     0.048748 
446     0.051011 
447     0.047113 
448     0.060514 
449     0.062164 
450     0.052653 
451     0.054305 
452     0.053396 
453     0.050597 
454     0.061568 
455     0.056543 
456     0.055591 
457     0.066762 
458     0.078319 
459     0.105257 
460     0.131716 
461     0.127547 
462     0.148341 
463     0.154489 
464     0.147608 
465     0.139577 
466     0.116834 
467     0.110119 
468     0.131579 
469     0.119859 
470     0.098269 
471     0.079949 
472     0.066850 
473     0.049727 
474     0.034468 
475     0.019649 
476     0.011878 
477     0.011523 
478     0.012991 
479     0.014078 
480     0.017885 
481     0.018014 
482     0.021957 
483     0.020926 
484     0.028367 
485     0.040571 
486     0.054927 
487     0.067774 
488     0.083920 
489     0.098766 
490     0.098035 
491     0.120890 
492     0.128530 
493     0.110111 
494     0.116173 
495     0.100283 
496     0.095308 
497     0.097771 
498     0.083097 
499     0.090100 
500     0.079471 
501     0.081551 
502     0.084088 
503     0.075112 
504     0.023338 
505     0.020021 
506     0.021928 
507     0.036708 
508     0.042509 
509     0.045146 
510     0.034918 
511     0.031602 
512     0.037623 
513     0.038101 
514     0.031034 
515     0.028887 
516     0.033569 
517     0.032157 
518     0.026443 
519     0.030923 
520     0.033621 
521     0.029328 
522     0.030623 
523     0.038177 
524     0.036100 
525     0.033128 
526     0.043166 
527     0.046474 
528     0.042048 
529     0.048455 
530     0.055548 
531     0.054960 
532     0.054117 
533     0.060177 
534     0.054413 
535     0.053552 
536     0.057854 
537     0.052416 
538     0.045542 
539     0.050917 
540     0.050398 
541     0.039128 
542     0.040550 
543     0.047016 
544     0.039354 
545     0.031087 
546     0.040736 
547     0.043434 
548     0.031555 
549     0.035682 
550     0.047615 
551     0.042124 
552     0.037041 
553     0.050056 
554     0.057916 
555     0.047598 
556     0.040463 
557     0.045809 
558     0.050965 
559     0.043444 
560     0.031582 
561     0.037633 
562     0.039343 
563     0.026461 
564     0.024001 
565     0.035067 
566     0.030396 
567     0.022899 
568     0.032396 
569     0.037858 
570     0.030917 
571     0.034829 
572     0.044741 
573     0.044195 
574     0.042422 
575     0.049800 
576     0.055917 
577     0.054266 
578     0.057873 
579     0.052566 
580     0.050635 
581     0.043627 
582     0.038884 
583     0.040511 
584     0.037869 
585     0.029483 
586     0.026152 
587     0.029049 
588     0.024269 
589     0.015559 
590     0.017379 
591     0.017329 
592     0.014165 
593     0.012370 
594     0.012543 
595     0.012624 
596     0.015271 
597     0.014713 
598     0.013963 
599     0.013513 
600     0.011576 
601     0.016982 
602     0.013715 
603     0.018414 
604     0.012674 
