  1     0.086616 
  2     0.068265 
  3     0.028789 
  4     0.011344 
  5     0.006541 
  6     0.007585 
  7     0.004378 
  8     0.005770 
  9     0.021517 
 10     0.011588 
 11     0.012132 
 12     0.013228 
 13     0.011692 
 14     0.017504 
 15     0.005648 
 16     0.004720 
 17     0.006215 
 18     0.013219 
 19     0.055950 
 20     0.017203 
 21     0.012384 
 22     0.022807 
 23     0.006086 
 24     0.010561 
 25     0.005300 
 26     0.009267 
 27     0.010116 
 28     0.012431 
 29     0.098231 
 30     0.051154 
 31     0.060969 
 32     0.033451 
 33     0.009573 
 34     0.008297 
 35     0.016963 
 36     0.017271 
 37     0.014662 
 38     0.014773 
 39     0.005160 
 40     0.013100 
 41     0.023248 
 42     0.028922 
 43     0.057547 
 44     0.040653 
 45     0.036406 
 46     0.039754 
 47     0.029598 
 48     0.021830 
 49     0.009332 
 50     0.013477 
 51     0.040003 
 52     0.058703 
 53     0.024370 
 54     0.059785 
 55     0.132121 
 56     0.076066 
 57     0.039616 
 58     0.017777 
 59     0.029546 
 60     0.022962 
 61     0.016959 
 62     0.020836 
 63     0.018044 
 64     0.013081 
 65     0.012533 
 66     0.018071 
 67     0.007357 
 68     0.018587 
 69     0.024065 
 70     0.027505 
 71     0.031134 
 72     0.035640 
 73     0.030793 
 74     0.033166 
 75     0.024660 
 76     0.022161 
 77     0.065544 
 78     0.075470 
 79     0.111454 
 80     0.049048 
 81     0.025672 
 82     0.045762 
 83     0.022717 
 84     0.015580 
 85     0.030757 
 86     0.055766 
 87     0.072608 
 88     0.031254 
 89     0.023986 
 90     0.019058 
 91     0.024450 
 92     0.029542 
 93     0.024797 
 94     0.024305 
 95     0.012502 
 96     0.067088 
 97     0.034194 
 98     0.018726 
 99     0.008521 
100     0.006113 
101     0.021970 
102     0.028910 
103     0.049775 
104     0.023835 
105     0.036540 
106     0.080343 
107     0.029639 
108     0.056561 
109     0.037712 
110     0.040379 
111     0.034317 
112     0.039861 
113     0.048588 
114     0.040693 
115     0.038952 
116     0.047648 
117     0.033817 
118     0.022418 
119     0.023838 
120     0.024303 
121     0.013831 
122     0.012183 
123     0.008805 
124     0.009795 
125     0.009606 
126     0.005534 
127     0.005936 
128     0.014233 
129     0.013647 
130     0.013532 
131     0.014276 
132     0.022990 
133     0.010691 
134     0.010940 
135     0.018694 
136     0.015344 
137     0.005811 
138     0.006217 
139     0.007870 
140     0.005684 
141     0.007602 
142     0.016913 
143     0.016411 
144     0.012787 
145     0.015660 
146     0.033899 
147     0.038288 
148     0.022316 
149     0.026604 
150     0.027029 
151     0.021985 
152     0.023972 
153     0.030925 
154     0.030358 
155     0.026102 
156     0.044761 
157     0.030897 
158     0.029987 
159     0.040168 
160     0.038325 
161     0.026181 
162     0.019025 
163     0.011994 
164     0.018097 
165     0.011131 
166     0.016916 
167     0.016643 
168     0.009465 
169     0.012104 
170     0.015424 
171     0.026249 
172     0.020301 
173     0.015102 
174     0.013876 
175     0.016514 
176     0.013873 
177     0.012784 
178     0.017168 
179     0.034504 
180     0.034438 
181     0.029796 
182     0.030072 
183     0.030940 
184     0.031356 
185     0.044406 
186     0.033490 
187     0.031988 
188     0.034237 
189     0.021957 
190     0.030494 
191     0.023316 
192     0.021601 
193     0.022280 
194     0.016814 
195     0.021840 
196     0.021033 
197     0.023695 
198     0.019307 
199     0.018388 
200     0.020391 
201     0.026802 
202     0.031245 
203     0.045308 
204     0.033181 
205     0.035166 
206     0.032324 
207     0.032325 
208     0.032825 
209     0.133104 
210     0.213863 
211     0.076687 
212     0.021909 
213     0.012817 
214     0.042285 
215     0.036227 
216     0.032241 
217     0.027751 
218     0.019949 
219     0.014012 
220     0.012169 
221     0.007414 
222     0.010531 
223     0.010937 
224     0.014877 
225     0.029615 
226     0.018797 
227     0.019359 
228     0.015816 
229     0.022820 
230     0.027895 
231     0.018447 
232     0.030269 
233     0.036736 
234     0.047551 
235     0.044538 
236     0.051517 
237     0.067331 
238     0.061685 
239     0.063472 
240     0.077798 
241     0.074943 
242     0.047638 
243     0.063852 
244     0.044389 
245     0.034462 
246     0.093677 
247     0.075141 
248     0.075152 
249     0.078335 
250     0.102887 
251     0.058012 
252     0.110609 
253     0.180575 
254     0.033089 
255     0.011174 
256     0.021286 
257     0.026713 
258     0.026652 
259     0.017877 
260     0.023171 
261     0.039080 
262     0.029648 
263     0.026090 
264     0.043179 
265     0.033291 
266     0.032149 
267     0.034242 
268     0.037092 
269     0.033581 
270     0.040680 
271     0.036220 
272     0.036643 
273     0.045930 
274     0.042437 
275     0.031581 
276     0.031529 
277     0.048206 
278     0.050011 
279     0.056768 
280     0.009866 
281     0.018296 
282     0.029943 
283     0.089426 
284     0.107835 
285     0.060090 
286     0.052703 
287     0.145957 
288     0.080917 
289     0.070922 
290     0.151951 
291     0.157013 
292     0.124702 
293     0.066908 
294     0.062886 
295     0.077905 
296     0.028798 
297     0.005201 
298     0.146029 
299     0.081144 
300     0.065468 
301     0.065539 
302     0.128380 
303     0.109742 
304     0.050341 
305     0.059853 
306     0.044654 
307     0.019604 
308     0.060676 
309     0.013371 
310     0.015945 
311     0.015428 
312     0.020442 
313     0.015461 
314     0.010068 
315     0.022650 
316     0.035095 
317     0.041991 
318     0.030843 
319     0.046007 
320     0.103056 
321     0.072974 
322     0.049363 
323     0.071299 
324     0.050203 
325     0.049840 
326     0.060433 
327     0.032149 
328     0.079595 
329     0.063330 
330     0.090348 
331     0.031843 
332     0.026704 
333     0.053046 
334     0.040942 
335     0.036859 
336     0.028700 
337     0.014814 
338     0.012028 
339     0.016155 
340     0.017576 
341     0.014275 
342     0.016279 
343     0.004080 
344     0.016562 
345     0.040356 
346     0.045265 
347     0.024105 
348     0.017597 
349     0.019295 
350     0.022300 
351     0.015396 
352     0.016660 
353     0.021948 
354     0.018747 
355     0.024744 
356     0.031573 
357     0.027203 
358     0.023527 
359     0.028710 
360     0.025626 
361     0.024680 
362     0.023220 
363     0.024346 
364     0.011524 
365     0.006325 
366     0.009589 
367     0.006657 
368     0.003068 
369     0.010863 
370     0.010291 
371     0.008597 
372     0.007459 
373     0.013226 
374     0.010384 
375     0.011425 
376     0.017874 
377     0.022214 
378     0.017769 
379     0.024547 
380     0.038979 
381     0.035221 
382     0.040798 
383     0.087182 
384     0.036511 
385     0.053662 
386     0.126565 
387     0.054722 
388     0.033171 
389     0.027884 
390     0.031526 
391     0.031600 
392     0.016294 
393     0.014730 
394     0.016338 
395     0.012420 
396     0.016694 
397     0.015177 
398     0.026706 
399     0.022493 
400     0.020922 
401     0.009017 
402     0.008746 
403     0.020066 
404     0.006557 
405     0.008954 
406     0.010631 
407     0.013773 
408     0.023288 
409     0.019033 
410     0.048628 
411     0.045305 
412     0.021294 
413     0.012617 
414     0.012399 
415     0.017082 
416     0.012726 
417     0.022503 
418     0.030070 
419     0.027205 
420     0.037413 
421     0.038107 
422     0.052112 
423     0.046784 
424     0.030436 
425     0.014612 
426     0.033658 
427     0.020324 
428     0.031548 
429     0.032559 
430     0.025897 
431     0.018947 
432     0.017306 
433     0.011722 
434     0.008657 
435     0.016053 
436     0.104095 
437     0.072757 
438     0.015680 
439     0.013447 
440     0.022974 
441     0.027977 
442     0.022331 
443     0.012073 
444     0.020442 
445     0.021418 
446     0.017155 
447     0.016116 
448     0.020875 
449     0.021063 
450     0.023083 
451     0.022372 
452     0.019486 
453     0.010517 
454     0.023077 
455     0.035855 
456     0.032955 
457     0.035710 
458     0.017241 
459     0.008724 
460     0.012652 
461     0.018554 
462     0.015962 
463     0.015978 
464     0.009763 
465     0.013464 
466     0.016101 
467     0.013905 
468     0.009349 
469     0.024483 
470     0.025975 
471     0.024876 
472     0.030733 
473     0.020623 
474     0.058277 
475     0.049834 
476     0.018897 
477     0.023753 
478     0.044907 
479     0.030046 
480     0.029508 
481     0.029944 
482     0.039748 
483     0.152857 
484     0.152866 
485     0.008721 
486     0.026198 
487     0.021710 
488     0.024443 
489     0.023264 
490     0.025885 
491     0.025066 
492     0.018174 
493     0.018200 
494     0.001925 
495     0.012355 
496     0.018464 
497     0.023788 
498     0.014770 
499     0.012813 
500     0.038734 
501     0.034863 
502     0.032926 
503     0.027067 
504     0.017840 
505     0.015209 
506     0.035982 
507     0.061716 
508     0.054834 
509     0.041721 
510     0.030019 
511     0.046297 
512     0.050451 
513     0.050470 
514     0.045483 
515     0.041489 
516     0.058278 
517     0.053865 
518     0.052430 
519     0.066988 
520     0.056455 
521     0.042519 
522     0.048579 
523     0.041721 
524     0.025135 
525     0.032804 
526     0.032204 
527     0.018048 
528     0.025543 
529     0.024817 
530     0.006373 
531     0.012104 
532     0.021295 
533     0.022692 
534     0.019632 
535     0.018835 
536     0.021297 
537     0.019702 
538     0.012856 
539     0.004900 
540     0.015329 
541     0.014541 
542     0.010059 
543     0.025435 
544     0.020357 
545     0.012164 
546     0.015230 
547     0.011790 
548     0.006911 
549     0.010814 
550     0.024840 
551     0.022944 
552     0.017599 
553     0.043327 
554     0.016893 
555     0.007308 
556     0.012877 
557     0.015941 
558     0.013580 
559     0.015847 
560     0.013962 
561     0.013034 
562     0.013343 
563     0.012063 
564     0.011084 
565     0.010895 
566     0.011295 
567     0.009043 
568     0.009815 
569     0.013273 
570     0.010867 
571     0.008242 
572     0.008186 
573     0.011308 
574     0.007116 
575     0.009246 
576     0.016440 
577     0.013688 
578     0.005567 
579     0.006835 
580     0.006494 
581     0.009608 
582     0.008235 
583     0.007732 
584     0.011825 
585     0.011406 
586     0.008393 
587     0.007171 
588     0.009026 
589     0.004627 
590     0.008288 
591     0.010410 
592     0.009147 
593     0.010070 
594     0.012455 
595     0.020637 
596     0.013889 
597     0.008266 
598     0.012119 
599     0.006403 
600     0.008390 
601     0.009393 
602     0.017603 
603     0.016859 
604     0.011922 
