  1     0.075267 
  2     0.045319 
  3     0.029842 
  4     0.025846 
  5     0.023090 
  6     0.026243 
  7     0.024517 
  8     0.019299 
  9     0.023022 
 10     0.024989 
 11     0.027491 
 12     0.028755 
 13     0.030815 
 14     0.027449 
 15     0.021773 
 16     0.022243 
 17     0.018719 
 18     0.012756 
 19     0.070225 
 20     0.042420 
 21     0.044246 
 22     0.056187 
 23     0.028520 
 24     0.023529 
 25     0.024626 
 26     0.023333 
 27     0.039365 
 28     0.029563 
 29     0.058722 
 30     0.076248 
 31     0.075875 
 32     0.053246 
 33     0.038226 
 34     0.030056 
 35     0.027861 
 36     0.035898 
 37     0.034838 
 38     0.034975 
 39     0.041618 
 40     0.038773 
 41     0.033566 
 42     0.040404 
 43     0.060245 
 44     0.154055 
 45     0.098265 
 46     0.053929 
 47     0.041776 
 48     0.055637 
 49     0.053897 
 50     0.048101 
 51     0.063559 
 52     0.075229 
 53     0.043878 
 54     0.043730 
 55     0.081881 
 56     0.053384 
 57     0.024596 
 58     0.030624 
 59     0.019346 
 60     0.026345 
 61     0.012933 
 62     0.014761 
 63     0.017617 
 64     0.019167 
 65     0.022862 
 66     0.034307 
 67     0.028862 
 68     0.030655 
 69     0.026824 
 70     0.027088 
 71     0.028995 
 72     0.029173 
 73     0.029245 
 74     0.043434 
 75     0.050514 
 76     0.048068 
 77     0.077301 
 78     0.076414 
 79     0.084950 
 80     0.037940 
 81     0.038497 
 82     0.057808 
 83     0.046147 
 84     0.023878 
 85     0.042839 
 86     0.061262 
 87     0.051173 
 88     0.020862 
 89     0.012685 
 90     0.017696 
 91     0.028594 
 92     0.030481 
 93     0.032112 
 94     0.028670 
 95     0.027908 
 96     0.208630 
 97     0.054458 
 98     0.049104 
 99     0.044566 
100     0.032861 
101     0.028275 
102     0.019098 
103     0.025669 
104     0.039666 
105     0.053230 
106     0.058883 
107     0.050330 
108     0.010812 
109     0.024227 
110     0.026028 
111     0.029906 
112     0.033326 
113     0.032629 
114     0.034159 
115     0.036619 
116     0.033718 
117     0.032958 
118     0.040177 
119     0.035532 
120     0.025227 
121     0.036802 
122     0.032410 
123     0.030060 
124     0.029803 
125     0.028507 
126     0.020319 
127     0.024104 
128     0.028664 
129     0.018172 
130     0.012588 
131     0.035527 
132     0.022416 
133     0.023810 
134     0.025338 
135     0.041004 
136     0.035239 
137     0.027475 
138     0.030016 
139     0.015897 
140     0.017169 
141     0.017875 
142     0.017127 
143     0.022517 
144     0.023040 
145     0.023073 
146     0.012075 
147     0.008769 
148     0.019043 
149     0.023381 
150     0.013028 
151     0.028673 
152     0.024436 
153     0.024667 
154     0.023856 
155     0.033416 
156     0.035440 
157     0.030169 
158     0.027478 
159     0.021580 
160     0.028629 
161     0.024855 
162     0.030511 
163     0.031102 
164     0.026710 
165     0.033050 
166     0.028606 
167     0.013129 
168     0.026038 
169     0.015988 
170     0.013704 
171     0.021153 
172     0.024197 
173     0.029042 
174     0.027011 
175     0.030920 
176     0.037456 
177     0.036418 
178     0.053174 
179     0.040301 
180     0.042761 
181     0.080143 
182     0.068899 
183     0.059620 
184     0.057930 
185     0.063834 
186     0.043957 
187     0.019333 
188     0.031256 
189     0.023300 
190     0.016467 
191     0.019836 
192     0.019287 
193     0.016299 
194     0.020359 
195     0.022085 
196     0.020500 
197     0.020024 
198     0.015651 
199     0.018435 
200     0.020832 
201     0.020375 
202     0.021377 
203     0.013982 
204     0.015638 
205     0.019408 
206     0.014801 
207     0.031153 
208     0.042717 
209     0.050289 
210     0.081491 
211     0.040541 
212     0.033909 
213     0.015698 
214     0.017064 
215     0.017099 
216     0.016400 
217     0.021169 
218     0.021499 
219     0.030693 
220     0.032625 
221     0.028200 
222     0.019333 
223     0.013892 
224     0.012259 
225     0.019617 
226     0.019513 
227     0.025085 
228     0.027520 
229     0.033372 
230     0.033140 
231     0.034943 
232     0.029162 
233     0.037820 
234     0.035134 
235     0.029912 
236     0.024210 
237     0.032537 
238     0.033912 
239     0.017315 
240     0.021506 
241     0.016092 
242     0.022072 
243     0.019863 
244     0.020042 
245     0.052738 
246     0.068130 
247     0.025508 
248     0.034085 
249     0.025834 
250     0.008812 
251     0.014906 
252     0.026359 
253     0.037594 
254     0.017727 
255     0.016267 
256     0.020395 
257     0.016567 
258     0.020292 
259     0.019141 
260     0.020386 
261     0.013467 
262     0.017296 
263     0.015608 
264     0.013349 
265     0.016959 
266     0.013631 
267     0.016523 
268     0.023322 
269     0.020758 
270     0.008750 
271     0.013429 
272     0.009489 
273     0.003127 
274     0.012533 
275     0.007481 
276     0.015180 
277     0.012561 
278     0.013173 
279     0.014899 
280     0.020185 
281     0.018462 
282     0.015117 
283     0.016393 
284     0.014313 
285     0.016629 
286     0.015470 
287     0.040446 
288     0.036210 
289     0.018632 
290     0.034346 
291     0.024488 
292     0.026763 
293     0.030158 
294     0.039571 
295     0.053484 
296     0.042856 
297     0.020852 
298     0.008968 
299     0.010620 
300     0.011967 
301     0.014892 
302     0.029830 
303     0.010737 
304     0.030358 
305     0.041038 
306     0.023943 
307     0.022477 
308     0.027016 
309     0.017639 
310     0.014544 
311     0.018971 
312     0.035613 
313     0.041718 
314     0.031210 
315     0.024284 
316     0.039297 
317     0.030534 
318     0.029096 
319     0.011904 
320     0.041707 
321     0.055277 
322     0.036448 
323     0.052524 
324     0.069305 
325     0.063206 
326     0.048300 
327     0.072645 
328     0.058287 
329     0.065303 
330     0.066867 
331     0.055593 
332     0.064135 
333     0.019563 
334     0.011476 
335     0.027963 
336     0.019188 
337     0.026055 
338     0.021913 
339     0.022144 
340     0.025677 
341     0.032266 
342     0.034318 
343     0.027558 
344     0.017093 
345     0.020119 
346     0.030229 
347     0.040530 
348     0.042379 
349     0.038354 
350     0.045865 
351     0.039152 
352     0.034942 
353     0.033064 
354     0.032645 
355     0.020485 
356     0.014178 
357     0.027316 
358     0.024054 
359     0.027771 
360     0.015966 
361     0.051424 
362     0.134592 
363     0.115043 
364     0.044689 
365     0.050880 
366     0.028564 
367     0.027899 
368     0.014677 
369     0.019130 
370     0.017086 
371     0.016181 
372     0.020170 
373     0.029832 
374     0.026993 
375     0.025021 
376     0.034457 
377     0.036389 
378     0.029990 
379     0.027079 
380     0.027301 
381     0.028685 
382     0.011604 
383     0.028902 
384     0.021137 
385     0.033708 
386     0.049831 
387     0.022676 
388     0.019302 
389     0.013607 
390     0.010397 
391     0.017092 
392     0.025338 
393     0.034253 
394     0.036560 
395     0.035393 
396     0.036475 
397     0.046023 
398     0.052711 
399     0.048528 
400     0.043266 
401     0.054425 
402     0.077227 
403     0.076444 
404     0.177998 
405     0.062960 
406     0.018914 
407     0.032898 
408     0.062249 
409     0.052624 
410     0.059612 
411     0.052032 
412     0.044700 
413     0.040990 
414     0.044369 
415     0.035136 
416     0.025531 
417     0.020755 
418     0.018259 
419     0.027437 
420     0.027048 
421     0.019906 
422     0.029596 
423     0.072849 
424     0.051593 
425     0.103407 
426     0.082797 
427     0.037739 
428     0.046143 
429     0.066780 
430     0.069690 
431     0.058787 
432     0.052703 
433     0.038069 
434     0.050050 
435     0.109287 
436     0.039518 
437     0.022120 
438     0.021610 
439     0.032052 
440     0.037152 
441     0.044966 
442     0.037100 
443     0.028624 
444     0.019862 
445     0.016542 
446     0.023031 
447     0.019012 
448     0.034535 
449     0.037126 
450     0.031695 
451     0.040149 
452     0.036536 
453     0.043524 
454     0.022926 
455     0.014799 
456     0.036136 
457     0.026190 
458     0.051089 
459     0.033887 
460     0.023689 
461     0.038196 
462     0.021030 
463     0.036907 
464     0.037304 
465     0.047645 
466     0.021694 
467     0.028843 
468     0.026919 
469     0.036952 
470     0.031806 
471     0.017458 
472     0.019911 
473     0.034819 
474     0.038385 
475     0.035159 
476     0.025883 
477     0.015000 
478     0.009825 
479     0.009156 
480     0.009734 
481     0.008857 
482     0.003601 
483     0.013652 
484     0.027298 
485     0.022785 
486     0.023435 
487     0.021770 
488     0.035992 
489     0.013810 
490     0.044019 
491     0.116697 
492     0.096467 
493     0.035550 
494     0.139158 
495     0.042208 
496     0.022684 
497     0.044053 
498     0.056363 
499     0.057352 
500     0.079169 
501     0.051817 
502     0.029134 
503     0.016487 
504     0.036570 
505     0.040190 
506     0.033313 
507     0.120275 
508     0.094201 
509     0.060805 
510     0.033599 
511     0.047852 
512     0.081627 
513     0.064668 
514     0.038230 
515     0.035295 
516     0.054281 
517     0.046710 
518     0.037350 
519     0.065685 
520     0.041647 
521     0.062616 
522     0.057614 
523     0.085882 
524     0.071870 
525     0.054632 
526     0.070104 
527     0.075196 
528     0.049247 
529     0.026251 
530     0.022460 
531     0.034435 
532     0.056760 
533     0.050555 
534     0.033833 
535     0.024021 
536     0.032228 
537     0.030049 
538     0.009932 
539     0.005511 
540     0.021885 
541     0.017658 
542     0.019548 
543     0.037171 
544     0.027768 
545     0.020990 
546     0.023125 
547     0.032289 
548     0.017974 
549     0.020556 
550     0.027582 
551     0.035953 
552     0.035987 
553     0.031744 
554     0.023526 
555     0.049405 
556     0.038101 
557     0.082270 
558     0.055326 
559     0.049945 
560     0.023726 
561     0.015199 
562     0.010274 
563     0.012873 
564     0.019761 
565     0.017710 
566     0.015475 
567     0.021532 
568     0.021585 
569     0.026293 
570     0.020720 
571     0.015767 
572     0.017373 
573     0.024463 
574     0.017541 
575     0.017669 
576     0.027896 
577     0.026109 
578     0.018045 
579     0.028286 
580     0.025423 
581     0.032810 
582     0.023585 
583     0.012475 
584     0.011341 
585     0.011990 
586     0.015522 
587     0.009257 
588     0.015631 
589     0.022504 
590     0.020804 
591     0.019097 
592     0.029041 
593     0.022628 
594     0.026139 
595     0.032065 
596     0.036970 
597     0.023441 
598     0.018355 
599     0.050906 
600     0.069518 
601     0.056208 
602     0.024944 
603     0.093352 
604     0.026762 
