1 0.09553
2 0.093337
3 0.083122
4 0.074854
5 0.064745
6 0.057289
7 0.050875
8 0.043159
9 0.045194
10 0.037313
11 0.040152
12 0.037676
13 0.032742
14 0.036614
15 0.038052
16 0.046466
17 0.052649
18 0.060581
19 0.067073
20 0.07251
21 0.079368
22 0.076495
23 0.069111
24 0.062196
25 0.058411
26 0.049837
27 0.046106
28 0.040789
29 0.038346
30 0.039444
31 0.034071
32 0.031856
33 0.031604
34 0.035536
35 0.031915
36 0.031823
37 0.034752
38 0.041789
39 0.045265
40 0.053079
41 0.056088
42 0.064407
43 0.066222
44 0.076091
45 0.078164
46 0.075629
47 0.065851
48 0.062528
49 0.053229
50 0.047841
51 0.039326
52 0.035415
53 0.041206
54 0.045389
55 0.040518
56 0.04101
57 0.048283
58 0.05031
59 0.052824
60 0.057468
61 0.061844
62 0.062817
63 0.071012
64 0.067786
65 0.058044
66 0.057607
67 0.050672
68 0.049237
69 0.053421
70 0.050454
71 0.054708
72 0.063279
73 0.064513
74 0.073528
75 0.074631
76 0.084294
77 0.088909
78 0.089854
79 0.080863
80 0.073854
81 0.067626
82 0.073895
83 0.079592
84 0.071989
85 0.067323
86 0.076547
87 0.077714
88 0.068045
89 0.065397
90 0.068052
91 0.069396
92 0.079736
93 0.080873
94 0.090873
95 0.097076
96 0.09864
97 0.109948
98 0.107232
99 0.101012
100 0.090594
101 0.083355
102 0.08319
103 0.079664
104 0.086328
105 0.079935
106 0.083337
107 0.094058
108 0.09391
109 0.092916
110 0.085035
111 0.082148
112 0.071916
113 0.072759
114 0.074162
115 0.065195
116 0.059888
117 0.065697
118 0.061411
119 0.052051
120 0.056121
121 0.060021
122 0.051199
123 0.050059
124 0.059117
125 0.056449
126 0.050829
127 0.056615
128 0.059028
129 0.05406
130 0.053639
131 0.059708
132 0.055694
133 0.066623
134 0.07112
135 0.073668
136 0.080126
137 0.078169
138 0.069505
139 0.064343
140 0.057622
141 0.050372
142 0.051226
143 0.047254
144 0.04977
145 0.05663
146 0.060319
147 0.068109
148 0.074562
149 0.076559
150 0.067542
151 0.06786
152 0.077381
153 0.074195
154 0.065939
155 0.073295
156 0.079001
157 0.070642
158 0.070444
159 0.080729
160 0.079754
161 0.071609
162 0.078407
163 0.075649
164 0.08142
165 0.074688
166 0.080794
167 0.075557
168 0.065816
169 0.059208
170 0.050793
171 0.042358
172 0.040053
173 0.048962
174 0.048015
175 0.041645
176 0.048853
177 0.057209
178 0.053397
179 0.05527
180 0.065143
181 0.062981
182 0.069021
183 0.076406
184 0.083738
185 0.077662
186 0.07802
187 0.065904
188 0.055406
189 0.04489
190 0.041541
191 0.039418
192 0.036217
193 0.037026
194 0.035035
195 0.035202
196 0.03344
197 0.0361
198 0.0423
199 0.041791
200 0.041034
201 0.041019
202 0.041154
203 0.041417
204 0.04138
205 0.044212
206 0.049553
207 0.05775
208 0.06746
209 0.078238
210 0.085675
211 0.091575
212 0.09488
213 0.084192
214 0.077783
215 0.066659
216 0.058339
217 0.054572
218 0.050423
219 0.051989
220 0.049799
221 0.048559
222 0.051071
223 0.049303
224 0.051351
225 0.052229
226 0.048727
227 0.045188
228 0.041904
229 0.042181
230 0.050002
231 0.054105
232 0.050234
233 0.049132
234 0.057277
235 0.062163
236 0.057695
237 0.05721
238 0.066645
239 0.068601
240 0.062746
241 0.066725
242 0.07551
243 0.073779
244 0.068308
245 0.075626
246 0.081975
247 0.076932
248 0.071627
249 0.077556
250 0.073571
251 0.074153
252 0.065845
253 0.069997
254 0.073933
255 0.064823
256 0.060305
257 0.053454
258 0.052584
259 0.052972
260 0.04753
261 0.043792
262 0.046338
263 0.043119
264 0.037351
265 0.040502
266 0.042767
267 0.036572
268 0.035983
269 0.043486
270 0.042388
271 0.039169
272 0.04792
273 0.05462
274 0.052915
275 0.057512
276 0.065606
277 0.071754
278 0.067421
279 0.057809
280 0.056191
281 0.050817
282 0.048988
283 0.046749
284 0.045431
285 0.045777
286 0.050485
287 0.056217
288 0.06039
289 0.069802
290 0.07859
291 0.074991
292 0.066195
293 0.05824
294 0.05795
295 0.054465
296 0.054386
297 0.05776
298 0.062003
299 0.06714
300 0.064621
301 0.070362
302 0.068135
303 0.076096
304 0.071701
305 0.061559
306 0.062409
307 0.070519
308 0.064689
309 0.055666
310 0.057737
311 0.057569
312 0.052281
313 0.05014
314 0.055824
315 0.055528
316 0.049421
317 0.053115
318 0.057179
319 0.052804
320 0.04846
321 0.053973
322 0.056029
323 0.04969
324 0.050004
325 0.055971
326 0.055576
327 0.051769
328 0.055297
329 0.052229
330 0.055199
331 0.054508
332 0.059436
333 0.054304
334 0.049014
335 0.054332
336 0.049289
337 0.044742
338 0.041494
339 0.037737
340 0.033237
341 0.031634
342 0.031742
343 0.033814
344 0.036926
345 0.04009
346 0.041825
347 0.051046
348 0.052709
349 0.048041
350 0.051838
351 0.059622
352 0.057162
353 0.052698
354 0.058216
355 0.063996
356 0.059338
357 0.056368
358 0.064225
359 0.06082
360 0.058108
361 0.048592
362 0.050349
363 0.048973
364 0.057371
365 0.051746
366 0.044372
367 0.037392
368 0.032846
369 0.039351
370 0.043234
371 0.039797
372 0.04509
373 0.052305
374 0.053011
375 0.056043
376 0.061516
377 0.068408
378 0.069277
379 0.072644
380 0.077342
381 0.084194
382 0.0855
383 0.083597
384 0.090797
385 0.095978
386 0.085628
387 0.082652
388 0.07889
389 0.079566
390 0.094183
391 0.099954
392 0.111653
393 0.114123
394 0.11433
395 0.103111
396 0.0989
397 0.093473
398 0.083866
399 0.068778
400 0.062833
401 0.054527
402 0.05816
403 0.072374
404 0.082558
405 0.086522
406 0.070294
407 0.075631
408 0.070323
409 0.077432
410 0.080119
411 0.073432
412 0.077377
413 0.09203
414 0.097568
415 0.107778
416 0.101252
417 0.089848
418 0.080935
419 0.082014
420 0.081559
421 0.078315
422 0.083777
423 0.092147
424 0.096854
425 0.106869
426 0.098649
427 0.103673
428 0.098905
429 0.092726
430 0.10265
431 0.117746
432 0.123739
433 0.109728
434 0.11682
435 0.102141
436 0.085783
437 0.070646
438 0.061931
439 0.050901
440 0.050661
441 0.056023
442 0.066811
443 0.08096
444 0.093336
445 0.090564
446 0.087787
447 0.079112
448 0.063832
449 0.061138
450 0.075222
451 0.071354
452 0.065922
453 0.055418
454 0.053286
455 0.054183
456 0.057479
457 0.070231
458 0.08136
459 0.092749
460 0.108736
461 0.125801
462 0.12209
463 0.13766
464 0.136391
465 0.138836
466 0.135292
467 0.122275
468 0.127675
469 0.137847
470 0.123261
471 0.119491
472 0.102152
473 0.099116
474 0.080712
475 0.078674
476 0.065776
477 0.072769
478 0.071758
479 0.077425
480 0.079908
481 0.073843
482 0.06975
483 0.070612
484 0.066263
485 0.071458
486 0.066713
487 0.077446
488 0.085671
489 0.103361
490 0.115838
491 0.132699
492 0.141477
493 0.141228
494 0.137759
495 0.126125
496 0.109489
497 0.096801
498 0.086552
499 0.077465
500 0.07383
501 0.066725
502 0.070432
503 0.067166
504 0.069788
505 0.066734
506 0.065312
507 0.078705
508 0.090134
509 0.106218
510 0.1109
511 0.094407
512 0.101006
513 0.116817
514 0.107792
515 0.100352
516 0.117678
517 0.124959
518 0.111154
519 0.115502
520 0.133148
521 0.131448
522 0.117146
523 0.121628
524 0.124323
525 0.111621
526 0.101434
527 0.108264
528 0.102938
529 0.094752
530 0.097433
531 0.099559
532 0.09666
533 0.097503
534 0.10382
535 0.098332
536 0.10566
537 0.117497
538 0.111992
539 0.108799
540 0.132521
541 0.138523
542 0.128006
543 0.140288
544 0.167077
545 0.169741
546 0.159367
547 0.179656
548 0.202292
549 0.194795
550 0.194991
551 0.22449
552 0.234564
553 0.220541
554 0.234889
555 0.244478
556 0.230641
557 0.211318
558 0.229371
559 0.23919
560 0.234866
561 0.208584
562 0.20359
563 0.213106
564 0.195287
565 0.1727
566 0.184494
567 0.183026
568 0.157123
569 0.15373
570 0.169235
571 0.152962
572 0.132547
573 0.149949
574 0.15299
575 0.130935
576 0.130117
577 0.147079
578 0.135664
579 0.12984
580 0.119703
581 0.103704
582 0.11377
583 0.117807
584 0.106048
585 0.099579
586 0.120284
587 0.121193
588 0.110103
589 0.130429
590 0.147058
591 0.138706
592 0.144346
593 0.174022
594 0.178578
595 0.166957
596 0.195051
597 0.2085
598 0.186434
599 0.192258
600 0.224169
601 0.221168
602 0.217064
603 0.239585
604 0.270625
605 0.261515
606 0.127989
607 0.117629
608 0.12259
609 0.126897
610 0.097064
611 0.111287
612 0.130018
613 0.110379
614 0.091213
615 0.123717
616 0.119053
617 0.075932
618 0.100361
619 0.112127
620 0.079898
621 0.086316
622 0.105126
623 0.092612
624 0.067568
625 0.089009
626 0.096925
627 0.082388
628 0.066985
629 0.078672
630 0.077555
631 0.064231
632 0.069837
633 0.066493
634 0.057359
635 0.066834
636 0.064055
637 0.050722
638 0.060597
639 0.062095
640 0.055457
641 0.056389
642 0.060602
643 0.063268
644 0.056069
645 0.060277
646 0.06273
647 0.058487
648 0.055089
649 0.058051
650 0.05725
651 0.053962
652 0.050875
653 0.048991
654 0.053484
655 0.046161
656 0.039357
657 0.040679
658 0.039702
659 0.032316
660 0.029308
661 0.033393
662 0.030287
663 0.030814
664 0.035366
665 0.035716
666 0.037689
667 0.042138
668 0.046143
669 0.047634
670 0.052361
671 0.054444
672 0.060553
673 0.066478
674 0.061731
675 0.072646
676 0.082176
677 0.097941
678 0.105928
679 0.118559
680 0.129283
681 0.13195
682 0.120732
683 0.109948
684 0.097592
685 0.090887
686 0.080249
687 0.077116
688 0.078051
689 0.068732
690 0.061056
691 0.063169
692 0.062198
693 0.051967
694 0.049221
695 0.05491
696 0.048604
697 0.040589
698 0.043238
699 0.047855
700 0.041825
701 0.036577
702 0.041904
703 0.047833
704 0.04575
705 0.041191
706 0.038537
707 0.041377
708 0.039445
709 0.041338
710 0.044374
711 0.046546
712 0.049782
713 0.051591
714 0.047276
715 0.051347
716 0.049761
717 0.046127
718 0.044472
719 0.039502
720 0.038538
721 0.040194
722 0.040672
723 0.046848
724 0.048093
725 0.055859
726 0.061503
727 0.065158
728 0.071031
729 0.06916
730 0.070877
731 0.065223
732 0.059971
733 0.063094
734 0.065988
735 0.060789
736 0.054567
737 0.050278
738 0.054413
739 0.052813
740 0.047367
741 0.045628
742 0.042207
743 0.038796
744 0.035473
745 0.032206
746 0.034752
747 0.036551
748 0.044385
749 0.043306
750 0.035323
751 0.033501
752 0.02974
753 0.029369
754 0.034189
755 0.037807
756 0.040997
757 0.045805
758 0.052537
759 0.055345
760 0.061594
761 0.069186
762 0.075235
763 0.079069
764 0.085109
765 0.214306
766 0.170161
767 0.186591
768 0.22412
769 0.190653
770 0.157527
771 0.199684
772 0.199402
773 0.148599
774 0.156409
775 0.189503
776 0.160594
777 0.125067
778 0.159657
779 0.166992
780 0.128388
781 0.123174
782 0.154008
783 0.136556
784 0.110544
785 0.131705
786 0.140108
787 0.114687
788 0.10958
789 0.133297
790 0.122182
791 0.099113
792 0.112905
793 0.119476
794 0.096428
795 0.088186
796 0.105362
797 0.095584
798 0.075776
799 0.081561
800 0.09092
801 0.075769
802 0.065811
803 0.074607
804 0.074261
805 0.062927
806 0.063636
807 0.066329
808 0.065336
809 0.05904
810 0.059219
811 0.063327
812 0.064365
813 0.056596
814 0.056049
815 0.063122
816 0.060424
817 0.047563
818 0.04773
819 0.053772
820 0.048647
821 0.037115
822 0.033466
823 0.03859
824 0.03845
825 0.034958
826 0.039572
827 0.047292
828 0.04779
829 0.053947
830 0.061735
831 0.064257
832 0.068315
833 0.077755
834 0.08519
835 0.095128
836 0.105489
837 0.121105
838 0.123165
839 0.125585
840 0.134302
841 0.126621
842 0.111607
843 0.10363
844 0.092359
845 0.07848
846 0.073168
847 0.068707
848 0.058
849 0.055681
850 0.056696
851 0.051805
852 0.044018
853 0.042883
854 0.047724
855 0.043353
856 0.035831
857 0.042007
858 0.046348
859 0.040245
860 0.044276
861 0.054606
862 0.053743
863 0.058884
864 0.06727
865 0.062081
866 0.063908
867 0.063287
868 0.079828
869 0.091354
870 0.118866
871 0.140809
872 0.165295
873 0.160204
874 0.166794
875 0.148042
876 0.138904
877 0.116947
878 0.112941
879 0.104413
880 0.10465
881 0.099899
882 0.112562
883 0.098863
884 0.118083
885 0.143511
886 0.158471
887 0.186491
888 0.200986
889 0.211261
890 0.204251
891 0.191783
892 0.205599
893 0.198776
894 0.179213
895 0.167969
896 0.144216
897 0.148479
898 0.128621
899 0.101547
900 0.085454
901 0.062298
902 0.057402
903 0.062831
904 0.063206
905 0.075804
906 0.075192
907 0.083124
908 0.093154
909 0.093349
910 0.088141
911 0.070047
912 0.066719
913 0.077233
914 0.074637
915 0.078012
916 0.101878
917 0.123666
918 0.146116
919 0.172682
920 0.189061
921 0.217084
922 0.228742
923 0.252334
