1	0.037829
2	0.047235
3	0.052159
4	0.045773
5	0.050111
6	0.049111
7	0.054671
8	0.056127
9	0.064619
10	0.069534
11	0.072298
12	0.070852
13	0.061462
14	0.058769
15	0.062679
16	0.058344
17	0.049980
18	0.057466
19	0.052019
20	0.043961
21	0.050941
22	0.053453
23	0.044297
24	0.043802
25	0.051966
26	0.051982
27	0.041983
28	0.037995
29	0.031531
30	0.025683
31	0.020241
32	0.014991
33	0.013449
34	0.011685
35	0.005297
36	0.003406
37	0.004594
38	0.010412
39	0.010577
40	0.011218
41	0.014276
42	0.019872
43	0.021679
44	0.019538
45	0.024019
46	0.030620
47	0.028380
48	0.023309
49	0.034736
50	0.038256
51	0.034072
52	0.039694
53	0.048778
54	0.050182
55	0.056534
56	0.048214
57	0.045407
58	0.052895
59	0.049402
60	0.043113
61	0.044783
62	0.038695
63	0.029707
64	0.025182
65	0.018575
66	0.022099
67	0.019699
68	0.025388
69	0.026681
70	0.026863
71	0.033123
72	0.031630
73	0.020989
74	0.024685
75	0.016616
76	0.015887
77	0.010876
78	0.008791
79	0.015714
80	0.019087
81	0.027421
82	0.025739
83	0.031992
84	0.030485
85	0.035546
86	0.044054
87	0.045386
88	0.050345
89	0.045132
90	0.037976
91	0.043982
92	0.048648
93	0.041248
94	0.035410
95	0.043698
96	0.049031
97	0.041590
98	0.044918
99	0.055662
100	0.057097
101	0.048186
102	0.053478
103	0.064443
104	0.061772
105	0.058056
106	0.067801
107	0.074763
108	0.066459
109	0.066904
110	0.078141
111	0.076483
112	0.069886
113	0.062034
114	0.055990
115	0.049794
116	0.047316
117	0.043340
118	0.033787
119	0.036918
120	0.038516
121	0.030580
122	0.022134
123	0.025505
124	0.032363
125	0.028850
126	0.020316
127	0.022564
128	0.030648
129	0.027883
130	0.021429
131	0.029363
132	0.034946
133	0.030484
134	0.025802
135	0.029803
136	0.022076
137	0.016889
138	0.012758
139	0.016388
140	0.021137
141	0.028216
142	0.036630
143	0.040764
144	0.044043
145	0.051550
146	0.053472
147	0.056656
148	0.050043
149	0.052222
150	0.049557
151	0.040428
152	0.035240
153	0.026856
154	0.026351
155	0.023163
156	0.028837
157	0.032573
158	0.037666
159	0.046704
160	0.050101
161	0.044418
162	0.036347
163	0.037571
164	0.033386
165	0.039249
166	0.040017
167	0.035426
168	0.039363
169	0.038516
170	0.045046
171	0.039667
172	0.037904
173	0.029231
174	0.022114
175	0.015030
176	0.007128
177	0.003684
178	0.011592
179	0.016499
180	0.025144
181	0.034343
182	0.041081
183	0.047407
184	0.040189
185	0.040082
186	0.045723
187	0.035486
188	0.035526
189	0.045608
190	0.047949
191	0.049416
192	0.043134
193	0.031719
194	0.035516
195	0.037268
196	0.029706
197	0.023012
198	0.027226
199	0.026147
200	0.017290
201	0.014735
202	0.015670
203	0.009622
204	0.010039
205	0.014860
206	0.018964
207	0.024734
208	0.021539
209	0.026930
210	0.030586
211	0.041503
212	0.058574
213	0.082692
214	0.107365
215	0.126292
216	0.152674
217	0.178735
218	0.179177
219	0.152839
220	0.127059
221	0.109250
222	0.083675
223	0.065052
224	0.045631
225	0.039913
226	0.033986
227	0.031846
228	0.025688
229	0.025931
230	0.022618
231	0.020531
232	0.010616
233	0.008543
234	0.005477
235	0.009143
236	0.008990
237	0.007924
238	0.008123
239	0.009110
240	0.011716
241	0.010999
242	0.012918
243	0.013166
244	0.012714
245	0.010892
246	0.008496
247	0.009070
248	0.009783
249	0.006381
250	0.005099
251	0.006057
252	0.002794
253	0.003557
254	0.006570
255	0.010558
256	0.013577
257	0.013647
258	0.013454
259	0.012519
260	0.008338
261	0.007780
262	0.006931
263	0.005917
264	0.004458
265	0.005372
266	0.004893
267	0.004871
268	0.005804
269	0.006996
270	0.006645
271	0.005095
272	0.003738
273	0.005440
274	0.004712
275	0.004782
276	0.003389
277	0.003161
278	0.002271
279	0.004131
280	0.005780
281	0.007523
282	0.009240
283	0.009090
284	0.009066
285	0.007259
286	0.008346
287	0.008958
288	0.009952
289	0.013474
290	0.013574
291	0.014690
292	0.013512
293	0.009945
294	0.007196
295	0.005593
296	0.004377
297	0.002624
298	0.004071
299	0.004905
300	0.007483
301	0.009528
302	0.011810
303	0.011654
304	0.013934
305	0.010610
306	0.011589
307	0.009836
308	0.006373
309	0.007112
310	0.006098
311	0.005361
312	0.004834
313	0.002758
314	0.004151
315	0.005157
316	0.005857
317	0.006231
318	0.005597
319	0.006162
320	0.005932
321	0.004324
322	0.003266
323	0.002145
324	0.002089
325	0.003113
326	0.005904
327	0.005957
328	0.008969
329	0.007191
330	0.007733
331	0.011164
332	0.013620
333	0.017000
334	0.014651
335	0.015149
336	0.013151
337	0.014539
338	0.013102
339	0.009996
340	0.010249
341	0.010448
342	0.007715
343	0.004999
344	0.003204
345	0.003592
346	0.003826
347	0.001349
348	0.000608
349	0.002192
350	0.003079
351	0.003163
352	0.002599
353	0.003823
354	0.004474
355	0.003658
356	0.003966
357	0.004317
358	0.004534
359	0.003850
360	0.004437
361	0.004972
362	0.004666
363	0.005223
364	0.005786
365	0.005679
366	0.005897
367	0.006232
368	0.006040
369	0.007028
370	0.006823
371	0.006180
372	0.006646
373	0.007561
374	0.006722
375	0.006771
376	0.007170
377	0.007529
378	0.006156
379	0.006943
380	0.007187
381	0.006786
382	0.006827
383	0.007138
384	0.007618
385	0.007319
386	0.007345
387	0.007230
388	0.007160
389	0.007301
390	0.007446
391	0.007353
392	0.007343
393	0.007397
394	0.007367
395	0.007001
396	0.007085
397	0.007211
398	0.007097
399	0.006566
400	0.006854
401	0.005326
402	0.003791
403	0.002596
404	0.002216
405	0.001448
406	0.002456
407	0.001879
408	0.001420
409	0.001207
410	0.001077
411	0.001441
412	0.002947
413	0.003575
414	0.004049
415	0.005271
416	0.005592
417	0.006180
418	0.005309
419	0.004514
420	0.005586
421	0.006005
422	0.004887
423	0.004920
424	0.005026
425	0.005923
426	0.005402
427	0.004527
428	0.005640
429	0.004947
430	0.004428
431	0.003246
432	0.003161
433	0.002822
434	0.002977
435	0.002911
436	0.003055
437	0.001851
438	0.001243
439	0.001063
440	0.002016
441	0.001690
442	0.000854
443	0.002047
444	0.002492
445	0.002824
446	0.002332
447	0.001129
448	0.001670
449	0.001130
450	0.000458
451	0.001020
452	0.001727
453	0.001352
454	0.002562
455	0.002392
456	0.002469
457	0.002082
458	0.002730
459	0.002278
460	0.003038
461	0.002664
462	0.003393
463	0.004646
464	0.005208
465	0.004402
466	0.004787
467	0.005775
468	0.006153
469	0.005652
470	0.006441
471	0.006867
472	0.006802
473	0.007014
474	0.006986
475	0.006855
476	0.007319
477	0.007548
478	0.006475
479	0.006264
480	0.005428
481	0.004453
482	0.004003
483	0.002973
484	0.003745
485	0.004617
486	0.004468
487	0.004507
488	0.003326
489	0.002611
490	0.002085
491	0.002921
492	0.002769
493	0.001251
494	0.000655
495	0.001071
496	0.001749
497	0.002674
498	0.002707
499	0.003819
500	0.004664
501	0.004546
502	0.005500
503	0.006599
504	0.006592
505	0.006772
506	0.008116
507	0.008698
508	0.008324
509	0.009070
510	0.010317
511	0.009616
512	0.009045
513	0.010442
514	0.010956
515	0.009927
516	0.010316
517	0.011659
518	0.011491
519	0.010756
520	0.011388
521	0.011318
522	0.010217
523	0.009275
524	0.009196
525	0.008799
526	0.008090
527	0.007063
528	0.006176
529	0.004873
530	0.003347
531	0.002924
532	0.003379
533	0.003364
534	0.004445
535	0.004626
536	0.005808
537	0.005737
538	0.005214
539	0.005867
540	0.005588
541	0.006514
542	0.007211
543	0.006922
544	0.007770
545	0.008000
546	0.007121
547	0.005559
548	0.005008
549	0.004300
550	0.005582
551	0.006549
552	0.005510
553	0.005836
554	0.007559
555	0.007446
556	0.006393
557	0.007730
558	0.008728
559	0.009726
560	0.010352
561	0.008896
562	0.009545
563	0.009985
564	0.008629
565	0.008870
566	0.007695
567	0.007249
568	0.007012
569	0.006090
570	0.006209
571	0.005467
572	0.006250
573	0.005890
574	0.006347
575	0.007702
576	0.008119
577	0.007843
578	0.008465
579	0.009641
580	0.009686
581	0.009760
582	0.010779
583	0.011670
584	0.012951
585	0.013337
586	0.013016
587	0.012714
588	0.011716
589	0.011344
590	0.011245
591	0.010336
592	0.009737
593	0.009380
594	0.009232
595	0.008347
596	0.007679
597	0.007619
598	0.007212
599	0.006349
600	0.005949
601	0.006126
602	0.005418
603	0.004835
604	0.004519
605	0.004930
606	0.005050
607	0.004917
608	0.005810
609	0.006609
610	0.007032
611	0.006420
612	0.006559
613	0.007224
614	0.007214
615	0.006811
616	0.007191
617	0.008043
618	0.007618
619	0.007506
620	0.008467
621	0.008967
622	0.008529
623	0.008789
624	0.009724
625	0.010793
626	0.011399
627	0.011896
628	0.011681
629	0.011760
630	0.012172
631	0.012067
632	0.012448
633	0.013219
634	0.014160
635	0.014658
636	0.014453
637	0.012791
638	0.012485
639	0.013151
640	0.012415
641	0.011075
642	0.012399
643	0.011823
644	0.010200
645	0.011015
646	0.011524
647	0.010239
648	0.009325
649	0.010528
650	0.009685
651	0.008421
652	0.007281
653	0.005856
654	0.006449
655	0.005531
656	0.004103
657	0.005085
658	0.005308
659	0.003910
660	0.003403
661	0.004514
662	0.003968
663	0.002522
664	0.003239
665	0.003843
666	0.002546
667	0.001795
668	0.003307
669	0.002846
670	0.001131
671	0.002454
672	0.003576
673	0.001810
674	0.001790
675	0.003269
676	0.002227
677	0.001281
678	0.003075
679	0.003465
680	0.002162
681	0.003020
682	0.004495
683	0.005193
684	0.004399
685	0.004531
686	0.004326
687	0.002576
688	0.002023
689	0.001067
690	0.001038
691	0.000488
692	0.001584
693	0.001607
694	0.003110
695	0.002798
696	0.004471
697	0.005241
698	0.004199
699	0.003937
700	0.002689
701	0.002482
702	0.001594
703	0.001571
704	0.000663
705	0.001256
706	0.000584
707	0.001731
708	0.003233
709	0.004985
710	0.006246
711	0.007865
712	0.008391
713	0.007131
714	0.007297
715	0.008777
716	0.008866
717	0.007620
718	0.007716
719	0.009305
720	0.009352
721	0.008582
722	0.009831
723	0.011324
724	0.010973
725	0.009939
726	0.011373
727	0.012964
728	0.012187
729	0.012413
730	0.014162
731	0.014943
732	0.014014
733	0.013432
734	0.015072
735	0.014030
736	0.012983
737	0.011705
738	0.011787
739	0.010115
740	0.010620
741	0.010976
742	0.009313
743	0.008975
744	0.008228
745	0.007733
746	0.007003
747	0.006509
748	0.007852
749	0.007892
750	0.006254
751	0.006321
752	0.007796
753	0.007250
754	0.006105
755	0.007564
756	0.007785
757	0.006273
758	0.006431
759	0.007888
760	0.007643
761	0.006718
762	0.006477
763	0.005678
764	0.005618
765	0.004987
766	0.004993
767	0.004208
768	0.003159
769	0.003759
770	0.005573
771	0.006778
772	0.006885
773	0.008461
774	0.007795
775	0.007075
776	0.007460
777	0.007627
778	0.007836
779	0.008390
780	0.009080
781	0.009563
782	0.009710
783	0.011369
784	0.012005
785	0.011190
786	0.010301
787	0.010010
788	0.009748
789	0.009661
790	0.008973
791	0.009305
792	0.008918
793	0.007256
794	0.006893
795	0.005235
796	0.003750
797	0.002642
798	0.003134
799	0.003362
800	0.003760
801	0.004296
802	0.004782
803	0.005717
804	0.005232
805	0.006468
806	0.006351
807	0.006182
808	0.005126
809	0.003605
810	0.003269
811	0.002814
812	0.001305
813	0.001380
814	0.002301
815	0.003613
816	0.003559
817	0.002604
818	0.003534
819	0.004897
820	0.004614
821	0.004016
822	0.005435
823	0.006261
824	0.005706
825	0.005017
826	0.006522
827	0.006823
828	0.005301
829	0.005000
830	0.003797
831	0.003685
832	0.002990
833	0.002632
834	0.002332
835	0.003162
836	0.005719
837	0.010232
838	0.016644
839	0.020330
840	0.026900
841	0.032973
842	0.033258
843	0.026778
844	0.021153
845	0.016323
846	0.010241
847	0.006531
848	0.004295
849	0.004817
850	0.004638
851	0.004818
852	0.005465
853	0.006672
854	0.005580
855	0.006361
856	0.006726
857	0.007814
858	0.007415
859	0.007314
860	0.008344
861	0.009318
862	0.009763
863	0.010448
864	0.009880
865	0.009575
866	0.010096
867	0.010519
868	0.009959
869	0.009077
870	0.009207
871	0.009534
872	0.008887
873	0.008210
874	0.008523
875	0.008596
876	0.007605
877	0.007503
878	0.008125
879	0.008242
880	0.009386
881	0.009698
882	0.010443
883	0.010132
884	0.009321
885	0.008833
886	0.008822
887	0.008565
888	0.008231
889	0.008150
890	0.007754
891	0.008122
892	0.008333
893	0.008205
894	0.008238
895	0.007524
896	0.007134
897	0.007370
898	0.007187
899	0.007366
900	0.007493
901	0.007702
902	0.007810
903	0.008166
904	0.008230
905	0.008699
906	0.008952
907	0.008862
908	0.008593
909	0.008753
910	0.008824
911	0.007969
912	0.007890
913	0.007849
914	0.007579
915	0.007102
916	0.006771
917	0.006808
918	0.007106
919	0.007085
920	0.006930
921	0.006952
922	0.006633
923	0.006441
924	0.006222
925	0.006034
926	0.006108
927	0.006186
928	0.005461
929	0.005642
930	0.005532
931	0.005824
932	0.006372
933	0.006464
934	0.006482
935	0.006748
936	0.006820
937	0.006890
938	0.007010
939	0.006880
940	0.006824
941	0.006512
942	0.007050
943	0.007262
944	0.007641
945	0.007607
946	0.007664
947	0.007506
948	0.007051
949	0.006989
950	0.006743
951	0.006708
952	0.006521
953	0.006472
954	0.006128
955	0.005668
956	0.005427
957	0.004784
958	0.005116
959	0.005026
960	0.005351
961	0.005425
962	0.005447
963	0.005846
964	0.006115
965	0.006089
966	0.006194
967	0.006678
968	0.006571
969	0.006694
970	0.006920
971	0.007127
972	0.007042
973	0.006985
974	0.006958
975	0.006995
976	0.007180
977	0.007002
978	0.006667
979	0.007264
980	0.007251
981	0.006664
982	0.006779
983	0.007465
984	0.006989
985	0.006395
986	0.006915
987	0.007201
988	0.006566
989	0.006327
990	0.006903
991	0.006854
992	0.006338
993	0.007190
994	0.007355
995	0.006614
996	0.006856
997	0.007528
998	0.007218
999	0.006414
1000	0.007004
1001	0.007436
1002	0.006618
1003	0.005986
1004	0.006035
1005	0.006087
1006	0.005580
1007	0.005185
1008	0.005761
1009	0.005422
1010	0.004907
1011	0.005190
1012	0.005539
1013	0.005311
1014	0.004834
1015	0.004929
1016	0.005017
1017	0.004606
1018	0.004182
1019	0.004854
1020	0.005108
1021	0.004560
1022	0.004321
1023	0.005165
1024	0.004949
1025	0.004361
1026	0.004350
1027	0.004680
1028	0.004191
1029	0.004665
1030	0.004207
1031	0.004800
1032	0.005861
1033	0.006229
1034	0.006146
1035	0.005749
1036	0.005093
1037	0.003932
1038	0.003325
1039	0.003398
1040	0.003161
1041	0.002645
1042	0.002599
1043	0.002541
1044	0.002098
1045	0.002037
1046	0.002463
1047	0.002414
1048	0.002628
1049	0.002609
1050	0.002572
1051	0.002636
1052	0.002339
1053	0.002598
1054	0.002773
1055	0.003321
1056	0.003822
1057	0.004398
1058	0.004772
1059	0.005490
1060	0.006134
1061	0.006010
1062	0.005823
1063	0.006474
1064	0.006189
1065	0.005439
1066	0.005693
1067	0.006205
1068	0.005617
1069	0.005323
1070	0.004817
1071	0.004952
1072	0.005398
1073	0.005080
1074	0.004580
1075	0.004985
1076	0.005509
1077	0.004943
1078	0.004714
1079	0.003922
1080	0.003875
1081	0.003969
1082	0.003950
1083	0.004624
1084	0.004694
1085	0.005320
1086	0.005476
1087	0.005866
1088	0.005836
1089	0.004771
1090	0.004659
1091	0.005210
1092	0.004563
1093	0.003910
1094	0.004260
1095	0.004343
1096	0.003795
1097	0.003197
1098	0.002741
1099	0.002785
1100	0.002467
1101	0.002080
1102	0.002106
1103	0.002374
1104	0.002875
1105	0.003111
1106	0.003648
1107	0.003891
1108	0.004210
1109	0.003830
1110	0.003540
1111	0.003010
1112	0.002964
1113	0.003357
1114	0.004237
1115	0.003818
1116	0.004538
1117	0.005232
1118	0.005940
1119	0.006074
1120	0.006578
1121	0.006126
1122	0.005625
1123	0.005928
1124	0.005910
1125	0.005412
1126	0.005281
1127	0.005372
1128	0.005284
1129	0.005000
1130	0.004985
1131	0.005023
1132	0.004873
1133	0.004643
1134	0.004627
1135	0.004692
1136	0.004508
1137	0.004382
1138	0.004444
1139	0.004460
1140	0.004329
1141	0.004312
1142	0.004421
1143	0.004386
1144	0.004262
1145	0.004230
1146	0.004326
1147	0.004314
1148	0.004234
1149	0.004282
1150	0.004424
1151	0.004525
1152	0.004745
1153	0.004729
1154	0.004842
1155	0.004826
1156	0.005272
1157	0.005731
1158	0.005944
1159	0.005611
1160	0.005324
1161	0.005037
1162	0.004855
1163	0.004557
1164	0.004329
1165	0.004146
1166	0.003799
1167	0.003502
1168	0.003596
1169	0.003946
1170	0.004268
1171	0.004244
1172	0.004665
1173	0.004604
1174	0.004593
1175	0.005010
1176	0.005180
1177	0.005095
1178	0.005222
1179	0.005675
1180	0.005765
1181	0.005713
1182	0.006130
1183	0.005788
1184	0.005759
1185	0.005414
1186	0.004878
1187	0.004909
1188	0.004625
1189	0.004325
1190	0.004370
1191	0.004310
1192	0.004499
1193	0.004616
1194	0.004879
1195	0.005191
1196	0.005281
1197	0.005717
1198	0.005729
1199	0.005984
1200	0.005551
1201	0.005288
1202	0.005443
1203	0.005356
1204	0.004764
1205	0.004833
1206	0.005037
1207	0.004750
1208	0.004712
1209	0.004613
1210	0.004773
1211	0.004820
1212	0.004919
1213	0.004680
1214	0.004620
1215	0.004686
1216	0.004620
1217	0.004642
1218	0.004591
1219	0.004656
1220	0.004977
1221	0.004795
1222	0.004697
1223	0.005136
1224	0.005091
1225	0.004761
1226	0.005182
1227	0.005561
1228	0.005026
1229	0.005042
1230	0.005328
1231	0.004417
1232	0.004230
1233	0.003828
1234	0.003571
1235	0.004238
1236	0.003510
1237	0.003152
1238	0.004264
1239	0.004438
1240	0.003746
1241	0.004308
1242	0.004946
1243	0.004921
1244	0.004749
1245	0.004990
1246	0.005581
1247	0.005605
1248	0.005573
1249	0.010204
1250	0.011354
1251	0.010343
1252	0.011126
1253	0.009897
1254	0.008480
1255	0.008847
1256	0.007512
1257	0.008533
1258	0.007405
1259	0.007698
1260	0.007850
1261	0.007664
1262	0.008267
1263	0.007512
1264	0.008052
1265	0.007204
1266	0.007445
1267	0.006675
1268	0.006305
1269	0.006708
1270	0.005965
1271	0.004488
1272	0.004643
1273	0.005371
1274	0.005962
1275	0.007677
1276	0.008844
1277	0.010767
1278	0.012412
1279	0.012554
1280	0.010727
1281	0.009744
1282	0.007858
1283	0.007563
1284	0.009457
1285	0.009898
1286	0.010253
1287	0.012168
1288	0.014396
1289	0.016758
1290	0.019337
1291	0.020837
1292	0.022836
1293	0.024967
1294	0.023600
1295	0.021452
1296	0.018853
1297	0.016817
1298	0.014431
1299	0.012588
1300	0.013000
1301	0.015515
1302	0.015150
1303	0.013910
1304	0.015870
1305	0.017859
1306	0.016230
1307	0.018000
1308	0.019971
1309	0.019519
1310	0.017160
1311	0.017880
1312	0.018318
1313	0.016078
1314	0.014211
1315	0.011519
1316	0.009597
1317	0.011200
1318	0.009553
1319	0.009278
1320	0.011247
1321	0.012093
1322	0.012994
1323	0.012632
1324	0.014276
1325	0.014397
1326	0.013324
1327	0.011330
1328	0.008985
1329	0.008679
1330	0.010992
1331	0.010746
1332	0.008946
1333	0.010205
1334	0.012375
1335	0.011255
1336	0.010843
1337	0.012118
1338	0.014444
1339	0.015628
1340	0.016696
1341	0.015438
1342	0.016856
1343	0.017262
1344	0.018784
1345	0.021039
1346	0.020028
1347	0.017878
1348	0.016496
1349	0.014892
1350	0.016328
1351	0.016776
1352	0.018823
1353	0.019602
1354	0.021808
1355	0.022175
1356	0.021961
1357	0.020488
1358	0.019015
1359	0.017384
1360	0.014748
1361	0.014712
1362	0.016235
1363	0.015176
1364	0.013254
1365	0.014324
1366	0.014751
1367	0.012516
1368	0.012665
1369	0.014186
1370	0.013231
1371	0.011302
1372	0.012481
1373	0.013229
1374	0.011466
1375	0.010668
1376	0.012353
1377	0.012278
1378	0.010426
1379	0.010849
1380	0.012624
1381	0.013437
1382	0.014381
1383	0.013342
1384	0.014525
1385	0.013243
1386	0.011641
1387	0.010080
1388	0.009236
1389	0.007598
1390	0.007558
1391	0.005477
1392	0.006328
1393	0.006080
1394	0.007550
1395	0.009323
1396	0.013498
1397	0.013761
1398	0.011569
1399	0.011960
1400	0.014191
1401	0.013876
1402	0.012428
1403	0.013806
1404	0.015426
1405	0.014417
1406	0.014003
1407	0.015915
1408	0.016557
1409	0.015448
1410	0.016041
1411	0.014351
1412	0.014758
1413	0.013306
1414	0.013101
1415	0.011825
1416	0.010615
1417	0.007275
1418	0.006315
1419	0.005402
1420	0.005277
1421	0.005678
1422	0.005692
1423	0.004630
1424	0.004987
1425	0.005508
1426	0.004633
1427	0.004045
1428	0.004924
1429	0.005468
1430	0.005691
1431	0.005688
1432	0.005838
1433	0.005901
1434	0.006040
1435	0.006278
1436	0.005930
1437	0.005784
1438	0.005127
1439	0.004899
1440	0.004339
1441	0.003629
1442	0.003803
1443	0.003524
1444	0.005014
1445	0.006330
1446	0.006704
1447	0.005617
1448	0.004289
1449	0.004798
1450	0.005065
1451	0.005688
1452	0.005926
1453	0.006220
1454	0.006393
1455	0.006368
1456	0.006156
1457	0.005675
1458	0.004861
1459	0.003752
1460	0.003811
1461	0.004879
1462	0.004687
1463	0.005393
1464	0.006405
1465	0.006474
1466	0.006587
1467	0.006551
1468	0.006875
1469	0.006698
1470	0.006928
1471	0.005498
1472	0.004958
1473	0.006064
1474	0.005274
1475	0.003872
1476	0.003814
1477	0.005572
1478	0.006290
1479	0.005010
1480	0.005706
1481	0.007684
1482	0.008243
1483	0.008444
1484	0.010029
1485	0.011535
1486	0.011884
1487	0.012954
1488	0.014565
1489	0.015626
1490	0.016244
1491	0.017632
1492	0.019261
1493	0.019778
1494	0.020881
1495	0.022405
1496	0.023452
1497	0.023525
1498	0.022322
1499	0.019502
1500	0.018126
1501	0.016051
1502	0.018396
1503	0.019170
1504	0.018042
1505	0.018708
1506	0.018171
1507	0.015660
1508	0.015710
1509	0.016609
1510	0.014874
1511	0.012668
1512	0.013259
1513	0.013806
1514	0.011775
1515	0.009658
1516	0.010364
1517	0.010641
1518	0.008221
1519	0.006615
1520	0.008253
1521	0.008364
1522	0.005753
1523	0.006149
1524	0.008868
1525	0.011007
1526	0.012389
1527	0.012980
1528	0.015403
1529	0.015540
1530	0.018140
1531	0.019349
1532	0.022357
1533	0.024014
1534	0.021368
1535	0.023150
1536	0.026327
1537	0.027744
1538	0.031549
1539	0.031485
1540	0.030906
1541	0.027689
1542	0.024894
1543	0.023470
1544	0.020612
1545	0.019684
1546	0.017713
1547	0.016464
1548	0.013688
1549	0.012491
1550	0.010103
1551	0.011924
1552	0.012473
1553	0.009856
1554	0.008952
1555	0.010204
1556	0.009119
1557	0.006998
1558	0.006642
1559	0.004533
1560	0.003378
1561	0.003273
1562	0.003606
1563	0.003256
1564	0.003207
1565	0.003986
1566	0.005359
1567	0.006119
1568	0.005905
1569	0.007120
1570	0.008349
1571	0.007445
1572	0.007301
1573	0.008559
1574	0.008791
1575	0.007435
1576	0.008088
1577	0.007884
1578	0.007250
1579	0.005950
1580	0.006387
1581	0.006985
1582	0.005784
1583	0.005124
1584	0.004424
1585	0.004034
1586	0.003401
1587	0.003000
1588	0.003582
1589	0.004138
1590	0.004361
1591	0.003939
1592	0.003033
1593	0.003905
1594	0.003968
1595	0.003946
1596	0.003823
1597	0.003264
1598	0.003434
1599	0.003921
1600	0.003749
1601	0.003562
1602	0.003802
1603	0.004345
1604	0.004347
1605	0.004242
1606	0.004660
1607	0.004201
1608	0.003614
1609	0.003259
1610	0.002887
1611	0.002549
1612	0.002417
1613	0.002812
1614	0.003285
1615	0.003624
1616	0.004774
1617	0.004791
1618	0.004168
1619	0.005009
1620	0.006074
1621	0.005354
1622	0.005774
1623	0.007297
1624	0.007194
1625	0.006821
1626	0.008342
1627	0.009383
1628	0.008794
1629	0.009016
1630	0.009766
1631	0.011200
1632	0.011148
1633	0.012311
1634	0.014229
1635	0.014520
1636	0.002687
1637	0.005280
1638	0.008342
1639	0.012298
1640	0.017570
1641	0.021181
1642	0.020666
1643	0.017583
1644	0.017343
1645	0.014542
1646	0.011983
1647	0.007969
1648	0.012853
1649	0.016248
1650	0.016791
1651	0.023782
1652	0.017213
1653	0.020943
1654	0.015932
1655	0.016330
1656	0.014214
1657	0.019678
1658	0.018484
1659	0.020313
1660	0.015173
1661	0.018395
1662	0.018482
1663	0.019958
1664	0.016677
1665	0.012538
1666	0.006025
1667	0.006481
1668	0.012019
1669	0.019556
1670	0.025142
1671	0.031496
1672	0.037503
1673	0.045328
1674	0.044863
1675	0.051781
1676	0.053304
1677	0.050629
1678	0.058218
1679	0.068318
1680	0.072020
1681	0.062736
1682	0.064953
1683	0.055672
1684	0.045665
1685	0.036292
1686	0.029407
1687	0.020879
1688	0.015413
1689	0.008323
1690	0.006597
1691	0.009733
1692	0.015346
1693	0.014690
1694	0.016567
1695	0.013715
1696	0.009154
1697	0.005651
1698	0.008817
1699	0.007431
1700	0.011108
1701	0.014322
1702	0.016574
1703	0.023039
1704	0.027869
1705	0.036527
1706	0.043897
1707	0.049505
1708	0.059142
1709	0.068118
1710	0.067000
1711	0.076527
1712	0.080016
1713	0.077769
1714	0.075245
1715	0.065929
1716	0.063492
1717	0.069042
1718	0.064492
1719	0.059146
1720	0.050278
1721	0.044372
1722	0.034699
1723	0.029591
1724	0.020135
1725	0.017130
1726	0.009014
1727	0.010395
1728	0.006111
1729	0.014471
1730	0.011188
1731	0.016518
1732	0.014471
1733	0.021708
1734	0.024479
1735	0.033314
1736	0.039255
1737	0.048667
1738	0.057292
1739	0.062088
1740	0.071327
1741	0.072376
1742	0.065001
1743	0.062033
1744	0.052449
1745	0.046687
1746	0.038648
1747	0.032690
1748	0.028498
1749	0.023327
1750	0.024155
1751	0.019835
1752	0.026568
1753	0.022729
1754	0.018370
1755	0.019676
1756	0.026118
1757	0.029720
1758	0.033860
1759	0.026066
1760	0.023017
1761	0.030793
1762	0.027952
1763	0.021091
1764	0.027047
1765	0.030623
1766	0.022979
1767	0.023034
1768	0.030836
1769	0.029129
1770	0.022468
1771	0.027738
1772	0.029452
1773	0.022218
1774	0.020901
1775	0.027507
1776	0.028294
1777	0.023441
1778	0.024449
1779	0.030123
1780	0.031908
1781	0.026157
1782	0.028143
1783	0.029379
1784	0.030367
1785	0.031095
1786	0.022335
1787	0.023385
1788	0.032141
1789	0.027725
1790	0.023621
1791	0.031774
1792	0.042653
1793	0.040758
1794	0.040010
1795	0.049575
1796	0.058639
1797	0.056046
1798	0.059421
1799	0.070838
1800	0.074854
1801	0.074637
1802	0.080570
1803	0.087950
1804	0.084985
1805	0.071799
1806	0.071646
1807	0.065571
1808	0.055114
1809	0.052404
1810	0.053929
1811	0.046342
1812	0.036312
1813	0.036369
1814	0.039933
1815	0.030686
1816	0.023094
1817	0.030281
1818	0.034339
1819	0.025947
1820	0.024988
1821	0.036007
1822	0.037147
1823	0.032864
1824	0.036566
1825	0.047053
1826	0.046561
1827	0.050357
1828	0.045260
1829	0.039245
1830	0.038415
1831	0.032553
1832	0.026889
1833	0.025548
1834	0.025055
1835	0.018072
1836	0.016000
1837	0.021688
1838	0.019732
1839	0.020501
1840	0.025589
1841	0.033784
1842	0.036996
1843	0.041504
1844	0.051947
1845	0.061154
1846	0.055732
1847	0.054465
1848	0.067958
1849	0.071765
1850	0.063939
1851	0.068596
1852	0.071480
1853	0.071468
