1	0.015114
2	0.020302
3	0.022952
4	0.019568
5	0.017504
6	0.020504
7	0.015960
8	0.022452
9	0.023011
10	0.032131
11	0.040543
12	0.049704
13	0.041230
14	0.048586
15	0.056844
16	0.050123
17	0.048955
18	0.060752
19	0.062548
20	0.052455
21	0.060551
22	0.070645
23	0.062435
24	0.058672
25	0.073983
26	0.075088
27	0.062036
28	0.050733
29	0.044978
30	0.044923
31	0.037268
32	0.034014
33	0.039344
34	0.036364
35	0.029659
36	0.033507
37	0.033620
38	0.028036
39	0.028398
40	0.032356
41	0.026619
42	0.024805
43	0.031115
44	0.028850
45	0.026368
46	0.029639
47	0.031368
48	0.025728
49	0.027575
50	0.033586
51	0.031855
52	0.031111
53	0.037883
54	0.044669
55	0.043365
56	0.035554
57	0.037697
58	0.038500
59	0.039335
60	0.039438
61	0.044087
62	0.044669
63	0.038405
64	0.039059
65	0.037315
66	0.037390
67	0.036578
68	0.032408
69	0.033288
70	0.027764
71	0.031786
72	0.027221
73	0.026055
74	0.032514
75	0.030036
76	0.032513
77	0.027690
78	0.031048
79	0.028862
80	0.030281
81	0.030506
82	0.028457
83	0.025282
84	0.019840
85	0.015186
86	0.013830
87	0.009317
88	0.009815
89	0.013229
90	0.008299
91	0.002870
92	0.007542
93	0.016121
94	0.016828
95	0.014254
96	0.016250
97	0.023366
98	0.025967
99	0.027537
100	0.028282
101	0.034730
102	0.042544
103	0.042921
104	0.043669
105	0.052554
106	0.058092
107	0.056703
108	0.061585
109	0.058016
110	0.057569
111	0.055022
112	0.046132
113	0.051146
114	0.054181
115	0.044519
116	0.048614
117	0.056941
118	0.053847
119	0.044545
120	0.040664
121	0.047859
122	0.045607
123	0.037457
124	0.035858
125	0.042885
126	0.033670
127	0.026421
128	0.032511
129	0.037882
130	0.031049
131	0.034688
132	0.041810
133	0.040022
134	0.037762
135	0.037219
136	0.032165
137	0.027071
138	0.019224
139	0.014807
140	0.010013
141	0.012926
142	0.016069
143	0.020037
144	0.026719
145	0.029344
146	0.024745
147	0.025928
148	0.021790
149	0.019478
150	0.016795
151	0.010886
152	0.004384
153	0.004523
154	0.009875
155	0.019493
156	0.027162
157	0.032444
158	0.032589
159	0.036822
160	0.029450
161	0.022244
162	0.019442
163	0.012233
164	0.011367
165	0.008958
166	0.008522
167	0.005761
168	0.007949
169	0.011844
170	0.019942
171	0.024505
172	0.025172
173	0.023829
174	0.020568
175	0.020408
176	0.023055
177	0.023271
178	0.031603
179	0.033739
180	0.040367
181	0.046054
182	0.050603
183	0.056447
184	0.052285
185	0.046703
186	0.050766
187	0.047218
188	0.040418
189	0.045230
190	0.044478
191	0.055750
192	0.053481
193	0.047731
194	0.050930
195	0.054688
196	0.045271
197	0.044293
198	0.049477
199	0.046420
200	0.041066
201	0.040173
202	0.041232
203	0.028469
204	0.033572
205	0.034423
206	0.039169
207	0.043372
208	0.043204
209	0.047256
210	0.044874
211	0.037815
212	0.043882
213	0.036820
214	0.033142
215	0.031649
216	0.020149
217	0.053792
218	0.067523
219	0.038232
220	0.022779
221	0.007835
222	0.022009
223	0.035205
224	0.044721
225	0.057710
226	0.054092
227	0.051739
228	0.047811
229	0.047127
230	0.042674
231	0.036755
232	0.020374
233	0.012765
234	0.003474
235	0.010777
236	0.005482
237	0.005885
238	0.006093
239	0.007721
240	0.004739
241	0.005185
242	0.006120
243	0.007626
244	0.011130
245	0.013041
246	0.009977
247	0.011397
248	0.018214
249	0.015750
250	0.012153
251	0.016564
252	0.019777
253	0.018448
254	0.014130
255	0.020860
256	0.019578
257	0.020826
258	0.015624
259	0.013114
260	0.007638
261	0.006544
262	0.002824
263	0.001733
264	0.004588
265	0.005517
266	0.006782
267	0.008065
268	0.005833
269	0.005831
270	0.007670
271	0.010064
272	0.009676
273	0.006303
274	0.006021
275	0.007326
276	0.005758
277	0.004119
278	0.004206
279	0.002990
280	0.004862
281	0.006741
282	0.009185
283	0.009779
284	0.010252
285	0.013008
286	0.019805
287	0.019520
288	0.016576
289	0.024576
290	0.027679
291	0.029495
292	0.024433
293	0.014950
294	0.011484
295	0.008783
296	0.007362
297	0.005994
298	0.005874
299	0.006853
300	0.007723
301	0.008266
302	0.008517
303	0.010011
304	0.009881
305	0.011928
306	0.008892
307	0.008302
308	0.006503
309	0.008326
310	0.010859
311	0.011254
312	0.010845
313	0.009995
314	0.009435
315	0.009592
316	0.009767
317	0.008501
318	0.008423
319	0.010627
320	0.008031
321	0.006612
322	0.003296
323	0.007847
324	0.004952
325	0.005640
326	0.007320
327	0.007331
328	0.008267
329	0.011100
330	0.014643
331	0.016648
332	0.012691
333	0.021696
334	0.018569
335	0.016520
336	0.016706
337	0.014958
338	0.015461
339	0.014167
340	0.012425
341	0.010624
342	0.011284
343	0.010054
344	0.011008
345	0.011105
346	0.009406
347	0.010762
348	0.009793
349	0.009440
350	0.009134
351	0.007886
352	0.008388
353	0.007716
354	0.006606
355	0.007180
356	0.006807
357	0.007184
358	0.006934
359	0.006710
360	0.007125
361	0.007047
362	0.007838
363	0.006182
364	0.007093
365	0.006559
366	0.005641
367	0.006601
368	0.008082
369	0.007579
370	0.007485
371	0.007985
372	0.007843
373	0.008327
374	0.009001
375	0.008107
376	0.009768
377	0.008321
378	0.008453
379	0.008573
380	0.008592
381	0.008217
382	0.007941
383	0.008768
384	0.008772
385	0.008071
386	0.008374
387	0.009118
388	0.008878
389	0.008372
390	0.008206
391	0.007922
392	0.006718
393	0.007792
394	0.007492
395	0.007343
396	0.007717
397	0.008393
398	0.007840
399	0.007623
400	0.009145
401	0.009372
402	0.010056
403	0.010364
404	0.009475
405	0.009577
406	0.008980
407	0.009691
408	0.010668
409	0.011441
410	0.011664
411	0.011728
412	0.010701
413	0.009022
414	0.008887
415	0.008225
416	0.008516
417	0.008433
418	0.008392
419	0.008445
420	0.008699
421	0.008799
422	0.008234
423	0.008333
424	0.008702
425	0.009402
426	0.009732
427	0.008836
428	0.008632
429	0.008668
430	0.008834
431	0.008698
432	0.008931
433	0.008366
434	0.008917
435	0.009104
436	0.009864
437	0.010699
438	0.010565
439	0.010595
440	0.009374
441	0.009250
442	0.009498
443	0.008507
444	0.007556
445	0.006291
446	0.006980
447	0.007864
448	0.007368
449	0.007149
450	0.007380
451	0.007900
452	0.008024
453	0.007159
454	0.008110
455	0.008313
456	0.008925
457	0.009036
458	0.009337
459	0.009565
460	0.009595
461	0.010391
462	0.010815
463	0.010695
464	0.009715
465	0.009833
466	0.010151
467	0.009997
468	0.009495
469	0.009680
470	0.009664
471	0.009132
472	0.008109
473	0.008763
474	0.008531
475	0.008579
476	0.008893
477	0.009858
478	0.009014
479	0.008699
480	0.008782
481	0.008980
482	0.008221
483	0.007341
484	0.006845
485	0.007658
486	0.008231
487	0.008570
488	0.007929
489	0.009896
490	0.010259
491	0.004904
492	0.010314
493	0.016234
494	0.022290
495	0.025321
496	0.026717
497	0.020081
498	0.020028
499	0.022663
500	0.017311
501	0.015359
502	0.019640
503	0.017947
504	0.014228
505	0.016215
506	0.019895
507	0.017785
508	0.014219
509	0.016758
510	0.018238
511	0.014918
512	0.012411
513	0.014697
514	0.015430
515	0.011102
516	0.011168
517	0.014115
518	0.014004
519	0.011727
520	0.012081
521	0.011423
522	0.009837
523	0.006221
524	0.005278
525	0.006859
526	0.007393
527	0.008098
528	0.007825
529	0.006960
530	0.007845
531	0.006559
532	0.006047
533	0.006426
534	0.005444
535	0.004848
536	0.004237
537	0.004331
538	0.004611
539	0.004867
540	0.006123
541	0.006667
542	0.007559
543	0.008440
544	0.009078
545	0.008491
546	0.008224
547	0.007380
548	0.006530
549	0.007499
550	0.008256
551	0.007304
552	0.006582
553	0.008285
554	0.009152
555	0.007500
556	0.007632
557	0.009984
558	0.009536
559	0.010533
560	0.009734
561	0.007850
562	0.008270
563	0.007016
564	0.006138
565	0.005580
566	0.005012
567	0.004164
568	0.003864
569	0.004777
570	0.005156
571	0.005485
572	0.006820
573	0.006074
574	0.004879
575	0.005414
576	0.006530
577	0.006480
578	0.007885
579	0.010110
580	0.011301
581	0.012984
582	0.014744
583	0.016895
584	0.021037
585	0.020646
586	0.018777
587	0.016800
588	0.015245
589	0.013168
590	0.011032
591	0.011087
592	0.007524
593	0.007822
594	0.007363
595	0.005526
596	0.004015
597	0.003469
598	0.003377
599	0.003139
600	0.003868
601	0.003420
602	0.004258
603	0.004390
604	0.005386
605	0.005151
606	0.006048
607	0.006540
608	0.007415
609	0.008093
610	0.009278
611	0.009192
612	0.010398
613	0.010292
614	0.008748
615	0.010473
616	0.013061
617	0.013501
618	0.014399
619	0.020918
620	0.023044
621	0.019005
622	0.026974
623	0.034452
624	0.032011
625	0.019059
626	0.021645
627	0.020952
628	0.015022
629	0.009043
630	0.004290
631	0.003763
632	0.006416
633	0.012132
634	0.016692
635	0.020376
636	0.022850
637	0.018311
638	0.016773
639	0.021008
640	0.020761
641	0.015235
642	0.018203
643	0.017528
644	0.012597
645	0.012353
646	0.013572
647	0.013038
648	0.009102
649	0.009971
650	0.008044
651	0.009120
652	0.006004
653	0.009596
654	0.012112
655	0.010332
656	0.013180
657	0.015268
658	0.015141
659	0.014342
660	0.016469
661	0.015722
662	0.017387
663	0.017237
664	0.018325
665	0.017531
666	0.018289
667	0.018853
668	0.018163
669	0.018269
670	0.018127
671	0.016279
672	0.016054
673	0.018329
674	0.017513
675	0.018575
676	0.018982
677	0.018778
678	0.017355
679	0.016895
680	0.017520
681	0.017293
682	0.017366
683	0.018972
684	0.019296
685	0.019640
686	0.020146
687	0.018706
688	0.020076
689	0.019147
690	0.018737
691	0.017123
692	0.016240
693	0.014884
694	0.014842
695	0.013473
696	0.015096
697	0.013076
698	0.009968
699	0.009865
700	0.011033
701	0.013045
702	0.014800
703	0.017012
704	0.017867
705	0.018638
706	0.018477
707	0.019262
708	0.018679
709	0.018660
710	0.019713
711	0.017623
712	0.016727
713	0.017062
714	0.013684
715	0.010112
716	0.012000
717	0.014333
718	0.010970
719	0.008743
720	0.014348
721	0.014597
722	0.010850
723	0.015875
724	0.020911
725	0.019921
726	0.020399
727	0.025144
728	0.028038
729	0.026770
730	0.029293
731	0.034351
732	0.033595
733	0.036422
734	0.039548
735	0.041373
736	0.034377
737	0.035175
738	0.031060
739	0.026908
740	0.023562
741	0.022512
742	0.023403
743	0.019650
744	0.023051
745	0.025437
746	0.020000
747	0.017916
748	0.015013
749	0.013377
750	0.012178
751	0.009640
752	0.007048
753	0.007588
754	0.005797
755	0.002601
756	0.002759
757	0.002916
758	0.002784
759	0.002540
760	0.003953
761	0.004626
762	0.008025
763	0.011027
764	0.014587
765	0.016980
766	0.019313
767	0.020596
768	0.021095
769	0.023649
770	0.023829
771	0.024370
772	0.022841
773	0.023345
774	0.021878
775	0.019590
776	0.016813
777	0.013617
778	0.009903
779	0.006294
780	0.002197
781	0.004080
782	0.003644
783	0.008452
784	0.006857
785	0.001494
786	0.003803
787	0.008815
788	0.012711
789	0.016550
790	0.018936
791	0.018588
792	0.020388
793	0.019734
794	0.021980
795	0.019517
796	0.019777
797	0.018665
798	0.017133
799	0.015205
800	0.011681
801	0.009744
802	0.006612
803	0.006224
804	0.004574
805	0.002302
806	0.003237
807	0.001361
808	0.004166
809	0.006445
810	0.008685
811	0.010254
812	0.012026
813	0.014043
814	0.017514
815	0.018437
816	0.015734
817	0.016045
818	0.018997
819	0.019389
820	0.016787
821	0.017773
822	0.020448
823	0.019884
824	0.017062
825	0.018362
826	0.019273
827	0.018840
828	0.018093
829	0.019174
830	0.019369
831	0.020318
832	0.019675
833	0.020585
834	0.019425
835	0.020035
836	0.019731
837	0.018667
838	0.013907
839	0.015920
840	0.014588
841	0.020180
842	0.023606
843	0.019991
844	0.021676
845	0.019928
846	0.022691
847	0.023741
848	0.022987
849	0.022967
850	0.022663
851	0.021880
852	0.021780
853	0.023540
854	0.021322
855	0.020982
856	0.020420
857	0.021637
858	0.017683
859	0.021520
860	0.024629
861	0.027547
862	0.027335
863	0.031616
864	0.029926
865	0.026544
866	0.027408
867	0.026811
868	0.024032
869	0.022025
870	0.020882
871	0.020294
872	0.019232
873	0.018492
874	0.015904
875	0.016333
876	0.015209
877	0.013576
878	0.013988
879	0.016164
880	0.016990
881	0.018547
882	0.019413
883	0.020190
884	0.018477
885	0.016535
886	0.016244
887	0.015885
888	0.014338
889	0.017323
890	0.016975
891	0.021072
892	0.026162
893	0.031974
894	0.036499
895	0.028792
896	0.021886
897	0.024791
898	0.019806
899	0.016926
900	0.013746
901	0.012886
902	0.010947
903	0.013045
904	0.014734
905	0.016141
906	0.018742
907	0.018471
908	0.018634
909	0.015280
910	0.016631
911	0.016742
912	0.019373
913	0.026415
914	0.025501
915	0.027573
916	0.023081
917	0.014531
918	0.011778
919	0.010356
920	0.007556
921	0.006969
922	0.005948
923	0.010556
924	0.014577
925	0.017822
926	0.021446
927	0.019677
928	0.017035
929	0.015972
930	0.016774
931	0.011893
932	0.007326
933	0.008176
934	0.007717
935	0.008997
936	0.008629
937	0.009122
938	0.009711
939	0.011777
940	0.013033
941	0.013683
942	0.012907
943	0.012932
944	0.013489
945	0.011727
946	0.009426
947	0.007504
948	0.008901
949	0.012079
950	0.015881
951	0.017901
952	0.022289
953	0.021850
954	0.018013
955	0.020597
956	0.021469
957	0.022749
958	0.020617
959	0.017675
960	0.013206
961	0.013283
962	0.013123
963	0.011181
964	0.009130
965	0.009678
966	0.010546
967	0.012189
968	0.014032
969	0.011563
970	0.011418
971	0.014435
972	0.012090
973	0.010732
974	0.012070
975	0.011258
976	0.010110
977	0.010014
978	0.009360
979	0.010378
980	0.011042
981	0.008491
982	0.008880
983	0.011064
984	0.009378
985	0.007811
986	0.009198
987	0.010224
988	0.009956
989	0.009474
990	0.010040
991	0.010501
992	0.010644
993	0.012083
994	0.011597
995	0.009819
996	0.010012
997	0.014039
998	0.012391
999	0.010950
1000	0.012492
1001	0.014138
1002	0.009881
1003	0.011962
1004	0.012809
1005	0.012089
1006	0.012007
1007	0.011572
1008	0.012521
1009	0.013218
1010	0.013266
1011	0.013718
1012	0.014531
1013	0.015065
1014	0.015220
1015	0.016485
1016	0.014991
1017	0.014127
1018	0.014313
1019	0.013551
1020	0.013630
1021	0.012408
1022	0.013515
1023	0.012222
1024	0.011182
1025	0.007151
1026	0.008197
1027	0.008035
1028	0.008591
1029	0.011639
1030	0.011193
1031	0.008711
1032	0.009432
1033	0.007537
1034	0.008413
1035	0.007854
1036	0.005483
1037	0.004924
1038	0.009313
1039	0.009575
1040	0.009579
1041	0.013936
1042	0.013807
1043	0.011726
1044	0.013754
1045	0.016710
1046	0.015701
1047	0.014653
1048	0.015680
1049	0.017267
1050	0.016505
1051	0.013961
1052	0.014466
1053	0.013500
1054	0.010695
1055	0.012493
1056	0.012687
1057	0.011419
1058	0.009755
1059	0.010094
1060	0.010774
1061	0.010653
1062	0.011138
1063	0.011199
1064	0.010802
1065	0.011356
1066	0.011932
1067	0.011541
1068	0.011698
1069	0.012998
1070	0.014257
1071	0.014570
1072	0.016387
1073	0.017775
1074	0.016204
1075	0.016153
1076	0.018057
1077	0.017243
1078	0.018178
1079	0.015928
1080	0.014778
1081	0.012645
1082	0.010192
1083	0.009566
1084	0.010184
1085	0.010192
1086	0.008764
1087	0.009019
1088	0.009823
1089	0.008508
1090	0.008083
1091	0.010348
1092	0.010896
1093	0.009461
1094	0.010185
1095	0.013132
1096	0.012250
1097	0.011362
1098	0.012842
1099	0.012914
1100	0.013697
1101	0.017058
1102	0.013604
1103	0.010900
1104	0.009470
1105	0.015420
1106	0.013875
1107	0.011662
1108	0.012325
1109	0.016307
1110	0.017777
1111	0.018426
1112	0.014707
1113	0.020751
1114	0.026023
1115	0.023729
1116	0.036672
1117	0.040940
1118	0.049462
1119	0.056486
1120	0.054406
1121	0.048684
1122	0.053360
1123	0.057468
1124	0.052333
1125	0.050899
1126	0.055796
1127	0.055795
1128	0.050098
1129	0.048628
1130	0.055139
1131	0.052765
1132	0.042350
1133	0.045260
1134	0.046879
1135	0.041024
1136	0.034310
1137	0.036402
1138	0.037430
1139	0.028714
1140	0.026809
1141	0.031013
1142	0.030305
1143	0.022609
1144	0.022474
1145	0.015855
1146	0.010461
1147	0.011571
1148	0.015289
1149	0.021129
1150	0.023976
1151	0.028209
1152	0.028713
1153	0.024832
1154	0.025258
1155	0.019937
1156	0.018772
1157	0.017221
1158	0.014487
1159	0.013414
1160	0.015321
1161	0.014495
1162	0.013641
1163	0.012919
1164	0.014395
1165	0.015439
1166	0.018757
1167	0.021695
1168	0.022994
1169	0.020284
1170	0.018304
1171	0.015877
1172	0.013214
1173	0.013249
1174	0.017574
1175	0.017044
1176	0.016658
1177	0.017805
1178	0.024805
1179	0.025272
1180	0.023963
1181	0.030456
1182	0.035938
1183	0.036856
1184	0.035287
1185	0.026043
1186	0.023239
1187	0.019486
1188	0.015035
1189	0.012298
1190	0.011133
1191	0.014891
1192	0.014775
1193	0.019365
1194	0.020275
1195	0.020979
1196	0.026120
1197	0.024449
1198	0.020470
1199	0.021571
1200	0.020110
1201	0.022962
1202	0.026954
1203	0.027030
1204	0.027845
1205	0.033511
1206	0.035872
1207	0.035255
1208	0.039110
1209	0.033267
1210	0.030883
1211	0.026745
1212	0.027118
1213	0.026255
1214	0.023213
1215	0.017874
1216	0.016287
1217	0.018601
1218	0.014112
1219	0.009440
1220	0.012747
1221	0.012396
1222	0.009447
1223	0.009026
1224	0.011228
1225	0.010475
1226	0.009333
1227	0.010276
1228	0.011300
1229	0.011531
1230	0.009231
1231	0.008764
1232	0.007587
1233	0.010080
1234	0.009521
1235	0.006828
1236	0.007525
1237	0.008872
1238	0.007090
1239	0.006039
1240	0.009033
1241	0.011167
1242	0.005826
1243	0.010144
1244	0.014537
1245	0.009642
1246	0.012797
1247	0.019553
1248	0.019434
1249	0.016390
1250	0.017170
1251	0.016918
1252	0.016584
1253	0.014534
1254	0.011646
1255	0.009950
1256	0.007217
1257	0.006814
1258	0.004661
1259	0.003130
1260	0.002448
1261	0.002874
1262	0.005469
1263	0.007348
1264	0.009988
1265	0.011769
1266	0.014257
1267	0.015478
1268	0.017889
1269	0.019413
1270	0.017586
1271	0.016854
1272	0.014281
1273	0.014209
1274	0.011766
1275	0.012921
1276	0.012431
1277	0.011818
1278	0.013163
1279	0.011036
1280	0.012628
1281	0.009921
1282	0.009151
1283	0.006588
1284	0.006123
1285	0.003323
1286	0.003246
1287	0.001836
1288	0.003593
1289	0.008101
1290	0.011801
1291	0.017323
1292	0.019970
1293	0.025461
1294	0.021644
1295	0.019486
1296	0.012526
1297	0.010129
1298	0.007150
1299	0.005843
1300	0.007164
1301	0.012109
1302	0.008701
1303	0.009037
1304	0.014996
1305	0.018783
1306	0.015567
1307	0.024137
1308	0.024284
1309	0.018087
1310	0.014898
1311	0.011191
1312	0.008285
1313	0.007053
1314	0.002758
1315	0.002655
1316	0.004971
1317	0.006554
1318	0.007478
1319	0.010651
1320	0.011742
1321	0.011820
1322	0.015140
1323	0.017887
1324	0.021133
1325	0.020637
1326	0.025126
1327	0.024881
1328	0.026381
1329	0.020002
1330	0.018628
1331	0.022651
1332	0.022145
1333	0.017003
1334	0.017922
1335	0.021288
1336	0.019675
1337	0.015745
1338	0.014974
1339	0.009219
1340	0.009372
1341	0.011226
1342	0.013310
1343	0.017763
1344	0.018113
1345	0.023434
1346	0.025943
1347	0.023814
1348	0.019940
1349	0.015844
1350	0.012648
1351	0.008489
1352	0.006390
1353	0.004090
1354	0.007819
1355	0.003879
1356	0.008400
1357	0.010408
1358	0.011418
1359	0.013305
1360	0.011016
1361	0.012215
1362	0.012285
1363	0.008917
1364	0.008962
1365	0.011193
1366	0.010262
1367	0.008892
1368	0.011211
1369	0.012615
1370	0.011699
1371	0.010955
1372	0.013983
1373	0.014382
1374	0.013356
1375	0.014559
1376	0.017446
1377	0.017235
1378	0.017964
1379	0.020084
1380	0.021245
1381	0.022115
1382	0.020834
1383	0.019228
1384	0.019582
1385	0.017584
1386	0.014789
1387	0.012587
1388	0.010318
1389	0.007515
1390	0.006152
1391	0.004130
1392	0.004408
1393	0.006843
1394	0.010046
1395	0.015638
1396	0.018410
1397	0.018188
1398	0.014150
1399	0.013592
1400	0.016444
1401	0.014512
1402	0.012234
1403	0.014740
1404	0.015775
1405	0.013415
1406	0.014654
1407	0.017327
1408	0.016152
1409	0.015081
1410	0.018160
1411	0.017116
1412	0.018066
1413	0.015853
1414	0.016199
1415	0.013838
1416	0.012658
1417	0.008818
1418	0.006794
1419	0.005691
1420	0.006376
1421	0.006812
1422	0.007035
1423	0.006756
1424	0.008540
1425	0.008814
1426	0.008885
1427	0.010175
1428	0.012321
1429	0.012418
1430	0.013423
1431	0.017578
1432	0.021669
1433	0.017408
1434	0.014603
1435	0.012471
1436	0.012635
1437	0.012274
1438	0.011310
1439	0.011289
1440	0.009686
1441	0.010284
1442	0.009201
1443	0.009422
1444	0.008139
1445	0.008803
1446	0.009849
1447	0.010011
1448	0.010276
1449	0.009949
1450	0.010553
1451	0.009466
1452	0.010102
1453	0.008939
1454	0.009550
1455	0.009884
1456	0.010266
1457	0.012610
1458	0.010872
1459	0.010405
1460	0.013600
1461	0.014928
1462	0.011705
1463	0.009115
1464	0.007299
1465	0.006939
1466	0.006831
1467	0.008339
1468	0.008812
1469	0.009156
1470	0.010542
1471	0.010999
1472	0.012098
1473	0.013366
1474	0.014007
1475	0.014091
1476	0.015111
1477	0.016273
1478	0.015395
1479	0.017606
1480	0.019106
1481	0.019662
1482	0.018232
1483	0.020739
1484	0.020634
1485	0.019360
1486	0.022416
1487	0.023822
1488	0.021634
1489	0.024483
1490	0.030186
1491	0.028867
1492	0.025324
1493	0.033345
1494	0.038494
1495	0.032908
1496	0.030117
1497	0.039088
1498	0.037635
1499	0.036778
1500	0.033249
1501	0.037554
1502	0.045038
1503	0.040764
1504	0.043096
1505	0.038971
1506	0.033061
1507	0.032303
1508	0.035417
1509	0.033260
1510	0.026290
1511	0.027467
1512	0.032370
1513	0.029286
1514	0.025102
1515	0.027001
1516	0.030090
1517	0.031126
1518	0.029188
1519	0.026635
1520	0.032558
1521	0.036224
1522	0.029570
1523	0.031983
1524	0.043983
1525	0.047336
1526	0.045024
1527	0.041273
1528	0.039236
1529	0.032255
1530	0.034234
1531	0.032584
1532	0.035867
1533	0.038063
1534	0.032958
1535	0.036985
1536	0.043381
1537	0.048615
1538	0.062761
1539	0.048060
1540	0.044813
1541	0.036288
1542	0.025955
1543	0.025831
1544	0.024183
1545	0.030652
1546	0.031635
1547	0.040946
1548	0.038512
1549	0.042000
1550	0.041263
1551	0.044719
1552	0.039236
1553	0.035267
1554	0.039628
1555	0.038155
1556	0.030378
1557	0.031823
1558	0.034661
1559	0.024924
1560	0.017199
1561	0.013452
1562	0.013893
1563	0.014982
1564	0.012714
1565	0.013213
1566	0.013929
1567	0.012229
1568	0.012401
1569	0.012879
1570	0.011484
1571	0.010375
1572	0.011320
1573	0.011296
1574	0.008511
1575	0.008917
1576	0.008212
1577	0.013549
1578	0.018770
1579	0.019904
1580	0.020355
1581	0.018301
1582	0.015673
1583	0.014587
1584	0.012988
1585	0.012979
1586	0.010772
1587	0.009907
1588	0.007869
1589	0.008538
1590	0.010933
1591	0.012339
1592	0.012087
1593	0.015738
1594	0.019201
1595	0.021696
1596	0.022181
1597	0.018445
1598	0.017560
1599	0.020276
1600	0.020345
1601	0.018880
1602	0.018184
1603	0.021526
1604	0.021372
1605	0.019075
1606	0.019449
1607	0.016474
1608	0.014580
1609	0.012475
1610	0.011249
1611	0.010310
1612	0.011368
1613	0.009770
1614	0.008609
1615	0.005909
1616	0.005723
1617	0.007286
1618	0.007385
1619	0.006324
1620	0.007994
1621	0.009338
1622	0.008356
1623	0.009788
1624	0.011900
1625	0.011822
1626	0.011967
1627	0.013846
1628	0.015157
1629	0.015513
1630	0.013509
1631	0.014953
1632	0.016156
1633	0.015887
1634	0.011986
1635	0.013954
1636	0.016770
1637	0.015585
1638	0.017261
1639	0.018544
1640	0.025320
1641	0.034644
1642	0.043711
1643	0.044084
1644	0.043375
1645	0.031878
1646	0.028172
1647	0.027346
1648	0.024058
1649	0.023368
1650	0.022331
1651	0.021977
1652	0.017227
1653	0.015955
1654	0.021702
1655	0.018783
1656	0.021427
1657	0.020182
1658	0.022343
1659	0.023001
1660	0.026555
1661	0.027342
1662	0.030879
1663	0.037484
1664	0.031321
1665	0.028894
1666	0.023564
1667	0.020092
1668	0.018853
1669	0.022249
1670	0.024355
1671	0.026184
1672	0.028455
1673	0.032111
1674	0.030601
1675	0.037830
1676	0.038875
1677	0.039335
1678	0.042993
1679	0.046375
1680	0.046479
1681	0.042868
1682	0.041968
1683	0.038792
1684	0.036743
1685	0.034185
1686	0.030698
1687	0.026887
1688	0.026115
1689	0.027132
1690	0.028781
1691	0.028844
1692	0.027300
1693	0.025442
1694	0.021566
1695	0.022358
1696	0.024286
1697	0.025963
1698	0.027317
1699	0.029002
1700	0.029551
1701	0.028032
1702	0.026875
1703	0.025094
1704	0.027650
1705	0.030214
1706	0.032120
1707	0.035080
1708	0.037637
1709	0.042019
1710	0.043050
1711	0.047061
1712	0.049128
1713	0.048827
1714	0.048561
1715	0.044808
1716	0.043899
1717	0.045267
1718	0.043334
1719	0.040424
1720	0.036458
1721	0.033533
1722	0.028514
1723	0.025016
1724	0.022250
1725	0.021292
1726	0.023163
1727	0.021989
1728	0.021850
1729	0.026951
1730	0.027180
1731	0.026277
1732	0.023763
1733	0.023926
1734	0.022382
1735	0.026384
1736	0.031151
1737	0.036005
1738	0.040138
1739	0.042516
1740	0.046314
1741	0.046310
1742	0.044141
1743	0.041165
1744	0.037314
1745	0.033706
1746	0.031387
1747	0.026792
1748	0.026766
1749	0.023635
1750	0.024560
1751	0.023827
1752	0.022544
1753	0.023403
1754	0.027492
1755	0.035322
1756	0.042949
1757	0.049920
1758	0.055789
1759	0.047640
1760	0.041082
1761	0.053616
1762	0.054598
1763	0.042062
1764	0.047949
1765	0.058887
1766	0.051552
1767	0.042647
1768	0.054168
1769	0.061044
1770	0.047714
1771	0.041840
1772	0.040172
1773	0.034606
1774	0.025007
1775	0.020719
1776	0.013913
1777	0.014637
1778	0.007748
1779	0.004454
1780	0.016886
1781	0.010798
1782	0.007981
1783	0.018193
1784	0.020423
1785	0.015675
1786	0.019616
1787	0.022973
1788	0.024941
1789	0.027629
1790	0.025711
1791	0.024261
1792	0.031544
1793	0.033033
1794	0.027873
1795	0.024319
1796	0.027555
1797	0.026481
1798	0.014170
1799	0.012130
1800	0.018676
1801	0.020553
1802	0.014536
1803	0.030129
1804	0.035827
1805	0.030558
1806	0.037040
1807	0.032687
1808	0.033003
1809	0.028111
1810	0.019091
1811	0.018741
1812	0.017434
1813	0.016776
1814	0.009760
1815	0.008360
1816	0.013903
1817	0.015538
1818	0.014081
1819	0.016395
1820	0.020819
1821	0.019815
1822	0.020280
1823	0.025480
1824	0.023716
1825	0.025597
1826	0.030077
1827	0.033044
1828	0.035550
1829	0.033219
1830	0.037500
1831	0.033566
1832	0.029417
1833	0.032219
1834	0.032726
1835	0.026364
1836	0.028916
1837	0.031066
1838	0.023199
1839	0.024017
1840	0.032372
1841	0.030263
1842	0.028093
1843	0.034862
1844	0.045489
1845	0.045276
1846	0.035663
1847	0.047342
1848	0.057157
1849	0.045641
1850	0.045550
1851	0.063549
1852	0.051592
1853	0.064944
