  1     0.020662 
  2     0.019823 
  3     0.021506 
  4     0.019385 
  5     0.019065 
  6     0.019158 
  7     0.018093 
  8     0.017026 
  9     0.013212 
 10     0.014282 
 11     0.012063 
 12     0.012815 
 13     0.016716 
 14     0.015858 
 15     0.015274 
 16     0.016739 
 17     0.021565 
 18     0.028021 
 19     0.034991 
 20     0.073347 
 21     0.082100 
 22     0.063917 
 23     0.040660 
 24     0.029672 
 25     0.052015 
 26     0.030846 
 27     0.009988 
 28     0.020692 
 29     0.036231 
 30     0.149092 
 31     0.052340 
 32     0.042846 
 33     0.023890 
 34     0.012240 
 35     0.018451 
 36     0.016379 
 37     0.017973 
 38     0.016603 
 39     0.017678 
 40     0.016430 
 41     0.013892 
 42     0.018406 
 43     0.021863 
 44     0.025169 
 45     0.083622 
 46     0.058334 
 47     0.094396 
 48     0.032712 
 49     0.009311 
 50     0.010558 
 51     0.012929 
 52     0.026002 
 53     0.008094 
 54     0.010498 
 55     0.016399 
 56     0.011493 
 57     0.016402 
 58     0.018293 
 59     0.023357 
 60     0.019846 
 61     0.013073 
 62     0.009617 
 63     0.016121 
 64     0.008991 
 65     0.010797 
 66     0.012079 
 67     0.028067 
 68     0.005714 
 69     0.009669 
 70     0.012793 
 71     0.029096 
 72     0.019478 
 73     0.007157 
 74     0.015282 
 75     0.018648 
 76     0.014849 
 77     0.037088 
 78     0.048158 
 79     0.056597 
 80     0.131946 
 81     0.062197 
 82     0.045686 
 83     0.087590 
 84     0.046587 
 85     0.020725 
 86     0.065721 
 87     0.123240 
 88     0.150456 
 89     0.036421 
 90     0.030214 
 91     0.010908 
 92     0.028356 
 93     0.045899 
 94     0.019890 
 95     0.024638 
 96     0.013840 
 97     0.392501 
 98     0.349195 
 99     0.162872 
100     0.051199 
101     0.026571 
102     0.028201 
103     0.025211 
104     0.041544 
105     0.037993 
106     0.043599 
107     0.058545 
108     0.048052 
109     0.021700 
110     0.031162 
111     0.028187 
112     0.007560 
113     0.005030 
114     0.006668 
115     0.004201 
116     0.005776 
117     0.010572 
118     0.015477 
119     0.012545 
120     0.009973 
121     0.012444 
122     0.016899 
123     0.015878 
124     0.010065 
125     0.021962 
126     0.015795 
127     0.006443 
128     0.022272 
129     0.055876 
130     0.102338 
131     0.094149 
132     0.054800 
133     0.104370 
134     0.080555 
135     0.029498 
136     0.019578 
137     0.014358 
138     0.015953 
139     0.015424 
140     0.014829 
141     0.018404 
142     0.020858 
143     0.025263 
144     0.026801 
145     0.053705 
146     0.027724 
147     0.032450 
148     0.027098 
149     0.027776 
150     0.022962 
151     0.018681 
152     0.013775 
153     0.014693 
154     0.008056 
155     0.006496 
156     0.006881 
157     0.005730 
158     0.007711 
159     0.007804 
160     0.010709 
161     0.009116 
162     0.012843 
163     0.011775 
164     0.012151 
165     0.010718 
166     0.013035 
167     0.010937 
168     0.011948 
169     0.016909 
170     0.023414 
171     0.023480 
172     0.022773 
173     0.022003 
174     0.020683 
175     0.023572 
176     0.025944 
177     0.023137 
178     0.025542 
179     0.024803 
180     0.030392 
181     0.027907 
182     0.040719 
183     0.065739 
184     0.139567 
185     0.026428 
186     0.043171 
187     0.053597 
188     0.034074 
189     0.013457 
190     0.014004 
191     0.015250 
192     0.004191 
193     0.003541 
194     0.010553 
195     0.013273 
196     0.016762 
197     0.015162 
198     0.010133 
199     0.009627 
200     0.009007 
201     0.009772 
202     0.008776 
203     0.009588 
204     0.015585 
205     0.013500 
206     0.020911 
207     0.036639 
208     0.055256 
209     0.044965 
210     0.057978 
211     0.100585 
212     0.095001 
213     0.055643 
214     0.072248 
215     0.048293 
216     0.036560 
217     0.029387 
218     0.015988 
219     0.011710 
220     0.010358 
221     0.013969 
222     0.010727 
223     0.008360 
224     0.008038 
225     0.010934 
226     0.015619 
227     0.010874 
228     0.016132 
229     0.012071 
230     0.019237 
231     0.024725 
232     0.019936 
233     0.010395 
234     0.023256 
235     0.015954 
236     0.019864 
237     0.021111 
238     0.038573 
239     0.042334 
240     0.019374 
241     0.031864 
242     0.023793 
243     0.033928 
244     0.036909 
245     0.018279 
246     0.047244 
247     0.068464 
248     0.021747 
249     0.036427 
250     0.021583 
251     0.028740 
252     0.033914 
253     0.039043 
254     0.033405 
255     0.014088 
256     0.023424 
257     0.015414 
258     0.020457 
259     0.019534 
260     0.014336 
261     0.012757 
262     0.017227 
263     0.016155 
264     0.011406 
265     0.010824 
266     0.007887 
267     0.002736 
268     0.010148 
269     0.011472 
270     0.011818 
271     0.019310 
272     0.021322 
273     0.022246 
274     0.025915 
275     0.024892 
276     0.027973 
277     0.023179 
278     0.019063 
279     0.016171 
280     0.012128 
281     0.019311 
282     0.019420 
283     0.026846 
284     0.030290 
285     0.036998 
286     0.051709 
287     0.046654 
288     0.037759 
289     0.031776 
290     0.032303 
291     0.020564 
292     0.026523 
293     0.026665 
294     0.027373 
295     0.034020 
296     0.048124 
297     0.023813 
298     0.016425 
299     0.026625 
300     0.016953 
301     0.020976 
302     0.018385 
303     0.012547 
304     0.016211 
305     0.023101 
306     0.027163 
307     0.018922 
308     0.020376 
309     0.016390 
310     0.024758 
311     0.024536 
312     0.021603 
313     0.025590 
314     0.026522 
315     0.018293 
316     0.020343 
317     0.028192 
318     0.020318 
319     0.018544 
320     0.026527 
321     0.038020 
322     0.031552 
323     0.025482 
324     0.027899 
325     0.031545 
326     0.028721 
327     0.017313 
328     0.017623 
329     0.010808 
330     0.014407 
331     0.010603 
332     0.009847 
333     0.011049 
334     0.005952 
335     0.009366 
336     0.009053 
337     0.010105 
338     0.008389 
339     0.011017 
340     0.013094 
341     0.017777 
342     0.015156 
343     0.015905 
344     0.013189 
345     0.014120 
346     0.021272 
347     0.019937 
348     0.022888 
349     0.025146 
350     0.016412 
351     0.009767 
352     0.017520 
353     0.019793 
354     0.017421 
355     0.026711 
356     0.027811 
357     0.023093 
358     0.025521 
359     0.020188 
360     0.015331 
361     0.012078 
362     0.012433 
363     0.011060 
364     0.017868 
365     0.014605 
366     0.010071 
367     0.010882 
368     0.015471 
369     0.016070 
370     0.017216 
371     0.021288 
372     0.020465 
373     0.022596 
374     0.019917 
375     0.017274 
376     0.020349 
377     0.018656 
378     0.012081 
379     0.015796 
380     0.027454 
381     0.036533 
382     0.022071 
383     0.023436 
384     0.034284 
385     0.044066 
386     0.043164 
387     0.046764 
388     0.073114 
389     0.022672 
390     0.024786 
391     0.017451 
392     0.011099 
393     0.014447 
394     0.031040 
395     0.022945 
396     0.018029 
397     0.024290 
398     0.037276 
399     0.028486 
400     0.027393 
401     0.019533 
402     0.020834 
403     0.040138 
404     0.067945 
405     0.023920 
406     0.025175 
407     0.018008 
408     0.015617 
409     0.038704 
410     0.037050 
411     0.042461 
412     0.043314 
413     0.041252 
414     0.030441 
415     0.007912 
416     0.011874 
417     0.030183 
418     0.026396 
419     0.026894 
420     0.022535 
421     0.038735 
422     0.041535 
423     0.043257 
424     0.039322 
425     0.052083 
426     0.028781 
427     0.075334 
428     0.051998 
429     0.057764 
430     0.051530 
431     0.026343 
432     0.032915 
433     0.026191 
434     0.035788 
435     0.064940 
436     0.092469 
437     0.015190 
438     0.016992 
439     0.018850 
440     0.015674 
441     0.015512 
442     0.013586 
443     0.013614 
444     0.026918 
445     0.055199 
446     0.044431 
447     0.039201 
448     0.026930 
449     0.055590 
450     0.057035 
451     0.021680 
452     0.018051 
453     0.021081 
454     0.016258 
455     0.017366 
456     0.028471 
457     0.025492 
458     0.016006 
459     0.018064 
460     0.023292 
461     0.017299 
462     0.010564 
463     0.018895 
464     0.069996 
465     0.055819 
466     0.059484 
467     0.056499 
468     0.075233 
469     0.071181 
470     0.018848 
471     0.027164 
472     0.039287 
473     0.052822 
474     0.028198 
475     0.036222 
476     0.042909 
477     0.043838 
478     0.028829 
479     0.039393 
480     0.049663 
481     0.069914 
482     0.029094 
483     0.038748 
484     0.051194 
485     0.053470 
486     0.040323 
487     0.037198 
488     0.021291 
489     0.006930 
490     0.019060 
491     0.038964 
492     0.039077 
493     0.043512 
494     0.042411 
495     0.028886 
496     0.022402 
497     0.027257 
498     0.035094 
499     0.035156 
500     0.033364 
501     0.018819 
502     0.018236 
503     0.020499 
504     0.019371 
505     0.007784 
506     0.020898 
507     0.034732 
508     0.025730 
509     0.051323 
510     0.033056 
511     0.010422 
512     0.027297 
513     0.027789 
514     0.024094 
515     0.019082 
516     0.020486 
517     0.036630 
518     0.037557 
519     0.017109 
520     0.033448 
521     0.042465 
522     0.021978 
523     0.015687 
524     0.029486 
525     0.044585 
526     0.026340 
527     0.026713 
528     0.026387 
529     0.018502 
530     0.023814 
531     0.038092 
532     0.036761 
533     0.032305 
534     0.027683 
535     0.025439 
536     0.018240 
537     0.021065 
538     0.019235 
539     0.008420 
540     0.012503 
541     0.022584 
542     0.025516 
543     0.022590 
544     0.037398 
545     0.025075 
546     0.017886 
547     0.017205 
548     0.009717 
549     0.012650 
550     0.009414 
551     0.039900 
552     0.032092 
553     0.025260 
554     0.033463 
555     0.066542 
556     0.050938 
557     0.024860 
558     0.064618 
559     0.100326 
560     0.085825 
561     0.017365 
562     0.021464 
563     0.038997 
564     0.013686 
565     0.015899 
566     0.020083 
567     0.025313 
568     0.023941 
569     0.022562 
570     0.022128 
571     0.017720 
572     0.017160 
573     0.017177 
574     0.017961 
575     0.008937 
576     0.003378 
577     0.011557 
578     0.033659 
579     0.039212 
580     0.040933 
581     0.034280 
582     0.041118 
583     0.022424 
584     0.012134 
585     0.019728 
586     0.013107 
587     0.018094 
588     0.022360 
589     0.040476 
590     0.035471 
591     0.026099 
592     0.028589 
593     0.044547 
594     0.016238 
595     0.007970 
596     0.012513 
597     0.004807 
598     0.005316 
599     0.001622 
600     0.019432 
601     0.003527 
602     0.013933 
603     0.041824 
604     0.012239 
605     0.044556 
