  1     0.019813 
  2     0.018378 
  3     0.024203 
  4     0.015801 
  5     0.008110 
  6     0.009754 
  7     0.011475 
  8     0.017760 
  9     0.025778 
 10     0.026004 
 11     0.030003 
 12     0.027380 
 13     0.027589 
 14     0.024453 
 15     0.012361 
 16     0.009742 
 17     0.009287 
 18     0.027275 
 19     0.058933 
 20     0.121469 
 21     0.167890 
 22     0.163705 
 23     0.133567 
 24     0.068842 
 25     0.034501 
 26     0.012218 
 27     0.028049 
 28     0.027300 
 29     0.022595 
 30     0.014773 
 31     0.022139 
 32     0.033848 
 33     0.023386 
 34     0.020745 
 35     0.020501 
 36     0.028572 
 37     0.034546 
 38     0.028729 
 39     0.027680 
 40     0.027587 
 41     0.024819 
 42     0.031977 
 43     0.037692 
 44     0.048213 
 45     0.068590 
 46     0.063033 
 47     0.059153 
 48     0.044837 
 49     0.036946 
 50     0.034710 
 51     0.032346 
 52     0.040015 
 53     0.036270 
 54     0.027525 
 55     0.025431 
 56     0.024796 
 57     0.017844 
 58     0.012023 
 59     0.015918 
 60     0.024921 
 61     0.018770 
 62     0.014558 
 63     0.020372 
 64     0.017769 
 65     0.018029 
 66     0.020339 
 67     0.029028 
 68     0.030707 
 69     0.030713 
 70     0.036919 
 71     0.035476 
 72     0.029397 
 73     0.029939 
 74     0.030865 
 75     0.037790 
 76     0.041644 
 77     0.033959 
 78     0.046174 
 79     0.048471 
 80     0.055569 
 81     0.039788 
 82     0.027658 
 83     0.031729 
 84     0.030080 
 85     0.020136 
 86     0.009802 
 87     0.011952 
 88     0.015845 
 89     0.015852 
 90     0.018655 
 91     0.015691 
 92     0.016227 
 93     0.013484 
 94     0.024258 
 95     0.040109 
 96     0.044307 
 97     0.090303 
 98     0.091876 
 99     0.064878 
100     0.041691 
101     0.020717 
102     0.011611 
103     0.011925 
104     0.015997 
105     0.018370 
106     0.025298 
107     0.030535 
108     0.040393 
109     0.024929 
110     0.017652 
111     0.010489 
112     0.021893 
113     0.028515 
114     0.030207 
115     0.030468 
116     0.031996 
117     0.033586 
118     0.035560 
119     0.027530 
120     0.020452 
121     0.022325 
122     0.015124 
123     0.013036 
124     0.006176 
125     0.012891 
126     0.014765 
127     0.029148 
128     0.039942 
129     0.050416 
130     0.056377 
131     0.142528 
132     0.159995 
133     0.174395 
134     0.075656 
135     0.022006 
136     0.015290 
137     0.004058 
138     0.006516 
139     0.019211 
140     0.020420 
141     0.026025 
142     0.027934 
143     0.034385 
144     0.034119 
145     0.061764 
146     0.034125 
147     0.030276 
148     0.030997 
149     0.032610 
150     0.030011 
151     0.029438 
152     0.034295 
153     0.030453 
154     0.031778 
155     0.032237 
156     0.033673 
157     0.032952 
158     0.027957 
159     0.030478 
160     0.032672 
161     0.028097 
162     0.026095 
163     0.018062 
164     0.015633 
165     0.018592 
166     0.022095 
167     0.032506 
168     0.020543 
169     0.036929 
170     0.032934 
171     0.028868 
172     0.026875 
173     0.030652 
174     0.034047 
175     0.026985 
176     0.029332 
177     0.030557 
178     0.029980 
179     0.024999 
180     0.029992 
181     0.035283 
182     0.027668 
183     0.045000 
184     0.070536 
185     0.039861 
186     0.030786 
187     0.038063 
188     0.026790 
189     0.015303 
190     0.013265 
191     0.014170 
192     0.010543 
193     0.012071 
194     0.012942 
195     0.011218 
196     0.009008 
197     0.015656 
198     0.014785 
199     0.014256 
200     0.011507 
201     0.010649 
202     0.013516 
203     0.009020 
204     0.013626 
205     0.013094 
206     0.018401 
207     0.023273 
208     0.029292 
209     0.028497 
210     0.030342 
211     0.038993 
212     0.043778 
213     0.034201 
214     0.032303 
215     0.029430 
216     0.018937 
217     0.015141 
218     0.013796 
219     0.018863 
220     0.011589 
221     0.008992 
222     0.020705 
223     0.016881 
224     0.016938 
225     0.018607 
226     0.013678 
227     0.012437 
228     0.012001 
229     0.012678 
230     0.018096 
231     0.015975 
232     0.016137 
233     0.024301 
234     0.029393 
235     0.024155 
236     0.022328 
237     0.024985 
238     0.023618 
239     0.038653 
240     0.030370 
241     0.024103 
242     0.041954 
243     0.043510 
244     0.022424 
245     0.031178 
246     0.052650 
247     0.036120 
248     0.007984 
249     0.040279 
250     0.044124 
251     0.037274 
252     0.021966 
253     0.029982 
254     0.033121 
255     0.018768 
256     0.017812 
257     0.014393 
258     0.012804 
259     0.024926 
260     0.038056 
261     0.030932 
262     0.030305 
263     0.036539 
264     0.044846 
265     0.033465 
266     0.025998 
267     0.024308 
268     0.027016 
269     0.016342 
270     0.012696 
271     0.028081 
272     0.040494 
273     0.038964 
274     0.062557 
275     0.074304 
276     0.064945 
277     0.051816 
278     0.018907 
279     0.009832 
280     0.031449 
281     0.042359 
282     0.043889 
283     0.036845 
284     0.050061 
285     0.049213 
286     0.033349 
287     0.041887 
288     0.065843 
289     0.083003 
290     0.066425 
291     0.103890 
292     0.089234 
293     0.045275 
294     0.039413 
295     0.034811 
296     0.032887 
297     0.040941 
298     0.043243 
299     0.051433 
300     0.038187 
301     0.044351 
302     0.058576 
303     0.099937 
304     0.088198 
305     0.045849 
306     0.066859 
307     0.071494 
308     0.030894 
309     0.020931 
310     0.021253 
311     0.011792 
312     0.010950 
313     0.016602 
314     0.012005 
315     0.013986 
316     0.016250 
317     0.018283 
318     0.024780 
319     0.031174 
320     0.024379 
321     0.041752 
322     0.047278 
323     0.034202 
324     0.046491 
325     0.055579 
326     0.045358 
327     0.038761 
328     0.052362 
329     0.052324 
330     0.069657 
331     0.066130 
332     0.059103 
333     0.054331 
334     0.020254 
335     0.021476 
336     0.016638 
337     0.015547 
338     0.010607 
339     0.012605 
340     0.011256 
341     0.020887 
342     0.028596 
343     0.025747 
344     0.027314 
345     0.041033 
346     0.046597 
347     0.047602 
348     0.050493 
349     0.035533 
350     0.031778 
351     0.040599 
352     0.042889 
353     0.034865 
354     0.034837 
355     0.046087 
356     0.046905 
357     0.041052 
358     0.037111 
359     0.028221 
360     0.023778 
361     0.017651 
362     0.009222 
363     0.007028 
364     0.010780 
365     0.013657 
366     0.006849 
367     0.010873 
368     0.010689 
369     0.011341 
370     0.018530 
371     0.023137 
372     0.016496 
373     0.028619 
374     0.028213 
375     0.024193 
376     0.025918 
377     0.054546 
378     0.045152 
379     0.028784 
380     0.039556 
381     0.066679 
382     0.063533 
383     0.050074 
384     0.048586 
385     0.047146 
386     0.049898 
387     0.094968 
388     0.108159 
389     0.068994 
390     0.064920 
391     0.080253 
392     0.093590 
393     0.091708 
394     0.094586 
395     0.078661 
396     0.064184 
397     0.046705 
398     0.042538 
399     0.024388 
400     0.021672 
401     0.018689 
402     0.019963 
403     0.014945 
404     0.017434 
405     0.013046 
406     0.026251 
407     0.032187 
408     0.031689 
409     0.031294 
410     0.030081 
411     0.027333 
412     0.033622 
413     0.026525 
414     0.041385 
415     0.056195 
416     0.054509 
417     0.068816 
418     0.047277 
419     0.039297 
420     0.050810 
421     0.047976 
422     0.028293 
423     0.012205 
424     0.034222 
425     0.066653 
426     0.045154 
427     0.048173 
428     0.041793 
429     0.068323 
430     0.074515 
431     0.064296 
432     0.072324 
433     0.055133 
434     0.041424 
435     0.026117 
436     0.042715 
437     0.030223 
438     0.043606 
439     0.011968 
440     0.002535 
441     0.018196 
442     0.023796 
443     0.037592 
444     0.048621 
445     0.061271 
446     0.048228 
447     0.043963 
448     0.037378 
449     0.048111 
450     0.056984 
451     0.039958 
452     0.025970 
453     0.019939 
454     0.008308 
455     0.021103 
456     0.032786 
457     0.038825 
458     0.037716 
459     0.025813 
460     0.011696 
461     0.031001 
462     0.022774 
463     0.050623 
464     0.070302 
465     0.044922 
466     0.033406 
467     0.029189 
468     0.039614 
469     0.031369 
470     0.023894 
471     0.043766 
472     0.050705 
473     0.064888 
474     0.051394 
475     0.023132 
476     0.013926 
477     0.029037 
478     0.029560 
479     0.017844 
480     0.027773 
481     0.060879 
482     0.042354 
483     0.020934 
484     0.005222 
485     0.010953 
486     0.014114 
487     0.045902 
488     0.047677 
489     0.050020 
490     0.031954 
491     0.058685 
492     0.057296 
493     0.058294 
494     0.063130 
495     0.033105 
496     0.035584 
497     0.034949 
498     0.046085 
499     0.035280 
500     0.025514 
501     0.019512 
502     0.026671 
503     0.048789 
504     0.029854 
505     0.009916 
506     0.024938 
507     0.006026 
508     0.125386 
509     0.184680 
510     0.152357 
511     0.073225 
512     0.035558 
513     0.051831 
514     0.032411 
515     0.042823 
516     0.022900 
517     0.017376 
518     0.029606 
519     0.029182 
520     0.019554 
521     0.042158 
522     0.041847 
523     0.041390 
524     0.089905 
525     0.074803 
526     0.010518 
527     0.040741 
528     0.048917 
529     0.018147 
530     0.009831 
531     0.010631 
532     0.007301 
533     0.009388 
534     0.004557 
535     0.014665 
536     0.012687 
537     0.016336 
538     0.023930 
539     0.018688 
540     0.020169 
541     0.029303 
542     0.019524 
543     0.015703 
544     0.018918 
545     0.014827 
546     0.003626 
547     0.008679 
548     0.007253 
549     0.003557 
550     0.005695 
551     0.010643 
552     0.009501 
553     0.009037 
554     0.013054 
555     0.012307 
556     0.011943 
557     0.004713 
558     0.005817 
559     0.007985 
560     0.008909 
561     0.004778 
562     0.003361 
563     0.005816 
564     0.003986 
565     0.004348 
566     0.004411 
567     0.002917 
568     0.004234 
569     0.006490 
570     0.006476 
571     0.004126 
572     0.004271 
573     0.009299 
574     0.010412 
575     0.004300 
576     0.007854 
577     0.017029 
578     0.012218 
579     0.006125 
580     0.006886 
581     0.007529 
582     0.019197 
583     0.013749 
584     0.009750 
585     0.019136 
586     0.021978 
587     0.013305 
588     0.016695 
589     0.024330 
590     0.015169 
591     0.011486 
592     0.017675 
593     0.012603 
594     0.003124 
595     0.004709 
596     0.006655 
597     0.005776 
598     0.003158 
599     0.005271 
600     0.008157 
601     0.007230 
602     0.007542 
603     0.011915 
604     0.009242 
605     0.012421 
