  1     0.023083 
  2     0.026272 
  3     0.024186 
  4     0.024980 
  5     0.019564 
  6     0.014060 
  7     0.013661 
  8     0.012592 
  9     0.015086 
 10     0.014572 
 11     0.016892 
 12     0.016791 
 13     0.013098 
 14     0.010061 
 15     0.007588 
 16     0.009933 
 17     0.011409 
 18     0.016217 
 19     0.018272 
 20     0.025569 
 21     0.028522 
 22     0.022753 
 23     0.021888 
 24     0.015688 
 25     0.017133 
 26     0.010360 
 27     0.012966 
 28     0.012518 
 29     0.011746 
 30     0.014874 
 31     0.013672 
 32     0.014800 
 33     0.010464 
 34     0.006870 
 35     0.007095 
 36     0.006003 
 37     0.012148 
 38     0.013821 
 39     0.016075 
 40     0.011821 
 41     0.019771 
 42     0.024597 
 43     0.038673 
 44     0.049373 
 45     0.055218 
 46     0.043560 
 47     0.037374 
 48     0.023030 
 49     0.017448 
 50     0.006875 
 51     0.007879 
 52     0.012864 
 53     0.023898 
 54     0.020779 
 55     0.028151 
 56     0.037917 
 57     0.047645 
 58     0.046189 
 59     0.066716 
 60     0.065489 
 61     0.052068 
 62     0.049653 
 63     0.043895 
 64     0.031218 
 65     0.028513 
 66     0.022993 
 67     0.022478 
 68     0.026757 
 69     0.028295 
 70     0.028156 
 71     0.041659 
 72     0.040318 
 73     0.036359 
 74     0.044188 
 75     0.053326 
 76     0.059969 
 77     0.060219 
 78     0.073235 
 79     0.075361 
 80     0.082174 
 81     0.067145 
 82     0.061740 
 83     0.072918 
 84     0.073696 
 85     0.060737 
 86     0.062429 
 87     0.072089 
 88     0.068418 
 89     0.058066 
 90     0.056083 
 91     0.041559 
 92     0.041072 
 93     0.042584 
 94     0.042597 
 95     0.049125 
 96     0.044116 
 97     0.049368 
 98     0.057808 
 99     0.059523 
100     0.051925 
101     0.046579 
102     0.035912 
103     0.028723 
104     0.024765 
105     0.019954 
106     0.028631 
107     0.022763 
108     0.009638 
109     0.017826 
110     0.018804 
111     0.028498 
112     0.028516 
113     0.029169 
114     0.024560 
115     0.018261 
116     0.020510 
117     0.020170 
118     0.013476 
119     0.011617 
120     0.015558 
121     0.017358 
122     0.012277 
123     0.011591 
124     0.018325 
125     0.018588 
126     0.014980 
127     0.017540 
128     0.023929 
129     0.023191 
130     0.023276 
131     0.027913 
132     0.031701 
133     0.034011 
134     0.032638 
135     0.030194 
136     0.033139 
137     0.029382 
138     0.023912 
139     0.020249 
140     0.019471 
141     0.017988 
142     0.024209 
143     0.021046 
144     0.020225 
145     0.029069 
146     0.034981 
147     0.047281 
148     0.051567 
149     0.055375 
150     0.048039 
151     0.041953 
152     0.045712 
153     0.040482 
154     0.032966 
155     0.035157 
156     0.036834 
157     0.028977 
158     0.028681 
159     0.035295 
160     0.031835 
161     0.026459 
162     0.033149 
163     0.029872 
164     0.033866 
165     0.030374 
166     0.030085 
167     0.026480 
168     0.026888 
169     0.015373 
170     0.015266 
171     0.013556 
172     0.014401 
173     0.013107 
174     0.010893 
175     0.012235 
176     0.019146 
177     0.015953 
178     0.015129 
179     0.020901 
180     0.035518 
181     0.036502 
182     0.042288 
183     0.076819 
184     0.075787 
185     0.065560 
186     0.075789 
187     0.066357 
188     0.049505 
189     0.047766 
190     0.036059 
191     0.032501 
192     0.024591 
193     0.021692 
194     0.020407 
195     0.015288 
196     0.011753 
197     0.014836 
198     0.020805 
199     0.023370 
200     0.022881 
201     0.028724 
202     0.030847 
203     0.032372 
204     0.037782 
205     0.036823 
206     0.045120 
207     0.043407 
208     0.066823 
209     0.082614 
210     0.099920 
211     0.105049 
212     0.111428 
213     0.092040 
214     0.077623 
215     0.058546 
216     0.036314 
217     0.039571 
218     0.035593 
219     0.045604 
220     0.043818 
221     0.039701 
222     0.039495 
223     0.033050 
224     0.032999 
225     0.036974 
226     0.033871 
227     0.025514 
228     0.022236 
229     0.023983 
230     0.033187 
231     0.036702 
232     0.039233 
233     0.031296 
234     0.044285 
235     0.059373 
236     0.048058 
237     0.040345 
238     0.068137 
239     0.073387 
240     0.047339 
241     0.060750 
242     0.089109 
243     0.077388 
244     0.053587 
245     0.083059 
246     0.097623 
247     0.070102 
248     0.054929 
249     0.087567 
250     0.090211 
251     0.092829 
252     0.078254 
253     0.097256 
254     0.120207 
255     0.104488 
256     0.109343 
257     0.096408 
258     0.067867 
259     0.063113 
260     0.068212 
261     0.059955 
262     0.030857 
263     0.029556 
264     0.046540 
265     0.042677 
266     0.030673 
267     0.033170 
268     0.050886 
269     0.058660 
270     0.053088 
271     0.051337 
272     0.073410 
273     0.082856 
274     0.065143 
275     0.078048 
276     0.112865 
277     0.122486 
278     0.110630 
279     0.094361 
280     0.083524 
281     0.056827 
282     0.062776 
283     0.056963 
284     0.077069 
285     0.085089 
286     0.064466 
287     0.080393 
288     0.100794 
289     0.114719 
290     0.159134 
291     0.126384 
292     0.118752 
293     0.090449 
294     0.050924 
295     0.042985 
296     0.025680 
297     0.049356 
298     0.058357 
299     0.088900 
300     0.085278 
301     0.101645 
302     0.101311 
303     0.116855 
304     0.099196 
305     0.085499 
306     0.104274 
307     0.108918 
308     0.088862 
309     0.086506 
310     0.095816 
311     0.059853 
312     0.032680 
313     0.026341 
314     0.021475 
315     0.027841 
316     0.020963 
317     0.020654 
318     0.029783 
319     0.037471 
320     0.032798 
321     0.041315 
322     0.050104 
323     0.046062 
324     0.049684 
325     0.059386 
326     0.055380 
327     0.051412 
328     0.058769 
329     0.058649 
330     0.062599 
331     0.053929 
332     0.055337 
333     0.057570 
334     0.046994 
335     0.044528 
336     0.034456 
337     0.027146 
338     0.021179 
339     0.015871 
340     0.013704 
341     0.016853 
342     0.021371 
343     0.020834 
344     0.018328 
345     0.031205 
346     0.034389 
347     0.037952 
348     0.039823 
349     0.027953 
350     0.023481 
351     0.029390 
352     0.031295 
353     0.025547 
354     0.018944 
355     0.028112 
356     0.033850 
357     0.032161 
358     0.026491 
359     0.022852 
360     0.015624 
361     0.017132 
362     0.022077 
363     0.016284 
364     0.019852 
365     0.014937 
366     0.012146 
367     0.013420 
368     0.009890 
369     0.009104 
370     0.011108 
371     0.009661 
372     0.008394 
373     0.008681 
374     0.009054 
375     0.010524 
376     0.011080 
377     0.010022 
378     0.012481 
379     0.018188 
380     0.019322 
381     0.020800 
382     0.019935 
383     0.023734 
384     0.026419 
385     0.028703 
386     0.030445 
387     0.031664 
388     0.026894 
389     0.028168 
390     0.027144 
391     0.025781 
392     0.025493 
393     0.020874 
394     0.015899 
395     0.010754 
396     0.009645 
397     0.009427 
398     0.009504 
399     0.006871 
400     0.007634 
401     0.007653 
402     0.009819 
403     0.010958 
404     0.006460 
405     0.003174 
406     0.007685 
407     0.008762 
408     0.009483 
409     0.010282 
410     0.011000 
411     0.010073 
412     0.010947 
413     0.014372 
414     0.013595 
415     0.015202 
416     0.016267 
417     0.016848 
418     0.017737 
419     0.019135 
420     0.018248 
421     0.017347 
422     0.016442 
423     0.016002 
424     0.017570 
425     0.016980 
426     0.015049 
427     0.016818 
428     0.017583 
429     0.023218 
430     0.025684 
431     0.025518 
432     0.021294 
433     0.018936 
434     0.013807 
435     0.012041 
436     0.011320 
437     0.009140 
438     0.005885 
439     0.006804 
440     0.005013 
441     0.007421 
442     0.007825 
443     0.010291 
444     0.012187 
445     0.011649 
446     0.009407 
447     0.008566 
448     0.009724 
449     0.010360 
450     0.011781 
451     0.011041 
452     0.009852 
453     0.008286 
454     0.005666 
455     0.006172 
456     0.007165 
457     0.007196 
458     0.007449 
459     0.004370 
460     0.007795 
461     0.006794 
462     0.008114 
463     0.009696 
464     0.015748 
465     0.018682 
466     0.024423 
467     0.024654 
468     0.025701 
469     0.022965 
470     0.016567 
471     0.016463 
472     0.011537 
473     0.012833 
474     0.010026 
475     0.011301 
476     0.009817 
477     0.013050 
478     0.013073 
479     0.016990 
480     0.019516 
481     0.017834 
482     0.014058 
483     0.013290 
484     0.010249 
485     0.010725 
486     0.007629 
487     0.008251 
488     0.006357 
489     0.008423 
490     0.008887 
491     0.014343 
492     0.013071 
493     0.008857 
494     0.011598 
495     0.007392 
496     0.008698 
497     0.007127 
498     0.008492 
499     0.008252 
500     0.010667 
501     0.009544 
502     0.011512 
503     0.012009 
504     0.009828 
505     0.007371 
506     0.006226 
507     0.009585 
508     0.012466 
509     0.014583 
510     0.016892 
511     0.014642 
512     0.012330 
513     0.017029 
514     0.017371 
515     0.014237 
516     0.015436 
517     0.018353 
518     0.014851 
519     0.012757 
520     0.014721 
521     0.014233 
522     0.008520 
523     0.007821 
524     0.004342 
525     0.005520 
526     0.002439 
527     0.011532 
528     0.015676 
529     0.012071 
530     0.013088 
531     0.024758 
532     0.025763 
533     0.017724 
534     0.022330 
535     0.024746 
536     0.023101 
537     0.020801 
538     0.021691 
539     0.021941 
540     0.023181 
541     0.022915 
542     0.019686 
543     0.019108 
544     0.022935 
545     0.020848 
546     0.015554 
547     0.015663 
548     0.016671 
549     0.012956 
550     0.005150 
551     0.007529 
552     0.009376 
553     0.008323 
554     0.007928 
555     0.017693 
556     0.019074 
557     0.014661 
558     0.020350 
559     0.021512 
560     0.020581 
561     0.012841 
562     0.011041 
563     0.016650 
564     0.011840 
565     0.005336 
566     0.011632 
567     0.015472 
568     0.012412 
569     0.014255 
570     0.019718 
571     0.019466 
572     0.019414 
573     0.022816 
574     0.024967 
575     0.024050 
576     0.025321 
577     0.029892 
578     0.028966 
579     0.029048 
580     0.026683 
581     0.026671 
582     0.025392 
583     0.023077 
584     0.022709 
585     0.022001 
586     0.019480 
587     0.017340 
588     0.016791 
589     0.013605 
590     0.009828 
591     0.008588 
592     0.009837 
593     0.004730 
594     0.003982 
595     0.009039 
596     0.016683 
597     0.018884 
598     0.012768 
599     0.020417 
600     0.027352 
601     0.022281 
602     0.022540 
603     0.033209 
604     0.026833 
605     0.034430 
