  1     0.044953 
  2     0.048826 
  3     0.046131 
  4     0.047364 
  5     0.040134 
  6     0.034288 
  7     0.030033 
  8     0.023740 
  9     0.024345 
 10     0.018351 
 11     0.018687 
 12     0.015990 
 13     0.013400 
 14     0.017862 
 15     0.018963 
 16     0.025854 
 17     0.029969 
 18     0.037078 
 19     0.041987 
 20     0.044442 
 21     0.051243 
 22     0.049741 
 23     0.043741 
 24     0.036752 
 25     0.033121 
 26     0.026210 
 27     0.025308 
 28     0.020029 
 29     0.020466 
 30     0.021722 
 31     0.015264 
 32     0.012571 
 33     0.010612 
 34     0.013811 
 35     0.010899 
 36     0.014202 
 37     0.016157 
 38     0.021862 
 39     0.026250 
 40     0.032930 
 41     0.037154 
 42     0.043949 
 43     0.044302 
 44     0.051047 
 45     0.052851 
 46     0.051770 
 47     0.044889 
 48     0.041988 
 49     0.034648 
 50     0.029467 
 51     0.022251 
 52     0.018610 
 53     0.024813 
 54     0.028493 
 55     0.024799 
 56     0.025502 
 57     0.032869 
 58     0.033695 
 59     0.038351 
 60     0.042547 
 61     0.044901 
 62     0.042676 
 63     0.048252 
 64     0.046214 
 65     0.038749 
 66     0.036333 
 67     0.029660 
 68     0.026456 
 69     0.031850 
 70     0.028017 
 71     0.028931 
 72     0.036327 
 73     0.037518 
 74     0.041482 
 75     0.041266 
 76     0.047588 
 77     0.050485 
 78     0.049029 
 79     0.041573 
 80     0.036538 
 81     0.033803 
 82     0.040317 
 83     0.043683 
 84     0.039033 
 85     0.038207 
 86     0.045735 
 87     0.045732 
 88     0.040809 
 89     0.039912 
 90     0.043951 
 91     0.045432 
 92     0.051596 
 93     0.049656 
 94     0.055468 
 95     0.057620 
 96     0.059943 
 97     0.066730 
 98     0.063410 
 99     0.058709 
100     0.053102 
101     0.048607 
102     0.050792 
103     0.050329 
104     0.055618 
105     0.053580 
106     0.058102 
107     0.063700 
108     0.062201 
109     0.060227 
110     0.054841 
111     0.051754 
112     0.044327 
113     0.044376 
114     0.047678 
115     0.042076 
116     0.036625 
117     0.040441 
118     0.037558 
119     0.030901 
120     0.034917 
121     0.038577 
122     0.031934 
123     0.030146 
124     0.037210 
125     0.036124 
126     0.029845 
127     0.034447 
128     0.040044 
129     0.035528 
130     0.035051 
131     0.042246 
132     0.044699 
133     0.050432 
134     0.050961 
135     0.048858 
136     0.052910 
137     0.049664 
138     0.043226 
139     0.039372 
140     0.033812 
141     0.027724 
142     0.026101 
143     0.021017 
144     0.022421 
145     0.023333 
146     0.029394 
147     0.035980 
148     0.042626 
149     0.044493 
150     0.038105 
151     0.038708 
152     0.045697 
153     0.044015 
154     0.039245 
155     0.045009 
156     0.049273 
157     0.044054 
158     0.044569 
159     0.051937 
160     0.051701 
161     0.047076 
162     0.052287 
163     0.048539 
164     0.052477 
165     0.047709 
166     0.050453 
167     0.045302 
168     0.039063 
169     0.033876 
170     0.027307 
171     0.020914 
172     0.020207 
173     0.027663 
174     0.026646 
175     0.022131 
176     0.027790 
177     0.032926 
178     0.029245 
179     0.030845 
180     0.037751 
181     0.037863 
182     0.042853 
183     0.048204 
184     0.051474 
185     0.048967 
186     0.049788 
187     0.042473 
188     0.036449 
189     0.029639 
190     0.025082 
191     0.018230 
192     0.014691 
193     0.009199 
194     0.005097 
195     0.003032 
196     0.003750 
197     0.008944 
198     0.014504 
199     0.011770 
200     0.006376 
201     0.005542 
202     0.005278 
203     0.012246 
204     0.016233 
205     0.023164 
206     0.029844 
207     0.036025 
208     0.042027 
209     0.049098 
210     0.051849 
211     0.052740 
212     0.057801 
213     0.053900 
214     0.049463 
215     0.042657 
216     0.036558 
217     0.031721 
218     0.024621 
219     0.021429 
220     0.014497 
221     0.011693 
222     0.007616 
223     0.008326 
224     0.013559 
225     0.019429 
226     0.021495 
227     0.016832 
228     0.018184 
229     0.020670 
230     0.026415 
231     0.030218 
232     0.029174 
233     0.029370 
234     0.035458 
235     0.038906 
236     0.037935 
237     0.038722 
238     0.045324 
239     0.047477 
240     0.045645 
241     0.049775 
242     0.055438 
243     0.055310 
244     0.054926 
245     0.060461 
246     0.064304 
247     0.062918 
248     0.062550 
249     0.067075 
250     0.062834 
251     0.058863 
252     0.052086 
253     0.052085 
254     0.056339 
255     0.050940 
256     0.045830 
257     0.041464 
258     0.041983 
259     0.040328 
260     0.034233 
261     0.032321 
262     0.034885 
263     0.030102 
264     0.024048 
265     0.026932 
266     0.029777 
267     0.023268 
268     0.020772 
269     0.027622 
270     0.027080 
271     0.021451 
272     0.026377 
273     0.032253 
274     0.029589 
275     0.031394 
276     0.037018 
277     0.042760 
278     0.041304 
279     0.036833 
280     0.038754 
281     0.036941 
282     0.037387 
283     0.037231 
284     0.039308 
285     0.043524 
286     0.044406 
287     0.051318 
288     0.057047 
289     0.064399 
290     0.070672 
291     0.068860 
292     0.062356 
293     0.055526 
294     0.053929 
295     0.048373 
296     0.046420 
297     0.045544 
298     0.046621 
299     0.046458 
300     0.043234 
301     0.043794 
302     0.040636 
303     0.047107 
304     0.047440 
305     0.040193 
306     0.040183 
307     0.045547 
308     0.042170 
309     0.035345 
310     0.036198 
311     0.030153 
312     0.023401 
313     0.020350 
314     0.021613 
315     0.017730 
316     0.012021 
317     0.014705 
318     0.013573 
319     0.006530 
320     0.007842 
321     0.009657 
322     0.002979 
323     0.005456 
324     0.010712 
325     0.007271 
326     0.007100 
327     0.013836 
328     0.015337 
329     0.020018 
330     0.023189 
331     0.024848 
332     0.031684 
333     0.030231 
334     0.027740 
335     0.033212 
336     0.029004 
337     0.022607 
338     0.020557 
339     0.015111 
340     0.010389 
341     0.004169 
342     0.004556 
343     0.009420 
344     0.012126 
345     0.016417 
346     0.020049 
347     0.026194 
348     0.026109 
349     0.019596 
350     0.022616 
351     0.028535 
352     0.025058 
353     0.020928 
354     0.027791 
355     0.030520 
356     0.025019 
357     0.025761 
358     0.033078 
359     0.033850 
360     0.031844 
361     0.025583 
362     0.027022 
363     0.023790 
364     0.029553 
365     0.025424 
366     0.018707 
367     0.013235 
368     0.009681 
369     0.016925 
370     0.020695 
371     0.019984 
372     0.023877 
373     0.028320 
374     0.029223 
375     0.032083 
376     0.035550 
377     0.039215 
378     0.041388 
379     0.043417 
380     0.046508 
381     0.051815 
382     0.051097 
383     0.052091 
384     0.056223 
385     0.060745 
386     0.060441 
387     0.064816 
388     0.067863 
389     0.069788 
390     0.067067 
391     0.062579 
392     0.062372 
393     0.062382 
394     0.063326 
395     0.056599 
396     0.050837 
397     0.043131 
398     0.037576 
399     0.029333 
400     0.022508 
401     0.014970 
402     0.015340 
403     0.016282 
404     0.021649 
405     0.029214 
406     0.026692 
407     0.027394 
408     0.024845 
409     0.023317 
410     0.028075 
411     0.027643 
412     0.035399 
413     0.041637 
414     0.047254 
415     0.054651 
416     0.052954 
417     0.056403 
418     0.054024 
419     0.053409 
420     0.047892 
421     0.041803 
422     0.035388 
423     0.027414 
424     0.020312 
425     0.014025 
426     0.007841 
427     0.009858 
428     0.016545 
429     0.020952 
430     0.028812 
431     0.032796 
432     0.036749 
433     0.030591 
434     0.032080 
435     0.025451 
436     0.017136 
437     0.013251 
438     0.008323 
439     0.007689 
440     0.012936 
441     0.018897 
442     0.026676 
443     0.033084 
444     0.039459 
445     0.038965 
446     0.036680 
447     0.034341 
448     0.025850 
449     0.028176 
450     0.033525 
451     0.028308 
452     0.023346 
453     0.014800 
454     0.015591 
455     0.010307 
456     0.008847 
457     0.015096 
458     0.019404 
459     0.022815 
460     0.029692 
461     0.035623 
462     0.030651 
463     0.036249 
464     0.038309 
465     0.031065 
466     0.028146 
467     0.021952 
468     0.014111 
469     0.015127 
470     0.017847 
471     0.015635 
472     0.015120 
473     0.018585 
474     0.017852 
475     0.025881 
476     0.028871 
477     0.037101 
478     0.041339 
479     0.048549 
480     0.056120 
481     0.053334 
482     0.046572 
483     0.040449 
484     0.033582 
485     0.032083 
486     0.024755 
487     0.025486 
488     0.020620 
489     0.024979 
490     0.025036 
491     0.027657 
492     0.030779 
493     0.037453 
494     0.037294 
495     0.035887 
496     0.032546 
497     0.028278 
498     0.026994 
499     0.024022 
500     0.029185 
501     0.026579 
502     0.032483 
503     0.038506 
504     0.035342 
505     0.027055 
506     0.026295 
507     0.033030 
508     0.039536 
509     0.048665 
510     0.048954 
511     0.041925 
512     0.045800 
513     0.053950 
514     0.050752 
515     0.046248 
516     0.054027 
517     0.059094 
518     0.052881 
519     0.051468 
520     0.060413 
521     0.063554 
522     0.057768 
523     0.057872 
524     0.062965 
525     0.058286 
526     0.049961 
527     0.052824 
528     0.056449 
529     0.048308 
530     0.043250 
531     0.048901 
532     0.047767 
533     0.038523 
534     0.038243 
535     0.044133 
536     0.041161 
537     0.032837 
538     0.036274 
539     0.042233 
540     0.036482 
541     0.031410 
542     0.038984 
543     0.043651 
544     0.037715 
545     0.035106 
546     0.043531 
547     0.047171 
548     0.042304 
549     0.042297 
550     0.051443 
551     0.051125 
552     0.045434 
553     0.050549 
554     0.058991 
555     0.065055 
556     0.059110 
557     0.061995 
558     0.070902 
559     0.077412 
560     0.078888 
561     0.069870 
562     0.068822 
563     0.076232 
564     0.074024 
565     0.064849 
566     0.065938 
567     0.072091 
568     0.066487 
569     0.059195 
570     0.064277 
571     0.066542 
572     0.058037 
573     0.055502 
574     0.061939 
575     0.060403 
576     0.051326 
577     0.053864 
578     0.057845 
579     0.055341 
580     0.061667 
581     0.058545 
582     0.066092 
583     0.066435 
584     0.057532 
585     0.058647 
586     0.066322 
587     0.063196 
588     0.055553 
589     0.061516 
590     0.067180 
591     0.060009 
592     0.055495 
593     0.063361 
594     0.064288 
595     0.055520 
596     0.055529 
597     0.056048 
598     0.051399 
599     0.043980 
600     0.044584 
601     0.044608 
602     0.037782 
603     0.033184 
604     0.037073 
605     0.032658 
