  1     0.026074 
  2     0.026086 
  3     0.026304 
  4     0.025932 
  5     0.024950 
  6     0.024807 
  7     0.022860 
  8     0.022664 
  9     0.021009 
 10     0.020862 
 11     0.019716 
 12     0.018862 
 13     0.019461 
 14     0.020127 
 15     0.021638 
 16     0.022716 
 17     0.024879 
 18     0.026428 
 19     0.028331 
 20     0.029529 
 21     0.031350 
 22     0.031810 
 23     0.030904 
 24     0.028702 
 25     0.027151 
 26     0.024897 
 27     0.023264 
 28     0.021520 
 29     0.019643 
 30     0.018672 
 31     0.017714 
 32     0.019450 
 33     0.019661 
 34     0.021164 
 35     0.020769 
 36     0.018800 
 37     0.017613 
 38     0.017363 
 39     0.015430 
 40     0.013977 
 41     0.012062 
 42     0.010549 
 43     0.009307 
 44     0.007648 
 45     0.007541 
 46     0.008980 
 47     0.010301 
 48     0.011831 
 49     0.012703 
 50     0.014573 
 51     0.015706 
 52     0.015192 
 53     0.013255 
 54     0.013218 
 55     0.014103 
 56     0.013012 
 57     0.011367 
 58     0.012353 
 59     0.011925 
 60     0.010031 
 61     0.009759 
 62     0.011340 
 63     0.010497 
 64     0.010401 
 65     0.012112 
 66     0.013648 
 67     0.015351 
 68     0.017024 
 69     0.016918 
 70     0.018985 
 71     0.018904 
 72     0.017361 
 73     0.017939 
 74     0.018482 
 75     0.018175 
 76     0.016806 
 77     0.015338 
 78     0.016675 
 79     0.018533 
 80     0.019784 
 81     0.019091 
 82     0.017079 
 83     0.017012 
 84     0.017959 
 85     0.016703 
 86     0.015013 
 87     0.015986 
 88     0.016257 
 89     0.014939 
 90     0.013182 
 91     0.012177 
 92     0.011255 
 93     0.012668 
 94     0.012054 
 95     0.012760 
 96     0.012892 
 97     0.012369 
 98     0.014363 
 99     0.014524 
100     0.015409 
101     0.015071 
102     0.013715 
103     0.012403 
104     0.010422 
105     0.009854 
106     0.008114 
107     0.007829 
108     0.009313 
109     0.010757 
110     0.012607 
111     0.014516 
112     0.015526 
113     0.017185 
114     0.015772 
115     0.015044 
116     0.017028 
117     0.017512 
118     0.016190 
119     0.017549 
120     0.019108 
121     0.018221 
122     0.017992 
123     0.019909 
124     0.020679 
125     0.019842 
126     0.020523 
127     0.022445 
128     0.022219 
129     0.021412 
130     0.023072 
131     0.024501 
132     0.023678 
133     0.024398 
134     0.023197 
135     0.023305 
136     0.023433 
137     0.024218 
138     0.023943 
139     0.024657 
140     0.023431 
141     0.023768 
142     0.023505 
143     0.024512 
144     0.026476 
145     0.025732 
146     0.023871 
147     0.023834 
148     0.023566 
149     0.021327 
150     0.021238 
151     0.022784 
152     0.021943 
153     0.019895 
154     0.020710 
155     0.021788 
156     0.020084 
157     0.019155 
158     0.020767 
159     0.020732 
160     0.018696 
161     0.019164 
162     0.020683 
163     0.022016 
164     0.023459 
165     0.023867 
166     0.025675 
167     0.025777 
168     0.024852 
169     0.026203 
170     0.026291 
171     0.025845 
172     0.028573 
173     0.029416 
174     0.027165 
175     0.028545 
176     0.031299 
177     0.030036 
178     0.028710 
179     0.031691 
180     0.033415 
181     0.035180 
182     0.035789 
183     0.039245 
184     0.041765 
185     0.042856 
186     0.044417 
187     0.042321 
188     0.039833 
189     0.038602 
190     0.035646 
191     0.033866 
192     0.030701 
193     0.029848 
194     0.026944 
195     0.026182 
196     0.023991 
197     0.021837 
198     0.021497 
199     0.023281 
200     0.025742 
201     0.026947 
202     0.029469 
203     0.030332 
204     0.033215 
205     0.033912 
206     0.036850 
207     0.037617 
208     0.040675 
209     0.042479 
210     0.045546 
211     0.044695 
212     0.045061 
213     0.042305 
214     0.039858 
215     0.037972 
216     0.034930 
217     0.034165 
218     0.032275 
219     0.034094 
220     0.032420 
221     0.029737 
222     0.028685 
223     0.026919 
224     0.025379 
225     0.023080 
226     0.023005 
227     0.025217 
228     0.026110 
229     0.024437 
230     0.022991 
231     0.024999 
232     0.026655 
233     0.025412 
234     0.024688 
235     0.027132 
236     0.026979 
237     0.024961 
238     0.025839 
239     0.027809 
240     0.026564 
241     0.025587 
242     0.027417 
243     0.028342 
244     0.026752 
245     0.026855 
246     0.028898 
247     0.028777 
248     0.027046 
249     0.027040 
250     0.025070 
251     0.024137 
252     0.022714 
253     0.022278 
254     0.020865 
255     0.019838 
256     0.018578 
257     0.018529 
258     0.020534 
259     0.020976 
260     0.019864 
261     0.020652 
262     0.022431 
263     0.022263 
264     0.021885 
265     0.023118 
266     0.024570 
267     0.024433 
268     0.024583 
269     0.026054 
270     0.026934 
271     0.026591 
272     0.027918 
273     0.029542 
274     0.030371 
275     0.030912 
276     0.031380 
277     0.032247 
278     0.030498 
279     0.028448 
280     0.027384 
281     0.025876 
282     0.024871 
283     0.023057 
284     0.022171 
285     0.020972 
286     0.021470 
287     0.021320 
288     0.021342 
289     0.022369 
290     0.023258 
291     0.024459 
292     0.022649 
293     0.022100 
294     0.023477 
295     0.023780 
296     0.024744 
297     0.026163 
298     0.027440 
299     0.028922 
300     0.029266 
301     0.030989 
302     0.031633 
303     0.033244 
304     0.031981 
305     0.030571 
306     0.032456 
307     0.033041 
308     0.030878 
309     0.030611 
310     0.032470 
311     0.031092 
312     0.029329 
313     0.030659 
314     0.032216 
315     0.030186 
316     0.030148 
317     0.032850 
318     0.032612 
319     0.031205 
320     0.032831 
321     0.034820 
322     0.033537 
323     0.033164 
324     0.036042 
325     0.036717 
326     0.034979 
327     0.036448 
328     0.039315 
329     0.040432 
330     0.041547 
331     0.040449 
332     0.042662 
333     0.042182 
334     0.039557 
335     0.039963 
336     0.037188 
337     0.034976 
338     0.031843 
339     0.029649 
340     0.026990 
341     0.024839 
342     0.023662 
343     0.025238 
344     0.027499 
345     0.027715 
346     0.028832 
347     0.031597 
348     0.031881 
349     0.031307 
350     0.032452 
351     0.034609 
352     0.034673 
353     0.034439 
354     0.036560 
355     0.038201 
356     0.038054 
357     0.038420 
358     0.040239 
359     0.039309 
360     0.036885 
361     0.034492 
362     0.033180 
363     0.030726 
364     0.031116 
365     0.028709 
366     0.026504 
367     0.026161 
368     0.023596 
369     0.024410 
370     0.026477 
371     0.025576 
372     0.024636 
373     0.026385 
374     0.026902 
375     0.025798 
376     0.026470 
377     0.027298 
378     0.026642 
379     0.026186 
380     0.028000 
381     0.030574 
382     0.023109 
383     0.023925 
384     0.028371 
385     0.020860 
386     0.023902 
387     0.033290 
388     0.041708 
389     0.045295 
390     0.042188 
391     0.040098 
392     0.038934 
393     0.040372 
394     0.045805 
395     0.048324 
396     0.049308 
397     0.048673 
398     0.043119 
399     0.040463 
400     0.037061 
401     0.036050 
402     0.038019 
403     0.035975 
404     0.037494 
405     0.044492 
406     0.044368 
407     0.043283 
408     0.040829 
409     0.036243 
410     0.035619 
411     0.033234 
412     0.035646 
413     0.037079 
414     0.042493 
415     0.043545 
416     0.040188 
417     0.042174 
418     0.042402 
419     0.042115 
420     0.038915 
421     0.037006 
422     0.034054 
423     0.033440 
424     0.033098 
425     0.035140 
426     0.034574 
427     0.036387 
428     0.035954 
429     0.037150 
430     0.039036 
431     0.042417 
432     0.040866 
433     0.036457 
434     0.036515 
435     0.034145 
436     0.033139 
437     0.033286 
438     0.034218 
439     0.037158 
440     0.038870 
441     0.042571 
442     0.046310 
443     0.048643 
444     0.049069 
445     0.051265 
446     0.047933 
447     0.049954 
448     0.046023 
449     0.050289 
450     0.054641 
451     0.050460 
452     0.050177 
453     0.045300 
454     0.043518 
455     0.040566 
456     0.037809 
457     0.037125 
458     0.035422 
459     0.035754 
460     0.036964 
461     0.040357 
462     0.040020 
463     0.044998 
464     0.045750 
465     0.047142 
466     0.047458 
467     0.043481 
468     0.043735 
469     0.045558 
470     0.041848 
471     0.040613 
472     0.036474 
473     0.035836 
474     0.033592 
475     0.035506 
476     0.036584 
477     0.039258 
478     0.040287 
479     0.042977 
480     0.044690 
481     0.044884 
482     0.043342 
483     0.044874 
484     0.039520 
485     0.041141 
486     0.038475 
487     0.038461 
488     0.036179 
489     0.038910 
490     0.040653 
491     0.044800 
492     0.048593 
493     0.049882 
494     0.048926 
495     0.045980 
496     0.043721 
497     0.041591 
498     0.042447 
499     0.042782 
500     0.045899 
501     0.045657 
502     0.050521 
503     0.047557 
504     0.056618 
505     0.051069 
506     0.049724 
507     0.057447 
508     0.064562 
509     0.066545 
510     0.070613 
511     0.065011 
512     0.060305 
513     0.065237 
514     0.066488 
515     0.059600 
516     0.059258 
517     0.065132 
518     0.063136 
519     0.057345 
520     0.059881 
521     0.065381 
522     0.062365 
523     0.058249 
524     0.062129 
525     0.061768 
526     0.055347 
527     0.054309 
528     0.058177 
529     0.053306 
530     0.050348 
531     0.051726 
532     0.050972 
533     0.050740 
534     0.053236 
535     0.049595 
536     0.054004 
537     0.061185 
538     0.052815 
539     0.055853 
540     0.070183 
541     0.067322 
542     0.060513 
543     0.073720 
544     0.084701 
545     0.077322 
546     0.076096 
547     0.091742 
548     0.095228 
549     0.085305 
550     0.095856 
551     0.108006 
552     0.102057 
553     0.100255 
554     0.114601 
555     0.121287 
556     0.108198 
557     0.103825 
558     0.112197 
559     0.119783 
560     0.110547 
561     0.097406 
562     0.104558 
563     0.108033 
564     0.093452 
565     0.085735 
566     0.095845 
567     0.092554 
568     0.077029 
569     0.081288 
570     0.089286 
571     0.076688 
572     0.068107 
573     0.080762 
574     0.078122 
575     0.063411 
576     0.067865 
577     0.076284 
578     0.063127 
579     0.055655 
580     0.044883 
581     0.039194 
582     0.029700 
583     0.041853 
584     0.044933 
585     0.032538 
586     0.037124 
587     0.050000 
588     0.045223 
589     0.039958 
590     0.053741 
591     0.059390 
592     0.049668 
593     0.053762 
594     0.068712 
595     0.066141 
596     0.062376 
597     0.075677 
598     0.076405 
599     0.063222 
600     0.067151 
601     0.079456 
602     0.073611 
603     0.063062 
604     0.073553 
605     0.064131 
