  1     0.006474 
  2     0.007591 
  3     0.006914 
  4     0.006664 
  5     0.003826 
  6     0.003703 
  7     0.001697 
  8     0.002641 
  9     0.002194 
 10     0.002843 
 11     0.003584 
 12     0.004732 
 13     0.004296 
 14     0.003495 
 15     0.003107 
 16     0.002772 
 17     0.003964 
 18     0.004403 
 19     0.007538 
 20     0.006668 
 21     0.010480 
 22     0.013843 
 23     0.013588 
 24     0.011413 
 25     0.008360 
 26     0.007437 
 27     0.006922 
 28     0.010006 
 29     0.010413 
 30     0.016735 
 31     0.017789 
 32     0.017191 
 33     0.011627 
 34     0.008195 
 35     0.005775 
 36     0.006858 
 37     0.007201 
 38     0.006409 
 39     0.007379 
 40     0.008349 
 41     0.006767 
 42     0.007311 
 43     0.003694 
 44     0.005327 
 45     0.027612 
 46     0.020078 
 47     0.006981 
 48     0.008311 
 49     0.008009 
 50     0.008517 
 51     0.008125 
 52     0.008539 
 53     0.008234 
 54     0.006959 
 55     0.007066 
 56     0.006144 
 57     0.004330 
 58     0.004853 
 59     0.004599 
 60     0.004367 
 61     0.003557 
 62     0.004375 
 63     0.004683 
 64     0.005569 
 65     0.005859 
 66     0.007052 
 67     0.007886 
 68     0.005246 
 69     0.007606 
 70     0.008253 
 71     0.012734 
 72     0.010960 
 73     0.011059 
 74     0.013826 
 75     0.014720 
 76     0.013042 
 77     0.007333 
 78     0.004194 
 79     0.007955 
 80     0.012808 
 81     0.010495 
 82     0.006925 
 83     0.007079 
 84     0.012459 
 85     0.008523 
 86     0.005199 
 87     0.009199 
 88     0.009199 
 89     0.003777 
 90     0.003559 
 91     0.004959 
 92     0.003801 
 93     0.004271 
 94     0.007482 
 95     0.013769 
 96     0.017242 
 97     0.046172 
 98     0.041903 
 99     0.023205 
100     0.018106 
101     0.010473 
102     0.009564 
103     0.007232 
104     0.007022 
105     0.007533 
106     0.007704 
107     0.007817 
108     0.007561 
109     0.008068 
110     0.007237 
111     0.010064 
112     0.010044 
113     0.010117 
114     0.010265 
115     0.008563 
116     0.008217 
117     0.008285 
118     0.008255 
119     0.006566 
120     0.005309 
121     0.007183 
122     0.007782 
123     0.005490 
124     0.005394 
125     0.009294 
126     0.007449 
127     0.004363 
128     0.005992 
129     0.009187 
130     0.007800 
131     0.006201 
132     0.008554 
133     0.004809 
134     0.007475 
135     0.007507 
136     0.009342 
137     0.006995 
138     0.004720 
139     0.004532 
140     0.002383 
141     0.003054 
142     0.001467 
143     0.000514 
144     0.004975 
145     0.005743 
146     0.002710 
147     0.003966 
148     0.001238 
149     0.003533 
150     0.003998 
151     0.001985 
152     0.002743 
153     0.005026 
154     0.002570 
155     0.002584 
156     0.006018 
157     0.006312 
158     0.004594 
159     0.007670 
160     0.009360 
161     0.007272 
162     0.009045 
163     0.006100 
164     0.007484 
165     0.005353 
166     0.007495 
167     0.006555 
168     0.003636 
169     0.004253 
170     0.003559 
171     0.003217 
172     0.004493 
173     0.006618 
174     0.006797 
175     0.004696 
176     0.002352 
177     0.009403 
178     0.006795 
179     0.007730 
180     0.012278 
181     0.025075 
182     0.028701 
183     0.044672 
184     0.053298 
185     0.041201 
186     0.039552 
187     0.041021 
188     0.021002 
189     0.010686 
190     0.009029 
191     0.009219 
192     0.005359 
193     0.007407 
194     0.006671 
195     0.006626 
196     0.004684 
197     0.004863 
198     0.004137 
199     0.006219 
200     0.006697 
201     0.006302 
202     0.007276 
203     0.009037 
204     0.012410 
205     0.011642 
206     0.011167 
207     0.010211 
208     0.016228 
209     0.026230 
210     0.030879 
211     0.015900 
212     0.021124 
213     0.035007 
214     0.030346 
215     0.025723 
216     0.021146 
217     0.020767 
218     0.017494 
219     0.021868 
220     0.018077 
221     0.010027 
222     0.007884 
223     0.006573 
224     0.007911 
225     0.005977 
226     0.010720 
227     0.010868 
228     0.010772 
229     0.005260 
230     0.009285 
231     0.014933 
232     0.008835 
233     0.001760 
234     0.004071 
235     0.003363 
236     0.004599 
237     0.003345 
238     0.003678 
239     0.005023 
240     0.003563 
241     0.004505 
242     0.005789 
243     0.004645 
244     0.004716 
245     0.005945 
246     0.005031 
247     0.004503 
248     0.005532 
249     0.006517 
250     0.007516 
251     0.008096 
252     0.008896 
253     0.009239 
254     0.011320 
255     0.008604 
256     0.008081 
257     0.005789 
258     0.007817 
259     0.008149 
260     0.006721 
261     0.006459 
262     0.006847 
263     0.007179 
264     0.006392 
265     0.005807 
266     0.005511 
267     0.005587 
268     0.007215 
269     0.006082 
270     0.009027 
271     0.013874 
272     0.011244 
273     0.011961 
274     0.016882 
275     0.016665 
276     0.012266 
277     0.013213 
278     0.009877 
279     0.005745 
280     0.009186 
281     0.009089 
282     0.010844 
283     0.010765 
284     0.012355 
285     0.012996 
286     0.010779 
287     0.011133 
288     0.011172 
289     0.010184 
290     0.011115 
291     0.011337 
292     0.012696 
293     0.012212 
294     0.011005 
295     0.010782 
296     0.010101 
297     0.010527 
298     0.009971 
299     0.014818 
300     0.013418 
301     0.016741 
302     0.019390 
303     0.030128 
304     0.022654 
305     0.017880 
306     0.024023 
307     0.015567 
308     0.002156 
309     0.016977 
310     0.028764 
311     0.027026 
312     0.020671 
313     0.017731 
314     0.018781 
315     0.017334 
316     0.013332 
317     0.017183 
318     0.018725 
319     0.012170 
320     0.014580 
321     0.019703 
322     0.015488 
323     0.014711 
324     0.021764 
325     0.025281 
326     0.023125 
327     0.026005 
328     0.033938 
329     0.028140 
330     0.024490 
331     0.018571 
332     0.020715 
333     0.018588 
334     0.011064 
335     0.014131 
336     0.014697 
337     0.012649 
338     0.006110 
339     0.006941 
340     0.007029 
341     0.009028 
342     0.010144 
343     0.009353 
344     0.009035 
345     0.011293 
346     0.014181 
347     0.010955 
348     0.022581 
349     0.018329 
350     0.018763 
351     0.021608 
352     0.021305 
353     0.017482 
354     0.020410 
355     0.022886 
356     0.019088 
357     0.018356 
358     0.024740 
359     0.022671 
360     0.021291 
361     0.016184 
362     0.007409 
363     0.005842 
364     0.007926 
365     0.007276 
366     0.006193 
367     0.006972 
368     0.005555 
369     0.005898 
370     0.006550 
371     0.005894 
372     0.005153 
373     0.007747 
374     0.008199 
375     0.006109 
376     0.006826 
377     0.011435 
378     0.011453 
379     0.008870 
380     0.008858 
381     0.011583 
382     0.022019 
383     0.018453 
384     0.022616 
385     0.058536 
386     0.109655 
387     0.130478 
388     0.079187 
389     0.246999 
390     0.057916 
391     0.069784 
392     0.061257 
393     0.015733 
394     0.030037 
395     0.028584 
396     0.043499 
397     0.026146 
398     0.033638 
399     0.028722 
400     0.025361 
401     0.016695 
402     0.017229 
403     0.026099 
404     0.061505 
405     0.061003 
406     0.044079 
407     0.020443 
408     0.016679 
409     0.014207 
410     0.031424 
411     0.043257 
412     0.036574 
413     0.030233 
414     0.031420 
415     0.023933 
416     0.010331 
417     0.027765 
418     0.031091 
419     0.030088 
420     0.026520 
421     0.032159 
422     0.039012 
423     0.058864 
424     0.093352 
425     0.107513 
426     0.071441 
427     0.060452 
428     0.048710 
429     0.081328 
430     0.100016 
431     0.097247 
432     0.110835 
433     0.076800 
434     0.054988 
435     0.032575 
436     0.067519 
437     0.059263 
438     0.086172 
439     0.044316 
440     0.028561 
441     0.019620 
442     0.017702 
443     0.028167 
444     0.036642 
445     0.029883 
446     0.023831 
447     0.018491 
448     0.009981 
449     0.004363 
450     0.012142 
451     0.017516 
452     0.026219 
453     0.028562 
454     0.024502 
455     0.011937 
456     0.038555 
457     0.060750 
458     0.065359 
459     0.047213 
460     0.014298 
461     0.036796 
462     0.034956 
463     0.081436 
464     0.115233 
465     0.086304 
466     0.068662 
467     0.030788 
468     0.028732 
469     0.042871 
470     0.033633 
471     0.062598 
472     0.074825 
473     0.103677 
474     0.101522 
475     0.077836 
476     0.044912 
477     0.024303 
478     0.054264 
479     0.051887 
480     0.056773 
481     0.079508 
482     0.073603 
483     0.082091 
484     0.077970 
485     0.046771 
486     0.049069 
487     0.084612 
488     0.086357 
489     0.080090 
490     0.053162 
491     0.094074 
492     0.092474 
493     0.089224 
494     0.097540 
495     0.052533 
496     0.064602 
497     0.064661 
498     0.077365 
499     0.053851 
500     0.043824 
501     0.047726 
502     0.065851 
503     0.083065 
504     0.066294 
505     0.056792 
506     0.063432 
507     0.055796 
508     0.140200 
509     0.159466 
510     0.154757 
511     0.115260 
512     0.035391 
513     0.041809 
514     0.082136 
515     0.063226 
516     0.055666 
517     0.088818 
518     0.063307 
519     0.063913 
520     0.086423 
521     0.061320 
522     0.025771 
523     0.071723 
524     0.106293 
525     0.084178 
526     0.068756 
527     0.085838 
528     0.109105 
529     0.074471 
530     0.055217 
531     0.048643 
532     0.054437 
533     0.064736 
534     0.068517 
535     0.058865 
536     0.064343 
537     0.076926 
538     0.086696 
539     0.064589 
540     0.075489 
541     0.090511 
542     0.062091 
543     0.043156 
544     0.028137 
545     0.037938 
546     0.042646 
547     0.034355 
548     0.064133 
549     0.062604 
550     0.050220 
551     0.071862 
552     0.056072 
553     0.023600 
554     0.045199 
555     0.067363 
556     0.038748 
557     0.030701 
558     0.046089 
559     0.057399 
560     0.053261 
561     0.040847 
562     0.047534 
563     0.054792 
564     0.053456 
565     0.048873 
566     0.048790 
567     0.045325 
568     0.048883 
569     0.045126 
570     0.037679 
571     0.037519 
572     0.038272 
573     0.053126 
574     0.058146 
575     0.042549 
576     0.060448 
577     0.098541 
578     0.081385 
579     0.062480 
580     0.045925 
581     0.028069 
582     0.043443 
583     0.036368 
584     0.033103 
585     0.058291 
586     0.068201 
587     0.049381 
588     0.061504 
589     0.089752 
590     0.071174 
591     0.064160 
592     0.068907 
593     0.079526 
594     0.051317 
595     0.031179 
596     0.021141 
597     0.020541 
598     0.013796 
599     0.034859 
600     0.061086 
601     0.040400 
602     0.063646 
603     0.121398 
604     0.070291 
605     0.127976 
