  1     0.007550 
  2     0.007672 
  3     0.008112 
  4     0.007411 
  5     0.006268 
  6     0.004964 
  7     0.004005 
  8     0.004115 
  9     0.004323 
 10     0.007070 
 11     0.007128 
 12     0.005737 
 13     0.004964 
 14     0.003244 
 15     0.003572 
 16     0.003683 
 17     0.004835 
 18     0.006715 
 19     0.009180 
 20     0.011763 
 21     0.015154 
 22     0.014358 
 23     0.011557 
 24     0.007661 
 25     0.005487 
 26     0.003986 
 27     0.003829 
 28     0.002496 
 29     0.003339 
 30     0.005334 
 31     0.005209 
 32     0.003344 
 33     0.003725 
 34     0.002911 
 35     0.003865 
 36     0.003993 
 37     0.004716 
 38     0.002112 
 39     0.003858 
 40     0.005433 
 41     0.009117 
 42     0.012414 
 43     0.015055 
 44     0.018275 
 45     0.025191 
 46     0.021091 
 47     0.017008 
 48     0.011355 
 49     0.008809 
 50     0.005893 
 51     0.005149 
 52     0.008100 
 53     0.009711 
 54     0.008540 
 55     0.009053 
 56     0.012303 
 57     0.013252 
 58     0.011198 
 59     0.011706 
 60     0.015254 
 61     0.013886 
 62     0.011451 
 63     0.012528 
 64     0.012008 
 65     0.008617 
 66     0.005632 
 67     0.002216 
 68     0.002823 
 69     0.003670 
 70     0.004648 
 71     0.004915 
 72     0.005610 
 73     0.006805 
 74     0.008793 
 75     0.010212 
 76     0.012212 
 77     0.010968 
 78     0.011501 
 79     0.010297 
 80     0.008549 
 81     0.006078 
 82     0.005826 
 83     0.005475 
 84     0.002800 
 85     0.002529 
 86     0.005192 
 87     0.004552 
 88     0.005442 
 89     0.005650 
 90     0.009128 
 91     0.009262 
 92     0.010618 
 93     0.008842 
 94     0.011720 
 95     0.013757 
 96     0.016215 
 97     0.021191 
 98     0.020784 
 99     0.017222 
100     0.013863 
101     0.009986 
102     0.010512 
103     0.010310 
104     0.013158 
105     0.014148 
106     0.017534 
107     0.017950 
108     0.017542 
109     0.015735 
110     0.013395 
111     0.011409 
112     0.006533 
113     0.006434 
114     0.006616 
115     0.005666 
116     0.004341 
117     0.005078 
118     0.005557 
119     0.003349 
120     0.004331 
121     0.005336 
122     0.004387 
123     0.003426 
124     0.005068 
125     0.006156 
126     0.004453 
127     0.005218 
128     0.007584 
129     0.007317 
130     0.006511 
131     0.009389 
132     0.011222 
133     0.012489 
134     0.010616 
135     0.008052 
136     0.008463 
137     0.007541 
138     0.005903 
139     0.005305 
140     0.004174 
141     0.004814 
142     0.004522 
143     0.010663 
144     0.013991 
145     0.013085 
146     0.004722 
147     0.002362 
148     0.005696 
149     0.005284 
150     0.004963 
151     0.005704 
152     0.006284 
153     0.005774 
154     0.004552 
155     0.005625 
156     0.006337 
157     0.005881 
158     0.005506 
159     0.006926 
160     0.006715 
161     0.006350 
162     0.007556 
163     0.006593 
164     0.007543 
165     0.006609 
166     0.007036 
167     0.006900 
168     0.006546 
169     0.006861 
170     0.008488 
171     0.009864 
172     0.010954 
173     0.013599 
174     0.008829 
175     0.009836 
176     0.010643 
177     0.010452 
178     0.009766 
179     0.012992 
180     0.021462 
181     0.016648 
182     0.022228 
183     0.054147 
184     0.054389 
185     0.013808 
186     0.030052 
187     0.030006 
188     0.015611 
189     0.014000 
190     0.011195 
191     0.009381 
192     0.010225 
193     0.009435 
194     0.010741 
195     0.011211 
196     0.012409 
197     0.011516 
198     0.014981 
199     0.015579 
200     0.013291 
201     0.013145 
202     0.012397 
203     0.013271 
204     0.013136 
205     0.014813 
206     0.018395 
207     0.024025 
208     0.040808 
209     0.063193 
210     0.081347 
211     0.102406 
212     0.114848 
213     0.093056 
214     0.084168 
215     0.050986 
216     0.033448 
217     0.020947 
218     0.018419 
219     0.017030 
220     0.018115 
221     0.016383 
222     0.016557 
223     0.015274 
224     0.016130 
225     0.018385 
226     0.017312 
227     0.013802 
228     0.011829 
229     0.012942 
230     0.017521 
231     0.015791 
232     0.015268 
233     0.017914 
234     0.018405 
235     0.018343 
236     0.018144 
237     0.017209 
238     0.018595 
239     0.018510 
240     0.014138 
241     0.011574 
242     0.012157 
243     0.013115 
244     0.008323 
245     0.004690 
246     0.009313 
247     0.014018 
248     0.011126 
249     0.011009 
250     0.010690 
251     0.010320 
252     0.012454 
253     0.016727 
254     0.019402 
255     0.016787 
256     0.019084 
257     0.015379 
258     0.009826 
259     0.013951 
260     0.016295 
261     0.012164 
262     0.012046 
263     0.016002 
264     0.017187 
265     0.015346 
266     0.016292 
267     0.017813 
268     0.018514 
269     0.016895 
270     0.017154 
271     0.016642 
272     0.016845 
273     0.016289 
274     0.015191 
275     0.015821 
276     0.015181 
277     0.015420 
278     0.015196 
279     0.015317 
280     0.014489 
281     0.013844 
282     0.012795 
283     0.009999 
284     0.009456 
285     0.005768 
286     0.005923 
287     0.011691 
288     0.018343 
289     0.032045 
290     0.042788 
291     0.042987 
292     0.029053 
293     0.016979 
294     0.011131 
295     0.010656 
296     0.007897 
297     0.010575 
298     0.012622 
299     0.013326 
300     0.015348 
301     0.016379 
302     0.017303 
303     0.017991 
304     0.017482 
305     0.017991 
306     0.018420 
307     0.017013 
308     0.016998 
309     0.017099 
310     0.015460 
311     0.013189 
312     0.012044 
313     0.008268 
314     0.007878 
315     0.011844 
316     0.009751 
317     0.008472 
318     0.012240 
319     0.014654 
320     0.012176 
321     0.015071 
322     0.018371 
323     0.017113 
324     0.018307 
325     0.020204 
326     0.023667 
327     0.023680 
328     0.023667 
329     0.021161 
330     0.018540 
331     0.015421 
332     0.017891 
333     0.020171 
334     0.012814 
335     0.012513 
336     0.008286 
337     0.006597 
338     0.009431 
339     0.008124 
340     0.009383 
341     0.010852 
342     0.011961 
343     0.011359 
344     0.009706 
345     0.010928 
346     0.012040 
347     0.010575 
348     0.009677 
349     0.007842 
350     0.006889 
351     0.006857 
352     0.005135 
353     0.005569 
354     0.007138 
355     0.007973 
356     0.008231 
357     0.010520 
358     0.012593 
359     0.011785 
360     0.009331 
361     0.006425 
362     0.008402 
363     0.009132 
364     0.012359 
365     0.010124 
366     0.007938 
367     0.008982 
368     0.007522 
369     0.006530 
370     0.008276 
371     0.008179 
372     0.005469 
373     0.006168 
374     0.007172 
375     0.006020 
376     0.006050 
377     0.007005 
378     0.007412 
379     0.006970 
380     0.009004 
381     0.012230 
382     0.013136 
383     0.004724 
384     0.007307 
385     0.010214 
386     0.041906 
387     0.073920 
388     0.119985 
389     0.126923 
390     0.074665 
391     0.067563 
392     0.082473 
393     0.104012 
394     0.117052 
395     0.098867 
396     0.079970 
397     0.049662 
398     0.047322 
399     0.048627 
400     0.048302 
401     0.048665 
402     0.049122 
403     0.045799 
404     0.048518 
405     0.036690 
406     0.041331 
407     0.033776 
408     0.039046 
409     0.049324 
410     0.051894 
411     0.049668 
412     0.053111 
413     0.064132 
414     0.069890 
415     0.091752 
416     0.081042 
417     0.081989 
418     0.078581 
419     0.061679 
420     0.043138 
421     0.023873 
422     0.029825 
423     0.030620 
424     0.039264 
425     0.038835 
426     0.047890 
427     0.058142 
428     0.066422 
429     0.063495 
430     0.084005 
431     0.086571 
432     0.089151 
433     0.080586 
434     0.076962 
435     0.066730 
436     0.060831 
437     0.053692 
438     0.044781 
439     0.050545 
440     0.046987 
441     0.049255 
442     0.048488 
443     0.041631 
444     0.039526 
445     0.026588 
446     0.024151 
447     0.033444 
448     0.040914 
449     0.046326 
450     0.040161 
451     0.040154 
452     0.057549 
453     0.062126 
454     0.054269 
455     0.045958 
456     0.045269 
457     0.037027 
458     0.040633 
459     0.043355 
460     0.056224 
461     0.065422 
462     0.066062 
463     0.074408 
464     0.083841 
465     0.077285 
466     0.080089 
467     0.074025 
468     0.065935 
469     0.061450 
470     0.056619 
471     0.044621 
472     0.043699 
473     0.033363 
474     0.033813 
475     0.024133 
476     0.026830 
477     0.021651 
478     0.041463 
479     0.054540 
480     0.085489 
481     0.085965 
482     0.077049 
483     0.045054 
484     0.034898 
485     0.017875 
486     0.021624 
487     0.020740 
488     0.029580 
489     0.034501 
490     0.043962 
491     0.039363 
492     0.050925 
493     0.054618 
494     0.043303 
495     0.043696 
496     0.031810 
497     0.027927 
498     0.017949 
499     0.018812 
500     0.018495 
501     0.032689 
502     0.036134 
503     0.057799 
504     0.057691 
505     0.058599 
506     0.068109 
507     0.065098 
508     0.093911 
509     0.073055 
510     0.054612 
511     0.055528 
512     0.042942 
513     0.036547 
514     0.036667 
515     0.030551 
516     0.050452 
517     0.078489 
518     0.070553 
519     0.060429 
520     0.116367 
521     0.144621 
522     0.116307 
523     0.114874 
524     0.145932 
525     0.120978 
526     0.057242 
527     0.077618 
528     0.083522 
529     0.054785 
530     0.030350 
531     0.041223 
532     0.038350 
533     0.030115 
534     0.034505 
535     0.043477 
536     0.044030 
537     0.046521 
538     0.042045 
539     0.041666 
540     0.048175 
541     0.039728 
542     0.039769 
543     0.047790 
544     0.060836 
545     0.055402 
546     0.053978 
547     0.052729 
548     0.061827 
549     0.065991 
550     0.049399 
551     0.053179 
552     0.082476 
553     0.080365 
554     0.077155 
555     0.089703 
556     0.091858 
557     0.070172 
558     0.067415 
559     0.071399 
560     0.051820 
561     0.048921 
562     0.054077 
563     0.046451 
564     0.033593 
565     0.043638 
566     0.046632 
567     0.033483 
568     0.038790 
569     0.050331 
570     0.052323 
571     0.045735 
572     0.050972 
573     0.056013 
574     0.057617 
575     0.053458 
576     0.051131 
577     0.058189 
578     0.056643 
579     0.053221 
580     0.051044 
581     0.044333 
582     0.046867 
583     0.051099 
584     0.048280 
585     0.049946 
586     0.053393 
587     0.051908 
588     0.050549 
589     0.058477 
590     0.048791 
591     0.048267 
592     0.056842 
593     0.048165 
594     0.036446 
595     0.055052 
596     0.054171 
597     0.064750 
598     0.069309 
599     0.093345 
600     0.108181 
601     0.106179 
602     0.113056 
603     0.147775 
604     0.128814 
605     0.153639 
