  1     0.008587 
  2     0.008319 
  3     0.008751 
  4     0.008202 
  5     0.007386 
  6     0.008043 
  7     0.005564 
  8     0.005120 
  9     0.002764 
 10     0.002188 
 11     0.003967 
 12     0.003835 
 13     0.001725 
 14     0.002159 
 15     0.002834 
 16     0.004573 
 17     0.008242 
 18     0.010156 
 19     0.007020 
 20     0.020241 
 21     0.031229 
 22     0.026941 
 23     0.015131 
 24     0.004698 
 25     0.014161 
 26     0.009525 
 27     0.004174 
 28     0.002001 
 29     0.003924 
 30     0.010228 
 31     0.006647 
 32     0.004326 
 33     0.001178 
 34     0.002016 
 35     0.001380 
 36     0.003811 
 37     0.005140 
 38     0.006169 
 39     0.008166 
 40     0.007515 
 41     0.008690 
 42     0.015290 
 43     0.009133 
 44     0.015599 
 45     0.025580 
 46     0.030271 
 47     0.026764 
 48     0.012954 
 49     0.006585 
 50     0.006007 
 51     0.005164 
 52     0.003839 
 53     0.005809 
 54     0.005732 
 55     0.012133 
 56     0.018711 
 57     0.014339 
 58     0.018062 
 59     0.022797 
 60     0.018412 
 61     0.012736 
 62     0.013397 
 63     0.012591 
 64     0.008535 
 65     0.012367 
 66     0.009819 
 67     0.004977 
 68     0.006300 
 69     0.010956 
 70     0.009370 
 71     0.014090 
 72     0.015857 
 73     0.013677 
 74     0.015463 
 75     0.016375 
 76     0.013246 
 77     0.014448 
 78     0.022705 
 79     0.025526 
 80     0.045154 
 81     0.018735 
 82     0.012665 
 83     0.027853 
 84     0.013173 
 85     0.010134 
 86     0.012594 
 87     0.024802 
 88     0.037576 
 89     0.014426 
 90     0.018409 
 91     0.010713 
 92     0.013952 
 93     0.011785 
 94     0.010955 
 95     0.011799 
 96     0.012067 
 97     0.018190 
 98     0.026838 
 99     0.012048 
100     0.014755 
101     0.014034 
102     0.011986 
103     0.011521 
104     0.024565 
105     0.019573 
106     0.017738 
107     0.031144 
108     0.020139 
109     0.013894 
110     0.013037 
111     0.012761 
112     0.011231 
113     0.012676 
114     0.012609 
115     0.012053 
116     0.010954 
117     0.011268 
118     0.009889 
119     0.006750 
120     0.006718 
121     0.009358 
122     0.007030 
123     0.006658 
124     0.007139 
125     0.006988 
126     0.006060 
127     0.005332 
128     0.005518 
129     0.001923 
130     0.002574 
131     0.010144 
132     0.011032 
133     0.010838 
134     0.006239 
135     0.008822 
136     0.010736 
137     0.008253 
138     0.005877 
139     0.006037 
140     0.004138 
141     0.005677 
142     0.009233 
143     0.019249 
144     0.024700 
145     0.036326 
146     0.015809 
147     0.066230 
148     0.054666 
149     0.033418 
150     0.017761 
151     0.016282 
152     0.008721 
153     0.010629 
154     0.005310 
155     0.002972 
156     0.006487 
157     0.009652 
158     0.006003 
159     0.009553 
160     0.011685 
161     0.009914 
162     0.011888 
163     0.008274 
164     0.009121 
165     0.005656 
166     0.007962 
167     0.006396 
168     0.006750 
169     0.002615 
170     0.006124 
171     0.009153 
172     0.007583 
173     0.007337 
174     0.007337 
175     0.011430 
176     0.011105 
177     0.011964 
178     0.012849 
179     0.015028 
180     0.021176 
181     0.013687 
182     0.012586 
183     0.013818 
184     0.010414 
185     0.004316 
186     0.003831 
187     0.003864 
188     0.006568 
189     0.005420 
190     0.005686 
191     0.003036 
192     0.006286 
193     0.000758 
194     0.001727 
195     0.001859 
196     0.004007 
197     0.004895 
198     0.007422 
199     0.007125 
200     0.007609 
201     0.009566 
202     0.007478 
203     0.006727 
204     0.001837 
205     0.005100 
206     0.006880 
207     0.006306 
208     0.004182 
209     0.002307 
210     0.003679 
211     0.003665 
212     0.009679 
213     0.008833 
214     0.008968 
215     0.007660 
216     0.008833 
217     0.004515 
218     0.004343 
219     0.000964 
220     0.004011 
221     0.008779 
222     0.012081 
223     0.009519 
224     0.008575 
225     0.006761 
226     0.012198 
227     0.010883 
228     0.014505 
229     0.019369 
230     0.016132 
231     0.010142 
232     0.013851 
233     0.014987 
234     0.012258 
235     0.003158 
236     0.003936 
237     0.008985 
238     0.016547 
239     0.013014 
240     0.004077 
241     0.011898 
242     0.015294 
243     0.011940 
244     0.010116 
245     0.004749 
246     0.009670 
247     0.013621 
248     0.004200 
249     0.006384 
250     0.006317 
251     0.010538 
252     0.013988 
253     0.017005 
254     0.018224 
255     0.003889 
256     0.006903 
257     0.008093 
258     0.008625 
259     0.011976 
260     0.013674 
261     0.005223 
262     0.005480 
263     0.006671 
264     0.003160 
265     0.004081 
266     0.006560 
267     0.007231 
268     0.010211 
269     0.010057 
270     0.008840 
271     0.015414 
272     0.008991 
273     0.002605 
274     0.005141 
275     0.002592 
276     0.006069 
277     0.004359 
278     0.003702 
279     0.006953 
280     0.006723 
281     0.004648 
282     0.004094 
283     0.001580 
284     0.001565 
285     0.003439 
286     0.005721 
287     0.002446 
288     0.001245 
289     0.001585 
290     0.001505 
291     0.000977 
292     0.000983 
293     0.000749 
294     0.001315 
295     0.002012 
296     0.004497 
297     0.002120 
298     0.001097 
299     0.005321 
300     0.003920 
301     0.002243 
302     0.002676 
303     0.010936 
304     0.011148 
305     0.002227 
306     0.020195 
307     0.020881 
308     0.010168 
309     0.014480 
310     0.016268 
311     0.017555 
312     0.019239 
313     0.022469 
314     0.022971 
315     0.018045 
316     0.012252 
317     0.019066 
318     0.014194 
319     0.010300 
320     0.009678 
321     0.010199 
322     0.007966 
323     0.006886 
324     0.007261 
325     0.008180 
326     0.004367 
327     0.003859 
328     0.010501 
329     0.012376 
330     0.006403 
331     0.008870 
332     0.008852 
333     0.009798 
334     0.007708 
335     0.005520 
336     0.003821 
337     0.007535 
338     0.010594 
339     0.009207 
340     0.007253 
341     0.007495 
342     0.009633 
343     0.012156 
344     0.009913 
345     0.008585 
346     0.012023 
347     0.008120 
348     0.016596 
349     0.014263 
350     0.015258 
351     0.014933 
352     0.012580 
353     0.012597 
354     0.015791 
355     0.014850 
356     0.010995 
357     0.015158 
358     0.014508 
359     0.011834 
360     0.013867 
361     0.011352 
362     0.011766 
363     0.010972 
364     0.012889 
365     0.010965 
366     0.007713 
367     0.008236 
368     0.006154 
369     0.007181 
370     0.009347 
371     0.008820 
372     0.007368 
373     0.008429 
374     0.008277 
375     0.007379 
376     0.008846 
377     0.009365 
378     0.008170 
379     0.008239 
380     0.009129 
381     0.005615 
382     0.007085 
383     0.008209 
384     0.011214 
385     0.038964 
386     0.042200 
387     0.079895 
388     0.106362 
389     0.067263 
390     0.072504 
391     0.076436 
392     0.049087 
393     0.136956 
394     0.121440 
395     0.065672 
396     0.205492 
397     0.041214 
398     0.066011 
399     0.064623 
400     0.044614 
401     0.056730 
402     0.048250 
403     0.042473 
404     0.064668 
405     0.075638 
406     0.067144 
407     0.046114 
408     0.044014 
409     0.057689 
410     0.047142 
411     0.066752 
412     0.077884 
413     0.060435 
414     0.075420 
415     0.065774 
416     0.040528 
417     0.092452 
418     0.074176 
419     0.061074 
420     0.054345 
421     0.048142 
422     0.044303 
423     0.032291 
424     0.061781 
425     0.082717 
426     0.069412 
427     0.021852 
428     0.026517 
429     0.041455 
430     0.056792 
431     0.039299 
432     0.020483 
433     0.026503 
434     0.032433 
435     0.036868 
436     0.056850 
437     0.026110 
438     0.032631 
439     0.041946 
440     0.022647 
441     0.059794 
442     0.060045 
443     0.050162 
444     0.041735 
445     0.059564 
446     0.056060 
447     0.051564 
448     0.052968 
449     0.049549 
450     0.048140 
451     0.055177 
452     0.056938 
453     0.053040 
454     0.040759 
455     0.022605 
456     0.020880 
457     0.034444 
458     0.042669 
459     0.058182 
460     0.032013 
461     0.037091 
462     0.026885 
463     0.041798 
464     0.045782 
465     0.041637 
466     0.049781 
467     0.037395 
468     0.030426 
469     0.042747 
470     0.027298 
471     0.025791 
472     0.022442 
473     0.015240 
474     0.043208 
475     0.054861 
476     0.041446 
477     0.062028 
478     0.052956 
479     0.064504 
480     0.082802 
481     0.122880 
482     0.055184 
483     0.039939 
484     0.063273 
485     0.082262 
486     0.045538 
487     0.100482 
488     0.042308 
489     0.044440 
490     0.011741 
491     0.007960 
492     0.026848 
493     0.030824 
494     0.027751 
495     0.015780 
496     0.011588 
497     0.025588 
498     0.027747 
499     0.036642 
500     0.042476 
501     0.042235 
502     0.044419 
503     0.024186 
504     0.111711 
505     0.066577 
506     0.074228 
507     0.054355 
508     0.260888 
509     0.058984 
510     0.115033 
511     0.091847 
512     0.023173 
513     0.107201 
514     0.069082 
515     0.025280 
516     0.013496 
517     0.052717 
518     0.073287 
519     0.015400 
520     0.122523 
521     0.161758 
522     0.070398 
523     0.046484 
524     0.102194 
525     0.077701 
526     0.051279 
527     0.092590 
528     0.094484 
529     0.043119 
530     0.057730 
531     0.066346 
532     0.084727 
533     0.093223 
534     0.092486 
535     0.068384 
536     0.062285 
537     0.067022 
538     0.050068 
539     0.015816 
540     0.039734 
541     0.132560 
542     0.079321 
543     0.058452 
544     0.179357 
545     0.162901 
546     0.039113 
547     0.076401 
548     0.071162 
549     0.029182 
550     0.008963 
551     0.043766 
552     0.075935 
553     0.052444 
554     0.079405 
555     0.062064 
556     0.051020 
557     0.036300 
558     0.066191 
559     0.098530 
560     0.116774 
561     0.018973 
562     0.024415 
563     0.076720 
564     0.025957 
565     0.018581 
566     0.053347 
567     0.040188 
568     0.023783 
569     0.049500 
570     0.056736 
571     0.023097 
572     0.022373 
573     0.022771 
574     0.038496 
575     0.030042 
576     0.028603 
577     0.112918 
578     0.102602 
579     0.072566 
580     0.032697 
581     0.031795 
582     0.020122 
583     0.015070 
584     0.013231 
585     0.017348 
586     0.025539 
587     0.019507 
588     0.031952 
589     0.038222 
590     0.026206 
591     0.033251 
592     0.054970 
593     0.037596 
594     0.014250 
595     0.020406 
596     0.019091 
597     0.017928 
598     0.009823 
599     0.011818 
600     0.071212 
601     0.009895 
602     0.046277 
603     0.132200 
604     0.038876 
605     0.136288 
