  1     0.032425 
  2     0.033635 
  3     0.033147 
  4     0.032917 
  5     0.030501 
  6     0.027637 
  7     0.025484 
  8     0.023103 
  9     0.021708 
 10     0.021421 
 11     0.023840 
 12     0.022614 
 13     0.023408 
 14     0.023473 
 15     0.024717 
 16     0.026478 
 17     0.028046 
 18     0.030708 
 19     0.031154 
 20     0.034078 
 21     0.034512 
 22     0.032234 
 23     0.032037 
 24     0.029532 
 25     0.030207 
 26     0.028131 
 27     0.030119 
 28     0.029266 
 29     0.028983 
 30     0.031998 
 31     0.036290 
 32     0.029454 
 33     0.027818 
 34     0.027336 
 35     0.023878 
 36     0.023558 
 37     0.024982 
 38     0.019247 
 39     0.019214 
 40     0.008858 
 41     0.029021 
 42     0.051194 
 43     0.078670 
 44     0.097073 
 45     0.161725 
 46     0.127762 
 47     0.095008 
 48     0.044934 
 49     0.026620 
 50     0.011021 
 51     0.016215 
 52     0.030433 
 53     0.040841 
 54     0.035658 
 55     0.050918 
 56     0.074239 
 57     0.084397 
 58     0.072800 
 59     0.098570 
 60     0.103006 
 61     0.075116 
 62     0.057285 
 63     0.036227 
 64     0.032718 
 65     0.027139 
 66     0.011599 
 67     0.017639 
 68     0.022134 
 69     0.018946 
 70     0.025965 
 71     0.039541 
 72     0.039719 
 73     0.033523 
 74     0.040233 
 75     0.065362 
 76     0.085065 
 77     0.083350 
 78     0.099722 
 79     0.099341 
 80     0.106548 
 81     0.068215 
 82     0.068369 
 83     0.085819 
 84     0.092878 
 85     0.068726 
 86     0.064424 
 87     0.082912 
 88     0.078276 
 89     0.055877 
 90     0.044224 
 91     0.020352 
 92     0.009880 
 93     0.032397 
 94     0.053375 
 95     0.074684 
 96     0.078855 
 97     0.113159 
 98     0.114502 
 99     0.102160 
100     0.077778 
101     0.059927 
102     0.047374 
103     0.030775 
104     0.032282 
105     0.034201 
106     0.055001 
107     0.051623 
108     0.067932 
109     0.060846 
110     0.049818 
111     0.046758 
112     0.024292 
113     0.020396 
114     0.017882 
115     0.010229 
116     0.012316 
117     0.013070 
118     0.011977 
119     0.011184 
120     0.015145 
121     0.017414 
122     0.013449 
123     0.021887 
124     0.024760 
125     0.028801 
126     0.029111 
127     0.031157 
128     0.035035 
129     0.036984 
130     0.039446 
131     0.042832 
132     0.045006 
133     0.044063 
134     0.036972 
135     0.034043 
136     0.032229 
137     0.031521 
138     0.028022 
139     0.027404 
140     0.024025 
141     0.021187 
142     0.018595 
143     0.012592 
144     0.018269 
145     0.024346 
146     0.015816 
147     0.011826 
148     0.008681 
149     0.013131 
150     0.017618 
151     0.016426 
152     0.015415 
153     0.019257 
154     0.016190 
155     0.017130 
156     0.015623 
157     0.013424 
158     0.015736 
159     0.017477 
160     0.016112 
161     0.016057 
162     0.022078 
163     0.022671 
164     0.026845 
165     0.026605 
166     0.029985 
167     0.027690 
168     0.024499 
169     0.023477 
170     0.018620 
171     0.014976 
172     0.012749 
173     0.017773 
174     0.018041 
175     0.012642 
176     0.011303 
177     0.018044 
178     0.017246 
179     0.011722 
180     0.009442 
181     0.009923 
182     0.016572 
183     0.038963 
184     0.048192 
185     0.017774 
186     0.009244 
187     0.006710 
188     0.007404 
189     0.006945 
190     0.005807 
191     0.007172 
192     0.004720 
193     0.007128 
194     0.004478 
195     0.007849 
196     0.002491 
197     0.007131 
198     0.002358 
199     0.005749 
200     0.006293 
201     0.006903 
202     0.009717 
203     0.010090 
204     0.012502 
205     0.014104 
206     0.011462 
207     0.012748 
208     0.009626 
209     0.031176 
210     0.042086 
211     0.052413 
212     0.065774 
213     0.053239 
214     0.038586 
215     0.013880 
216     0.022646 
217     0.022911 
218     0.021408 
219     0.022974 
220     0.024243 
221     0.015649 
222     0.018639 
223     0.015191 
224     0.013062 
225     0.014328 
226     0.012261 
227     0.011091 
228     0.013939 
229     0.017330 
230     0.022641 
231     0.022370 
232     0.025295 
233     0.028690 
234     0.028935 
235     0.027248 
236     0.030813 
237     0.030487 
238     0.023731 
239     0.024407 
240     0.029231 
241     0.015964 
242     0.018687 
243     0.035832 
244     0.029584 
245     0.028762 
246     0.050252 
247     0.056423 
248     0.043682 
249     0.046881 
250     0.028738 
251     0.023910 
252     0.021288 
253     0.030723 
254     0.040443 
255     0.026287 
256     0.033555 
257     0.036904 
258     0.028332 
259     0.027675 
260     0.038363 
261     0.039876 
262     0.033108 
263     0.035745 
264     0.046418 
265     0.047425 
266     0.038788 
267     0.036305 
268     0.045850 
269     0.039922 
270     0.031464 
271     0.030705 
272     0.035435 
273     0.028592 
274     0.031688 
275     0.028608 
276     0.029136 
277     0.028105 
278     0.034750 
279     0.043102 
280     0.055548 
281     0.052336 
282     0.065419 
283     0.058674 
284     0.064402 
285     0.036977 
286     0.044824 
287     0.027927 
288     0.055173 
289     0.070047 
290     0.278732 
291     0.251219 
292     0.176717 
293     0.049183 
294     0.037904 
295     0.050455 
296     0.055633 
297     0.063200 
298     0.055331 
299     0.052154 
300     0.039396 
301     0.037001 
302     0.030312 
303     0.039707 
304     0.046327 
305     0.031832 
306     0.027307 
307     0.030872 
308     0.026754 
309     0.021956 
310     0.013416 
311     0.018343 
312     0.021745 
313     0.025893 
314     0.031356 
315     0.024913 
316     0.020930 
317     0.028661 
318     0.031601 
319     0.024583 
320     0.022312 
321     0.032981 
322     0.032901 
323     0.024353 
324     0.031236 
325     0.040077 
326     0.039044 
327     0.034893 
328     0.041274 
329     0.035640 
330     0.035738 
331     0.031358 
332     0.029866 
333     0.023414 
334     0.015335 
335     0.011639 
336     0.009474 
337     0.010286 
338     0.005814 
339     0.006806 
340     0.003818 
341     0.004399 
342     0.009971 
343     0.016640 
344     0.015261 
345     0.022341 
346     0.030377 
347     0.032368 
348     0.029402 
349     0.025704 
350     0.027070 
351     0.033750 
352     0.031959 
353     0.026452 
354     0.031189 
355     0.038834 
356     0.035144 
357     0.030114 
358     0.035958 
359     0.029570 
360     0.028433 
361     0.018927 
362     0.014985 
363     0.015654 
364     0.019214 
365     0.019336 
366     0.020694 
367     0.011089 
368     0.014327 
369     0.020345 
370     0.017087 
371     0.015948 
372     0.022302 
373     0.023878 
374     0.021565 
375     0.024852 
376     0.027755 
377     0.027567 
378     0.028907 
379     0.030214 
380     0.030408 
381     0.029639 
382     0.025582 
383     0.031472 
384     0.023448 
385     0.010817 
386     0.051240 
387     0.059959 
388     0.064975 
389     0.118963 
390     0.037428 
391     0.012597 
392     0.023890 
393     0.047724 
394     0.065041 
395     0.059582 
396     0.046673 
397     0.023367 
398     0.019065 
399     0.020150 
400     0.024665 
401     0.027189 
402     0.030259 
403     0.028511 
404     0.043175 
405     0.040400 
406     0.036551 
407     0.032284 
408     0.028650 
409     0.027539 
410     0.025055 
411     0.023554 
412     0.015336 
413     0.019003 
414     0.019638 
415     0.040000 
416     0.026594 
417     0.027285 
418     0.038185 
419     0.035480 
420     0.020653 
421     0.026401 
422     0.024318 
423     0.028702 
424     0.028676 
425     0.027928 
426     0.029857 
427     0.026995 
428     0.032253 
429     0.044487 
430     0.056851 
431     0.060616 
432     0.054619 
433     0.044654 
434     0.035761 
435     0.025567 
436     0.016449 
437     0.013437 
438     0.018630 
439     0.026076 
440     0.026172 
441     0.025696 
442     0.026040 
443     0.024524 
444     0.024765 
445     0.028328 
446     0.028920 
447     0.031448 
448     0.030757 
449     0.033724 
450     0.031946 
451     0.028986 
452     0.026161 
453     0.025478 
454     0.027065 
455     0.027026 
456     0.023630 
457     0.023519 
458     0.017032 
459     0.013157 
460     0.021016 
461     0.024251 
462     0.020064 
463     0.026347 
464     0.044779 
465     0.045850 
466     0.058362 
467     0.054850 
468     0.055516 
469     0.049798 
470     0.031825 
471     0.029637 
472     0.019979 
473     0.026339 
474     0.024155 
475     0.027294 
476     0.024056 
477     0.027602 
478     0.029716 
479     0.036094 
480     0.046091 
481     0.038378 
482     0.039185 
483     0.027907 
484     0.029184 
485     0.026613 
486     0.024514 
487     0.025854 
488     0.021770 
489     0.022931 
490     0.016952 
491     0.028126 
492     0.021989 
493     0.014960 
494     0.026770 
495     0.022678 
496     0.028296 
497     0.025673 
498     0.028026 
499     0.024363 
500     0.025228 
501     0.028741 
502     0.031253 
503     0.041016 
504     0.051537 
505     0.040140 
506     0.031872 
507     0.022794 
508     0.030915 
509     0.050079 
510     0.059293 
511     0.042204 
512     0.031659 
513     0.053282 
514     0.052819 
515     0.031312 
516     0.042028 
517     0.057200 
518     0.046510 
519     0.033450 
520     0.054638 
521     0.061623 
522     0.045068 
523     0.038661 
524     0.040128 
525     0.037890 
526     0.026580 
527     0.024414 
528     0.027886 
529     0.029458 
530     0.030135 
531     0.031014 
532     0.031564 
533     0.038836 
534     0.038954 
535     0.029476 
536     0.027667 
537     0.039434 
538     0.029457 
539     0.015442 
540     0.017917 
541     0.015335 
542     0.009467 
543     0.005799 
544     0.013487 
545     0.017316 
546     0.022288 
547     0.022899 
548     0.028631 
549     0.025137 
550     0.016356 
551     0.020306 
552     0.019959 
553     0.012683 
554     0.005814 
555     0.019707 
556     0.023275 
557     0.019786 
558     0.026227 
559     0.022507 
560     0.023472 
561     0.019666 
562     0.013652 
563     0.013049 
564     0.013532 
565     0.013927 
566     0.010586 
567     0.010927 
568     0.013119 
569     0.010776 
570     0.011621 
571     0.017268 
572     0.011222 
573     0.013550 
574     0.024319 
575     0.020829 
576     0.018543 
577     0.034251 
578     0.035062 
579     0.035315 
580     0.023188 
581     0.008150 
582     0.021477 
583     0.022844 
584     0.010662 
585     0.019760 
586     0.026239 
587     0.018191 
588     0.016758 
589     0.025530 
590     0.017737 
591     0.016597 
592     0.023634 
593     0.015655 
594     0.015285 
595     0.025067 
596     0.031640 
597     0.033171 
598     0.025711 
599     0.037134 
600     0.047942 
601     0.035693 
602     0.039375 
603     0.059690 
604     0.043886 
605     0.061229 
