  1     0.018418 
  2     0.019136 
  3     0.018658 
  4     0.018836 
  5     0.017542 
  6     0.016870 
  7     0.014165 
  8     0.012757 
  9     0.009881 
 10     0.007202 
 11     0.006071 
 12     0.006444 
 13     0.007944 
 14     0.009668 
 15     0.013043 
 16     0.014729 
 17     0.017724 
 18     0.019126 
 19     0.019593 
 20     0.019830 
 21     0.019570 
 22     0.021177 
 23     0.022889 
 24     0.022128 
 25     0.021070 
 26     0.019078 
 27     0.018320 
 28     0.018185 
 29     0.015635 
 30     0.018094 
 31     0.020226 
 32     0.021688 
 33     0.017671 
 34     0.016322 
 35     0.013817 
 36     0.012522 
 37     0.008716 
 38     0.005995 
 39     0.008710 
 40     0.011307 
 41     0.018380 
 42     0.023091 
 43     0.030521 
 44     0.037083 
 45     0.041520 
 46     0.035264 
 47     0.032295 
 48     0.024493 
 49     0.021601 
 50     0.015145 
 51     0.013738 
 52     0.016328 
 53     0.023975 
 54     0.018143 
 55     0.016370 
 56     0.023892 
 57     0.030042 
 58     0.025979 
 59     0.035927 
 60     0.039504 
 61     0.033950 
 62     0.030540 
 63     0.030285 
 64     0.024284 
 65     0.019685 
 66     0.013214 
 67     0.009408 
 68     0.010130 
 69     0.010281 
 70     0.010329 
 71     0.016323 
 72     0.018224 
 73     0.015259 
 74     0.021001 
 75     0.026867 
 76     0.032566 
 77     0.035041 
 78     0.042079 
 79     0.040340 
 80     0.042318 
 81     0.034242 
 82     0.032740 
 83     0.040191 
 84     0.039414 
 85     0.032546 
 86     0.035518 
 87     0.040748 
 88     0.037568 
 89     0.032430 
 90     0.032935 
 91     0.026732 
 92     0.028181 
 93     0.026733 
 94     0.028185 
 95     0.030872 
 96     0.026416 
 97     0.029857 
 98     0.033095 
 99     0.035123 
100     0.028576 
101     0.025546 
102     0.019953 
103     0.018295 
104     0.020637 
105     0.020318 
106     0.027719 
107     0.026101 
108     0.016162 
109     0.014475 
110     0.009401 
111     0.012258 
112     0.011232 
113     0.010348 
114     0.007140 
115     0.004956 
116     0.005673 
117     0.006726 
118     0.007055 
119     0.007864 
120     0.009388 
121     0.009579 
122     0.010613 
123     0.011381 
124     0.012621 
125     0.012463 
126     0.014310 
127     0.015328 
128     0.017046 
129     0.018302 
130     0.021181 
131     0.023199 
132     0.022541 
133     0.021917 
134     0.017896 
135     0.017714 
136     0.018168 
137     0.018323 
138     0.016851 
139     0.016936 
140     0.014725 
141     0.014065 
142     0.013383 
143     0.012131 
144     0.016281 
145     0.018794 
146     0.020844 
147     0.028658 
148     0.030144 
149     0.027700 
150     0.022058 
151     0.021632 
152     0.022982 
153     0.017791 
154     0.014891 
155     0.017111 
156     0.015628 
157     0.011457 
158     0.013695 
159     0.015505 
160     0.011653 
161     0.010852 
162     0.014664 
163     0.016024 
164     0.018578 
165     0.017990 
166     0.019069 
167     0.018319 
168     0.019202 
169     0.018751 
170     0.017620 
171     0.015002 
172     0.017833 
173     0.021472 
174     0.019562 
175     0.019739 
176     0.023424 
177     0.024985 
178     0.023651 
179     0.026562 
180     0.033508 
181     0.032223 
182     0.036650 
183     0.051400 
184     0.053801 
185     0.044030 
186     0.044657 
187     0.037675 
188     0.029743 
189     0.023882 
190     0.020925 
191     0.016629 
192     0.016096 
193     0.013411 
194     0.013358 
195     0.011751 
196     0.012066 
197     0.011042 
198     0.011510 
199     0.010524 
200     0.011285 
201     0.012834 
202     0.012894 
203     0.015524 
204     0.017038 
205     0.021027 
206     0.026056 
207     0.030541 
208     0.039908 
209     0.049652 
210     0.053683 
211     0.058228 
212     0.064092 
213     0.056859 
214     0.050856 
215     0.040501 
216     0.029918 
217     0.027123 
218     0.022592 
219     0.022130 
220     0.018700 
221     0.016355 
222     0.015674 
223     0.014186 
224     0.014325 
225     0.014288 
226     0.016171 
227     0.017037 
228     0.016794 
229     0.017656 
230     0.021227 
231     0.027796 
232     0.025088 
233     0.021365 
234     0.029409 
235     0.033884 
236     0.024318 
237     0.021249 
238     0.032529 
239     0.033691 
240     0.021231 
241     0.020706 
242     0.030547 
243     0.032767 
244     0.024842 
245     0.020002 
246     0.033903 
247     0.041588 
248     0.034634 
249     0.021988 
250     0.029369 
251     0.036354 
252     0.045447 
253     0.056413 
254     0.071762 
255     0.072967 
256     0.081082 
257     0.076910 
258     0.060334 
259     0.054443 
260     0.061503 
261     0.057889 
262     0.038613 
263     0.037516 
264     0.044412 
265     0.042043 
266     0.025684 
267     0.023241 
268     0.034188 
269     0.035121 
270     0.023988 
271     0.023550 
272     0.038127 
273     0.038973 
274     0.027312 
275     0.035155 
276     0.056046 
277     0.064087 
278     0.061717 
279     0.057317 
280     0.059789 
281     0.047762 
282     0.061479 
283     0.062133 
284     0.080304 
285     0.083405 
286     0.063690 
287     0.066915 
288     0.079069 
289     0.077486 
290     0.086287 
291     0.081216 
292     0.093067 
293     0.084482 
294     0.065366 
295     0.068973 
296     0.052701 
297     0.059567 
298     0.049666 
299     0.058676 
300     0.048299 
301     0.054503 
302     0.050467 
303     0.061029 
304     0.050561 
305     0.041515 
306     0.053687 
307     0.056674 
308     0.045955 
309     0.047280 
310     0.059812 
311     0.042400 
312     0.026058 
313     0.021113 
314     0.023914 
315     0.021937 
316     0.014622 
317     0.016468 
318     0.017497 
319     0.013474 
320     0.011896 
321     0.012233 
322     0.013841 
323     0.013614 
324     0.013010 
325     0.014199 
326     0.016798 
327     0.016723 
328     0.016162 
329     0.016441 
330     0.011403 
331     0.009288 
332     0.013295 
333     0.016578 
334     0.017923 
335     0.022790 
336     0.021919 
337     0.017879 
338     0.018903 
339     0.016808 
340     0.015969 
341     0.015036 
342     0.015336 
343     0.014312 
344     0.014890 
345     0.019694 
346     0.017871 
347     0.018175 
348     0.021566 
349     0.016159 
350     0.018458 
351     0.021702 
352     0.019334 
353     0.013204 
354     0.016797 
355     0.017997 
356     0.013515 
357     0.011348 
358     0.015974 
359     0.020081 
360     0.022026 
361     0.020272 
362     0.023690 
363     0.022413 
364     0.026775 
365     0.023537 
366     0.020957 
367     0.019421 
368     0.016218 
369     0.017702 
370     0.019769 
371     0.017466 
372     0.016879 
373     0.020317 
374     0.020532 
375     0.018563 
376     0.018939 
377     0.020188 
378     0.020471 
379     0.018816 
380     0.017853 
381     0.016967 
382     0.014258 
383     0.017619 
384     0.010332 
385     0.007188 
386     0.030575 
387     0.038291 
388     0.027508 
389     0.041594 
390     0.045209 
391     0.052173 
392     0.064835 
393     0.072063 
394     0.073939 
395     0.067623 
396     0.070231 
397     0.063928 
398     0.054478 
399     0.046271 
400     0.039660 
401     0.032578 
402     0.025398 
403     0.022888 
404     0.017307 
405     0.029862 
406     0.010344 
407     0.015138 
408     0.026690 
409     0.029719 
410     0.040105 
411     0.040181 
412     0.044789 
413     0.057282 
414     0.064058 
415     0.071183 
416     0.059892 
417     0.051792 
418     0.036746 
419     0.033595 
420     0.035376 
421     0.030556 
422     0.031590 
423     0.033966 
424     0.037417 
425     0.025733 
426     0.024592 
427     0.030789 
428     0.034687 
429     0.036535 
430     0.041919 
431     0.044238 
432     0.045016 
433     0.040670 
434     0.039857 
435     0.035380 
436     0.031723 
437     0.027413 
438     0.029861 
439     0.030988 
440     0.037693 
441     0.040208 
442     0.049052 
443     0.048531 
444     0.046095 
445     0.031848 
446     0.021092 
447     0.011547 
448     0.022726 
449     0.029589 
450     0.034522 
451     0.040329 
452     0.048788 
453     0.043654 
454     0.047889 
455     0.037871 
456     0.033702 
457     0.030476 
458     0.029721 
459     0.030818 
460     0.035091 
461     0.038806 
462     0.037766 
463     0.041671 
464     0.044981 
465     0.042116 
466     0.042579 
467     0.039413 
468     0.035566 
469     0.035095 
470     0.033577 
471     0.029046 
472     0.026909 
473     0.026425 
474     0.027607 
475     0.027034 
476     0.026685 
477     0.027302 
478     0.032581 
479     0.031507 
480     0.029761 
481     0.028511 
482     0.032888 
483     0.033422 
484     0.031305 
485     0.030163 
486     0.027992 
487     0.028407 
488     0.027277 
489     0.029248 
490     0.031128 
491     0.032228 
492     0.035782 
493     0.038098 
494     0.036097 
495     0.035086 
496     0.032108 
497     0.029843 
498     0.029105 
499     0.028635 
500     0.031168 
501     0.030428 
502     0.031670 
503     0.035442 
504     0.034179 
505     0.035513 
506     0.056580 
507     0.073025 
508     0.097074 
509     0.103526 
510     0.097579 
511     0.079272 
512     0.073069 
513     0.081214 
514     0.068392 
515     0.055930 
516     0.058553 
517     0.052755 
518     0.038233 
519     0.031603 
520     0.035894 
521     0.013774 
522     0.006453 
523     0.030844 
524     0.050596 
525     0.047496 
526     0.028480 
527     0.065150 
528     0.082298 
529     0.062527 
530     0.064831 
531     0.099425 
532     0.098704 
533     0.078376 
534     0.087453 
535     0.089702 
536     0.086616 
537     0.081308 
538     0.078037 
539     0.075845 
540     0.082055 
541     0.078241 
542     0.063670 
543     0.064160 
544     0.074197 
545     0.064344 
546     0.045557 
547     0.049172 
548     0.050169 
549     0.036360 
550     0.016193 
551     0.024617 
552     0.028148 
553     0.022852 
554     0.023750 
555     0.052229 
556     0.056004 
557     0.044949 
558     0.065548 
559     0.072999 
560     0.072691 
561     0.046550 
562     0.042860 
563     0.063508 
564     0.050923 
565     0.029654 
566     0.047863 
567     0.062739 
568     0.050553 
569     0.053382 
570     0.074178 
571     0.074410 
572     0.070179 
573     0.083655 
574     0.094400 
575     0.088651 
576     0.093112 
577     0.111665 
578     0.109097 
579     0.110436 
580     0.096741 
581     0.092685 
582     0.083114 
583     0.079044 
584     0.077717 
585     0.070142 
586     0.060417 
587     0.058623 
588     0.052685 
589     0.037600 
590     0.034770 
591     0.029120 
592     0.021435 
593     0.002637 
594     0.015780 
595     0.017516 
596     0.043097 
597     0.052342 
598     0.032039 
599     0.052980 
600     0.074731 
601     0.061630 
602     0.061705 
603     0.091795 
604     0.074826 
605     0.095665 
