  1     0.021848 
  2     0.024511 
  3     0.024227 
  4     0.021803 
  5     0.012493 
  6     0.008476 
  7     0.010839 
  8     0.019888 
  9     0.020413 
 10     0.011336 
 11     0.014823 
 12     0.021836 
 13     0.018998 
 14     0.021407 
 15     0.019093 
 16     0.012939 
 17     0.014255 
 18     0.019903 
 19     0.038336 
 20     0.059638 
 21     0.084968 
 22     0.085976 
 23     0.076170 
 24     0.051954 
 25     0.032188 
 26     0.022950 
 27     0.015042 
 28     0.015299 
 29     0.016895 
 30     0.022170 
 31     0.045604 
 32     0.036488 
 33     0.023970 
 34     0.023566 
 35     0.022773 
 36     0.018192 
 37     0.018310 
 38     0.020895 
 39     0.022463 
 40     0.025276 
 41     0.014912 
 42     0.051013 
 43     0.065896 
 44     0.034663 
 45     0.351005 
 46     0.296661 
 47     0.198341 
 48     0.064917 
 49     0.020779 
 50     0.008140 
 51     0.006437 
 52     0.020977 
 53     0.030730 
 54     0.012757 
 55     0.032120 
 56     0.057476 
 57     0.057402 
 58     0.039089 
 59     0.063965 
 60     0.058233 
 61     0.016623 
 62     0.022173 
 63     0.024515 
 64     0.019198 
 65     0.021946 
 66     0.028297 
 67     0.037401 
 68     0.026456 
 69     0.027063 
 70     0.028141 
 71     0.049033 
 72     0.029834 
 73     0.028586 
 74     0.030916 
 75     0.020938 
 76     0.030378 
 77     0.052753 
 78     0.068111 
 79     0.055513 
 80     0.078895 
 81     0.056445 
 82     0.043675 
 83     0.078762 
 84     0.100773 
 85     0.065892 
 86     0.060909 
 87     0.101479 
 88     0.094553 
 89     0.037614 
 90     0.015485 
 91     0.009477 
 92     0.018178 
 93     0.032318 
 94     0.036891 
 95     0.067470 
 96     0.058636 
 97     0.175293 
 98     0.147528 
 99     0.089019 
100     0.045023 
101     0.021926 
102     0.024553 
103     0.018273 
104     0.014029 
105     0.028722 
106     0.050262 
107     0.013420 
108     0.035683 
109     0.037990 
110     0.042097 
111     0.036136 
112     0.028938 
113     0.026987 
114     0.029659 
115     0.030335 
116     0.027297 
117     0.023384 
118     0.031719 
119     0.023537 
120     0.017812 
121     0.017852 
122     0.019075 
123     0.015307 
124     0.011568 
125     0.023449 
126     0.011309 
127     0.011673 
128     0.032220 
129     0.034017 
130     0.029318 
131     0.072818 
132     0.088166 
133     0.100974 
134     0.063541 
135     0.026135 
136     0.026716 
137     0.019296 
138     0.010752 
139     0.006219 
140     0.006774 
141     0.015464 
142     0.016664 
143     0.022847 
144     0.014772 
145     0.018967 
146     0.027206 
147     0.034286 
148     0.031639 
149     0.028843 
150     0.030279 
151     0.021286 
152     0.024352 
153     0.027169 
154     0.020551 
155     0.015960 
156     0.022614 
157     0.018342 
158     0.012743 
159     0.020269 
160     0.022297 
161     0.016745 
162     0.023220 
163     0.015069 
164     0.017439 
165     0.011279 
166     0.015645 
167     0.008750 
168     0.003763 
169     0.010143 
170     0.014097 
171     0.024931 
172     0.025493 
173     0.023963 
174     0.031068 
175     0.032693 
176     0.030693 
177     0.039607 
178     0.043290 
179     0.029310 
180     0.035619 
181     0.055957 
182     0.089083 
183     0.121007 
184     0.163797 
185     0.120283 
186     0.092528 
187     0.095918 
188     0.067565 
189     0.040558 
190     0.026914 
191     0.021123 
192     0.024049 
193     0.024748 
194     0.025227 
195     0.026854 
196     0.029185 
197     0.030240 
198     0.033014 
199     0.027662 
200     0.023117 
201     0.019326 
202     0.016966 
203     0.011868 
204     0.012063 
205     0.014990 
206     0.030361 
207     0.035988 
208     0.047567 
209     0.033336 
210     0.049508 
211     0.056020 
212     0.037639 
213     0.036049 
214     0.036805 
215     0.016396 
216     0.018032 
217     0.014858 
218     0.008788 
219     0.012937 
220     0.003182 
221     0.007515 
222     0.013961 
223     0.018098 
224     0.020309 
225     0.029991 
226     0.023787 
227     0.021943 
228     0.022724 
229     0.015923 
230     0.007076 
231     0.003543 
232     0.014126 
233     0.027578 
234     0.022080 
235     0.034633 
236     0.030430 
237     0.031761 
238     0.033361 
239     0.027826 
240     0.022633 
241     0.041420 
242     0.045735 
243     0.031489 
244     0.044544 
245     0.074324 
246     0.076807 
247     0.079790 
248     0.088688 
249     0.109389 
250     0.095817 
251     0.092081 
252     0.071127 
253     0.095649 
254     0.106968 
255     0.063719 
256     0.070275 
257     0.040147 
258     0.036925 
259     0.059892 
260     0.056553 
261     0.038164 
262     0.036722 
263     0.042186 
264     0.041756 
265     0.030088 
266     0.026250 
267     0.031331 
268     0.028812 
269     0.023595 
270     0.025509 
271     0.027216 
272     0.030743 
273     0.035314 
274     0.027030 
275     0.025695 
276     0.040668 
277     0.044225 
278     0.032939 
279     0.022548 
280     0.008650 
281     0.013386 
282     0.012560 
283     0.019293 
284     0.036533 
285     0.045901 
286     0.032228 
287     0.027630 
288     0.033684 
289     0.101541 
290     0.174244 
291     0.165880 
292     0.077252 
293     0.037906 
294     0.040271 
295     0.028282 
296     0.034300 
297     0.027381 
298     0.020266 
299     0.011776 
300     0.021362 
301     0.035996 
302     0.041097 
303     0.048598 
304     0.045160 
305     0.038335 
306     0.048145 
307     0.050222 
308     0.044834 
309     0.039411 
310     0.030282 
311     0.005948 
312     0.017765 
313     0.023593 
314     0.026442 
315     0.025846 
316     0.023905 
317     0.023622 
318     0.027429 
319     0.022648 
320     0.020979 
321     0.021823 
322     0.017145 
323     0.013367 
324     0.007807 
325     0.007838 
326     0.009925 
327     0.005090 
328     0.017956 
329     0.028752 
330     0.023847 
331     0.026051 
332     0.028063 
333     0.031822 
334     0.029181 
335     0.040630 
336     0.037575 
337     0.031392 
338     0.033845 
339     0.031170 
340     0.029287 
341     0.030971 
342     0.034672 
343     0.026113 
344     0.030920 
345     0.018403 
346     0.009708 
347     0.007709 
348     0.033075 
349     0.032520 
350     0.035389 
351     0.039930 
352     0.032707 
353     0.031564 
354     0.034284 
355     0.033425 
356     0.024621 
357     0.025547 
358     0.031334 
359     0.037755 
360     0.040644 
361     0.038060 
362     0.042491 
363     0.031577 
364     0.039248 
365     0.038991 
366     0.038836 
367     0.032777 
368     0.033620 
369     0.033150 
370     0.034820 
371     0.033883 
372     0.024340 
373     0.031768 
374     0.030656 
375     0.018729 
376     0.021113 
377     0.032237 
378     0.026093 
379     0.020737 
380     0.031969 
381     0.049137 
382     0.043222 
383     0.032570 
384     0.045733 
385     0.058092 
386     0.038563 
387     0.024092 
388     0.017072 
389     0.026579 
390     0.012124 
391     0.011409 
392     0.015757 
393     0.015000 
394     0.015241 
395     0.012504 
396     0.012921 
397     0.010787 
398     0.011251 
399     0.009006 
400     0.008899 
401     0.008479 
402     0.008233 
403     0.011956 
404     0.014441 
405     0.010266 
406     0.009836 
407     0.008921 
408     0.008246 
409     0.010160 
410     0.009718 
411     0.007364 
412     0.007002 
413     0.010623 
414     0.012420 
415     0.012700 
416     0.009610 
417     0.007136 
418     0.001855 
419     0.001442 
420     0.005737 
421     0.005219 
422     0.006098 
423     0.006731 
424     0.006188 
425     0.007561 
426     0.010911 
427     0.007604 
428     0.004086 
429     0.004105 
430     0.001411 
431     0.005744 
432     0.007524 
433     0.003609 
434     0.004394 
435     0.003010 
436     0.006969 
437     0.004994 
438     0.005049 
439     0.003257 
440     0.006288 
441     0.005939 
442     0.007904 
443     0.006256 
444     0.008122 
445     0.007525 
446     0.007936 
447     0.007673 
448     0.005770 
449     0.004419 
450     0.004132 
451     0.003598 
452     0.003578 
453     0.004485 
454     0.011502 
455     0.009600 
456     0.005692 
457     0.001903 
458     0.002557 
459     0.002181 
460     0.002655 
461     0.003949 
462     0.003190 
463     0.006744 
464     0.010871 
465     0.010111 
466     0.010062 
467     0.007505 
468     0.010867 
469     0.011549 
470     0.006346 
471     0.006588 
472     0.007104 
473     0.006833 
474     0.007116 
475     0.007449 
476     0.008083 
477     0.005106 
478     0.008870 
479     0.008608 
480     0.009278 
481     0.017079 
482     0.015421 
483     0.017023 
484     0.017425 
485     0.011099 
486     0.008554 
487     0.006877 
488     0.006278 
489     0.004622 
490     0.002818 
491     0.004432 
492     0.005198 
493     0.003173 
494     0.001859 
495     0.001452 
496     0.004145 
497     0.004870 
498     0.006375 
499     0.009590 
500     0.011047 
501     0.011411 
502     0.010281 
503     0.015878 
504     0.008263 
505     0.009875 
506     0.017874 
507     0.008286 
508     0.006640 
509     0.016505 
510     0.021897 
511     0.014767 
512     0.005076 
513     0.013454 
514     0.013444 
515     0.007021 
516     0.005181 
517     0.005546 
518     0.008161 
519     0.005021 
520     0.004247 
521     0.009791 
522     0.010191 
523     0.007613 
524     0.013225 
525     0.013377 
526     0.005396 
527     0.004494 
528     0.007313 
529     0.006190 
530     0.003833 
531     0.004278 
532     0.005043 
533     0.005131 
534     0.003502 
535     0.005024 
536     0.004212 
537     0.004631 
538     0.005948 
539     0.004648 
540     0.005559 
541     0.007558 
542     0.005253 
543     0.005123 
544     0.007066 
545     0.005721 
546     0.003987 
547     0.004945 
548     0.004223 
549     0.002451 
550     0.003325 
551     0.004409 
552     0.002733 
553     0.003660 
554     0.007395 
555     0.008149 
556     0.005484 
557     0.002269 
558     0.002994 
559     0.005576 
560     0.005777 
561     0.003486 
562     0.002430 
563     0.003394 
564     0.003374 
565     0.002831 
566     0.002428 
567     0.002379 
568     0.002214 
569     0.002982 
570     0.003971 
571     0.002983 
572     0.001842 
573     0.003959 
574     0.004934 
575     0.002627 
576     0.002344 
577     0.005332 
578     0.003681 
579     0.001880 
580     0.004163 
581     0.004871 
582     0.008004 
583     0.005298 
584     0.003397 
585     0.006394 
586     0.005943 
587     0.002499 
588     0.003886 
589     0.004547 
590     0.001445 
591     0.002496 
592     0.003977 
593     0.001987 
594     0.003428 
595     0.004126 
596     0.005221 
597     0.002630 
598     0.001959 
599     0.003859 
600     0.002864 
601     0.002944 
602     0.003828 
603     0.007128 
604     0.005151 
605     0.007563 
