  1     0.026985 
  2     0.027725 
  3     0.027397 
  4     0.027995 
  5     0.022090 
  6     0.021712 
  7     0.020776 
  8     0.016566 
  9     0.017450 
 10     0.015164 
 11     0.019987 
 12     0.020571 
 13     0.017942 
 14     0.016609 
 15     0.018191 
 16     0.019206 
 17     0.025819 
 18     0.025411 
 19     0.016909 
 20     0.018274 
 21     0.065902 
 22     0.067332 
 23     0.057224 
 24     0.033491 
 25     0.032872 
 26     0.018148 
 27     0.018813 
 28     0.021000 
 29     0.018378 
 30     0.090460 
 31     0.156015 
 32     0.138948 
 33     0.043814 
 34     0.014847 
 35     0.016063 
 36     0.010258 
 37     0.015556 
 38     0.013423 
 39     0.014814 
 40     0.013258 
 41     0.009272 
 42     0.012715 
 43     0.018925 
 44     0.035825 
 45     0.042684 
 46     0.033943 
 47     0.027210 
 48     0.020423 
 49     0.014750 
 50     0.011556 
 51     0.011905 
 52     0.035391 
 53     0.020893 
 54     0.014302 
 55     0.020806 
 56     0.031479 
 57     0.027170 
 58     0.019012 
 59     0.027625 
 60     0.034291 
 61     0.021716 
 62     0.014687 
 63     0.012224 
 64     0.007847 
 65     0.009954 
 66     0.011991 
 67     0.013667 
 68     0.017267 
 69     0.017031 
 70     0.021070 
 71     0.022714 
 72     0.019501 
 73     0.028886 
 74     0.024704 
 75     0.017866 
 76     0.015273 
 77     0.025347 
 78     0.022046 
 79     0.013527 
 80     0.024605 
 81     0.010234 
 82     0.010396 
 83     0.013270 
 84     0.013062 
 85     0.019352 
 86     0.013562 
 87     0.014530 
 88     0.012975 
 89     0.020582 
 90     0.018467 
 91     0.015493 
 92     0.035119 
 93     0.065546 
 94     0.047400 
 95     0.040663 
 96     0.033364 
 97     0.077304 
 98     0.050221 
 99     0.026734 
100     0.018244 
101     0.026401 
102     0.041269 
103     0.047866 
104     0.053885 
105     0.014325 
106     0.030697 
107     0.082216 
108     0.015549 
109     0.065126 
110     0.052629 
111     0.045581 
112     0.036550 
113     0.038594 
114     0.043902 
115     0.041736 
116     0.034326 
117     0.042128 
118     0.025976 
119     0.025371 
120     0.029825 
121     0.029942 
122     0.021455 
123     0.028768 
124     0.028698 
125     0.034576 
126     0.021996 
127     0.036211 
128     0.025361 
129     0.048111 
130     0.083500 
131     0.095288 
132     0.070029 
133     0.056493 
134     0.072014 
135     0.037900 
136     0.027940 
137     0.024258 
138     0.017048 
139     0.015724 
140     0.016065 
141     0.014765 
142     0.019938 
143     0.047530 
144     0.053536 
145     0.082211 
146     0.035029 
147     0.127376 
148     0.107825 
149     0.044610 
150     0.009879 
151     0.047891 
152     0.026406 
153     0.020214 
154     0.024400 
155     0.028461 
156     0.032237 
157     0.040546 
158     0.030842 
159     0.035053 
160     0.038115 
161     0.036955 
162     0.033912 
163     0.027549 
164     0.029883 
165     0.025100 
166     0.018332 
167     0.020984 
168     0.014018 
169     0.010710 
170     0.022532 
171     0.023961 
172     0.029382 
173     0.032492 
174     0.021842 
175     0.029092 
176     0.040519 
177     0.038538 
178     0.036573 
179     0.050011 
180     0.051885 
181     0.060062 
182     0.070369 
183     0.024683 
184     0.042723 
185     0.021093 
186     0.020103 
187     0.017545 
188     0.015336 
189     0.016270 
190     0.027710 
191     0.024286 
192     0.025816 
193     0.017821 
194     0.009724 
195     0.001658 
196     0.008662 
197     0.020340 
198     0.026316 
199     0.017617 
200     0.012880 
201     0.019502 
202     0.024507 
203     0.025759 
204     0.022390 
205     0.034255 
206     0.046451 
207     0.047898 
208     0.008998 
209     0.015422 
210     0.010909 
211     0.024593 
212     0.022906 
213     0.029838 
214     0.066960 
215     0.039545 
216     0.027499 
217     0.034109 
218     0.028707 
219     0.036479 
220     0.032770 
221     0.024681 
222     0.030164 
223     0.024663 
224     0.022847 
225     0.032447 
226     0.025938 
227     0.010991 
228     0.008327 
229     0.011924 
230     0.013472 
231     0.009283 
232     0.006386 
233     0.005361 
234     0.003864 
235     0.005276 
236     0.004063 
237     0.003829 
238     0.004706 
239     0.009594 
240     0.008360 
241     0.004118 
242     0.004273 
243     0.006436 
244     0.005611 
245     0.003556 
246     0.004230 
247     0.011960 
248     0.010521 
249     0.014932 
250     0.007425 
251     0.008162 
252     0.004959 
253     0.004395 
254     0.005701 
255     0.007574 
256     0.014630 
257     0.009126 
258     0.003751 
259     0.008078 
260     0.009860 
261     0.007097 
262     0.007929 
263     0.008849 
264     0.011680 
265     0.010081 
266     0.007453 
267     0.006103 
268     0.011664 
269     0.010101 
270     0.008034 
271     0.008460 
272     0.006335 
273     0.008615 
274     0.006884 
275     0.004095 
276     0.009720 
277     0.011256 
278     0.008021 
279     0.008100 
280     0.009643 
281     0.007189 
282     0.008247 
283     0.007434 
284     0.010130 
285     0.012355 
286     0.015257 
287     0.016659 
288     0.013410 
289     0.011367 
290     0.015173 
291     0.008233 
292     0.008808 
293     0.012212 
294     0.011734 
295     0.012310 
296     0.014694 
297     0.009470 
298     0.005781 
299     0.007103 
300     0.009458 
301     0.008938 
302     0.010942 
303     0.015497 
304     0.017683 
305     0.005837 
306     0.019475 
307     0.019411 
308     0.008546 
309     0.002918 
310     0.019790 
311     0.019999 
312     0.014963 
313     0.013137 
314     0.016209 
315     0.009547 
316     0.009666 
317     0.016612 
318     0.021359 
319     0.026685 
320     0.032060 
321     0.034701 
322     0.025245 
323     0.037010 
324     0.009488 
325     0.032286 
326     0.032186 
327     0.010960 
328     0.071098 
329     0.091899 
330     0.052211 
331     0.040330 
332     0.042676 
333     0.067324 
334     0.043688 
335     0.040369 
336     0.020808 
337     0.021299 
338     0.022830 
339     0.017420 
340     0.011485 
341     0.007525 
342     0.016753 
343     0.011391 
344     0.011566 
345     0.012650 
346     0.004660 
347     0.002430 
348     0.002084 
349     0.006530 
350     0.003679 
351     0.014212 
352     0.013404 
353     0.014170 
354     0.024501 
355     0.043334 
356     0.037118 
357     0.040074 
358     0.043695 
359     0.033612 
360     0.022784 
361     0.010018 
362     0.018356 
363     0.022018 
364     0.053670 
365     0.036240 
366     0.033768 
367     0.021058 
368     0.015693 
369     0.016494 
370     0.022829 
371     0.017607 
372     0.018237 
373     0.022056 
374     0.022296 
375     0.015796 
376     0.022316 
377     0.020526 
378     0.016606 
379     0.020590 
380     0.017958 
381     0.036477 
382     0.033561 
383     0.057754 
384     0.031853 
385     0.365450 
386     0.104923 
387     0.064433 
388     0.050002 
389     0.035831 
390     0.070698 
391     0.044316 
392     0.063239 
393     0.136765 
394     0.183932 
395     0.144052 
396     0.150994 
397     0.071546 
398     0.064806 
399     0.029388 
400     0.021440 
401     0.025872 
402     0.035317 
403     0.062975 
404     0.062742 
405     0.053213 
406     0.025580 
407     0.017017 
408     0.016645 
409     0.054390 
410     0.044091 
411     0.037080 
412     0.046234 
413     0.056360 
414     0.078483 
415     0.039231 
416     0.037006 
417     0.127671 
418     0.066581 
419     0.059383 
420     0.057730 
421     0.061696 
422     0.059916 
423     0.055194 
424     0.041298 
425     0.035371 
426     0.035488 
427     0.074925 
428     0.059537 
429     0.039537 
430     0.049555 
431     0.016741 
432     0.020644 
433     0.047595 
434     0.063363 
435     0.100361 
436     0.120673 
437     0.062745 
438     0.058600 
439     0.046344 
440     0.021869 
441     0.013770 
442     0.018290 
443     0.015047 
444     0.019835 
445     0.021600 
446     0.028832 
447     0.026450 
448     0.010682 
449     0.020556 
450     0.021356 
451     0.017064 
452     0.016978 
453     0.013333 
454     0.031093 
455     0.058565 
456     0.082422 
457     0.061742 
458     0.050264 
459     0.069207 
460     0.023422 
461     0.030888 
462     0.030694 
463     0.028251 
464     0.017389 
465     0.013237 
466     0.021031 
467     0.041906 
468     0.046433 
469     0.021176 
470     0.022571 
471     0.035823 
472     0.074601 
473     0.089953 
474     0.058576 
475     0.050903 
476     0.029591 
477     0.030108 
478     0.037241 
479     0.032695 
480     0.036431 
481     0.067349 
482     0.082486 
483     0.079693 
484     0.050108 
485     0.022583 
486     0.036812 
487     0.045599 
488     0.048400 
489     0.046969 
490     0.021940 
491     0.037006 
492     0.032561 
493     0.031308 
494     0.031561 
495     0.022926 
496     0.026478 
497     0.060555 
498     0.063937 
499     0.083720 
500     0.054906 
501     0.041951 
502     0.057037 
503     0.108437 
504     0.038677 
505     0.038213 
506     0.023352 
507     0.053443 
508     0.035955 
509     0.025771 
510     0.017199 
511     0.022285 
512     0.011242 
513     0.018215 
514     0.020291 
515     0.009888 
516     0.016525 
517     0.021911 
518     0.016257 
519     0.026718 
520     0.032010 
521     0.032023 
522     0.030613 
523     0.027245 
524     0.039654 
525     0.045760 
526     0.030686 
527     0.029559 
528     0.038182 
529     0.023889 
530     0.031783 
531     0.045992 
532     0.027706 
533     0.043261 
534     0.058725 
535     0.024141 
536     0.027368 
537     0.045289 
538     0.006170 
539     0.011185 
540     0.025568 
541     0.054511 
542     0.035357 
543     0.020551 
544     0.065531 
545     0.067735 
546     0.011478 
547     0.026161 
548     0.037207 
549     0.012431 
550     0.011513 
551     0.018911 
552     0.017038 
553     0.010541 
554     0.029620 
555     0.025967 
556     0.018943 
557     0.005038 
558     0.006648 
559     0.009147 
560     0.015324 
561     0.006933 
562     0.009232 
563     0.020955 
564     0.010266 
565     0.010952 
566     0.021933 
567     0.013938 
568     0.005926 
569     0.015723 
570     0.011690 
571     0.005573 
572     0.009296 
573     0.006671 
574     0.015282 
575     0.009913 
576     0.006994 
577     0.028602 
578     0.016131 
579     0.006886 
580     0.004674 
581     0.010173 
582     0.020949 
583     0.013091 
584     0.003803 
585     0.004616 
586     0.015920 
587     0.014433 
588     0.018425 
589     0.038934 
590     0.025486 
591     0.023157 
592     0.042095 
593     0.037116 
594     0.007293 
595     0.014777 
596     0.010209 
597     0.008787 
598     0.001782 
599     0.005014 
600     0.025318 
601     0.002712 
602     0.013782 
603     0.043126 
604     0.008485 
605     0.043755 
