    1     0.00000144   
    2     0.00000372   
    3     0.00000516   
    4     0.00000839   
    5     0.00004355   
    6     0.00002881   
    7     0.00001347   
    8     0.00001726   
    9     0.00003126   
   10     0.00002693   
   11     0.00002537   
   12     0.00009513   
   13     0.00001191   
   14     0.00004871   
   15     0.00006033   
   16     0.00006871   
   17     0.00005362   
   18     0.00007326   
   19     0.00006584   
   20     0.00000369   
   21     0.00000177   
   22     0.00000202   
   23     0.00000112   
   24     0.00003072   
   25     0.00002090   
   26     0.00005162   
   27     0.00008140   
   28     0.00006383   
   29     0.00016263   
   30     0.00001590   
   31     0.00012872   
   32     0.00003963   
   33     0.00008229   
   34     0.00004183   
   35     0.00004315   
   36     0.00018615   
   37     0.00009740   
   38     0.00018789   
   39     0.00039767   
   40     0.00186060   
   41     0.00241021   
   42     0.00679605   
   43     0.00182352   
   44     0.00294074   
   45     0.00250339   
   46     0.00362151   
   47     0.02351762   
   48     0.00804406   
   49     0.01016752   
   50     0.00040378   
   51     0.00024150   
   52     0.00009107   
   53     0.00007309   
   54     0.00038496   
   55     0.00036845   
   56     0.00010524   
   57     0.00006831   
   58     0.00022132   
   59     0.00031534   
   60     0.00006361   
   61     0.00060671   
   62     0.00111103   
   63     0.00041452   
   64     0.00231099   
   65     0.00109860   
   66     0.00116834   
   67     0.00034850   
   68     0.00041123   
   69     0.00052248   
   70     0.00021894   
   71     0.00010256   
   72     0.00020108   
   73     0.00017004   
   74     0.00020274   
   75     0.00037864   
   76     0.00083246   
   77     0.00029728   
   78     0.00005582   
   79     0.00057238   
   80     0.00003629   
   81     0.00004929   
   82     0.00014051   
   83     0.00017850   
   84     0.00001638   
   85     0.00013730   
   86     0.00018645   
   87     0.00003296   
   88     0.00023359   
   89     0.00018639   
   90     0.00053380   
   91     0.00048235   
   92     0.00038934   
   93     0.00057136   
   94     0.00039790   
   95     0.00058749   
   96     0.00036139   
   97     0.00001766   
   98     0.00013479   
   99     0.00170601   
  100     0.00059902   
  101     0.00039772   
  102     0.00037244   
  103     0.00068943   
  104     0.00074407   
  105     0.00081286   
  106     0.00084861   
  107     0.00004130   
  108     0.00004811   
  109     0.00015069   
  110     0.00043587   
  111     0.00020205   
  112     0.00013022   
  113     0.00013603   
  114     0.00038436   
  115     0.00062224   
  116     0.00013075   
  117     0.00005309   
  118     0.00143898   
  119     0.00035347   
  120     0.00009203   
  121     0.00047328   
  122     0.00032939   
  123     0.00008270   
  124     0.00010368   
  125     0.00003849   
  126     0.00002527   
  127     0.00004305   
  128     0.00000688   
  129     0.00000603   
  130     0.00000135   
  131     0.00000079   
  132     0.00000167   
  133     0.00000240   
  134     0.00000897   
  135     0.00001979   
  136     0.00002364   
  137     0.00003465   
  138     0.00002234   
  139     0.00002394   
  140     0.00002631   
  141     0.00001303   
  142     0.00003589   
  143     0.00008327   
  144     0.00013848   
  145     0.00010802   
  146     0.00009425   
  147     0.00036188   
  148     0.00001572   
  149     0.00016916   
  150     0.00011528   
  151     0.00003976   
  152     0.00006462   
  153     0.00004477   
  154     0.00006408   
  155     0.00005543   
  156     0.00003588   
  157     0.00006855   
  158     0.00006428   
  159     0.00004141   
  160     0.00011156   
  161     0.00004487   
  162     0.00020705   
  163     0.00005860   
  164     0.00003839   
  165     0.00003747   
  166     0.00012875   
  167     0.00004908   
  168     0.00002772   
  169     0.00008913   
  170     0.00004386   
  171     0.00004004   
  172     0.00009475   
  173     0.00021901   
  174     0.00002881   
  175     0.00017901   
  176     0.00021644   
  177     0.00037342   
  178     0.00007873   
  179     0.00025909   
  180     0.00022673   
  181     0.00018844   
  182     0.00001527   
  183     0.00008075   
  184     0.00008951   
  185     0.00016866   
  186     0.00002822   
  187     0.00003539   
  188     0.00012874   
  189     0.00008128   
  190     0.00012325   
  191     0.00007276   
  192     0.00008296   
  193     0.00008472   
  194     0.00001812   
  195     0.00001902   
  196     0.00003451   
  197     0.00005152   
  198     0.00005172   
  199     0.00003600   
  200     0.00001626   
  201     0.00002611   
  202     0.00007088   
  203     0.00011000   
  204     0.00023239   
  205     0.00023615   
  206     0.00015248   
  207     0.00013584   
  208     0.00008772   
  209     0.00009022   
  210     0.00054794   
  211     0.00001044   
  212     0.00006846   
  213     0.00064754   
  214     0.00045860   
  215     0.00092866   
  216     0.00032173   
  217     0.00038741   
  218     0.00025679   
  219     0.00030654   
  220     0.00035338   
  221     0.00037854   
  222     0.00013361   
  223     0.00000433   
  224     0.00000746   
  225     0.00003650   
  226     0.00005307   
  227     0.00002012   
  228     0.00001951   
  229     0.00014094   
  230     0.00010646   
  231     0.00008162   
  232     0.00008963   
  233     0.00010364   
  234     0.00021861   
  235     0.00001791   
  236     0.00004306   
  237     0.00002864   
  238     0.00001573   
  239     0.00002047   
  240     0.00004260   
  241     0.00008639   
  242     0.00000721   
  243     0.00000833   
  244     0.00004730   
  245     0.00001585   
  246     0.00000636   
  247     0.00000469   
  248     0.00000909   
  249     0.00000920   
  250     0.00004053   
  251     0.00000609   
  252     0.00011166   
  253     0.00002090   
  254     0.00003360   
  255     0.00009366   
  256     0.00050795   
  257     0.00029285   
  258     0.00014874   
  259     0.00030412   
  260     0.00023651   
  261     0.00019417   
  262     0.00014703   
  263     0.00004239   
  264     0.00010894   
  265     0.00011034   
  266     0.00002651   
  267     0.00006618   
  268     0.00003272   
  269     0.00021750   
  270     0.00010447   
  271     0.00015068   
  272     0.00008501   
  273     0.00014663   
  274     0.00018204   
  275     0.00001069   
  276     0.00004594   
  277     0.00002660   
  278     0.00004486   
  279     0.00012983   
  280     0.00004703   
  281     0.00022221   
  282     0.00002092   
  283     0.00012032   
  284     0.00000746   
  285     0.00002067   
  286     0.00013947   
  287     0.00011629   
  288     0.00004284   
  289     0.00007187   
  290     0.00000765   
  291     0.00005165   
  292     0.00002332   
  293     0.00002813   
  294     0.00024901   
  295     0.00007856   
  296     0.00012625   
  297     0.00002956   
  298     0.00007238   
  299     0.00002483   
  300     0.00003405   
  301     0.00000723   
  302     0.00002079   
  303     0.00000316   
  304     0.00001119   
  305     0.00002686   
  306     0.00009925   
  307     0.00002605   
  308     0.00003936   
  309     0.00002912   
  310     0.00004109   
  311     0.00001980   
  312     0.00000827   
  313     0.00002761   
  314     0.00001083   
  315     0.00001762   
  316     0.00001493   
  317     0.00000812   
  318     0.00007027   
  319     0.00010715   
  320     0.00049179   
  321     0.00027895   
  322     0.00412758   
  323     0.00028215   
  324     0.00025854   
  325     0.00003628   
  326     0.00009477   
  327     0.00008501   
  328     0.00000970   
  329     0.00006483   
  330     0.00001358   
  331     0.00007600   
  332     0.00000971   
  333     0.00000273   
  334     0.00005634   
  335     0.00001021   
  336     0.00018824   
  337     0.00007545   
  338     0.00007231   
  339     0.00028593   
  340     0.00007306   
  341     0.00004953   
  342     0.00004521   
  343     0.00010702   
  344     0.00011089   
  345     0.00047968   
  346     0.00019769   
  347     0.00004836   
  348     0.00014101   
  349     0.00002648   
  350     0.00019267   
  351     0.00004436   
  352     0.00004379   
  353     0.00005695   
  354     0.00002564   
  355     0.00000656   
  356     0.00006347   
  357     0.00005734   
  358     0.00002009   
  359     0.00002071   
  360     0.00006607   
  361     0.00011214   
  362     0.00000955   
  363     0.00001760   
  364     0.00000511   
  365     0.00013822   
  366     0.00002038   
  367     0.00014843   
  368     0.00005327   
  369     0.00006062   
  370     0.00015289   
  371     0.00004682   
  372     0.00002768   
  373     0.00007234   
  374     0.00003382   
  375     0.00004041   
  376     0.00006154   
  377     0.00009676   
  378     0.00026228   
  379     0.00004225   
  380     0.00009713   
  381     0.00011270   
  382     0.00003018   
  383     0.00001148   
  384     0.00002350   
  385     0.00004424   
  386     0.00006215   
  387     0.00009448   
  388     0.00012056   
  389     0.00052098   
  390     0.00048101   
  391     0.00021311   
  392     0.00039078   
  393     0.00037565   
  394     0.00046330   
  395     0.00025121   
  396     0.00036814   
  397     0.00069954   
  398     0.00017401   
  399     0.00017732   
  400     0.00020828   
  401     0.00038413   
  402     0.00033109   
  403     0.00019704   
  404     0.00001049   
  405     0.00001102   
  406     0.00004473   
  407     0.00024209   
  408     0.00018603   
  409     0.00015300   
  410     0.00022195   
  411     0.00025771   
  412     0.00010678   
  413     0.00023833   
  414     0.00037925   
  415     0.00040615   
  416     0.00036672   
  417     0.00070067   
  418     0.00027249   
  419     0.00037622   
  420     0.00050468   
  421     0.00051650   
  422     0.00017231   
  423     0.00047776   
  424     0.00055566   
  425     0.00056315   
  426     0.00064043   
  427     0.00029974   
  428     0.00068663   
  429     0.00036878   
  430     0.00001908   
  431     0.00011915   
  432     0.00005785   
  433     0.00055068   
  434     0.00014137   
  435     0.00020158   
  436     0.00166981   
  437     0.00046734   
  438     0.00039495   
  439     0.00035856   
  440     0.00023575   
  441     0.00019592   
  442     0.00028984   
  443     0.00045525   
  444     0.00045018   
  445     0.00046045   
  446     0.00048171   
  447     0.00015581   
  448     0.00068724   
  449     0.00017495   
  450     0.00010225   
  451     0.00024506   
  452     0.00089709   
  453     0.00134745   
  454     0.00007149   
  455     0.00019706   
  456     0.00060701   
  457     0.00102239   
  458     0.00097539   
  459     0.00047536   
  460     0.00019351   
  461     0.00001542   
  462     0.00026234   
  463     0.00003340   
  464     0.00005005   
  465     0.00012316   
  466     0.00025981   
  467     0.00014058   
  468     0.00016822   
  469     0.00060047   
  470     0.00026808   
  471     0.00050783   
  472     0.00025028   
  473     0.00060365   
  474     0.00021851   
  475     0.00060816   
  476     0.00031078   
  477     0.00066896   
  478     0.00027964   
  479     0.00025343   
  480     0.00013004   
  481     0.00009611   
  482     0.00010976   
  483     0.00010429   
  484     0.00024644   
  485     0.00022741   
  486     0.00014028   
  487     0.00037290   
  488     0.00027355   
  489     0.00015178   
  490     0.00008277   
  491     0.00007338   
  492     0.00001636   
  493     0.00000330   
  494     0.00000898   
  495     0.00002024   
  496     0.00002611   
  497     0.00032922   
  498     0.00009822   
  499     0.00021239   
  500     0.00038371   
  501     0.00103909   
  502     0.00048749   
  503     0.00170085   
  504     0.00234740   
  505     0.00084571   
  506     0.00008929   
  507     0.00008644   
  508     0.00016089   
  509     0.00000642   
  510     0.00002830   
  511     0.00001796   
  512     0.00009404   
  513     0.00007033   
  514     0.00005167   
  515     0.00068262   
  516     0.00022968   
  517     0.00079408   
  518     0.00131666   
  519     0.00197516   
  520     0.00319442   
  521     0.00353154   
  522     0.00876805   
  523     0.00333606   
  524     0.01015672   
  525     0.00199214   
  526     0.02821419   
  527     0.00651931   
  528     0.01393093   
  529     0.03504665   
  530     0.00946520   
  531     0.02054996   
  532     0.02801904   
  533     0.01776991   
  534     0.00780039   
  535     0.02275122   
  536     0.01938560   
  537     0.00737528   
  538     0.00560516   
  539     0.01077204   
  540     0.00594551   
  541     0.00193403   
  542     0.00429473   
  543     0.00277771   
  544     0.00073980   
  545     0.00063673   
  546     0.00230208   
  547     0.00099913   
  548     0.00068632   
  549     0.00232657   
  550     0.00051365   
  551     0.00074053   
  552     0.00012488   
  553     0.00094333   
  554     0.00024695   
  555     0.00012804   
  556     0.00013449   
  557     0.00247449   
  558     0.00038562   
  559     0.00029533   
  560     0.00011422   
  561     0.00251699   
  562     0.00064691   
  563     0.00059070   
  564     0.00031698   
  565     0.00096678   
  566     0.00093150   
  567     0.00155122   
  568     0.00165199   
  569     0.00041586   
  570     0.00187279   
  571     0.00268658   
  572     0.00073437   
  573     0.00198336   
  574     0.00279158   
  575     0.00176916   
  576     0.00702194   
  577     0.00118701   
  578     0.00192551   
  579     0.02202327   
  580     0.00246865   
  581     0.01738010   
  582     0.00036638   
  583     0.00163445   
  584     0.00519993   
  585     0.01094786   
  586     0.00237398   
  587     0.00157446   
  588     0.00549712   
  589     0.00309945   
  590     0.00190158   
  591     0.00213043   
  592     0.00120879   
  593     0.00067992   
  594     0.00305338   
  595     0.00214264   
  596     0.00073566   
  597     0.00140872   
  598     0.00236794   
  599     0.00224777   
  600     0.00091685   
  601     0.00250926   
  602     0.00258900   
  603     0.00202382   
  604     0.00207780   
  605     0.00136752   
    1     0.00734980   
    2     0.00092333   
    3     0.00004596   
    4     0.00020405   
    5     0.00030367   
    6     0.00166242   
    7     0.00052112   
    8     0.00032024   
    9     0.00090576   
   10     0.00050684   
   11     0.00128644   
   12     0.00024930   
   13     0.00024329   
   14     0.00159131   
   15     0.00185878   
   16     0.00022230   
   17     0.00036285   
   18     0.00020480   
   19     0.00011127   
   20     0.00025365   
   21     0.00069123   
   22     0.00248193   
   23     0.00080510   
   24     0.00053852   
   25     0.00175987   
   26     0.00420516   
   27     0.00012390   
   28     0.00265949   
   29     0.00193184   
   30     0.00149347   
   31     0.00140240   
   32     0.00252852   
   33     0.00281300   
   34     0.00118489   
   35     0.00006739   
   36     0.00044466   
   37     0.00064802   
   38     0.00020099   
   39     0.00018901   
   40     0.00021563   
   41     0.00057194   
   42     0.00117763   
   43     0.00166781   
   44     0.00359161   
   45     0.00216396   
   46     0.00695979   
   47     0.00373491   
   48     0.00945650   
   49     0.01188166   
   50     0.00345539   
   51     0.00356257   
   52     0.00147008   
   53     0.00217327   
   54     0.00235745   
   55     0.00161909   
   56     0.00234019   
   57     0.00081438   
   58     0.00266607   
   59     0.00073735   
   60     0.00061883   
   61     0.00081261   
   62     0.00137790   
   63     0.00089390   
   64     0.00048035   
   65     0.00046214   
   66     0.00029976   
   67     0.00250739   
   68     0.00006311   
   69     0.00012344   
   70     0.00015536   
   71     0.00000096   
   72     0.00059848   
   73     0.00043830   
   74     0.00173360   
   75     0.00075257   
   76     0.00141784   
   77     0.00038577   
   78     0.00030204   
   79     0.00044405   
   80     0.00033064   
   81     0.00061228   
   82     0.00033807   
   83     0.00034067   
   84     0.00042906   
   85     0.00099176   
   86     0.00281411   
   87     0.00780429   
   88     0.00056095   
   89     0.00058422   
   90     0.00150387   
   91     0.00209663   
   92     0.00015615   
   93     0.00046156   
   94     0.00401205   
   95     0.00143888   
   96     0.00100917   
   97     0.00058167   
   98     0.00030639   
   99     0.00045261   
  100     0.00051264   
  101     0.00015561   
  102     0.00021441   
  103     0.00025276   
  104     0.00100881   
  105     0.00161300   
  106     0.00010825   
  107     0.00044631   
  108     0.00012767   
  109     0.00004209   
  110     0.00037106   
  111     0.00134026   
  112     0.00068828   
  113     0.00108010   
  114     0.00053323   
  115     0.00098796   
  116     0.00051599   
  117     0.00052993   
  118     0.00036724   
  119     0.00077001   
  120     0.00073193   
  121     0.00059513   
  122     0.00118207   
  123     0.00007631   
  124     0.00023901   
  125     0.00030705   
  126     0.00015866   
  127     0.00017431   
  128     0.00041418   
  129     0.00058211   
  130     0.00027313   
  131     0.00021381   
  132     0.00021992   
  133     0.00019996   
  134     0.00014172   
  135     0.00011511   
  136     0.00076631   
  137     0.00022423   
  138     0.00020174   
  139     0.00019373   
  140     0.00021615   
  141     0.00020705   
  142     0.00019019   
  143     0.00027605   
  144     0.00015090   
  145     0.00006370   
  146     0.00008450   
  147     0.00025000   
  148     0.00029563   
  149     0.00030181   
  150     0.00052695   
  151     0.00007758   
  152     0.00010055   
  153     0.00005558   
  154     0.00001321   
  155     0.00002608   
  156     0.00009594   
  157     0.00037069   
  158     0.00020608   
  159     0.00023888   
  160     0.00062374   
  161     0.00081586   
  162     0.00021848   
  163     0.00129305   
  164     0.00322101   
  165     0.00081885   
  166     0.00059055   
  167     0.00097800   
  168     0.00119409   
  169     0.00082244   
  170     0.00322707   
  171     0.00707198   
  172     0.00149934   
  173     0.00132923   
  174     0.00064385   
  175     0.00013867   
  176     0.00039952   
  177     0.00046287   
  178     0.00152961   
  179     0.00659862   
  180     0.00114066   
  181     0.00825669   
  182     0.00186598   
  183     0.00098146   
  184     0.00023103   
  185     0.00017731   
  186     0.00012330   
  187     0.00064659   
  188     0.00150411   
  189     0.00092493   
  190     0.00034320   
  191     0.00054206   
  192     0.00036931   
  193     0.00007858   
  194     0.00002282   
  195     0.00003181   
  196     0.00001466   
  197     0.00008197   
  198     0.00000893   
  199     0.00001386   
  200     0.00003504   
  201     0.00001957   
  202     0.00003169   
  203     0.00047826   
  204     0.00008104   
  205     0.00023425   
  206     0.00019027   
  207     0.00019534   
  208     0.00033158   
  209     0.00011776   
  210     0.00055326   
  211     0.00015089   
  212     0.00070693   
  213     0.00019850   
  214     0.00068944   
  215     0.00067922   
  216     0.00374055   
  217     0.00027041   
  218     0.00043609   
  219     0.00016477   
  220     0.00135159   
  221     0.00077920   
  222     0.00020149   
  223     0.00024031   
  224     0.00303228   
  225     0.00059782   
  226     0.00578751   
  227     0.00295464   
  228     0.00082598   
  229     0.00008255   
  230     0.00035708   
  231     0.00035110   
  232     0.00019548   
  233     0.00045129   
  234     0.00023993   
  235     0.00021225   
  236     0.00103574   
  237     0.00113263   
  238     0.00028053   
  239     0.00058664   
  240     0.00176550   
  241     0.00027125   
  242     0.00077670   
  243     0.00141094   
  244     0.00039544   
  245     0.00156230   
  246     0.00126823   
  247     0.00089439   
  248     0.00050863   
  249     0.00059556   
  250     0.00059034   
  251     0.00116409   
  252     0.00007106   
  253     0.00004547   
  254     0.00000241   
  255     0.00001694   
  256     0.00015892   
  257     0.00024444   
  258     0.00039730   
  259     0.00015596   
  260     0.00003512   
  261     0.00015824   
  262     0.00051109   
  263     0.00044032   
  264     0.00078575   
  265     0.00022094   
  266     0.00101901   
  267     0.00036386   
  268     0.00088779   
  269     0.00033589   
  270     0.00078616   
  271     0.00025509   
  272     0.00039397   
  273     0.00034592   
  274     0.00014196   
  275     0.00016158   
  276     0.00007186   
  277     0.00002992   
  278     0.00033147   
  279     0.00077573   
  280     0.00055053   
  281     0.00005675   
  282     0.00025271   
  283     0.00002997   
  284     0.00009677   
  285     0.00013200   
  286     0.00032574   
  287     0.00006802   
  288     0.00003816   
  289     0.00012514   
  290     0.00019923   
  291     0.00171818   
  292     0.00016365   
  293     0.00034904   
  294     0.00035671   
  295     0.00004829   
  296     0.00001482   
  297     0.00035507   
  298     0.00002687   
  299     0.00054519   
  300     0.00053023   
  301     0.00010920   
  302     0.00085406   
  303     0.00101235   
  304     0.00068106   
  305     0.00166885   
  306     0.00038122   
  307     0.00027058   
  308     0.00060037   
  309     0.00056017   
  310     0.00066138   
  311     0.00061217   
  312     0.00036190   
  313     0.00014836   
  314     0.00007767   
  315     0.00005494   
  316     0.00010991   
  317     0.00020267   
  318     0.00009576   
  319     0.00029683   
  320     0.00051870   
  321     0.00026443   
  322     0.00131598   
  323     0.00032891   
  324     0.00104747   
  325     0.00104178   
  326     0.00186800   
  327     0.00050629   
  328     0.00012917   
  329     0.00013561   
  330     0.00035585   
  331     0.00004530   
  332     0.00004309   
  333     0.00009160   
  334     0.00000615   
  335     0.00000781   
  336     0.00004107   
  337     0.00024175   
  338     0.00007359   
  339     0.00003343   
  340     0.00023464   
  341     0.00038493   
  342     0.00001349   
  343     0.00010878   
  344     0.00017783   
  345     0.00023908   
  346     0.00013661   
  347     0.00019739   
  348     0.00021265   
  349     0.00001091   
  350     0.00009703   
  351     0.00015179   
  352     0.00054696   
  353     0.00028732   
  354     0.00011463   
  355     0.00002393   
  356     0.00000781   
  357     0.00000960   
  358     0.00013109   
  359     0.00011420   
  360     0.00019013   
  361     0.00015030   
  362     0.00001216   
  363     0.00000634   
  364     0.00000490   
  365     0.00000990   
  366     0.00001686   
  367     0.00000786   
  368     0.00001861   
  369     0.00002416   
  370     0.00001829   
  371     0.00001093   
  372     0.00000917   
  373     0.00000604   
  374     0.00000711   
  375     0.00000310   
  376     0.00000613   
    1     0.00063499   
    2     0.00015585   
    3     0.00006627   
    4     0.00000284   
    5     0.00007920   
    6     0.00009742   
    7     0.00004836   
    8     0.00000829   
    9     0.00012226   
   10     0.00017278   
   11     0.00005978   
   12     0.00013748   
   13     0.00000944   
   14     0.00026251   
   15     0.00011419   
   16     0.00001185   
   17     0.00009477   
   18     0.00003834   
   19     0.00001452   
   20     0.00003927   
   21     0.00009882   
   22     0.00004765   
   23     0.00040144   
   24     0.00020331   
   25     0.00034732   
   26     0.00106778   
   27     0.00042824   
   28     0.00025205   
   29     0.00013204   
   30     0.00002100   
   31     0.00002950   
   32     0.00009991   
   33     0.00014035   
   34     0.00012658   
   35     0.00014096   
   36     0.00019452   
   37     0.00004629   
   38     0.00016073   
   39     0.00004814   
   40     0.00001267   
   41     0.00002679   
   42     0.00003057   
   43     0.00005648   
   44     0.00020571   
   45     0.00018952   
   46     0.00020997   
   47     0.00015653   
   48     0.00035163   
   49     0.00063482   
   50     0.00037788   
   51     0.00034913   
   52     0.00003404   
   53     0.00006120   
   54     0.00005988   
   55     0.00018912   
   56     0.00024197   
   57     0.00004670   
   58     0.00006866   
   59     0.00017210   
   60     0.00006311   
   61     0.00028610   
   62     0.00010676   
   63     0.00009887   
   64     0.00007030   
   65     0.00009344   
   66     0.00021449   
   67     0.00036451   
   68     0.00012643   
   69     0.00014339   
   70     0.00004648   
   71     0.00000512   
   72     0.00017355   
   73     0.00006408   
   74     0.00020447   
   75     0.00007453   
   76     0.00010519   
   77     0.00002286   
   78     0.00007877   
   79     0.00014117   
   80     0.00005136   
   81     0.00002100   
   82     0.00003044   
   83     0.00002776   
   84     0.00020236   
   85     0.00060907   
   86     0.00056767   
   87     0.00042050   
   88     0.00017561   
   89     0.00024008   
   90     0.00043272   
   91     0.00032385   
   92     0.00058872   
   93     0.00012963   
   94     0.00062762   
   95     0.00023875   
   96     0.00029859   
   97     0.00036620   
   98     0.00021845   
   99     0.00021655   
  100     0.00020386   
  101     0.00010184   
  102     0.00010072   
  103     0.00016630   
  104     0.00014106   
  105     0.00031217   
  106     0.00042322   
  107     0.00019129   
  108     0.00054345   
  109     0.00043815   
  110     0.00030610   
  111     0.00009624   
  112     0.00009832   
  113     0.00014961   
  114     0.00004565   
  115     0.00005311   
  116     0.00038973   
  117     0.00033876   
  118     0.00123546   
  119     0.00101546   
  120     0.00079346   
  121     0.00051977   
  122     0.00055253   
  123     0.00009422   
  124     0.00006081   
  125     0.00018711   
  126     0.00015411   
  127     0.00014110   
  128     0.00006733   
  129     0.00055263   
  130     0.00047199   
  131     0.00014222   
  132     0.00031370   
  133     0.00015746   
  134     0.00018216   
  135     0.00012663   
  136     0.00063635   
  137     0.00018429   
  138     0.00077402   
  139     0.00013014   
  140     0.00029563   
  141     0.00005423   
  142     0.00009100   
  143     0.00007455   
  144     0.00006804   
  145     0.00001081   
  146     0.00000843   
  147     0.00002371   
  148     0.00004039   
  149     0.00002829   
  150     0.00005467   
  151     0.00001539   
  152     0.00000284   
  153     0.00000689   
  154     0.00000346   
  155     0.00000159   
  156     0.00000218   
  157     0.00001101   
  158     0.00000848   
  159     0.00000712   
  160     0.00008172   
  161     0.00003570   
  162     0.00000763   
  163     0.00006467   
  164     0.00004187   
  165     0.00006377   
  166     0.00009560   
  167     0.00021939   
  168     0.00020826   
  169     0.00007802   
  170     0.00014632   
  171     0.00019855   
  172     0.00009414   
  173     0.00003629   
  174     0.00008465   
  175     0.00002802   
  176     0.00003026   
  177     0.00040650   
  178     0.00037544   
  179     0.00017339   
  180     0.00003697   
  181     0.00007281   
  182     0.00001276   
  183     0.00010420   
  184     0.00001544   
  185     0.00002606   
  186     0.00000875   
  187     0.00000581   
  188     0.00003207   
  189     0.00004397   
  190     0.00007521   
  191     0.00002197   
  192     0.00002479   
  193     0.00002673   
  194     0.00000146   
  195     0.00000110   
  196     0.00000224   
  197     0.00000845   
  198     0.00000278   
  199     0.00000739   
  200     0.00000315   
  201     0.00000435   
  202     0.00000669   
  203     0.00001401   
  204     0.00003139   
  205     0.00003503   
  206     0.00005557   
  207     0.00002449   
  208     0.00016770   
  209     0.00003820   
  210     0.00028225   
  211     0.00008102   
  212     0.00037720   
  213     0.00022873   
  214     0.00079021   
  215     0.00012750   
  216     0.00046721   
  217     0.00134953   
  218     0.00021533   
  219     0.00009467   
  220     0.00013524   
  221     0.00128985   
  222     0.00007732   
  223     0.00020012   
  224     0.00032894   
  225     0.00020212   
  226     0.00249744   
  227     0.00078539   
  228     0.00094199   
  229     0.00406857   
  230     0.00046289   
  231     0.00046620   
  232     0.00046628   
  233     0.00009250   
  234     0.00009689   
  235     0.00012346   
  236     0.00005272   
  237     0.00006505   
  238     0.00004954   
  239     0.00014004   
  240     0.00059010   
  241     0.00028096   
  242     0.00038945   
  243     0.00084089   
  244     0.00094448   
  245     0.00110791   
  246     0.00065825   
  247     0.00095895   
  248     0.00041825   
  249     0.00110485   
  250     0.00183954   
  251     0.00078908   
  252     0.00034099   
  253     0.00034463   
  254     0.00002787   
  255     0.00011627   
  256     0.00034090   
  257     0.00061041   
  258     0.00122432   
  259     0.00006433   
  260     0.00039142   
  261     0.00066999   
  262     0.00021822   
  263     0.00019382   
  264     0.00040043   
  265     0.00047127   
  266     0.00027263   
  267     0.00170284   
  268     0.00084934   
  269     0.00063245   
  270     0.00035009   
  271     0.00069316   
  272     0.00054757   
  273     0.00107524   
  274     0.00020622   
  275     0.00021538   
  276     0.00033227   
  277     0.00014203   
  278     0.00049556   
  279     0.00053511   
  280     0.00100913   
  281     0.00004820   
  282     0.00133374   
  283     0.00018259   
  284     0.00056499   
  285     0.00022356   
  286     0.00039420   
  287     0.00006398   
  288     0.00041532   
  289     0.00019962   
  290     0.00023751   
  291     0.00060821   
  292     0.00010243   
  293     0.00085567   
  294     0.00024323   
  295     0.00002577   
  296     0.00015049   
  297     0.00066563   
  298     0.00011756   
  299     0.00023508   
  300     0.00067352   
  301     0.00006765   
  302     0.00050021   
  303     0.00081275   
  304     0.00109326   
  305     0.00074202   
  306     0.00013386   
  307     0.00012333   
  308     0.00063536   
  309     0.00042157   
  310     0.00032275   
  311     0.00039217   
  312     0.00015360   
  313     0.00018792   
  314     0.00002745   
  315     0.00003987   
  316     0.00006278   
  317     0.00004281   
  318     0.00005445   
  319     0.00019999   
  320     0.00047503   
  321     0.00032811   
  322     0.00074915   
  323     0.00020136   
  324     0.00049817   
  325     0.00097079   
  326     0.00136587   
  327     0.00053615   
  328     0.00020747   
  329     0.00018813   
  330     0.00030412   
  331     0.00005923   
  332     0.00007483   
  333     0.00002696   
  334     0.00003290   
  335     0.00000494   
  336     0.00000448   
  337     0.00007629   
  338     0.00002017   
  339     0.00001478   
  340     0.00005350   
  341     0.00007744   
  342     0.00004526   
  343     0.00003778   
  344     0.00013361   
  345     0.00014074   
  346     0.00012264   
  347     0.00010154   
  348     0.00060108   
  349     0.00080728   
  350     0.00040430   
  351     0.00002838   
  352     0.00017424   
  353     0.00018135   
  354     0.00003108   
  355     0.00001755   
  356     0.00000594   
  357     0.00000382   
  358     0.00000270   
  359     0.00012542   
  360     0.00002058   
  361     0.00000246   
  362     0.00000145   
  363     0.00000022   
  364     0.00000041   
  365     0.00000186   
  366     0.00000321   
  367     0.00000144   
  368     0.00000342   
  369     0.00000142   
  370     0.00000068   
  371     0.00000058   
  372     0.00000055   
  373     0.00000146   
  374     0.00000091   
  375     0.00000320   
  376     0.00006870   
