    1     0.00000100   
    2     0.00000065   
    3     0.00000539   
    4     0.00001283   
    5     0.00000597   
    6     0.00000234   
    7     0.00000298   
    8     0.00000320   
    9     0.00000328   
   10     0.00001103   
   11     0.00001605   
   12     0.00001647   
   13     0.00000452   
   14     0.00000094   
   15     0.00000131   
   16     0.00000209   
   17     0.00000070   
   18     0.00000175   
   19     0.00000266   
   20     0.00000059   
   21     0.00000020   
   22     0.00000037   
   23     0.00000054   
   24     0.00000260   
   25     0.00000022   
   26     0.00000062   
   27     0.00000103   
   28     0.00000083   
   29     0.00000254   
   30     0.00000069   
   31     0.00000261   
   32     0.00000072   
   33     0.00000032   
   34     0.00000053   
   35     0.00000138   
   36     0.00000196   
   37     0.00001056   
   38     0.00000412   
   39     0.00000750   
   40     0.00000799   
   41     0.00000407   
   42     0.00001090   
   43     0.00002216   
   44     0.00013298   
   45     0.00024685   
   46     0.00007940   
   47     0.00002459   
   48     0.00000635   
   49     0.00001405   
   50     0.00000766   
   51     0.00000398   
   52     0.00000248   
   53     0.00000260   
   54     0.00000626   
   55     0.00000495   
   56     0.00000375   
   57     0.00000280   
   58     0.00000341   
   59     0.00000185   
   60     0.00000014   
   61     0.00000574   
   62     0.00002242   
   63     0.00000911   
   64     0.00003359   
   65     0.00000259   
   66     0.00000593   
   67     0.00000621   
   68     0.00002480   
   69     0.00000274   
   70     0.00002700   
   71     0.00003601   
   72     0.00003395   
   73     0.00001302   
   74     0.00007360   
   75     0.00008239   
   76     0.00017383   
   77     0.00004169   
   78     0.00001109   
   79     0.00000713   
   80     0.00000164   
   81     0.00003109   
   82     0.00002353   
   83     0.00001362   
   84     0.00000285   
   85     0.00011135   
   86     0.00000839   
   87     0.00000412   
   88     0.00005705   
   89     0.00001152   
   90     0.00007889   
   91     0.00001056   
   92     0.00002223   
   93     0.00005571   
   94     0.00003745   
   95     0.00007650   
   96     0.00006981   
   97     0.00000516   
   98     0.00004385   
   99     0.00041040   
  100     0.00017525   
  101     0.00005645   
  102     0.00002992   
  103     0.00002029   
  104     0.00000807   
  105     0.00000439   
  106     0.00002165   
  107     0.00000233   
  108     0.00000022   
  109     0.00001241   
  110     0.00000176   
  111     0.00000691   
  112     0.00000510   
  113     0.00001262   
  114     0.00000221   
  115     0.00000192   
  116     0.00000267   
  117     0.00000230   
  118     0.00001025   
  119     0.00000365   
  120     0.00000392   
  121     0.00000589   
  122     0.00000856   
  123     0.00000215   
  124     0.00000781   
  125     0.00000135   
  126     0.00000130   
  127     0.00000229   
  128     0.00000011   
  129     0.00000018   
  130     0.00000016   
  131     0.00000011   
  132     0.00000013   
  133     0.00000098   
  134     0.00000061   
  135     0.00000311   
  136     0.00000467   
  137     0.00001284   
  138     0.00001896   
  139     0.00001608   
  140     0.00001544   
  141     0.00000652   
  142     0.00001458   
  143     0.00004518   
  144     0.00010426   
  145     0.00012626   
  146     0.00008684   
  147     0.00011152   
  148     0.00004278   
  149     0.00007881   
  150     0.00002769   
  151     0.00002469   
  152     0.00006140   
  153     0.00004243   
  154     0.00001354   
  155     0.00002731   
  156     0.00002401   
  157     0.00000949   
  158     0.00000791   
  159     0.00000967   
  160     0.00001009   
  161     0.00000717   
  162     0.00000976   
  163     0.00001312   
  164     0.00001115   
  165     0.00001502   
  166     0.00013347   
  167     0.00002653   
  168     0.00001313   
  169     0.00001328   
  170     0.00001527   
  171     0.00001122   
  172     0.00002026   
  173     0.00004090   
  174     0.00000344   
  175     0.00001736   
  176     0.00002489   
  177     0.00003699   
  178     0.00000979   
  179     0.00002818   
  180     0.00003312   
  181     0.00002536   
  182     0.00000269   
  183     0.00001611   
  184     0.00001971   
  185     0.00005199   
  186     0.00000633   
  187     0.00001114   
  188     0.00002788   
  189     0.00001966   
  190     0.00002105   
  191     0.00003281   
  192     0.00001557   
  193     0.00004999   
  194     0.00000747   
  195     0.00000747   
  196     0.00000660   
  197     0.00002649   
  198     0.00002406   
  199     0.00003801   
  200     0.00004198   
  201     0.00004658   
  202     0.00007288   
  203     0.00005789   
  204     0.00008342   
  205     0.00005718   
  206     0.00004250   
  207     0.00003108   
  208     0.00002978   
  209     0.00001577   
  210     0.00018357   
  211     0.00000314   
  212     0.00002584   
  213     0.00008150   
  214     0.00006655   
  215     0.00022898   
  216     0.00005180   
  217     0.00010178   
  218     0.00008357   
  219     0.00013850   
  220     0.00024371   
  221     0.00033231   
  222     0.00035625   
  223     0.00010250   
  224     0.00004199   
  225     0.00003810   
  226     0.00008962   
  227     0.00003135   
  228     0.00002120   
  229     0.00001970   
  230     0.00001277   
  231     0.00008180   
  232     0.00003883   
  233     0.00002302   
  234     0.00005645   
  235     0.00001824   
  236     0.00002484   
  237     0.00002130   
  238     0.00001021   
  239     0.00002448   
  240     0.00000597   
  241     0.00001577   
  242     0.00000597   
  243     0.00000079   
  244     0.00000440   
  245     0.00000290   
  246     0.00000292   
  247     0.00000189   
  248     0.00000377   
  249     0.00000170   
  250     0.00000563   
  251     0.00000157   
  252     0.00001411   
  253     0.00000658   
  254     0.00000316   
  255     0.00000474   
  256     0.00002682   
  257     0.00001243   
  258     0.00001054   
  259     0.00004462   
  260     0.00002060   
  261     0.00000901   
  262     0.00001497   
  263     0.00001519   
  264     0.00000626   
  265     0.00000584   
  266     0.00000325   
  267     0.00000819   
  268     0.00000057   
  269     0.00000583   
  270     0.00000884   
  271     0.00000664   
  272     0.00000318   
  273     0.00000736   
  274     0.00001133   
  275     0.00000075   
  276     0.00000100   
  277     0.00000126   
  278     0.00000159   
  279     0.00000273   
  280     0.00000122   
  281     0.00000827   
  282     0.00000118   
  283     0.00000820   
  284     0.00000296   
  285     0.00000539   
  286     0.00001430   
  287     0.00000626   
  288     0.00000261   
  289     0.00000484   
  290     0.00000093   
  291     0.00000524   
  292     0.00000269   
  293     0.00000529   
  294     0.00002498   
  295     0.00000717   
  296     0.00001859   
  297     0.00000236   
  298     0.00000369   
  299     0.00000132   
  300     0.00000249   
  301     0.00000056   
  302     0.00000246   
  303     0.00000111   
  304     0.00000331   
  305     0.00000606   
  306     0.00001915   
  307     0.00000309   
  308     0.00003310   
  309     0.00003446   
  310     0.00001733   
  311     0.00000653   
  312     0.00001065   
  313     0.00001375   
  314     0.00000759   
  315     0.00000509   
  316     0.00002690   
  317     0.00001203   
  318     0.00003424   
  319     0.00009389   
  320     0.00038704   
  321     0.00019314   
  322     0.00278647   
  323     0.00020962   
  324     0.00017540   
  325     0.00002623   
  326     0.00005770   
  327     0.00003698   
  328     0.00000356   
  329     0.00002308   
  330     0.00000388   
  331     0.00003101   
  332     0.00000373   
  333     0.00000199   
  334     0.00001742   
  335     0.00000404   
  336     0.00003494   
  337     0.00001548   
  338     0.00000925   
  339     0.00002542   
  340     0.00000689   
  341     0.00000530   
  342     0.00000389   
  343     0.00001040   
  344     0.00001282   
  345     0.00003241   
  346     0.00001690   
  347     0.00000427   
  348     0.00003086   
  349     0.00000250   
  350     0.00002286   
  351     0.00000673   
  352     0.00001752   
  353     0.00001716   
  354     0.00000492   
  355     0.00000353   
  356     0.00004144   
  357     0.00002250   
  358     0.00000907   
  359     0.00000439   
  360     0.00001029   
  361     0.00001487   
  362     0.00000114   
  363     0.00000249   
  364     0.00000091   
  365     0.00001262   
  366     0.00000188   
  367     0.00000935   
  368     0.00000438   
  369     0.00000327   
  370     0.00001377   
  371     0.00000703   
  372     0.00000248   
  373     0.00000374   
  374     0.00000200   
  375     0.00000478   
  376     0.00000146   
  377     0.00000754   
  378     0.00002119   
  379     0.00001011   
  380     0.00001471   
  381     0.00001268   
  382     0.00002287   
  383     0.00000588   
  384     0.00000086   
  385     0.00000403   
  386     0.00001050   
  387     0.00001400   
  388     0.00002321   
  389     0.00007545   
  390     0.00010379   
  391     0.00003128   
  392     0.00010326   
  393     0.00011136   
  394     0.00027694   
  395     0.00021054   
  396     0.00048169   
  397     0.00049514   
  398     0.00012865   
  399     0.00005526   
  400     0.00006054   
  401     0.00016279   
  402     0.00016495   
  403     0.00008501   
  404     0.00000627   
  405     0.00000666   
  406     0.00004554   
  407     0.00039368   
  408     0.00033688   
  409     0.00015848   
  410     0.00028717   
  411     0.00007536   
  412     0.00013626   
  413     0.00034505   
  414     0.00079867   
  415     0.00059673   
  416     0.00038723   
  417     0.00036250   
  418     0.00007078   
  419     0.00005725   
  420     0.00020386   
  421     0.00008877   
  422     0.00008945   
  423     0.00010924   
  424     0.00012627   
  425     0.00008348   
  426     0.00013998   
  427     0.00005833   
  428     0.00009870   
  429     0.00004101   
  430     0.00000197   
  431     0.00004534   
  432     0.00001675   
  433     0.00004898   
  434     0.00002857   
  435     0.00003702   
  436     0.00016658   
  437     0.00006207   
  438     0.00024458   
  439     0.00020380   
  440     0.00007237   
  441     0.00004479   
  442     0.00016192   
  443     0.00050616   
  444     0.00105018   
  445     0.00170234   
  446     0.00089111   
  447     0.00019050   
  448     0.00039748   
  449     0.00012579   
  450     0.00013992   
  451     0.00026445   
  452     0.00028456   
  453     0.00036314   
  454     0.00001394   
  455     0.00003460   
  456     0.00008755   
  457     0.00028903   
  458     0.00019434   
  459     0.00022979   
  460     0.00013788   
  461     0.00002093   
  462     0.00005325   
  463     0.00000528   
  464     0.00001498   
  465     0.00002442   
  466     0.00004192   
  467     0.00004903   
  468     0.00004429   
  469     0.00002377   
  470     0.00003935   
  471     0.00004239   
  472     0.00002430   
  473     0.00006010   
  474     0.00005767   
  475     0.00007971   
  476     0.00007371   
  477     0.00006686   
  478     0.00003067   
  479     0.00001747   
  480     0.00001369   
  481     0.00003698   
  482     0.00001989   
  483     0.00003614   
  484     0.00008732   
  485     0.00001432   
  486     0.00002689   
  487     0.00001153   
  488     0.00003554   
  489     0.00001702   
  490     0.00000773   
  491     0.00000454   
  492     0.00000380   
  493     0.00000059   
  494     0.00000371   
  495     0.00000300   
  496     0.00000343   
  497     0.00001300   
  498     0.00006262   
  499     0.00004878   
  500     0.00020189   
  501     0.00045477   
  502     0.00009117   
  503     0.00036574   
  504     0.00080930   
  505     0.00027925   
  506     0.00003944   
  507     0.00003810   
  508     0.00005052   
  509     0.00000203   
  510     0.00000243   
  511     0.00000085   
  512     0.00002336   
  513     0.00000726   
  514     0.00000126   
  515     0.00000279   
  516     0.00000669   
  517     0.00000359   
  518     0.00000300   
  519     0.00000883   
  520     0.00000651   
  521     0.00000306   
  522     0.00001777   
  523     0.00001260   
  524     0.00000501   
  525     0.00001747   
  526     0.00003813   
  527     0.00003110   
  528     0.00002835   
  529     0.00002551   
  530     0.00003890   
  531     0.00005258   
  532     0.00004386   
  533     0.00002873   
  534     0.00002618   
  535     0.00005741   
  536     0.00002170   
  537     0.00000633   
  538     0.00001955   
  539     0.00001964   
  540     0.00000621   
  541     0.00000305   
  542     0.00000886   
  543     0.00000370   
  544     0.00000045   
  545     0.00000081   
  546     0.00000337   
  547     0.00000105   
  548     0.00000027   
  549     0.00000124   
  550     0.00000115   
  551     0.00000033   
  552     0.00000010   
  553     0.00000075   
  554     0.00000028   
  555     0.00000008   
  556     0.00000016   
  557     0.00000201   
  558     0.00000063   
  559     0.00000032   
  560     0.00000008   
  561     0.00000229   
  562     0.00000221   
  563     0.00000097   
  564     0.00000033   
  565     0.00000229   
  566     0.00000330   
  567     0.00000305   
  568     0.00000242   
  569     0.00000273   
  570     0.00000596   
  571     0.00000692   
  572     0.00000233   
  573     0.00000424   
  574     0.00000628   
  575     0.00001399   
  576     0.00000892   
  577     0.00000634   
  578     0.00001029   
  579     0.00012208   
  580     0.00000571   
  581     0.00002486   
  582     0.00000008   
  583     0.00000248   
  584     0.00000598   
  585     0.00001474   
  586     0.00000119   
  587     0.00000121   
  588     0.00000620   
  589     0.00000335   
  590     0.00000162   
  591     0.00000193   
  592     0.00000120   
  593     0.00000073   
  594     0.00000264   
  595     0.00000149   
  596     0.00000070   
  597     0.00000114   
  598     0.00000233   
  599     0.00000097   
  600     0.00000054   
  601     0.00000146   
  602     0.00000110   
  603     0.00000065   
  604     0.00000090   
  605     0.00000042   
    1     0.00912813   
    2     0.00080837   
    3     0.00006495   
    4     0.00003974   
    5     0.00019238   
    6     0.00055573   
    7     0.00040771   
    8     0.00013664   
    9     0.00076692   
   10     0.00047145   
   11     0.00094359   
   12     0.00035273   
   13     0.00023419   
   14     0.00212517   
   15     0.00042196   
   16     0.00004517   
   17     0.00008957   
   18     0.00011798   
   19     0.00002439   
   20     0.00012760   
   21     0.00087958   
   22     0.00167658   
   23     0.00018691   
   24     0.00017603   
   25     0.00145230   
   26     0.00120204   
   27     0.00014447   
   28     0.00110029   
   29     0.00062539   
   30     0.00073465   
   31     0.00050087   
   32     0.00062303   
   33     0.00071896   
   34     0.00039115   
   35     0.00000836   
   36     0.00011671   
   37     0.00014336   
   38     0.00003674   
   39     0.00004064   
   40     0.00006054   
   41     0.00016686   
   42     0.00039787   
   43     0.00061852   
   44     0.00150311   
   45     0.00065897   
   46     0.00328571   
   47     0.00238410   
   48     0.00485884   
   49     0.01071904   
   50     0.00232288   
   51     0.00223849   
   52     0.00074775   
   53     0.00126368   
   54     0.00218490   
   55     0.00577433   
   56     0.00157839   
   57     0.00076973   
   58     0.00313000   
   59     0.00275054   
   60     0.00056150   
   61     0.00096737   
   62     0.00139340   
   63     0.00042543   
   64     0.00077831   
   65     0.00143566   
   66     0.00049363   
   67     0.00294649   
   68     0.00128432   
   69     0.00032232   
   70     0.00029920   
   71     0.00001019   
   72     0.00086219   
   73     0.00018422   
   74     0.00026825   
   75     0.00099108   
   76     0.00089415   
   77     0.00070975   
   78     0.00064899   
   79     0.00092315   
   80     0.00080845   
   81     0.00038602   
   82     0.00027235   
   83     0.00094706   
   84     0.00352088   
   85     0.00654583   
   86     0.00828493   
   87     0.00711309   
   88     0.00028183   
   89     0.00043288   
   90     0.00261609   
   91     0.00201268   
   92     0.00130289   
   93     0.00139825   
   94     0.00529327   
   95     0.00352776   
   96     0.00047134   
   97     0.00061644   
   98     0.00058547   
   99     0.00113368   
  100     0.00146781   
  101     0.00033716   
  102     0.00026861   
  103     0.00027034   
  104     0.00103472   
  105     0.00200799   
  106     0.00014852   
  107     0.00053704   
  108     0.00018148   
  109     0.00005366   
  110     0.00085901   
  111     0.00120144   
  112     0.00052769   
  113     0.00233665   
  114     0.00046935   
  115     0.00161643   
  116     0.00035932   
  117     0.00119273   
  118     0.00030682   
  119     0.00126199   
  120     0.00049367   
  121     0.00334419   
  122     0.00335479   
  123     0.00109750   
  124     0.00026719   
  125     0.00345818   
  126     0.00070204   
  127     0.00052244   
  128     0.00059735   
  129     0.00024108   
  130     0.00094479   
  131     0.00011703   
  132     0.00030987   
  133     0.00017461   
  134     0.00017384   
  135     0.00004724   
  136     0.00086834   
  137     0.00035497   
  138     0.00118577   
  139     0.00219874   
  140     0.00084834   
  141     0.00093707   
  142     0.00023672   
  143     0.00068437   
  144     0.00016912   
  145     0.00003590   
  146     0.00009128   
  147     0.00037005   
  148     0.00028390   
  149     0.00040859   
  150     0.00045070   
  151     0.00025695   
  152     0.00019082   
  153     0.00006522   
  154     0.00000785   
  155     0.00000306   
  156     0.00002091   
  157     0.00038308   
  158     0.00029822   
  159     0.00014695   
  160     0.00037063   
  161     0.00044800   
  162     0.00008954   
  163     0.00603052   
  164     0.00287709   
  165     0.00063286   
  166     0.00033711   
  167     0.00349359   
  168     0.00540109   
  169     0.03933848   
  170     0.03490096   
  171     0.03086668   
  172     0.03402784   
  173     0.00056667   
  174     0.00333224   
  175     0.00175098   
  176     0.00141367   
  177     0.00153813   
  178     0.00370003   
  179     0.01528716   
  180     0.02590707   
  181     0.01965419   
  182     0.00748454   
  183     0.00664931   
  184     0.00422498   
  185     0.00126664   
  186     0.00079461   
  187     0.00105793   
  188     0.00362549   
  189     0.00294269   
  190     0.00404228   
  191     0.00040653   
  192     0.00078724   
  193     0.00051169   
  194     0.00003255   
  195     0.00003476   
  196     0.00004126   
  197     0.00009955   
  198     0.00002395   
  199     0.00014116   
  200     0.00016836   
  201     0.00008649   
  202     0.00015290   
  203     0.00032355   
  204     0.00012823   
  205     0.00059210   
  206     0.00065179   
  207     0.00223825   
  208     0.00104339   
  209     0.00088999   
  210     0.00057628   
  211     0.00037518   
  212     0.00007905   
  213     0.00014354   
  214     0.00022062   
  215     0.00039527   
  216     0.00123822   
  217     0.00013008   
  218     0.00038842   
  219     0.00012998   
  220     0.00092188   
  221     0.00317516   
  222     0.00082696   
  223     0.00073581   
  224     0.00393199   
  225     0.00062335   
  226     0.00510538   
  227     0.00095006   
  228     0.00647260   
  229     0.00170292   
  230     0.00665286   
  231     0.00149460   
  232     0.00118658   
  233     0.00197584   
  234     0.00076916   
  235     0.00052066   
  236     0.00178567   
  237     0.00112117   
  238     0.00116809   
  239     0.00439771   
  240     0.01360427   
  241     0.00378592   
  242     0.00484180   
  243     0.00255063   
  244     0.00433431   
  245     0.00100138   
  246     0.00534707   
  247     0.00138110   
  248     0.00305002   
  249     0.00322450   
  250     0.00632208   
  251     0.00703770   
  252     0.00686855   
  253     0.00187341   
  254     0.00069838   
  255     0.00454811   
  256     0.00584184   
  257     0.00674533   
  258     0.00181599   
  259     0.00077144   
  260     0.00145402   
  261     0.00131821   
  262     0.00156226   
  263     0.00131816   
  264     0.00425625   
  265     0.00860894   
  266     0.01762920   
  267     0.00524259   
  268     0.00262355   
  269     0.00054777   
  270     0.00178190   
  271     0.00028331   
  272     0.00024687   
  273     0.00082302   
  274     0.00079765   
  275     0.00123559   
  276     0.00034702   
  277     0.00013209   
  278     0.00129563   
  279     0.00106224   
  280     0.00069668   
  281     0.00049891   
  282     0.00070216   
  283     0.00025423   
  284     0.00073060   
  285     0.00046229   
  286     0.00417762   
  287     0.00049760   
  288     0.00021430   
  289     0.00447643   
  290     0.00129256   
  291     0.00123644   
  292     0.00019180   
  293     0.00016577   
  294     0.00017109   
  295     0.00005551   
  296     0.00020474   
  297     0.00261845   
  298     0.00119988   
  299     0.00188937   
  300     0.00103900   
  301     0.00225675   
  302     0.00021635   
  303     0.00495636   
  304     0.00092689   
  305     0.00171615   
  306     0.00061578   
  307     0.00075458   
  308     0.00088885   
  309     0.00030151   
  310     0.00138888   
  311     0.00053536   
  312     0.00048000   
  313     0.00019559   
  314     0.00001325   
  315     0.00003527   
  316     0.00007188   
  317     0.00009225   
  318     0.00040736   
  319     0.00032786   
  320     0.00049138   
  321     0.00054556   
  322     0.00068220   
  323     0.00156569   
  324     0.00461374   
  325     0.00440660   
  326     0.00899569   
  327     0.00206295   
  328     0.00164180   
  329     0.00046372   
  330     0.00014276   
  331     0.00011005   
  332     0.00001837   
  333     0.00005866   
  334     0.00000473   
  335     0.00000588   
  336     0.00009836   
  337     0.00018123   
  338     0.00006580   
  339     0.00004880   
  340     0.00044473   
  341     0.00017662   
  342     0.00086007   
  343     0.00212849   
  344     0.00062086   
  345     0.00289561   
  346     0.00383480   
  347     0.00464754   
  348     0.00472615   
  349     0.00043078   
  350     0.00042921   
  351     0.00275755   
  352     0.01073745   
  353     0.00437443   
  354     0.00257183   
  355     0.00027643   
  356     0.00014411   
  357     0.00017647   
  358     0.00154439   
  359     0.00138402   
  360     0.00309513   
  361     0.00202492   
  362     0.00020518   
  363     0.00005025   
  364     0.00005225   
  365     0.00241150   
  366     0.00117486   
  367     0.00037485   
  368     0.00034316   
  369     0.00017204   
  370     0.00010928   
  371     0.00022019   
  372     0.00021300   
  373     0.00014627   
  374     0.00019289   
  375     0.00103094   
  376     0.00430806   
    1     0.00003600   
    2     0.00006472   
    3     0.00001838   
    4     0.00000131   
    5     0.00001227   
    6     0.00003636   
    7     0.00002734   
    8     0.00000333   
    9     0.00004249   
   10     0.00003331   
   11     0.00001309   
   12     0.00003645   
   13     0.00000405   
   14     0.00003933   
   15     0.00010152   
   16     0.00000358   
   17     0.00005689   
   18     0.00003038   
   19     0.00001052   
   20     0.00001940   
   21     0.00003635   
   22     0.00003179   
   23     0.00012600   
   24     0.00004146   
   25     0.00008067   
   26     0.00026800   
   27     0.00004135   
   28     0.00004237   
   29     0.00003120   
   30     0.00000756   
   31     0.00000669   
   32     0.00001258   
   33     0.00001900   
   34     0.00001806   
   35     0.00001065   
   36     0.00000851   
   37     0.00003296   
   38     0.00009591   
   39     0.00003918   
   40     0.00000773   
   41     0.00001979   
   42     0.00001937   
   43     0.00003217   
   44     0.00004756   
   45     0.00004316   
   46     0.00008132   
   47     0.00001045   
   48     0.00001818   
   49     0.00007747   
   50     0.00007847   
   51     0.00017286   
   52     0.00002636   
   53     0.00004511   
   54     0.00002147   
   55     0.00021709   
   56     0.00006956   
   57     0.00004653   
   58     0.00005818   
   59     0.00024989   
   60     0.00001335   
   61     0.00004070   
   62     0.00018731   
   63     0.00005044   
   64     0.00001237   
   65     0.00003761   
   66     0.00003377   
   67     0.00012694   
   68     0.00004053   
   69     0.00002972   
   70     0.00001490   
   71     0.00000039   
   72     0.00003825   
   73     0.00000804   
   74     0.00001561   
   75     0.00001053   
   76     0.00003365   
   77     0.00001972   
   78     0.00001271   
   79     0.00005030   
   80     0.00004891   
   81     0.00011657   
   82     0.00003967   
   83     0.00013473   
   84     0.00076034   
   85     0.00131017   
   86     0.00109731   
   87     0.00041934   
   88     0.00015171   
   89     0.00006304   
   90     0.00022191   
   91     0.00005573   
   92     0.00008615   
   93     0.00001224   
   94     0.00006439   
   95     0.00002014   
   96     0.00000833   
   97     0.00003756   
   98     0.00005394   
   99     0.00002450   
  100     0.00001170   
  101     0.00002813   
  102     0.00009990   
  103     0.00001557   
  104     0.00003337   
  105     0.00004739   
  106     0.00000711   
  107     0.00001746   
  108     0.00018116   
  109     0.00006869   
  110     0.00008814   
  111     0.00031366   
  112     0.00030305   
  113     0.00023229   
  114     0.00016734   
  115     0.00110490   
  116     0.00125805   
  117     0.00115312   
  118     0.00069867   
  119     0.00048699   
  120     0.00065981   
  121     0.00138223   
  122     0.00088198   
  123     0.00028326   
  124     0.00006088   
  125     0.00091614   
  126     0.00016738   
  127     0.00013574   
  128     0.00029875   
  129     0.00033924   
  130     0.00112410   
  131     0.00015509   
  132     0.00029119   
  133     0.00001745   
  134     0.00011067   
  135     0.00003217   
  136     0.00041347   
  137     0.00012941   
  138     0.00015650   
  139     0.00021897   
  140     0.00021003   
  141     0.00010455   
  142     0.00017710   
  143     0.00001624   
  144     0.00007440   
  145     0.00001105   
  146     0.00000558   
  147     0.00002371   
  148     0.00001562   
  149     0.00001925   
  150     0.00000750   
  151     0.00000944   
  152     0.00000431   
  153     0.00000665   
  154     0.00000132   
  155     0.00000176   
  156     0.00000749   
  157     0.00000978   
  158     0.00000938   
  159     0.00001224   
  160     0.00002110   
  161     0.00001187   
  162     0.00000218   
  163     0.00004520   
  164     0.00002634   
  165     0.00000306   
  166     0.00000372   
  167     0.00001996   
  168     0.00002585   
  169     0.00002417   
  170     0.00008418   
  171     0.00004325   
  172     0.00002221   
  173     0.00000099   
  174     0.00000455   
  175     0.00000154   
  176     0.00000371   
  177     0.00000812   
  178     0.00001113   
  179     0.00006398   
  180     0.00009239   
  181     0.00002293   
  182     0.00000441   
  183     0.00004413   
  184     0.00001368   
  185     0.00002177   
  186     0.00001927   
  187     0.00000522   
  188     0.00000593   
  189     0.00000858   
  190     0.00000966   
  191     0.00001012   
  192     0.00001446   
  193     0.00002474   
  194     0.00000503   
  195     0.00000444   
  196     0.00000216   
  197     0.00000900   
  198     0.00000068   
  199     0.00000380   
  200     0.00000783   
  201     0.00000347   
  202     0.00001124   
  203     0.00001179   
  204     0.00000830   
  205     0.00010176   
  206     0.00006779   
  207     0.00024484   
  208     0.00017307   
  209     0.00030323   
  210     0.00014689   
  211     0.00008820   
  212     0.00011923   
  213     0.00005052   
  214     0.00029655   
  215     0.00011665   
  216     0.00061804   
  217     0.00054971   
  218     0.00012584   
  219     0.00011873   
  220     0.00064925   
  221     0.00176513   
  222     0.00029059   
  223     0.00044236   
  224     0.00139147   
  225     0.00056839   
  226     0.00178079   
  227     0.00198319   
  228     0.00264819   
  229     0.00542642   
  230     0.00299705   
  231     0.00060042   
  232     0.00029830   
  233     0.00027756   
  234     0.00006386   
  235     0.00003106   
  236     0.00011457   
  237     0.00021960   
  238     0.00011651   
  239     0.00044160   
  240     0.00260961   
  241     0.00278009   
  242     0.00239800   
  243     0.00259160   
  244     0.00215210   
  245     0.00196037   
  246     0.00136143   
  247     0.00076946   
  248     0.00151870   
  249     0.00221842   
  250     0.00515771   
  251     0.00279666   
  252     0.00245162   
  253     0.00078090   
  254     0.00018088   
  255     0.00103958   
  256     0.00214742   
  257     0.00348907   
  258     0.00363620   
  259     0.00059068   
  260     0.00098322   
  261     0.00094467   
  262     0.00089288   
  263     0.00083613   
  264     0.00348930   
  265     0.00472981   
  266     0.00789326   
  267     0.00383007   
  268     0.00114670   
  269     0.00098237   
  270     0.00126127   
  271     0.00046929   
  272     0.00037165   
  273     0.00057712   
  274     0.00071698   
  275     0.00023506   
  276     0.00018464   
  277     0.00014725   
  278     0.00009849   
  279     0.00057586   
  280     0.00141790   
  281     0.00183324   
  282     0.00067318   
  283     0.00004205   
  284     0.00057387   
  285     0.00035536   
  286     0.00237483   
  287     0.00028972   
  288     0.00033900   
  289     0.00230545   
  290     0.00103672   
  291     0.00014840   
  292     0.00006709   
  293     0.00042900   
  294     0.00003030   
  295     0.00004419   
  296     0.00010201   
  297     0.00107504   
  298     0.00050593   
  299     0.00091298   
  300     0.00071834   
  301     0.00118184   
  302     0.00067239   
  303     0.00238335   
  304     0.00093253   
  305     0.00130181   
  306     0.00042753   
  307     0.00058865   
  308     0.00051985   
  309     0.00027790   
  310     0.00087163   
  311     0.00040621   
  312     0.00047740   
  313     0.00024426   
  314     0.00001344   
  315     0.00004618   
  316     0.00007097   
  317     0.00011967   
  318     0.00026837   
  319     0.00017156   
  320     0.00036977   
  321     0.00037732   
  322     0.00026490   
  323     0.00128357   
  324     0.00183231   
  325     0.00264082   
  326     0.00434328   
  327     0.00250018   
  328     0.00149887   
  329     0.00149399   
  330     0.00428855   
  331     0.00062895   
  332     0.00192294   
  333     0.00073080   
  334     0.00442427   
  335     0.00104711   
  336     0.00008042   
  337     0.00140890   
  338     0.00114486   
  339     0.00053755   
  340     0.00034553   
  341     0.00051838   
  342     0.00159034   
  343     0.00096893   
  344     0.00164593   
  345     0.00042206   
  346     0.00400163   
  347     0.00178396   
  348     0.00279999   
  349     0.00251428   
  350     0.00200795   
  351     0.00181900   
  352     0.00050480   
  353     0.00096759   
  354     0.00004788   
  355     0.00002259   
  356     0.00000694   
  357     0.00000256   
  358     0.00000270   
  359     0.00010361   
  360     0.00028410   
  361     0.00016539   
  362     0.00007220   
  363     0.00000527   
  364     0.00000536   
  365     0.00003445   
  366     0.00000717   
  367     0.00000401   
  368     0.00000971   
  369     0.00000507   
  370     0.00001170   
  371     0.00000806   
  372     0.00000957   
  373     0.00003352   
  374     0.00003431   
  375     0.00001896   
  376     0.00066823   
