    1     0.00036954   
    2     0.00147233   
    3     0.00790915   
    4     0.00621492   
    5     0.00858703   
    6     0.00300780   
    7     0.00110153   
    8     0.00054975   
    9     0.00030866   
   10     0.00059119   
   11     0.00023970   
   12     0.00063531   
   13     0.00033548   
   14     0.00025068   
   15     0.00069094   
   16     0.00420592   
   17     0.00439722   
   18     0.00419067   
   19     0.03995081   
   20     0.01835192   
   21     0.02374085   
   22     0.00988968   
   23     0.02376536   
   24     0.02369965   
   25     0.02415736   
   26     0.00484985   
   27     0.00096510   
   28     0.00041088   
   29     0.00036698   
   30     0.00003369   
   31     0.00008639   
   32     0.00003853   
   33     0.00011150   
   34     0.00021214   
   35     0.00063868   
   36     0.00033311   
   37     0.00026245   
   38     0.00010572   
   39     0.00028397   
   40     0.00066187   
   41     0.00034632   
   42     0.00191939   
   43     0.00062592   
   44     0.00225643   
   45     0.00138519   
   46     0.00079124   
   47     0.00117767   
   48     0.00049857   
   49     0.00059614   
   50     0.00063567   
   51     0.00023553   
   52     0.00003617   
   53     0.00015443   
   54     0.00031449   
   55     0.00064385   
   56     0.00021462   
   57     0.00016028   
   58     0.00037836   
   59     0.00160204   
   60     0.00001725   
   61     0.00118282   
   62     0.00200073   
   63     0.00164092   
   64     0.00172142   
   65     0.00040071   
   66     0.00193818   
   67     0.00082433   
   68     0.00078819   
   69     0.00022139   
   70     0.00043391   
   71     0.00089222   
   72     0.00217729   
   73     0.00042253   
   74     0.00043313   
   75     0.00064159   
   76     0.00036742   
   77     0.00061291   
   78     0.00028897   
   79     0.00014478   
   80     0.00013581   
   81     0.00238787   
   82     0.00105462   
   83     0.00032271   
   84     0.00009270   
   85     0.00196371   
   86     0.00247540   
   87     0.00072549   
   88     0.00167120   
   89     0.00132285   
   90     0.00202617   
   91     0.00098401   
   92     0.00105760   
   93     0.00144529   
   94     0.00026543   
   95     0.00044366   
   96     0.00056324   
   97     0.00025884   
   98     0.00108121   
   99     0.00043642   
  100     0.00023523   
  101     0.00068322   
  102     0.00124732   
  103     0.00167831   
  104     0.00502691   
  105     0.00150116   
  106     0.00200921   
  107     0.00284905   
  108     0.00556198   
  109     0.00073512   
  110     0.00690535   
  111     0.00137275   
  112     0.00092891   
  113     0.00169456   
  114     0.00257988   
  115     0.00081023   
  116     0.00054568   
  117     0.00077101   
  118     0.00079749   
  119     0.00060543   
  120     0.00096468   
  121     0.00212521   
  122     0.00106672   
  123     0.00122919   
  124     0.00230656   
  125     0.00621872   
  126     0.00172219   
  127     0.01302628   
  128     0.00167709   
  129     0.00489302   
  130     0.00232549   
  131     0.00197144   
  132     0.00257738   
  133     0.00438466   
  134     0.00288897   
  135     0.00206360   
  136     0.00481608   
  137     0.00179276   
  138     0.00124808   
  139     0.00059479   
  140     0.00068300   
  141     0.00056223   
  142     0.00032727   
  143     0.00031236   
  144     0.00094986   
  145     0.00032453   
  146     0.00035071   
  147     0.00022297   
  148     0.00018624   
  149     0.00016879   
  150     0.00031035   
  151     0.00038315   
  152     0.00095859   
  153     0.00042387   
  154     0.00025037   
  155     0.00059457   
  156     0.00100754   
  157     0.00048058   
  158     0.00067530   
  159     0.00180946   
  160     0.00157054   
  161     0.00108891   
  162     0.00261478   
  163     0.00103208   
  164     0.00036237   
  165     0.00040670   
  166     0.00235493   
  167     0.00109917   
  168     0.00035918   
  169     0.00037215   
  170     0.00035823   
  171     0.00101261   
  172     0.00105779   
  173     0.00237319   
  174     0.00119941   
  175     0.00233548   
  176     0.00410020   
  177     0.00764457   
  178     0.00653063   
  179     0.00499029   
  180     0.00267309   
  181     0.00434429   
  182     0.00436403   
  183     0.00309587   
  184     0.00097770   
  185     0.00070421   
  186     0.00230293   
  187     0.00238958   
  188     0.00680316   
  189     0.00255061   
  190     0.00333852   
  191     0.00033330   
  192     0.00065968   
  193     0.00022794   
  194     0.00028017   
  195     0.00040697   
  196     0.00024463   
  197     0.00034588   
  198     0.00053118   
  199     0.00095086   
  200     0.00059337   
  201     0.00040835   
  202     0.00047002   
  203     0.00071643   
  204     0.00064876   
  205     0.00103405   
  206     0.00244501   
  207     0.00513959   
  208     0.00218786   
  209     0.00138200   
  210     0.00107886   
  211     0.00037909   
  212     0.00122427   
  213     0.00295479   
  214     0.00356751   
  215     0.00245052   
  216     0.00178049   
  217     0.00139075   
  218     0.00075404   
  219     0.00155839   
  220     0.00018501   
  221     0.00041851   
  222     0.00028134   
  223     0.00047142   
  224     0.00060405   
  225     0.00173360   
  226     0.00327963   
  227     0.00175316   
  228     0.00058447   
  229     0.00195000   
  230     0.00145586   
  231     0.00189587   
  232     0.00059499   
  233     0.00054954   
  234     0.00046760   
  235     0.00148588   
  236     0.00105517   
  237     0.00075054   
  238     0.00209754   
  239     0.00142558   
  240     0.00162800   
  241     0.00153337   
  242     0.00108411   
  243     0.00097414   
  244     0.00357420   
  245     0.00071626   
  246     0.00039582   
  247     0.00017962   
  248     0.00033360   
  249     0.00050595   
  250     0.00105639   
  251     0.00088840   
  252     0.00098472   
  253     0.00116568   
  254     0.00073207   
  255     0.00021497   
  256     0.00243016   
  257     0.00058027   
  258     0.00119073   
  259     0.00062652   
  260     0.00072084   
  261     0.00107403   
  262     0.00074230   
  263     0.00041261   
  264     0.00076402   
  265     0.00091687   
  266     0.00056519   
  267     0.00209184   
  268     0.00027193   
  269     0.00042879   
  270     0.00162449   
  271     0.00069171   
  272     0.00006271   
  273     0.00023949   
  274     0.00014892   
  275     0.00005163   
  276     0.00002911   
  277     0.00003181   
  278     0.00005891   
  279     0.00020641   
  280     0.00016649   
  281     0.00110353   
  282     0.00040352   
  283     0.00078305   
  284     0.00024081   
  285     0.00024708   
  286     0.00144550   
  287     0.00079254   
  288     0.00060153   
  289     0.00031853   
  290     0.00030777   
  291     0.00118422   
  292     0.00031449   
  293     0.00032705   
  294     0.00194618   
  295     0.00058155   
  296     0.00093165   
  297     0.00066069   
  298     0.00262006   
  299     0.00006374   
  300     0.00020072   
  301     0.00002719   
  302     0.00031923   
  303     0.00007490   
  304     0.00012629   
  305     0.00070410   
  306     0.00095004   
  307     0.00028886   
  308     0.00113508   
  309     0.00095475   
  310     0.00051348   
  311     0.00026529   
  312     0.00041690   
  313     0.00040867   
  314     0.00008824   
  315     0.00036822   
  316     0.00047508   
  317     0.00005247   
  318     0.00020330   
  319     0.00021983   
  320     0.00037904   
  321     0.00046479   
  322     0.00067227   
  323     0.00033972   
  324     0.00020385   
  325     0.00011172   
  326     0.00002453   
  327     0.00021599   
  328     0.00006509   
  329     0.00026879   
  330     0.00007058   
  331     0.00073600   
  332     0.00013570   
  333     0.00037524   
  334     0.00291258   
  335     0.00027084   
  336     0.00210168   
  337     0.00054227   
  338     0.00240371   
  339     0.00085949   
  340     0.00078127   
  341     0.00072473   
  342     0.00066124   
  343     0.00101117   
  344     0.00039076   
  345     0.00022129   
  346     0.00081427   
  347     0.00046895   
  348     0.00144721   
  349     0.00044991   
  350     0.00143725   
  351     0.00046572   
  352     0.00070010   
  353     0.00034227   
  354     0.00035919   
  355     0.00016692   
  356     0.00043719   
  357     0.00151807   
  358     0.00011748   
  359     0.00005860   
  360     0.00032343   
  361     0.00040871   
  362     0.00038404   
  363     0.00042044   
  364     0.00032039   
  365     0.00078152   
  366     0.00017437   
  367     0.00051033   
  368     0.00044107   
  369     0.00266384   
  370     0.00185965   
  371     0.00141635   
  372     0.00393262   
  373     0.01709842   
  374     0.00135109   
  375     0.00091651   
  376     0.00281168   
  377     0.00414011   
  378     0.00144791   
  379     0.00291699   
  380     0.00223117   
  381     0.00104048   
  382     0.00146815   
  383     0.00080730   
  384     0.00042407   
  385     0.00013229   
  386     0.00127015   
  387     0.00112962   
  388     0.00105737   
  389     0.00750413   
  390     0.00301772   
  391     0.00325300   
  392     0.00145624   
  393     0.00114704   
  394     0.00057910   
  395     0.00039833   
  396     0.00032371   
  397     0.00025750   
  398     0.00010983   
  399     0.00013681   
  400     0.00010363   
  401     0.00021898   
  402     0.00008955   
  403     0.00008443   
  404     0.00007004   
  405     0.00002013   
  406     0.00001323   
  407     0.00015605   
  408     0.00010994   
  409     0.00021187   
  410     0.00031004   
  411     0.00011283   
  412     0.00007560   
  413     0.00017189   
  414     0.00021108   
  415     0.00025940   
  416     0.00017861   
  417     0.00080352   
  418     0.00078544   
  419     0.00083855   
  420     0.00061548   
  421     0.00043963   
  422     0.00020202   
  423     0.00043696   
  424     0.00079626   
  425     0.00023150   
  426     0.00073414   
  427     0.00006101   
  428     0.00015083   
  429     0.00006149   
  430     0.00000810   
  431     0.00000657   
  432     0.00001363   
  433     0.00003890   
  434     0.00002360   
  435     0.00002885   
  436     0.00012967   
  437     0.00005409   
  438     0.00014207   
  439     0.00020807   
  440     0.00015865   
  441     0.00008942   
  442     0.00028462   
  443     0.00026847   
  444     0.00029538   
  445     0.00008075   
  446     0.00005480   
  447     0.00003660   
  448     0.00010239   
  449     0.00001881   
  450     0.00000778   
  451     0.00004091   
  452     0.00047838   
  453     0.00015886   
  454     0.00020011   
  455     0.00021486   
  456     0.00014587   
  457     0.00010566   
  458     0.00003376   
  459     0.00006199   
  460     0.00003919   
  461     0.00002201   
  462     0.00014751   
  463     0.00005245   
  464     0.00003741   
  465     0.00019284   
  466     0.00004061   
  467     0.00007754   
  468     0.00014098   
  469     0.00002658   
  470     0.00019217   
  471     0.00008772   
  472     0.00017819   
  473     0.00057709   
  474     0.00009740   
  475     0.00021291   
  476     0.00009100   
  477     0.00011666   
  478     0.00025406   
  479     0.00033496   
  480     0.00100174   
  481     0.00084511   
  482     0.00065873   
  483     0.00033713   
  484     0.00025684   
  485     0.00018113   
  486     0.00014510   
  487     0.00024540   
  488     0.00017628   
  489     0.00007691   
  490     0.00018582   
  491     0.00017798   
  492     0.00013368   
  493     0.00013638   
  494     0.00024966   
  495     0.00010024   
  496     0.00003683   
  497     0.00015248   
  498     0.00003073   
  499     0.00011599   
  500     0.00007406   
  501     0.00005189   
  502     0.00002858   
  503     0.00006280   
  504     0.00042826   
  505     0.00019376   
  506     0.00054758   
  507     0.00105235   
  508     0.00073352   
  509     0.00054728   
  510     0.00108450   
  511     0.00052267   
  512     0.00220769   
  513     0.00089550   
  514     0.00161526   
  515     0.00319770   
  516     0.00131244   
  517     0.00016586   
  518     0.00116371   
  519     0.00075831   
  520     0.00032616   
  521     0.00011402   
  522     0.00091325   
  523     0.00065617   
  524     0.00023777   
  525     0.00013061   
  526     0.00028702   
  527     0.00050232   
  528     0.00063192   
  529     0.00037913   
  530     0.00008744   
  531     0.00017907   
  532     0.00034179   
  533     0.00008705   
  534     0.00007087   
  535     0.00004057   
  536     0.00029657   
  537     0.00007858   
  538     0.00007031   
  539     0.00006091   
  540     0.00004931   
  541     0.00004347   
  542     0.00010860   
  543     0.00004425   
  544     0.00005432   
  545     0.00005514   
  546     0.00015242   
  547     0.00006880   
  548     0.00005516   
  549     0.00004135   
  550     0.00004694   
  551     0.00004927   
  552     0.00002082   
  553     0.00045299   
  554     0.00003123   
  555     0.00000942   
  556     0.00000575   
  557     0.00006867   
  558     0.00000953   
  559     0.00001724   
  560     0.00001097   
  561     0.00010944   
  562     0.00001842   
  563     0.00001592   
  564     0.00002119   
  565     0.00001930   
  566     0.00003466   
  567     0.00002373   
  568     0.00005707   
  569     0.00006289   
  570     0.00001985   
  571     0.00002122   
  572     0.00002236   
  573     0.00002873   
  574     0.00001307   
  575     0.00004587   
  576     0.00006927   
  577     0.00003519   
  578     0.00001578   
  579     0.00065663   
  580     0.00000985   
  581     0.00038978   
  582     0.00000372   
  583     0.00002308   
  584     0.00008832   
  585     0.00002920   
  586     0.00001704   
  587     0.00003465   
  588     0.00009400   
  589     0.00001508   
  590     0.00002418   
  591     0.00008270   
  592     0.00004322   
  593     0.00003065   
  594     0.00011543   
  595     0.00006479   
  596     0.00002942   
  597     0.00012619   
  598     0.00029744   
  599     0.00008620   
  600     0.00034114   
  601     0.00010974   
  602     0.00113825   
  603     0.00062681   
  604     0.00013401   
  605     0.00084748   
    1     0.00000076   
    2     0.00000083   
    3     0.00000153   
    4     0.00000076   
    5     0.00000110   
    6     0.00000132   
    7     0.00000186   
    8     0.00000010   
    9     0.00000336   
   10     0.00000086   
   11     0.00000028   
   12     0.00000076   
   13     0.00000063   
   14     0.00000138   
   15     0.00000293   
   16     0.00000095   
   17     0.00000079   
   18     0.00000259   
   19     0.00000074   
   20     0.00000160   
   21     0.00000379   
   22     0.00000399   
   23     0.00000265   
   24     0.00000153   
   25     0.00000313   
   26     0.00000583   
   27     0.00000154   
   28     0.00000357   
   29     0.00000549   
   30     0.00000633   
   31     0.00000562   
   32     0.00001152   
   33     0.00000668   
   34     0.00000367   
   35     0.00000323   
   36     0.00000318   
   37     0.00000681   
   38     0.00000166   
   39     0.00000107   
   40     0.00000263   
   41     0.00000540   
   42     0.00000322   
   43     0.00001062   
   44     0.00000326   
   45     0.00000554   
   46     0.00000440   
   47     0.00000453   
   48     0.00000850   
   49     0.00000204   
   50     0.00000320   
   51     0.00000374   
   52     0.00000064   
   53     0.00000032   
   54     0.00000266   
   55     0.00000469   
   56     0.00000291   
   57     0.00000420   
   58     0.00001142   
   59     0.00000430   
   60     0.00000109   
   61     0.00000676   
   62     0.00001523   
   63     0.00000170   
   64     0.00000072   
   65     0.00000334   
   66     0.00000148   
   67     0.00000242   
   68     0.00000034   
   69     0.00000068   
   70     0.00000075   
   71     0.00000029   
   72     0.00000250   
   73     0.00000091   
   74     0.00000356   
   75     0.00000521   
   76     0.00000721   
   77     0.00000276   
   78     0.00000373   
   79     0.00000392   
   80     0.00000110   
   81     0.00000067   
   82     0.00000084   
   83     0.00000145   
   84     0.00000292   
   85     0.00000601   
   86     0.00000107   
   87     0.00000951   
   88     0.00000132   
   89     0.00000171   
   90     0.00000092   
   91     0.00000055   
   92     0.00000088   
   93     0.00000007   
   94     0.00000061   
   95     0.00000064   
   96     0.00000076   
   97     0.00000180   
   98     0.00000382   
   99     0.00000186   
  100     0.00000388   
  101     0.00000257   
  102     0.00000290   
  103     0.00000209   
  104     0.00000335   
  105     0.00000498   
  106     0.00000104   
  107     0.00000060   
  108     0.00000026   
  109     0.00000027   
  110     0.00000299   
  111     0.00000190   
  112     0.00000067   
  113     0.00000115   
  114     0.00000040   
  115     0.00000061   
  116     0.00000052   
  117     0.00000214   
  118     0.00000141   
  119     0.00000324   
  120     0.00000260   
  121     0.00000173   
  122     0.00000095   
  123     0.00000118   
  124     0.00000041   
  125     0.00000141   
  126     0.00000111   
  127     0.00000052   
  128     0.00000313   
  129     0.00000374   
  130     0.00000068   
  131     0.00000140   
  132     0.00000153   
  133     0.00000316   
  134     0.00000316   
  135     0.00000161   
  136     0.00000770   
  137     0.00000503   
  138     0.00001216   
  139     0.00001481   
  140     0.00001884   
  141     0.00000111   
  142     0.00000141   
  143     0.00000180   
  144     0.00000149   
  145     0.00000076   
  146     0.00000038   
  147     0.00000150   
  148     0.00000378   
  149     0.00000045   
  150     0.00000134   
  151     0.00000146   
  152     0.00000219   
  153     0.00000236   
  154     0.00000031   
  155     0.00000062   
  156     0.00000082   
  157     0.00000247   
  158     0.00000259   
  159     0.00000334   
  160     0.00000243   
  161     0.00000067   
  162     0.00000025   
  163     0.00000111   
  164     0.00000401   
  165     0.00000115   
  166     0.00000224   
  167     0.00000497   
  168     0.00000712   
  169     0.00001403   
  170     0.00001256   
  171     0.00002006   
  172     0.00002125   
  173     0.00000686   
  174     0.00001059   
  175     0.00000268   
  176     0.00000613   
  177     0.00000630   
  178     0.00001986   
  179     0.00000691   
  180     0.00001843   
  181     0.00000990   
  182     0.00000470   
  183     0.00000803   
  184     0.00000889   
  185     0.00000779   
  186     0.00001464   
  187     0.00000597   
  188     0.00000372   
  189     0.00000571   
  190     0.00000329   
  191     0.00000223   
  192     0.00000347   
  193     0.00001517   
  194     0.00000233   
  195     0.00000129   
  196     0.00000066   
  197     0.00000068   
  198     0.00000053   
  199     0.00000066   
  200     0.00000076   
  201     0.00000101   
  202     0.00000473   
  203     0.00000830   
  204     0.00000115   
  205     0.00000548   
  206     0.00000714   
  207     0.00000821   
  208     0.00000970   
  209     0.00000330   
  210     0.00002093   
  211     0.00001157   
  212     0.00000642   
  213     0.00000752   
  214     0.00000749   
  215     0.00000982   
  216     0.00001584   
  217     0.00000100   
  218     0.00000407   
  219     0.00000146   
  220     0.00000291   
  221     0.00000986   
  222     0.00000145   
  223     0.00000297   
  224     0.00000474   
  225     0.00000183   
  226     0.00000759   
  227     0.00000365   
  228     0.00000103   
  229     0.00000033   
  230     0.00000083   
  231     0.00000026   
  232     0.00000231   
  233     0.00000532   
  234     0.00000549   
  235     0.00000253   
  236     0.00000058   
  237     0.00000053   
  238     0.00000107   
  239     0.00000071   
  240     0.00000073   
  241     0.00000063   
  242     0.00000115   
  243     0.00000153   
  244     0.00000264   
  245     0.00000292   
  246     0.00000965   
  247     0.00000209   
  248     0.00000243   
  249     0.00000062   
  250     0.00000346   
  251     0.00000175   
  252     0.00000157   
  253     0.00000386   
  254     0.00000161   
  255     0.00000250   
  256     0.00000268   
  257     0.00000301   
  258     0.00000363   
  259     0.00000043   
  260     0.00000062   
  261     0.00000133   
  262     0.00000275   
  263     0.00000235   
  264     0.00000697   
  265     0.00000455   
  266     0.00000613   
  267     0.00001699   
  268     0.00022113   
  269     0.00015881   
  270     0.00030959   
  271     0.00035654   
  272     0.00089611   
  273     0.00088964   
  274     0.00022410   
  275     0.00061074   
  276     0.00033401   
  277     0.00002488   
  278     0.00053068   
  279     0.00001378   
  280     0.00006349   
  281     0.00000719   
  282     0.00002330   
  283     0.00000123   
  284     0.00000961   
  285     0.00000195   
  286     0.00000362   
  287     0.00000279   
  288     0.00000596   
  289     0.00000947   
  290     0.00000769   
  291     0.00001843   
  292     0.00002093   
  293     0.00003448   
  294     0.00002448   
  295     0.00001091   
  296     0.00003905   
  297     0.00011168   
  298     0.00007056   
  299     0.00005963   
  300     0.00001112   
  301     0.00001485   
  302     0.00000378   
  303     0.00004601   
  304     0.00001443   
  305     0.00000929   
  306     0.00000275   
  307     0.00000133   
  308     0.00000167   
  309     0.00000378   
  310     0.00000376   
  311     0.00000388   
  312     0.00000773   
  313     0.00000481   
  314     0.00000125   
  315     0.00000280   
  316     0.00000549   
  317     0.00000204   
  318     0.00000152   
  319     0.00000195   
  320     0.00000703   
  321     0.00000329   
  322     0.00001084   
  323     0.00001531   
  324     0.00000958   
  325     0.00006868   
  326     0.00007431   
  327     0.00010876   
  328     0.00012355   
  329     0.00017759   
  330     0.00011870   
  331     0.00002054   
  332     0.00003646   
  333     0.00014652   
  334     0.00003507   
  335     0.00002614   
  336     0.00009703   
  337     0.00026302   
  338     0.00019288   
  339     0.00013927   
  340     0.00007681   
  341     0.00015440   
  342     0.00021604   
  343     0.00024471   
  344     0.00060257   
  345     0.00086901   
  346     0.00086872   
  347     0.00121615   
  348     0.00148513   
  349     0.00025066   
  350     0.00343368   
  351     0.00021094   
  352     0.00036382   
  353     0.00158328   
  354     0.00035631   
  355     0.00023683   
  356     0.00023160   
  357     0.00008790   
  358     0.00005081   
  359     0.00048649   
  360     0.00056410   
  361     0.00071942   
  362     0.00047353   
  363     0.00007043   
  364     0.00014924   
  365     0.00067199   
  366     0.00314377   
  367     0.00050496   
  368     0.00026244   
  369     0.00048951   
  370     0.00090493   
  371     0.00046976   
  372     0.00045217   
  373     0.00035493   
  374     0.00037506   
  375     0.00041073   
  376     0.00089488   
    1     0.00144535   
    2     0.00358570   
    3     0.00278086   
    4     0.00128393   
    5     0.00144430   
    6     0.00469228   
    7     0.00159251   
    8     0.00068987   
    9     0.00298562   
   10     0.00101872   
   11     0.00087984   
   12     0.00142790   
   13     0.00054148   
   14     0.00526513   
   15     0.00247805   
   16     0.00055993   
   17     0.00015584   
   18     0.00026656   
   19     0.00007688   
   20     0.00020012   
   21     0.00084576   
   22     0.00116266   
   23     0.00038400   
   24     0.00055463   
   25     0.00054231   
   26     0.00333551   
   27     0.00050088   
   28     0.00307162   
   29     0.00130059   
   30     0.00192959   
   31     0.00076351   
   32     0.00058206   
   33     0.00394183   
   34     0.00084577   
   35     0.00201367   
   36     0.00146586   
   37     0.00147878   
   38     0.00223585   
   39     0.00032723   
   40     0.00016910   
   41     0.00020499   
   42     0.00019216   
   43     0.00044674   
   44     0.00125050   
   45     0.00071525   
   46     0.00276871   
   47     0.00140981   
   48     0.00187492   
   49     0.00482243   
   50     0.00338287   
   51     0.00104653   
   52     0.00044819   
   53     0.00099556   
   54     0.00102080   
   55     0.00116901   
   56     0.00399938   
   57     0.00240027   
   58     0.00212688   
   59     0.00198349   
   60     0.00115788   
   61     0.00170308   
   62     0.00061059   
   63     0.00105288   
   64     0.00169111   
   65     0.00082969   
   66     0.00190491   
   67     0.00554690   
   68     0.00230461   
   69     0.00264324   
   70     0.00336743   
   71     0.00238108   
   72     0.00971890   
   73     0.00421258   
   74     0.00124199   
   75     0.00106696   
   76     0.00547903   
   77     0.00080079   
   78     0.00085940   
   79     0.00059969   
   80     0.00015704   
   81     0.00010533   
   82     0.00016026   
   83     0.00021821   
   84     0.00102284   
   85     0.00120799   
   86     0.00018471   
   87     0.00010530   
   88     0.00023602   
   89     0.00061235   
   90     0.00136565   
   91     0.00073552   
   92     0.00045651   
   93     0.00037569   
   94     0.00159751   
   95     0.00068913   
   96     0.00481847   
   97     0.00310662   
   98     0.00205943   
   99     0.00194213   
  100     0.00065056   
  101     0.00037713   
  102     0.00027791   
  103     0.00046916   
  104     0.00013427   
  105     0.00047033   
  106     0.00054376   
  107     0.00014115   
  108     0.00039747   
  109     0.00082440   
  110     0.00082387   
  111     0.00027631   
  112     0.00022949   
  113     0.00022141   
  114     0.00009792   
  115     0.00020187   
  116     0.00011029   
  117     0.00020226   
  118     0.00008921   
  119     0.00009483   
  120     0.00008193   
  121     0.00018980   
  122     0.00013633   
  123     0.00014788   
  124     0.00002596   
  125     0.00028898   
  126     0.00008735   
  127     0.00032348   
  128     0.00040200   
  129     0.00131061   
  130     0.00023922   
  131     0.00010997   
  132     0.00072052   
  133     0.00040438   
  134     0.00017367   
  135     0.00007357   
  136     0.00015272   
  137     0.00004188   
  138     0.00010997   
  139     0.00019956   
  140     0.00026843   
  141     0.00016866   
  142     0.00009288   
  143     0.00016524   
  144     0.00010408   
  145     0.00005274   
  146     0.00004439   
  147     0.00010551   
  148     0.00022117   
  149     0.00015404   
  150     0.00016976   
  151     0.00013547   
  152     0.00009483   
  153     0.00012606   
  154     0.00003619   
  155     0.00006003   
  156     0.00004235   
  157     0.00065821   
  158     0.00031261   
  159     0.00011874   
  160     0.00377362   
  161     0.00014644   
  162     0.00009457   
  163     0.00015027   
  164     0.00003417   
  165     0.00018927   
  166     0.00027344   
  167     0.00105624   
  168     0.00037391   
  169     0.00026372   
  170     0.00014202   
  171     0.00004385   
  172     0.00008694   
  173     0.00000837   
  174     0.00002915   
  175     0.00001458   
  176     0.00005811   
  177     0.00009384   
  178     0.00003638   
  179     0.00004824   
  180     0.00022232   
  181     0.00006122   
  182     0.00006374   
  183     0.00012244   
  184     0.00006452   
  185     0.00015810   
  186     0.00028053   
  187     0.00016619   
  188     0.00015049   
  189     0.00050272   
  190     0.00044473   
  191     0.00043796   
  192     0.00039707   
  193     0.00035606   
  194     0.00008796   
  195     0.00008067   
  196     0.00003540   
  197     0.00005241   
  198     0.00002770   
  199     0.00003719   
  200     0.00002755   
  201     0.00002128   
  202     0.00010659   
  203     0.00016008   
  204     0.00010755   
  205     0.00018304   
  206     0.00012829   
  207     0.00020172   
  208     0.00003692   
  209     0.00014398   
  210     0.00051767   
  211     0.00030325   
  212     0.00060025   
  213     0.00037723   
  214     0.00039431   
  215     0.00019642   
  216     0.00017046   
  217     0.00036375   
  218     0.00066925   
  219     0.00031319   
  220     0.00023167   
  221     0.00114916   
  222     0.00001376   
  223     0.00005929   
  224     0.00007959   
  225     0.00000728   
  226     0.00024981   
  227     0.00005297   
  228     0.00045756   
  229     0.00076323   
  230     0.00012668   
  231     0.00056381   
  232     0.00011039   
  233     0.00009409   
  234     0.00018563   
  235     0.00052565   
  236     0.00014080   
  237     0.00013824   
  238     0.00009214   
  239     0.00012563   
  240     0.00022021   
  241     0.00019473   
  242     0.00023672   
  243     0.00031024   
  244     0.00025368   
  245     0.00005798   
  246     0.00009359   
  247     0.00006439   
  248     0.00004347   
  249     0.00018386   
  250     0.00048264   
  251     0.00004953   
  252     0.00004899   
  253     0.00001588   
  254     0.00003180   
  255     0.00012854   
  256     0.00020531   
  257     0.00004975   
  258     0.00011059   
  259     0.00012672   
  260     0.00004354   
  261     0.00047395   
  262     0.00019201   
  263     0.00025068   
  264     0.00036547   
  265     0.00014744   
  266     0.00020103   
  267     0.00113992   
  268     0.00020243   
  269     0.00034219   
  270     0.00150336   
  271     0.00035828   
  272     0.00037770   
  273     0.00043539   
  274     0.00032686   
  275     0.00020914   
  276     0.00006127   
  277     0.00012247   
  278     0.00025070   
  279     0.00024316   
  280     0.00077430   
  281     0.00138340   
  282     0.00135367   
  283     0.00014933   
  284     0.00023849   
  285     0.00016291   
  286     0.00021516   
  287     0.00007155   
  288     0.00011218   
  289     0.00040584   
  290     0.00045100   
  291     0.00065815   
  292     0.00031220   
  293     0.00087240   
  294     0.00019175   
  295     0.00010993   
  296     0.00011128   
  297     0.00064329   
  298     0.00016010   
  299     0.00020461   
  300     0.00029244   
  301     0.00014828   
  302     0.00018020   
  303     0.00026379   
  304     0.00052501   
  305     0.00043227   
  306     0.00010734   
  307     0.00069676   
  308     0.00010499   
  309     0.00062174   
  310     0.00090838   
  311     0.00086195   
  312     0.00111071   
  313     0.00161627   
  314     0.00059881   
  315     0.00097543   
  316     0.00140409   
  317     0.00113974   
  318     0.00027850   
  319     0.00036649   
  320     0.00038378   
  321     0.00027345   
  322     0.00030553   
  323     0.00027891   
  324     0.00027476   
  325     0.00024186   
  326     0.00008614   
  327     0.00029388   
  328     0.00018113   
  329     0.00020518   
  330     0.00093776   
  331     0.00024120   
  332     0.00034475   
  333     0.00026723   
  334     0.00032410   
  335     0.00011151   
  336     0.00005784   
  337     0.00039130   
  338     0.00068671   
  339     0.00023423   
  340     0.00009674   
  341     0.00065051   
  342     0.00100746   
  343     0.00043222   
  344     0.00023191   
  345     0.00079116   
  346     0.00060019   
  347     0.00143594   
  348     0.00238467   
  349     0.00071545   
  350     0.00134869   
  351     0.00135058   
  352     0.00163632   
  353     0.00056007   
  354     0.00010499   
  355     0.00003709   
  356     0.00006264   
  357     0.00023399   
  358     0.00028078   
  359     0.00218570   
  360     0.00063877   
  361     0.00011381   
  362     0.00003749   
  363     0.00000850   
  364     0.00003108   
  365     0.00011411   
  366     0.00026408   
  367     0.00055416   
  368     0.00053774   
  369     0.00005011   
  370     0.00004013   
  371     0.00003409   
  372     0.00001511   
  373     0.00001619   
  374     0.00008383   
  375     0.00021149   
  376     0.00032246   
