    1     0.00000257   
    2     0.00000480   
    3     0.00001902   
    4     0.00001004   
    5     0.00004970   
    6     0.00004876   
    7     0.00007173   
    8     0.00001108   
    9     0.00001033   
   10     0.00001542   
   11     0.00001170   
   12     0.00001847   
   13     0.00001204   
   14     0.00000823   
   15     0.00001126   
   16     0.00009253   
   17     0.00006573   
   18     0.00143596   
   19     0.00078129   
   20     0.00191834   
   21     0.00044586   
   22     0.00055786   
   23     0.00076096   
   24     0.00163820   
   25     0.00061809   
   26     0.00008979   
   27     0.00005081   
   28     0.00000803   
   29     0.00001079   
   30     0.00000153   
   31     0.00000702   
   32     0.00000315   
   33     0.00001587   
   34     0.00000554   
   35     0.00002036   
   36     0.00001712   
   37     0.00002209   
   38     0.00000411   
   39     0.00000734   
   40     0.00002707   
   41     0.00001520   
   42     0.00002460   
   43     0.00001721   
   44     0.00001450   
   45     0.00003590   
   46     0.00001835   
   47     0.00002223   
   48     0.00002594   
   49     0.00007102   
   50     0.00001977   
   51     0.00001370   
   52     0.00001365   
   53     0.00004452   
   54     0.00004347   
   55     0.00028784   
   56     0.00009107   
   57     0.00005232   
   58     0.00002388   
   59     0.00015491   
   60     0.00001841   
   61     0.00001365   
   62     0.00017682   
   63     0.00004591   
   64     0.00003616   
   65     0.00001579   
   66     0.00002374   
   67     0.00000659   
   68     0.00000694   
   69     0.00001716   
   70     0.00002360   
   71     0.00000962   
   72     0.00002337   
   73     0.00001554   
   74     0.00003563   
   75     0.00003526   
   76     0.00004405   
   77     0.00003100   
   78     0.00000409   
   79     0.00001567   
   80     0.00000086   
   81     0.00000492   
   82     0.00001115   
   83     0.00000748   
   84     0.00000158   
   85     0.00003121   
   86     0.00007779   
   87     0.00000589   
   88     0.00011849   
   89     0.00003144   
   90     0.00029260   
   91     0.00003600   
   92     0.00007553   
   93     0.00013483   
   94     0.00005543   
   95     0.00008388   
   96     0.00008761   
   97     0.00000648   
   98     0.00006415   
   99     0.00022713   
  100     0.00013683   
  101     0.00006011   
  102     0.00006307   
  103     0.00007375   
  104     0.00002268   
  105     0.00001197   
  106     0.00000341   
  107     0.00000050   
  108     0.00000133   
  109     0.00002019   
  110     0.00000634   
  111     0.00002430   
  112     0.00001917   
  113     0.00001610   
  114     0.00002472   
  115     0.00002855   
  116     0.00001605   
  117     0.00000980   
  118     0.00002664   
  119     0.00000751   
  120     0.00000876   
  121     0.00000911   
  122     0.00000598   
  123     0.00001625   
  124     0.00000797   
  125     0.00000574   
  126     0.00000940   
  127     0.00006139   
  128     0.00000210   
  129     0.00000282   
  130     0.00000161   
  131     0.00000120   
  132     0.00000138   
  133     0.00000342   
  134     0.00000312   
  135     0.00000285   
  136     0.00000746   
  137     0.00000627   
  138     0.00000725   
  139     0.00000616   
  140     0.00000992   
  141     0.00001186   
  142     0.00001251   
  143     0.00003161   
  144     0.00010450   
  145     0.00005830   
  146     0.00007066   
  147     0.00006720   
  148     0.00002019   
  149     0.00002541   
  150     0.00001574   
  151     0.00003065   
  152     0.00002997   
  153     0.00001068   
  154     0.00002090   
  155     0.00000453   
  156     0.00000610   
  157     0.00000967   
  158     0.00000452   
  159     0.00000494   
  160     0.00000649   
  161     0.00000856   
  162     0.00000693   
  163     0.00000547   
  164     0.00000533   
  165     0.00000351   
  166     0.00001096   
  167     0.00003176   
  168     0.00001941   
  169     0.00003471   
  170     0.00001115   
  171     0.00001818   
  172     0.00002168   
  173     0.00006715   
  174     0.00003163   
  175     0.00003136   
  176     0.00001846   
  177     0.00002856   
  178     0.00000759   
  179     0.00003590   
  180     0.00000724   
  181     0.00001493   
  182     0.00000702   
  183     0.00000635   
  184     0.00000859   
  185     0.00002054   
  186     0.00000966   
  187     0.00000329   
  188     0.00000964   
  189     0.00001446   
  190     0.00001740   
  191     0.00001654   
  192     0.00001733   
  193     0.00004226   
  194     0.00002374   
  195     0.00003550   
  196     0.00001643   
  197     0.00002582   
  198     0.00002487   
  199     0.00004768   
  200     0.00001999   
  201     0.00002607   
  202     0.00003245   
  203     0.00003405   
  204     0.00001706   
  205     0.00001463   
  206     0.00000701   
  207     0.00000804   
  208     0.00000971   
  209     0.00000534   
  210     0.00007366   
  211     0.00000199   
  212     0.00001875   
  213     0.00004836   
  214     0.00002276   
  215     0.00002425   
  216     0.00001758   
  217     0.00002069   
  218     0.00003834   
  219     0.00004259   
  220     0.00004017   
  221     0.00007727   
  222     0.00004237   
  223     0.00004478   
  224     0.00006885   
  225     0.00001427   
  226     0.00003668   
  227     0.00007486   
  228     0.00001743   
  229     0.00010967   
  230     0.00003807   
  231     0.00006510   
  232     0.00009246   
  233     0.00006900   
  234     0.00012092   
  235     0.00005975   
  236     0.00005209   
  237     0.00007355   
  238     0.00007551   
  239     0.00004360   
  240     0.00006516   
  241     0.00009465   
  242     0.00001626   
  243     0.00002521   
  244     0.00004013   
  245     0.00001510   
  246     0.00000803   
  247     0.00001535   
  248     0.00000596   
  249     0.00000421   
  250     0.00001733   
  251     0.00004810   
  252     0.00006253   
  253     0.00010041   
  254     0.00002492   
  255     0.00002475   
  256     0.00027432   
  257     0.00017435   
  258     0.00008077   
  259     0.00004686   
  260     0.00006645   
  261     0.00019782   
  262     0.00007720   
  263     0.00003476   
  264     0.00031695   
  265     0.00008435   
  266     0.00002747   
  267     0.00004809   
  268     0.00001812   
  269     0.00006899   
  270     0.00003343   
  271     0.00014690   
  272     0.00002012   
  273     0.00004545   
  274     0.00026655   
  275     0.00002816   
  276     0.00001187   
  277     0.00000878   
  278     0.00001561   
  279     0.00004415   
  280     0.00002504   
  281     0.00006423   
  282     0.00006217   
  283     0.00010014   
  284     0.00005199   
  285     0.00001271   
  286     0.00015333   
  287     0.00015340   
  288     0.00005093   
  289     0.00002427   
  290     0.00001163   
  291     0.00001447   
  292     0.00003646   
  293     0.00007733   
  294     0.00007621   
  295     0.00007158   
  296     0.00009970   
  297     0.00004892   
  298     0.00003501   
  299     0.00001769   
  300     0.00007234   
  301     0.00003073   
  302     0.00008895   
  303     0.00001639   
  304     0.00003283   
  305     0.00006018   
  306     0.00015254   
  307     0.00006973   
  308     0.00003078   
  309     0.00005535   
  310     0.00017843   
  311     0.00009963   
  312     0.00005510   
  313     0.00005510   
  314     0.00004848   
  315     0.00009111   
  316     0.00006521   
  317     0.00002454   
  318     0.00002298   
  319     0.00007646   
  320     0.00011285   
  321     0.00005215   
  322     0.00057285   
  323     0.00006826   
  324     0.00004176   
  325     0.00001228   
  326     0.00002515   
  327     0.00000782   
  328     0.00000277   
  329     0.00000922   
  330     0.00000399   
  331     0.00002999   
  332     0.00000401   
  333     0.00000125   
  334     0.00000408   
  335     0.00000104   
  336     0.00001885   
  337     0.00000590   
  338     0.00003860   
  339     0.00005936   
  340     0.00002062   
  341     0.00004456   
  342     0.00005476   
  343     0.00010257   
  344     0.00005814   
  345     0.00026356   
  346     0.00011547   
  347     0.00011365   
  348     0.00014959   
  349     0.00007640   
  350     0.00005620   
  351     0.00006092   
  352     0.00005317   
  353     0.00004461   
  354     0.00001655   
  355     0.00001084   
  356     0.00002201   
  357     0.00000831   
  358     0.00000202   
  359     0.00000244   
  360     0.00000570   
  361     0.00003217   
  362     0.00001071   
  363     0.00001273   
  364     0.00000395   
  365     0.00001051   
  366     0.00000219   
  367     0.00012009   
  368     0.00001911   
  369     0.00003414   
  370     0.00003325   
  371     0.00003841   
  372     0.00003223   
  373     0.00065264   
  374     0.00001539   
  375     0.00002789   
  376     0.00014635   
  377     0.00026402   
  378     0.00005863   
  379     0.00003188   
  380     0.00004766   
  381     0.00003385   
  382     0.00001402   
  383     0.00000759   
  384     0.00000286   
  385     0.00004742   
  386     0.00001785   
  387     0.00001809   
  388     0.00001257   
  389     0.00001503   
  390     0.00013116   
  391     0.00002785   
  392     0.00003042   
  393     0.00010599   
  394     0.00004134   
  395     0.00008551   
  396     0.00008526   
  397     0.00010651   
  398     0.00003029   
  399     0.00001860   
  400     0.00001267   
  401     0.00004417   
  402     0.00002134   
  403     0.00003801   
  404     0.00000216   
  405     0.00000250   
  406     0.00000183   
  407     0.00004128   
  408     0.00005104   
  409     0.00007068   
  410     0.00008245   
  411     0.00006873   
  412     0.00002323   
  413     0.00019877   
  414     0.00018108   
  415     0.00009174   
  416     0.00009434   
  417     0.00011537   
  418     0.00002026   
  419     0.00002655   
  420     0.00005782   
  421     0.00001509   
  422     0.00006628   
  423     0.00013353   
  424     0.00060709   
  425     0.00017445   
  426     0.00042521   
  427     0.00007503   
  428     0.00016492   
  429     0.00008840   
  430     0.00000298   
  431     0.00006927   
  432     0.00002072   
  433     0.00014123   
  434     0.00008459   
  435     0.00005908   
  436     0.00057581   
  437     0.00012824   
  438     0.00008074   
  439     0.00005708   
  440     0.00003985   
  441     0.00000978   
  442     0.00004099   
  443     0.00008045   
  444     0.00010763   
  445     0.00003331   
  446     0.00010278   
  447     0.00001572   
  448     0.00001288   
  449     0.00000328   
  450     0.00001025   
  451     0.00002559   
  452     0.00004805   
  453     0.00008101   
  454     0.00002311   
  455     0.00005482   
  456     0.00014692   
  457     0.00028384   
  458     0.00022672   
  459     0.00010957   
  460     0.00003660   
  461     0.00003613   
  462     0.00025295   
  463     0.00002456   
  464     0.00002177   
  465     0.00006569   
  466     0.00006181   
  467     0.00002776   
  468     0.00014012   
  469     0.00011583   
  470     0.00013404   
  471     0.00012495   
  472     0.00032303   
  473     0.00069325   
  474     0.00020806   
  475     0.00023651   
  476     0.00006488   
  477     0.00003069   
  478     0.00002687   
  479     0.00002841   
  480     0.00005210   
  481     0.00005402   
  482     0.00005452   
  483     0.00003361   
  484     0.00005752   
  485     0.00005812   
  486     0.00010262   
  487     0.00010760   
  488     0.00018093   
  489     0.00006122   
  490     0.00015675   
  491     0.00008321   
  492     0.00004322   
  493     0.00003817   
  494     0.00003878   
  495     0.00005914   
  496     0.00003312   
  497     0.00027007   
  498     0.00007179   
  499     0.00003866   
  500     0.00007385   
  501     0.00026114   
  502     0.00007456   
  503     0.00022210   
  504     0.00046584   
  505     0.00008714   
  506     0.00002409   
  507     0.00000395   
  508     0.00000856   
  509     0.00000170   
  510     0.00000216   
  511     0.00000157   
  512     0.00001058   
  513     0.00000368   
  514     0.00000179   
  515     0.00001428   
  516     0.00000373   
  517     0.00000495   
  518     0.00000882   
  519     0.00001516   
  520     0.00002415   
  521     0.00002038   
  522     0.00002098   
  523     0.00002323   
  524     0.00004059   
  525     0.00001122   
  526     0.00004950   
  527     0.00004384   
  528     0.00001261   
  529     0.00002722   
  530     0.00002291   
  531     0.00000320   
  532     0.00001540   
  533     0.00001992   
  534     0.00000836   
  535     0.00002475   
  536     0.00002721   
  537     0.00001648   
  538     0.00002951   
  539     0.00004827   
  540     0.00005005   
  541     0.00001844   
  542     0.00008622   
  543     0.00006859   
  544     0.00003446   
  545     0.00003550   
  546     0.00010474   
  547     0.00005726   
  548     0.00003811   
  549     0.00010672   
  550     0.00004277   
  551     0.00002521   
  552     0.00000403   
  553     0.00008096   
  554     0.00001102   
  555     0.00000646   
  556     0.00000416   
  557     0.00000371   
  558     0.00000193   
  559     0.00000328   
  560     0.00000467   
  561     0.00003626   
  562     0.00001414   
  563     0.00000893   
  564     0.00001597   
  565     0.00001796   
  566     0.00003565   
  567     0.00002321   
  568     0.00005610   
  569     0.00005938   
  570     0.00001643   
  571     0.00002930   
  572     0.00001926   
  573     0.00005295   
  574     0.00001708   
  575     0.00001149   
  576     0.00003885   
  577     0.00000465   
  578     0.00000369   
  579     0.00002367   
  580     0.00000419   
  581     0.00001108   
  582     0.00000413   
  583     0.00000985   
  584     0.00001483   
  585     0.00002955   
  586     0.00001604   
  587     0.00002987   
  588     0.00009561   
  589     0.00001485   
  590     0.00003644   
  591     0.00005369   
  592     0.00004959   
  593     0.00005895   
  594     0.00006720   
  595     0.00003670   
  596     0.00005933   
  597     0.00006494   
  598     0.00008836   
  599     0.00013047   
  600     0.00021613   
  601     0.00007629   
  602     0.00031227   
  603     0.00007969   
  604     0.00047958   
  605     0.00013025   
    1     0.02203118   
    2     0.00882918   
    3     0.00316021   
    4     0.00310782   
    5     0.00376545   
    6     0.01429941   
    7     0.00555655   
    8     0.00280901   
    9     0.00603600   
   10     0.00161536   
   11     0.00207729   
   12     0.00550716   
   13     0.00207442   
   14     0.01201102   
   15     0.01839534   
   16     0.00246281   
   17     0.00327220   
   18     0.00209896   
   19     0.00065420   
   20     0.00137102   
   21     0.00314958   
   22     0.01211428   
   23     0.00471138   
   24     0.00580337   
   25     0.00167141   
   26     0.01142559   
   27     0.00271849   
   28     0.01426609   
   29     0.01428106   
   30     0.00173050   
   31     0.00851190   
   32     0.02202178   
   33     0.01244419   
   34     0.00793494   
   35     0.00081946   
   36     0.00249432   
   37     0.00764788   
   38     0.00273734   
   39     0.00437734   
   40     0.00323803   
   41     0.00402866   
   42     0.00411511   
   43     0.01058139   
   44     0.02698405   
   45     0.00779399   
   46     0.01346203   
   47     0.01486561   
   48     0.04519554   
   49     0.02205625   
   50     0.01600347   
   51     0.01677946   
   52     0.01050151   
   53     0.00906455   
   54     0.00661117   
   55     0.00289411   
   56     0.04139220   
   57     0.00620938   
   58     0.01772494   
   59     0.00792338   
   60     0.00659240   
   61     0.02306453   
   62     0.01073508   
   63     0.01086194   
   64     0.00381208   
   65     0.00452783   
   66     0.00415410   
   67     0.02158404   
   68     0.00015693   
   69     0.00146011   
   70     0.00132913   
   71     0.00018241   
   72     0.00082711   
   73     0.00160062   
   74     0.00280485   
   75     0.00174973   
   76     0.00427179   
   77     0.00353945   
   78     0.00217134   
   79     0.00445047   
   80     0.00108160   
   81     0.00032568   
   82     0.00026095   
   83     0.00076443   
   84     0.00293028   
   85     0.00362747   
   86     0.00102011   
   87     0.00469988   
   88     0.00527041   
   89     0.00696543   
   90     0.01465717   
   91     0.00816887   
   92     0.00352401   
   93     0.00160159   
   94     0.02407809   
   95     0.00574236   
   96     0.01267381   
   97     0.00528737   
   98     0.00416288   
   99     0.00194976   
  100     0.00103475   
  101     0.00071202   
  102     0.00298404   
  103     0.00014617   
  104     0.00051310   
  105     0.00103295   
  106     0.00016347   
  107     0.00025627   
  108     0.00006668   
  109     0.00046211   
  110     0.00087615   
  111     0.00047916   
  112     0.00146121   
  113     0.00029795   
  114     0.00057757   
  115     0.00051830   
  116     0.00063160   
  117     0.00064897   
  118     0.00047084   
  119     0.00073315   
  120     0.00061721   
  121     0.00207472   
  122     0.00064697   
  123     0.00077660   
  124     0.00028053   
  125     0.00012298   
  126     0.00037025   
  127     0.00047087   
  128     0.00011620   
  129     0.00012414   
  130     0.00027380   
  131     0.00008360   
  132     0.00090372   
  133     0.00080483   
  134     0.00051777   
  135     0.00034580   
  136     0.00248765   
  137     0.00034732   
  138     0.00067864   
  139     0.00035313   
  140     0.00053181   
  141     0.00122156   
  142     0.00195421   
  143     0.00079237   
  144     0.00254476   
  145     0.00056326   
  146     0.00060643   
  147     0.00137459   
  148     0.01706555   
  149     0.00103706   
  150     0.00085910   
  151     0.00086897   
  152     0.00059170   
  153     0.00063665   
  154     0.00020173   
  155     0.00025371   
  156     0.00028490   
  157     0.00217501   
  158     0.00121856   
  159     0.00057815   
  160     0.00036421   
  161     0.00067811   
  162     0.00029679   
  163     0.00233488   
  164     0.00306276   
  165     0.00029092   
  166     0.00045987   
  167     0.00149676   
  168     0.00104828   
  169     0.00312782   
  170     0.00337915   
  171     0.00693291   
  172     0.00561183   
  173     0.00235018   
  174     0.00193963   
  175     0.00074157   
  176     0.00016383   
  177     0.00082429   
  178     0.00119114   
  179     0.00431925   
  180     0.00361675   
  181     0.00950106   
  182     0.00136017   
  183     0.00110236   
  184     0.00076294   
  185     0.00085375   
  186     0.00085979   
  187     0.00096390   
  188     0.00177719   
  189     0.00126787   
  190     0.00099568   
  191     0.00186907   
  192     0.00091814   
  193     0.00076900   
  194     0.00041104   
  195     0.00031205   
  196     0.00013510   
  197     0.00058956   
  198     0.00021439   
  199     0.00039055   
  200     0.00040879   
  201     0.00023559   
  202     0.00031010   
  203     0.00077120   
  204     0.00081358   
  205     0.00131993   
  206     0.00178025   
  207     0.00051207   
  208     0.00081698   
  209     0.00047988   
  210     0.00036475   
  211     0.00056653   
  212     0.00073766   
  213     0.00110315   
  214     0.00084273   
  215     0.00092134   
  216     0.00119138   
  217     0.00030342   
  218     0.00049028   
  219     0.00007292   
  220     0.00003526   
  221     0.00025333   
  222     0.00003136   
  223     0.00013299   
  224     0.00015957   
  225     0.00006090   
  226     0.00082106   
  227     0.00061356   
  228     0.00029220   
  229     0.00005882   
  230     0.00005880   
  231     0.00014465   
  232     0.00006853   
  233     0.00059117   
  234     0.00026318   
  235     0.00180939   
  236     0.00090140   
  237     0.00041235   
  238     0.00050499   
  239     0.00071039   
  240     0.00052023   
  241     0.00015670   
  242     0.00038211   
  243     0.00055291   
  244     0.00012402   
  245     0.00057094   
  246     0.00080105   
  247     0.00043951   
  248     0.00045158   
  249     0.00048348   
  250     0.00020038   
  251     0.00015516   
  252     0.00009790   
  253     0.00031264   
  254     0.00015893   
  255     0.00023393   
  256     0.00014346   
  257     0.00014386   
  258     0.00006675   
  259     0.00004212   
  260     0.00004504   
  261     0.00005653   
  262     0.00003575   
  263     0.00002013   
  264     0.00014194   
  265     0.00017925   
  266     0.00023055   
  267     0.00052128   
  268     0.00130480   
  269     0.00031934   
  270     0.00014760   
  271     0.00002278   
  272     0.00000953   
  273     0.00006417   
  274     0.00003678   
  275     0.00007688   
  276     0.00009965   
  277     0.00003779   
  278     0.00004764   
  279     0.00008864   
  280     0.00032775   
  281     0.00021588   
  282     0.00144836   
  283     0.00019226   
  284     0.00026870   
  285     0.00006424   
  286     0.00054337   
  287     0.00017002   
  288     0.00036765   
  289     0.00054040   
  290     0.00025972   
  291     0.00018409   
  292     0.00012558   
  293     0.00014211   
  294     0.00007563   
  295     0.00003634   
  296     0.00006441   
  297     0.00012247   
  298     0.00007872   
  299     0.00015026   
  300     0.00004870   
  301     0.00004357   
  302     0.00003097   
  303     0.00023224   
  304     0.00004403   
  305     0.00015884   
  306     0.00004282   
  307     0.00007305   
  308     0.00006105   
  309     0.00003791   
  310     0.00007478   
  311     0.00011300   
  312     0.00016497   
  313     0.00012095   
  314     0.00002315   
  315     0.00002439   
  316     0.00013777   
  317     0.00003625   
  318     0.00004595   
  319     0.00004182   
  320     0.00003558   
  321     0.00012390   
  322     0.00005148   
  323     0.00028625   
  324     0.00012584   
  325     0.00021394   
  326     0.00022918   
  327     0.00014392   
  328     0.00003253   
  329     0.00001308   
  330     0.00001596   
  331     0.00001566   
  332     0.00000596   
  333     0.00001097   
  334     0.00000094   
  335     0.00000192   
  336     0.00001087   
  337     0.00001104   
  338     0.00000412   
  339     0.00000213   
  340     0.00001383   
  341     0.00001928   
  342     0.00000207   
  343     0.00000703   
  344     0.00001430   
  345     0.00000918   
  346     0.00000732   
  347     0.00001384   
  348     0.00003045   
  349     0.00000176   
  350     0.00001781   
  351     0.00001396   
  352     0.00003285   
  353     0.00002848   
  354     0.00002855   
  355     0.00000288   
  356     0.00000278   
  357     0.00000253   
  358     0.00001016   
  359     0.00001358   
  360     0.00000527   
  361     0.00001146   
  362     0.00000295   
  363     0.00000140   
  364     0.00000134   
  365     0.00000254   
  366     0.00000589   
  367     0.00000226   
  368     0.00000380   
  369     0.00000458   
  370     0.00000404   
  371     0.00000157   
  372     0.00000205   
  373     0.00000142   
  374     0.00000273   
  375     0.00000121   
  376     0.00000277   
    1     0.00006135   
    2     0.00005408   
    3     0.00000529   
    4     0.00000408   
    5     0.00002107   
    6     0.00002256   
    7     0.00002138   
    8     0.00000305   
    9     0.00000578   
   10     0.00001826   
   11     0.00000257   
   12     0.00002617   
   13     0.00000480   
   14     0.00001870   
   15     0.00002882   
   16     0.00000580   
   17     0.00002725   
   18     0.00001249   
   19     0.00000811   
   20     0.00001579   
   21     0.00003675   
   22     0.00004233   
   23     0.00005773   
   24     0.00001778   
   25     0.00003100   
   26     0.00016695   
   27     0.00001664   
   28     0.00001935   
   29     0.00005328   
   30     0.00005220   
   31     0.00000755   
   32     0.00001028   
   33     0.00004827   
   34     0.00002270   
   35     0.00003616   
   36     0.00003531   
   37     0.00001138   
   38     0.00001238   
   39     0.00000045   
   40     0.00000042   
   41     0.00000160   
   42     0.00000118   
   43     0.00000337   
   44     0.00002281   
   45     0.00001246   
   46     0.00002719   
   47     0.00001353   
   48     0.00001421   
   49     0.00001823   
   50     0.00001177   
   51     0.00002050   
   52     0.00002671   
   53     0.00003806   
   54     0.00003185   
   55     0.00005879   
   56     0.00012697   
   57     0.00002537   
   58     0.00004883   
   59     0.00004262   
   60     0.00001000   
   61     0.00005513   
   62     0.00006702   
   63     0.00001890   
   64     0.00005743   
   65     0.00005607   
   66     0.00002098   
   67     0.00001781   
   68     0.00002023   
   69     0.00002397   
   70     0.00002337   
   71     0.00001619   
   72     0.00011220   
   73     0.00005939   
   74     0.00004877   
   75     0.00001868   
   76     0.00014685   
   77     0.00003057   
   78     0.00004351   
   79     0.00006338   
   80     0.00002844   
   81     0.00001203   
   82     0.00006223   
   83     0.00005050   
   84     0.00013472   
   85     0.00014495   
   86     0.00028136   
   87     0.00006445   
   88     0.00011550   
   89     0.00003141   
   90     0.00017038   
   91     0.00004680   
   92     0.00039272   
   93     0.00003258   
   94     0.00027909   
   95     0.00010574   
   96     0.00006975   
   97     0.00018313   
   98     0.00004104   
   99     0.00011941   
  100     0.00006839   
  101     0.00005149   
  102     0.00009377   
  103     0.00007671   
  104     0.00005884   
  105     0.00028350   
  106     0.00019709   
  107     0.00005064   
  108     0.00004005   
  109     0.00029351   
  110     0.00040416   
  111     0.00018639   
  112     0.00006820   
  113     0.00011315   
  114     0.00003927   
  115     0.00006828   
  116     0.00008992   
  117     0.00003459   
  118     0.00012511   
  119     0.00007207   
  120     0.00008969   
  121     0.00017857   
  122     0.00011931   
  123     0.00009225   
  124     0.00004429   
  125     0.00001973   
  126     0.00007429   
  127     0.00003183   
  128     0.00001783   
  129     0.00001542   
  130     0.00004060   
  131     0.00001303   
  132     0.00004909   
  133     0.00004549   
  134     0.00005584   
  135     0.00003554   
  136     0.00014155   
  137     0.00004811   
  138     0.00008762   
  139     0.00005317   
  140     0.00017551   
  141     0.00009673   
  142     0.00005253   
  143     0.00002469   
  144     0.00007759   
  145     0.00003115   
  146     0.00002352   
  147     0.00006647   
  148     0.00004301   
  149     0.00001994   
  150     0.00006684   
  151     0.00001399   
  152     0.00000812   
  153     0.00000521   
  154     0.00000482   
  155     0.00000939   
  156     0.00001374   
  157     0.00002549   
  158     0.00001070   
  159     0.00001995   
  160     0.00001906   
  161     0.00002808   
  162     0.00000258   
  163     0.00006940   
  164     0.00007248   
  165     0.00002346   
  166     0.00001596   
  167     0.00005446   
  168     0.00021375   
  169     0.00009152   
  170     0.00018818   
  171     0.00024891   
  172     0.00007451   
  173     0.00005029   
  174     0.00006698   
  175     0.00001215   
  176     0.00007182   
  177     0.00003950   
  178     0.00019327   
  179     0.00017961   
  180     0.00018904   
  181     0.00004499   
  182     0.00001408   
  183     0.00014673   
  184     0.00003471   
  185     0.00002302   
  186     0.00014001   
  187     0.00012284   
  188     0.00008569   
  189     0.00012680   
  190     0.00007535   
  191     0.00002706   
  192     0.00003404   
  193     0.00003065   
  194     0.00000777   
  195     0.00000502   
  196     0.00000625   
  197     0.00003036   
  198     0.00000735   
  199     0.00004342   
  200     0.00003410   
  201     0.00002231   
  202     0.00002489   
  203     0.00024656   
  204     0.00007527   
  205     0.00012933   
  206     0.00017850   
  207     0.00004657   
  208     0.00022810   
  209     0.00001429   
  210     0.00015138   
  211     0.00003074   
  212     0.00006979   
  213     0.00005624   
  214     0.00011878   
  215     0.00006417   
  216     0.00005928   
  217     0.00006913   
  218     0.00000907   
  219     0.00000962   
  220     0.00004583   
  221     0.00003427   
  222     0.00000788   
  223     0.00001828   
  224     0.00008008   
  225     0.00002351   
  226     0.00018218   
  227     0.00008344   
  228     0.00011080   
  229     0.00052375   
  230     0.00003619   
  231     0.00016742   
  232     0.00009422   
  233     0.00008869   
  234     0.00003151   
  235     0.00023088   
  236     0.00004060   
  237     0.00003295   
  238     0.00002980   
  239     0.00005430   
  240     0.00020916   
  241     0.00003287   
  242     0.00006883   
  243     0.00011017   
  244     0.00010651   
  245     0.00010646   
  246     0.00015060   
  247     0.00010604   
  248     0.00004982   
  249     0.00007543   
  250     0.00009029   
  251     0.00003265   
  252     0.00002659   
  253     0.00007364   
  254     0.00002850   
  255     0.00008187   
  256     0.00007015   
  257     0.00005532   
  258     0.00009879   
  259     0.00002256   
  260     0.00001927   
  261     0.00001578   
  262     0.00001769   
  263     0.00001296   
  264     0.00010596   
  265     0.00010956   
  266     0.00017245   
  267     0.00032031   
  268     0.00022436   
  269     0.00016746   
  270     0.00013391   
  271     0.00003307   
  272     0.00001034   
  273     0.00002216   
  274     0.00002095   
  275     0.00001458   
  276     0.00002137   
  277     0.00000986   
  278     0.00004115   
  279     0.00001165   
  280     0.00038915   
  281     0.00007363   
  282     0.00026128   
  283     0.00008265   
  284     0.00013725   
  285     0.00008956   
  286     0.00027691   
  287     0.00006556   
  288     0.00016765   
  289     0.00034884   
  290     0.00013859   
  291     0.00011372   
  292     0.00005301   
  293     0.00004730   
  294     0.00001828   
  295     0.00002483   
  296     0.00000415   
  297     0.00004784   
  298     0.00001507   
  299     0.00014561   
  300     0.00029973   
  301     0.00007592   
  302     0.00008114   
  303     0.00015813   
  304     0.00004617   
  305     0.00013032   
  306     0.00002328   
  307     0.00004877   
  308     0.00008214   
  309     0.00002830   
  310     0.00001821   
  311     0.00003705   
  312     0.00001084   
  313     0.00001104   
  314     0.00000255   
  315     0.00000275   
  316     0.00000652   
  317     0.00000981   
  318     0.00001704   
  319     0.00001210   
  320     0.00001894   
  321     0.00008506   
  322     0.00003335   
  323     0.00012673   
  324     0.00013726   
  325     0.00019809   
  326     0.00034508   
  327     0.00015199   
  328     0.00010380   
  329     0.00008950   
  330     0.00005934   
  331     0.00009139   
  332     0.00003943   
  333     0.00004254   
  334     0.00001914   
  335     0.00000895   
  336     0.00000703   
  337     0.00001583   
  338     0.00007544   
  339     0.00000747   
  340     0.00000765   
  341     0.00000530   
  342     0.00001280   
  343     0.00001876   
  344     0.00001340   
  345     0.00004228   
  346     0.00000559   
  347     0.00006458   
  348     0.00008648   
  349     0.00002862   
  350     0.00002866   
  351     0.00002159   
  352     0.00001238   
  353     0.00006563   
  354     0.00000815   
  355     0.00001050   
  356     0.00000453   
  357     0.00000242   
  358     0.00000281   
  359     0.00002538   
  360     0.00000531   
  361     0.00001317   
  362     0.00001394   
  363     0.00000151   
  364     0.00000123   
  365     0.00000755   
  366     0.00000503   
  367     0.00000715   
  368     0.00000731   
  369     0.00000291   
  370     0.00000326   
  371     0.00000515   
  372     0.00000127   
  373     0.00000067   
  374     0.00000182   
  375     0.00000234   
  376     0.00000579   
