    1     0.00003516   
    2     0.00007587   
    3     0.00040771   
    4     0.00007570   
    5     0.00014691   
    6     0.00005663   
    7     0.00006380   
    8     0.00006030   
    9     0.00003905   
   10     0.00008896   
   11     0.00003194   
   12     0.00001631   
   13     0.00003469   
   14     0.00003232   
   15     0.00005354   
   16     0.00036314   
   17     0.00031989   
   18     0.00034315   
   19     0.00072803   
   20     0.00053100   
   21     0.00057687   
   22     0.00008191   
   23     0.00046501   
   24     0.00052507   
   25     0.00058713   
   26     0.00023214   
   27     0.00027130   
   28     0.00017492   
   29     0.00014567   
   30     0.00003600   
   31     0.00022604   
   32     0.00004403   
   33     0.00016910   
   34     0.00011855   
   35     0.00005860   
   36     0.00013226   
   37     0.00005638   
   38     0.00001572   
   39     0.00005510   
   40     0.00013349   
   41     0.00015724   
   42     0.00062487   
   43     0.00011088   
   44     0.00017370   
   45     0.00008078   
   46     0.00013067   
   47     0.00032237   
   48     0.00012287   
   49     0.00007287   
   50     0.00002323   
   51     0.00010891   
   52     0.00017540   
   53     0.00015634   
   54     0.00014622   
   55     0.00014137   
   56     0.00012872   
   57     0.00010644   
   58     0.00017181   
   59     0.00033765   
   60     0.00008967   
   61     0.00025176   
   62     0.00093754   
   63     0.00006451   
   64     0.00023360   
   65     0.00012370   
   66     0.00025812   
   67     0.00006330   
   68     0.00006198   
   69     0.00012664   
   70     0.00013623   
   71     0.00021159   
   72     0.00021883   
   73     0.00051975   
   74     0.00124379   
   75     0.00061709   
   76     0.00100939   
   77     0.00018555   
   78     0.00018032   
   79     0.00011633   
   80     0.00011198   
   81     0.00163262   
   82     0.00017121   
   83     0.00013466   
   84     0.00007799   
   85     0.00028749   
   86     0.00011121   
   87     0.00002590   
   88     0.00022372   
   89     0.00011695   
   90     0.00057268   
   91     0.00012296   
   92     0.00021927   
   93     0.00032108   
   94     0.00015379   
   95     0.00072585   
   96     0.00120800   
   97     0.00075931   
   98     0.00160177   
   99     0.00073051   
  100     0.00047982   
  101     0.00064708   
  102     0.00101581   
  103     0.00019643   
  104     0.00028489   
  105     0.00054222   
  106     0.00005462   
  107     0.00012878   
  108     0.00013376   
  109     0.00028920   
  110     0.00084237   
  111     0.00152048   
  112     0.00069670   
  113     0.00027651   
  114     0.00127175   
  115     0.00089294   
  116     0.00024488   
  117     0.00035211   
  118     0.00024373   
  119     0.00014084   
  120     0.00032367   
  121     0.00040850   
  122     0.00011932   
  123     0.00017420   
  124     0.00032178   
  125     0.00091345   
  126     0.00017895   
  127     0.00161627   
  128     0.00028210   
  129     0.00062994   
  130     0.00023725   
  131     0.00022550   
  132     0.00033955   
  133     0.00056239   
  134     0.00050821   
  135     0.00029012   
  136     0.00077606   
  137     0.00011641   
  138     0.00008515   
  139     0.00006942   
  140     0.00012245   
  141     0.00012105   
  142     0.00020000   
  143     0.00040300   
  144     0.00103201   
  145     0.00040976   
  146     0.00041404   
  147     0.00248068   
  148     0.00108703   
  149     0.00085359   
  150     0.00032398   
  151     0.00117181   
  152     0.00085248   
  153     0.00017267   
  154     0.00014682   
  155     0.00029650   
  156     0.00052953   
  157     0.00021555   
  158     0.00012471   
  159     0.00047613   
  160     0.00067545   
  161     0.00027184   
  162     0.00034427   
  163     0.00022720   
  164     0.00016438   
  165     0.00015554   
  166     0.00033145   
  167     0.00049617   
  168     0.00026011   
  169     0.00020534   
  170     0.00006428   
  171     0.00018157   
  172     0.00017452   
  173     0.00052131   
  174     0.00005513   
  175     0.00008950   
  176     0.00020453   
  177     0.00026743   
  178     0.00004648   
  179     0.00016574   
  180     0.00021085   
  181     0.00015385   
  182     0.00005229   
  183     0.00006113   
  184     0.00012336   
  185     0.00013943   
  186     0.00008066   
  187     0.00003669   
  188     0.00006242   
  189     0.00002324   
  190     0.00008671   
  191     0.00008529   
  192     0.00014187   
  193     0.00023657   
  194     0.00015920   
  195     0.00007439   
  196     0.00002407   
  197     0.00003877   
  198     0.00009359   
  199     0.00020031   
  200     0.00025709   
  201     0.00021486   
  202     0.00027514   
  203     0.00033648   
  204     0.00011643   
  205     0.00016501   
  206     0.00001405   
  207     0.00011850   
  208     0.00003312   
  209     0.00002951   
  210     0.00010714   
  211     0.00008435   
  212     0.00016195   
  213     0.00022716   
  214     0.00025715   
  215     0.00032002   
  216     0.00031120   
  217     0.00018790   
  218     0.00031315   
  219     0.00020290   
  220     0.00030180   
  221     0.00062693   
  222     0.00034249   
  223     0.00035707   
  224     0.00035717   
  225     0.00077235   
  226     0.00118366   
  227     0.00038134   
  228     0.00015399   
  229     0.00011695   
  230     0.00018383   
  231     0.00067274   
  232     0.00023642   
  233     0.00021375   
  234     0.00029843   
  235     0.00020259   
  236     0.00027646   
  237     0.00006241   
  238     0.00018035   
  239     0.00053200   
  240     0.00068274   
  241     0.00027000   
  242     0.00030315   
  243     0.00041504   
  244     0.00296002   
  245     0.00035233   
  246     0.00020489   
  247     0.00011482   
  248     0.00037611   
  249     0.00034432   
  250     0.00073785   
  251     0.00042306   
  252     0.00052015   
  253     0.00039387   
  254     0.00046501   
  255     0.00022853   
  256     0.00085386   
  257     0.00004790   
  258     0.00011864   
  259     0.00037026   
  260     0.00042959   
  261     0.00015086   
  262     0.00009957   
  263     0.00012748   
  264     0.00024449   
  265     0.00035834   
  266     0.00011319   
  267     0.00038349   
  268     0.00012681   
  269     0.00032740   
  270     0.00010737   
  271     0.00003420   
  272     0.00006378   
  273     0.00006465   
  274     0.00007320   
  275     0.00001012   
  276     0.00003706   
  277     0.00001166   
  278     0.00003450   
  279     0.00014495   
  280     0.00011208   
  281     0.00028833   
  282     0.00006049   
  283     0.00025437   
  284     0.00009130   
  285     0.00022248   
  286     0.00028551   
  287     0.00015226   
  288     0.00022947   
  289     0.00045742   
  290     0.00008913   
  291     0.00019249   
  292     0.00009896   
  293     0.00013389   
  294     0.00060278   
  295     0.00014185   
  296     0.00024656   
  297     0.00027706   
  298     0.00170791   
  299     0.00005868   
  300     0.00006478   
  301     0.00001728   
  302     0.00006635   
  303     0.00001642   
  304     0.00000712   
  305     0.00005943   
  306     0.00004857   
  307     0.00001379   
  308     0.00015582   
  309     0.00012765   
  310     0.00012123   
  311     0.00011462   
  312     0.00018379   
  313     0.00009908   
  314     0.00017007   
  315     0.00020165   
  316     0.00018589   
  317     0.00014358   
  318     0.00016949   
  319     0.00030333   
  320     0.00049940   
  321     0.00018176   
  322     0.00150055   
  323     0.00033375   
  324     0.00016682   
  325     0.00002469   
  326     0.00026239   
  327     0.00003065   
  328     0.00001164   
  329     0.00002694   
  330     0.00000683   
  331     0.00003979   
  332     0.00000455   
  333     0.00000497   
  334     0.00007136   
  335     0.00000498   
  336     0.00002488   
  337     0.00001901   
  338     0.00006448   
  339     0.00005610   
  340     0.00008778   
  341     0.00005186   
  342     0.00001769   
  343     0.00002383   
  344     0.00002544   
  345     0.00006705   
  346     0.00001631   
  347     0.00002207   
  348     0.00006318   
  349     0.00006044   
  350     0.00002101   
  351     0.00001530   
  352     0.00006116   
  353     0.00003433   
  354     0.00000919   
  355     0.00000933   
  356     0.00007882   
  357     0.00006916   
  358     0.00000774   
  359     0.00000207   
  360     0.00000577   
  361     0.00002065   
  362     0.00001382   
  363     0.00000805   
  364     0.00000742   
  365     0.00005786   
  366     0.00000858   
  367     0.00002920   
  368     0.00002378   
  369     0.00007161   
  370     0.00006337   
  371     0.00007270   
  372     0.00014657   
  373     0.00032276   
  374     0.00005209   
  375     0.00009583   
  376     0.00006721   
  377     0.00008977   
  378     0.00012732   
  379     0.00003977   
  380     0.00007392   
  381     0.00004728   
  382     0.00006958   
  383     0.00002628   
  384     0.00000940   
  385     0.00001947   
  386     0.00005704   
  387     0.00005275   
  388     0.00006284   
  389     0.00039660   
  390     0.00077701   
  391     0.00061270   
  392     0.00059107   
  393     0.00103047   
  394     0.00102186   
  395     0.00117257   
  396     0.00090911   
  397     0.00115966   
  398     0.00054556   
  399     0.00059494   
  400     0.00039559   
  401     0.00046060   
  402     0.00032718   
  403     0.00024309   
  404     0.00007292   
  405     0.00011228   
  406     0.00010044   
  407     0.00103748   
  408     0.00091884   
  409     0.00036548   
  410     0.00054851   
  411     0.00075674   
  412     0.00050768   
  413     0.00083901   
  414     0.00083598   
  415     0.00064154   
  416     0.00049211   
  417     0.00122161   
  418     0.00063521   
  419     0.00056330   
  420     0.00075166   
  421     0.00037612   
  422     0.00079731   
  423     0.00130069   
  424     0.00266207   
  425     0.00135260   
  426     0.00107207   
  427     0.00054979   
  428     0.00070677   
  429     0.00005056   
  430     0.00002289   
  431     0.00004506   
  432     0.00005731   
  433     0.00008605   
  434     0.00023541   
  435     0.00006367   
  436     0.00013617   
  437     0.00008953   
  438     0.00012091   
  439     0.00016498   
  440     0.00019157   
  441     0.00045338   
  442     0.00137976   
  443     0.00170881   
  444     0.00109027   
  445     0.00049704   
  446     0.00117418   
  447     0.00042822   
  448     0.00055404   
  449     0.00009920   
  450     0.00005816   
  451     0.00006242   
  452     0.00128190   
  453     0.00044706   
  454     0.00044202   
  455     0.00005840   
  456     0.00009661   
  457     0.00023992   
  458     0.00018250   
  459     0.00042513   
  460     0.00018320   
  461     0.00016224   
  462     0.00148576   
  463     0.00008104   
  464     0.00018826   
  465     0.00136137   
  466     0.00071792   
  467     0.00049956   
  468     0.00018265   
  469     0.00114712   
  470     0.00294561   
  471     0.00026508   
  472     0.00094960   
  473     0.00549773   
  474     0.00069685   
  475     0.00145007   
  476     0.00089858   
  477     0.00014593   
  478     0.00065230   
  479     0.00037391   
  480     0.00073515   
  481     0.00106275   
  482     0.00115035   
  483     0.00058482   
  484     0.00079169   
  485     0.00014267   
  486     0.00029690   
  487     0.00057365   
  488     0.00086977   
  489     0.00135407   
  490     0.00517040   
  491     0.00235818   
  492     0.00386466   
  493     0.00397303   
  494     0.00638362   
  495     0.00298222   
  496     0.00053466   
  497     0.00372014   
  498     0.00061670   
  499     0.00057635   
  500     0.00022440   
  501     0.00022843   
  502     0.00012681   
  503     0.00068658   
  504     0.00047624   
  505     0.00097339   
  506     0.00025747   
  507     0.00053787   
  508     0.00086649   
  509     0.00058787   
  510     0.00118396   
  511     0.00045178   
  512     0.00123971   
  513     0.00094306   
  514     0.00152111   
  515     0.00184898   
  516     0.00039855   
  517     0.00029382   
  518     0.00087504   
  519     0.00069152   
  520     0.00013412   
  521     0.00020709   
  522     0.00090480   
  523     0.00023398   
  524     0.00021381   
  525     0.00036726   
  526     0.00034380   
  527     0.00031497   
  528     0.00032207   
  529     0.00057793   
  530     0.00038926   
  531     0.00044721   
  532     0.00047983   
  533     0.00035003   
  534     0.00065057   
  535     0.00046575   
  536     0.00028817   
  537     0.00042049   
  538     0.00060035   
  539     0.00034888   
  540     0.00020468   
  541     0.00038291   
  542     0.00038193   
  543     0.00027429   
  544     0.00024205   
  545     0.00017208   
  546     0.00017483   
  547     0.00026063   
  548     0.00022818   
  549     0.00008595   
  550     0.00024260   
  551     0.00017575   
  552     0.00005952   
  553     0.00036457   
  554     0.00009467   
  555     0.00004131   
  556     0.00005783   
  557     0.00065558   
  558     0.00009466   
  559     0.00003034   
  560     0.00002367   
  561     0.00026303   
  562     0.00013729   
  563     0.00002935   
  564     0.00001118   
  565     0.00006959   
  566     0.00005100   
  567     0.00002605   
  568     0.00004946   
  569     0.00005206   
  570     0.00001485   
  571     0.00003491   
  572     0.00004635   
  573     0.00001213   
  574     0.00001527   
  575     0.00004656   
  576     0.00001181   
  577     0.00001444   
  578     0.00002050   
  579     0.00010035   
  580     0.00003898   
  581     0.00006502   
  582     0.00002366   
  583     0.00003686   
  584     0.00003206   
  585     0.00005287   
  586     0.00005422   
  587     0.00008049   
  588     0.00008886   
  589     0.00003130   
  590     0.00010239   
  591     0.00009216   
  592     0.00016037   
  593     0.00018605   
  594     0.00015655   
  595     0.00056128   
  596     0.00033139   
  597     0.00026251   
  598     0.00061092   
  599     0.00066446   
  600     0.00044160   
  601     0.00062390   
  602     0.00080593   
  603     0.00132415   
  604     0.00050552   
  605     0.00103855   
    1     0.00020172   
    2     0.00009035   
    3     0.00001427   
    4     0.00001999   
    5     0.00005643   
    6     0.00010638   
    7     0.00057154   
    8     0.00005026   
    9     0.00004060   
   10     0.00020813   
   11     0.00005364   
   12     0.00020418   
   13     0.00016574   
   14     0.00007919   
   15     0.00130707   
   16     0.00021736   
   17     0.00010185   
   18     0.00022888   
   19     0.00006509   
   20     0.00010109   
   21     0.00072707   
   22     0.00068824   
   23     0.00006397   
   24     0.00012652   
   25     0.00021978   
   26     0.00003148   
   27     0.00005007   
   28     0.00008145   
   29     0.00007942   
   30     0.00006449   
   31     0.00002817   
   32     0.00010201   
   33     0.00002488   
   34     0.00004773   
   35     0.00000350   
   36     0.00002859   
   37     0.00003751   
   38     0.00002885   
   39     0.00004425   
   40     0.00002568   
   41     0.00001864   
   42     0.00005060   
   43     0.00005096   
   44     0.00015378   
   45     0.00003162   
   46     0.00015148   
   47     0.00013968   
   48     0.00037939   
   49     0.00032397   
   50     0.00024991   
   51     0.00026863   
   52     0.00035890   
   53     0.00027324   
   54     0.00039680   
   55     0.00132184   
   56     0.00114252   
   57     0.00108346   
   58     0.00172008   
   59     0.00085207   
   60     0.00012076   
   61     0.00048797   
   62     0.00194339   
   63     0.00065081   
   64     0.00049441   
   65     0.00095025   
   66     0.00043865   
   67     0.00098523   
   68     0.00038167   
   69     0.00027204   
   70     0.00025328   
   71     0.00004280   
   72     0.00070706   
   73     0.00007757   
   74     0.00028221   
   75     0.00023571   
   76     0.00063637   
   77     0.00091561   
   78     0.00046428   
   79     0.00085892   
   80     0.00042056   
   81     0.00015460   
   82     0.00014024   
   83     0.00018669   
   84     0.00063962   
   85     0.00145925   
   86     0.00042456   
   87     0.00063932   
   88     0.00011092   
   89     0.00013920   
   90     0.00043635   
   91     0.00009552   
   92     0.00030960   
   93     0.00012518   
   94     0.00052808   
   95     0.00034037   
   96     0.00032825   
   97     0.00050503   
   98     0.00032572   
   99     0.00043646   
  100     0.00036093   
  101     0.00023987   
  102     0.00027508   
  103     0.00020026   
  104     0.00031569   
  105     0.00045367   
  106     0.00017665   
  107     0.00007541   
  108     0.00001650   
  109     0.00004409   
  110     0.00024753   
  111     0.00027512   
  112     0.00022909   
  113     0.00062235   
  114     0.00027090   
  115     0.00030899   
  116     0.00034835   
  117     0.00114333   
  118     0.00043067   
  119     0.00111442   
  120     0.00104620   
  121     0.00216611   
  122     0.00027175   
  123     0.00056013   
  124     0.00060092   
  125     0.00063803   
  126     0.00128167   
  127     0.00120729   
  128     0.00047350   
  129     0.00211386   
  130     0.00184982   
  131     0.00074114   
  132     0.00083990   
  133     0.00032385   
  134     0.00076394   
  135     0.00167472   
  136     0.00373722   
  137     0.00217346   
  138     0.00042710   
  139     0.00104274   
  140     0.00073449   
  141     0.00194592   
  142     0.00295552   
  143     0.00099284   
  144     0.00035459   
  145     0.00008851   
  146     0.00008941   
  147     0.00027228   
  148     0.00045968   
  149     0.00047939   
  150     0.00056178   
  151     0.00027783   
  152     0.00014749   
  153     0.00003352   
  154     0.00002241   
  155     0.00001440   
  156     0.00002042   
  157     0.00019328   
  158     0.00025964   
  159     0.00014768   
  160     0.00057873   
  161     0.00016943   
  162     0.00004770   
  163     0.00008090   
  164     0.00005387   
  165     0.00012389   
  166     0.00015321   
  167     0.00028275   
  168     0.00010823   
  169     0.00059378   
  170     0.00058651   
  171     0.00185938   
  172     0.00062704   
  173     0.00102630   
  174     0.00045877   
  175     0.00031570   
  176     0.00025899   
  177     0.00025554   
  178     0.00107626   
  179     0.00051994   
  180     0.00105691   
  181     0.00037728   
  182     0.00018676   
  183     0.00076725   
  184     0.00026714   
  185     0.00004696   
  186     0.00028834   
  187     0.00071162   
  188     0.00011376   
  189     0.00014806   
  190     0.00013544   
  191     0.00018707   
  192     0.00021786   
  193     0.00018401   
  194     0.00002016   
  195     0.00001325   
  196     0.00005204   
  197     0.00014302   
  198     0.00006100   
  199     0.00032584   
  200     0.00016857   
  201     0.00010402   
  202     0.00014165   
  203     0.00083405   
  204     0.00071891   
  205     0.00086612   
  206     0.00205933   
  207     0.00083382   
  208     0.00355636   
  209     0.00086194   
  210     0.00192316   
  211     0.00253225   
  212     0.00304957   
  213     0.00178035   
  214     0.00255004   
  215     0.00225141   
  216     0.00220101   
  217     0.00021454   
  218     0.00205578   
  219     0.00052935   
  220     0.00091131   
  221     0.00402656   
  222     0.00083051   
  223     0.00074650   
  224     0.00056795   
  225     0.00044288   
  226     0.00076991   
  227     0.00106110   
  228     0.00030736   
  229     0.00050868   
  230     0.00017686   
  231     0.00146978   
  232     0.00112458   
  233     0.00163781   
  234     0.00349793   
  235     0.00062980   
  236     0.00083180   
  237     0.00022384   
  238     0.00038446   
  239     0.00021349   
  240     0.00058265   
  241     0.00022766   
  242     0.00091223   
  243     0.00094839   
  244     0.00047858   
  245     0.00038354   
  246     0.00128940   
  247     0.00071298   
  248     0.00200944   
  249     0.00101799   
  250     0.00158079   
  251     0.00035347   
  252     0.00244745   
  253     0.00646810   
  254     0.00181519   
  255     0.00522855   
  256     0.00672919   
  257     0.00157584   
  258     0.00089857   
  259     0.00076295   
  260     0.00083530   
  261     0.00104978   
  262     0.00216147   
  263     0.00200169   
  264     0.00282142   
  265     0.00329438   
  266     0.00622005   
  267     0.00467423   
  268     0.00237105   
  269     0.00148272   
  270     0.00358612   
  271     0.00038315   
  272     0.00053706   
  273     0.00228475   
  274     0.00206609   
  275     0.00276572   
  276     0.00431188   
  277     0.00065127   
  278     0.00132498   
  279     0.00054797   
  280     0.00342097   
  281     0.00103778   
  282     0.00434236   
  283     0.00164978   
  284     0.00444444   
  285     0.00084685   
  286     0.00506287   
  287     0.00173066   
  288     0.00187092   
  289     0.00134118   
  290     0.00136479   
  291     0.00379103   
  292     0.00157405   
  293     0.00413804   
  294     0.00046028   
  295     0.00068729   
  296     0.00189841   
  297     0.00172491   
  298     0.00106646   
  299     0.00102721   
  300     0.00052689   
  301     0.00170091   
  302     0.00115176   
  303     0.00390213   
  304     0.00133541   
  305     0.00087701   
  306     0.00145225   
  307     0.00194868   
  308     0.00161874   
  309     0.00053105   
  310     0.00290115   
  311     0.00289390   
  312     0.00327745   
  313     0.00358856   
  314     0.00203254   
  315     0.00375152   
  316     0.00476835   
  317     0.00347558   
  318     0.00252594   
  319     0.00262739   
  320     0.00239928   
  321     0.00103161   
  322     0.00352499   
  323     0.00602378   
  324     0.00468411   
  325     0.00678609   
  326     0.00090708   
  327     0.00052094   
  328     0.00105694   
  329     0.00111679   
  330     0.00111693   
  331     0.00194004   
  332     0.00071151   
  333     0.00153711   
  334     0.00022591   
  335     0.00018425   
  336     0.00054205   
  337     0.00131826   
  338     0.00111494   
  339     0.00043878   
  340     0.00050870   
  341     0.00105207   
  342     0.00119532   
  343     0.00130159   
  344     0.00075734   
  345     0.00064356   
  346     0.00090230   
  347     0.00268269   
  348     0.00025559   
  349     0.00004943   
  350     0.00028553   
  351     0.00037854   
  352     0.00131333   
  353     0.00100713   
  354     0.00024000   
  355     0.00008189   
  356     0.00003435   
  357     0.00002580   
  358     0.00001977   
  359     0.00006173   
  360     0.00035268   
  361     0.00065833   
  362     0.00011258   
  363     0.00006684   
  364     0.00007887   
  365     0.00044206   
  366     0.00036224   
  367     0.00006547   
  368     0.00006464   
  369     0.00022058   
  370     0.00028948   
  371     0.00012760   
  372     0.00025568   
  373     0.00020330   
  374     0.00032740   
  375     0.00015947   
  376     0.00039081   
    1     0.00098171   
    2     0.00124825   
    3     0.00042442   
    4     0.00050773   
    5     0.00025406   
    6     0.00034581   
    7     0.00133655   
    8     0.00064653   
    9     0.00090582   
   10     0.00024821   
   11     0.00026545   
   12     0.00043941   
   13     0.00100300   
   14     0.00024387   
   15     0.00221256   
   16     0.00099734   
   17     0.00207046   
   18     0.00333164   
   19     0.00077278   
   20     0.00081486   
   21     0.00184008   
   22     0.00038162   
   23     0.00017779   
   24     0.00030160   
   25     0.00053949   
   26     0.00077215   
   27     0.00011839   
   28     0.00044258   
   29     0.00035395   
   30     0.00037944   
   31     0.00021100   
   32     0.00019932   
   33     0.00039670   
   34     0.00019170   
   35     0.00025689   
   36     0.00004829   
   37     0.00005345   
   38     0.00026991   
   39     0.00002538   
   40     0.00001201   
   41     0.00000882   
   42     0.00001370   
   43     0.00003261   
   44     0.00033121   
   45     0.00019821   
   46     0.00023291   
   47     0.00024002   
   48     0.00071006   
   49     0.00027821   
   50     0.00023916   
   51     0.00115764   
   52     0.00039689   
   53     0.00022356   
   54     0.00084914   
   55     0.00176523   
   56     0.00088626   
   57     0.00091835   
   58     0.00388405   
   59     0.00125463   
   60     0.00026287   
   61     0.00038664   
   62     0.00133437   
   63     0.00125996   
   64     0.00042800   
   65     0.00029486   
   66     0.00113308   
   67     0.00026774   
   68     0.00041050   
   69     0.00099174   
   70     0.00092741   
   71     0.00058935   
   72     0.00204741   
   73     0.00081864   
   74     0.00046049   
   75     0.00047731   
   76     0.00058305   
   77     0.00024165   
   78     0.00012131   
   79     0.00032222   
   80     0.00015859   
   81     0.00018661   
   82     0.00017182   
   83     0.00010996   
   84     0.00044823   
   85     0.00075580   
   86     0.00060802   
   87     0.00073538   
   88     0.00065230   
   89     0.00062411   
   90     0.00083292   
   91     0.00087210   
   92     0.00054250   
   93     0.00017544   
   94     0.00046885   
   95     0.00057189   
   96     0.00116503   
   97     0.00136648   
   98     0.00068426   
   99     0.00088937   
  100     0.00026140   
  101     0.00041163   
  102     0.00027338   
  103     0.00024185   
  104     0.00018047   
  105     0.00033695   
  106     0.00023413   
  107     0.00014232   
  108     0.00022793   
  109     0.00056966   
  110     0.00094835   
  111     0.00047206   
  112     0.00033636   
  113     0.00058000   
  114     0.00040939   
  115     0.00091167   
  116     0.00351814   
  117     0.00357816   
  118     0.00271459   
  119     0.00213636   
  120     0.00096260   
  121     0.00488397   
  122     0.00152195   
  123     0.00128444   
  124     0.00146099   
  125     0.00126039   
  126     0.00117690   
  127     0.00042723   
  128     0.00075809   
  129     0.00030052   
  130     0.00016410   
  131     0.00023792   
  132     0.00080961   
  133     0.00061082   
  134     0.00044950   
  135     0.00035301   
  136     0.00368940   
  137     0.00046118   
  138     0.00047028   
  139     0.00034949   
  140     0.00219520   
  141     0.00042169   
  142     0.00097960   
  143     0.00064858   
  144     0.00122530   
  145     0.00020340   
  146     0.00014740   
  147     0.00038110   
  148     0.00035896   
  149     0.00031176   
  150     0.00040018   
  151     0.00027159   
  152     0.00011570   
  153     0.00013308   
  154     0.00005280   
  155     0.00006868   
  156     0.00005377   
  157     0.00008924   
  158     0.00020534   
  159     0.00021000   
  160     0.00107622   
  161     0.00011693   
  162     0.00007942   
  163     0.00015981   
  164     0.00027549   
  165     0.00028141   
  166     0.00014433   
  167     0.00040960   
  168     0.00034203   
  169     0.00037929   
  170     0.00136069   
  171     0.00393130   
  172     0.00131767   
  173     0.00283932   
  174     0.00152197   
  175     0.00040805   
  176     0.00228491   
  177     0.00351228   
  178     0.00325313   
  179     0.00115577   
  180     0.00050095   
  181     0.00074000   
  182     0.00038890   
  183     0.00119321   
  184     0.00012090   
  185     0.00024637   
  186     0.00118530   
  187     0.00034108   
  188     0.00020828   
  189     0.00034413   
  190     0.00014860   
  191     0.00031452   
  192     0.00027422   
  193     0.00149157   
  194     0.00018208   
  195     0.00012358   
  196     0.00007766   
  197     0.00018361   
  198     0.00008815   
  199     0.00021316   
  200     0.00022094   
  201     0.00019894   
  202     0.00050410   
  203     0.00148005   
  204     0.00029388   
  205     0.00140380   
  206     0.00187762   
  207     0.00105268   
  208     0.00241644   
  209     0.00053687   
  210     0.00167512   
  211     0.00100707   
  212     0.00032906   
  213     0.00065997   
  214     0.00056822   
  215     0.00072217   
  216     0.00092673   
  217     0.00075793   
  218     0.00099938   
  219     0.00051590   
  220     0.00053259   
  221     0.00539282   
  222     0.00094978   
  223     0.00210141   
  224     0.00092413   
  225     0.00038539   
  226     0.00053282   
  227     0.00037569   
  228     0.00049104   
  229     0.00151512   
  230     0.00044697   
  231     0.00069445   
  232     0.00064957   
  233     0.00061043   
  234     0.00050563   
  235     0.00073109   
  236     0.00027629   
  237     0.00034433   
  238     0.00030055   
  239     0.00024302   
  240     0.00067528   
  241     0.00040878   
  242     0.00023550   
  243     0.00069418   
  244     0.00090821   
  245     0.00063864   
  246     0.00073038   
  247     0.00070982   
  248     0.00096518   
  249     0.00229802   
  250     0.00409900   
  251     0.00165834   
  252     0.00436789   
  253     0.00561060   
  254     0.00182493   
  255     0.00869425   
  256     0.00688058   
  257     0.00173576   
  258     0.00236981   
  259     0.00057572   
  260     0.00033271   
  261     0.00120224   
  262     0.00082555   
  263     0.00122231   
  264     0.00328099   
  265     0.00627994   
  266     0.01164436   
  267     0.00306642   
  268     0.00218764   
  269     0.00092774   
  270     0.00103243   
  271     0.00017268   
  272     0.00086622   
  273     0.00105608   
  274     0.00182036   
  275     0.00266876   
  276     0.00080324   
  277     0.00015288   
  278     0.00017435   
  279     0.00007608   
  280     0.00111037   
  281     0.00038104   
  282     0.00121909   
  283     0.00059110   
  284     0.00111734   
  285     0.00045326   
  286     0.00057149   
  287     0.00024955   
  288     0.00070360   
  289     0.00015417   
  290     0.00015198   
  291     0.00023554   
  292     0.00016913   
  293     0.00084582   
  294     0.00079584   
  295     0.00032232   
  296     0.00036852   
  297     0.00158566   
  298     0.00059379   
  299     0.00185581   
  300     0.00050540   
  301     0.00151718   
  302     0.00334752   
  303     0.00535447   
  304     0.00178449   
  305     0.00128596   
  306     0.00142415   
  307     0.00120937   
  308     0.00078165   
  309     0.00047017   
  310     0.00135264   
  311     0.00153138   
  312     0.00278725   
  313     0.00148346   
  314     0.00040695   
  315     0.00127600   
  316     0.00228329   
  317     0.00096535   
  318     0.00168161   
  319     0.00117817   
  320     0.00179798   
  321     0.00099952   
  322     0.00555201   
  323     0.00395640   
  324     0.00949609   
  325     0.00916896   
  326     0.00251436   
  327     0.00148652   
  328     0.00169106   
  329     0.00142565   
  330     0.00069431   
  331     0.00344029   
  332     0.00080250   
  333     0.00169098   
  334     0.00063906   
  335     0.00046240   
  336     0.00069754   
  337     0.00146395   
  338     0.00578658   
  339     0.00065375   
  340     0.00067881   
  341     0.00093974   
  342     0.00289583   
  343     0.00196407   
  344     0.00076861   
  345     0.00097660   
  346     0.00165117   
  347     0.00465863   
  348     0.00222150   
  349     0.00181471   
  350     0.00106769   
  351     0.00130384   
  352     0.00174845   
  353     0.00138311   
  354     0.00023770   
  355     0.00005485   
  356     0.00010927   
  357     0.00012405   
  358     0.00013878   
  359     0.00115308   
  360     0.00045951   
  361     0.00039220   
  362     0.00010930   
  363     0.00001520   
  364     0.00001441   
  365     0.00011377   
  366     0.00004792   
  367     0.00014684   
  368     0.00022972   
  369     0.00003889   
  370     0.00006296   
  371     0.00004780   
  372     0.00002122   
  373     0.00001290   
  374     0.00000795   
  375     0.00009156   
  376     0.00007033   
