    1     0.00007557   
    2     0.00008929   
    3     0.00011228   
    4     0.00032306   
    5     0.00027181   
    6     0.00013351   
    7     0.00009221   
    8     0.00008483   
    9     0.00008538   
   10     0.00014608   
   11     0.00013195   
   12     0.00016425   
   13     0.00002228   
   14     0.00001642   
   15     0.00003326   
   16     0.00012200   
   17     0.00016450   
   18     0.00055235   
   19     0.00064553   
   20     0.00029349   
   21     0.00017436   
   22     0.00021528   
   23     0.00024357   
   24     0.00109062   
   25     0.00011455   
   26     0.00011618   
   27     0.00008109   
   28     0.00002696   
   29     0.00002788   
   30     0.00000408   
   31     0.00002885   
   32     0.00000319   
   33     0.00001103   
   34     0.00000454   
   35     0.00002584   
   36     0.00002035   
   37     0.00009309   
   38     0.00010142   
   39     0.00006592   
   40     0.00050311   
   41     0.00061179   
   42     0.00148113   
   43     0.00139708   
   44     0.00042129   
   45     0.00050664   
   46     0.00068571   
   47     0.00064955   
   48     0.00133022   
   49     0.00080582   
   50     0.00020532   
   51     0.00003397   
   52     0.00003977   
   53     0.00039117   
   54     0.00091111   
   55     0.00049514   
   56     0.00027869   
   57     0.00073243   
   58     0.00062400   
   59     0.00099372   
   60     0.00027075   
   61     0.00099927   
   62     0.00481609   
   63     0.00084155   
   64     0.00076638   
   65     0.00037620   
   66     0.00049458   
   67     0.00011691   
   68     0.00030381   
   69     0.00020283   
   70     0.00020605   
   71     0.00029413   
   72     0.00034309   
   73     0.00025148   
   74     0.00061659   
   75     0.00244635   
   76     0.00422318   
   77     0.00043874   
   78     0.00011798   
   79     0.00009124   
   80     0.00023099   
   81     0.00123230   
   82     0.00025824   
   83     0.00026595   
   84     0.00010391   
   85     0.00051062   
   86     0.00135238   
   87     0.00035260   
   88     0.00170724   
   89     0.00047156   
   90     0.00246987   
   91     0.00051434   
   92     0.00047302   
   93     0.00079877   
   94     0.00008184   
   95     0.00128177   
   96     0.00125941   
   97     0.00052335   
   98     0.00105826   
   99     0.00508347   
  100     0.00071363   
  101     0.00049414   
  102     0.00058828   
  103     0.00038226   
  104     0.00118581   
  105     0.00098827   
  106     0.00032413   
  107     0.00053979   
  108     0.00064743   
  109     0.00029472   
  110     0.00091683   
  111     0.00062642   
  112     0.00019989   
  113     0.00011925   
  114     0.00105559   
  115     0.00061338   
  116     0.00017367   
  117     0.00030602   
  118     0.00066362   
  119     0.00016103   
  120     0.00011652   
  121     0.00026647   
  122     0.00008001   
  123     0.00006409   
  124     0.00007860   
  125     0.00001520   
  126     0.00003547   
  127     0.00021235   
  128     0.00001929   
  129     0.00000695   
  130     0.00000723   
  131     0.00002939   
  132     0.00002003   
  133     0.00007196   
  134     0.00006202   
  135     0.00015163   
  136     0.00027404   
  137     0.00035184   
  138     0.00031220   
  139     0.00036774   
  140     0.00031001   
  141     0.00015873   
  142     0.00029594   
  143     0.00034728   
  144     0.00052831   
  145     0.00039128   
  146     0.00118560   
  147     0.00302005   
  148     0.00409548   
  149     0.00266298   
  150     0.00103163   
  151     0.00154426   
  152     0.00094630   
  153     0.00161013   
  154     0.00067729   
  155     0.00118512   
  156     0.00104719   
  157     0.00041130   
  158     0.00079535   
  159     0.00067832   
  160     0.00064337   
  161     0.00017789   
  162     0.00017106   
  163     0.00023608   
  164     0.00048860   
  165     0.00076518   
  166     0.00051350   
  167     0.00040874   
  168     0.00030623   
  169     0.00033578   
  170     0.00023704   
  171     0.00022383   
  172     0.00013884   
  173     0.00008642   
  174     0.00005977   
  175     0.00027612   
  176     0.00013774   
  177     0.00022627   
  178     0.00014939   
  179     0.00017596   
  180     0.00007314   
  181     0.00010741   
  182     0.00004611   
  183     0.00002991   
  184     0.00003250   
  185     0.00007103   
  186     0.00003090   
  187     0.00003456   
  188     0.00009086   
  189     0.00007774   
  190     0.00004844   
  191     0.00006480   
  192     0.00005539   
  193     0.00014869   
  194     0.00016573   
  195     0.00016978   
  196     0.00013795   
  197     0.00011631   
  198     0.00014925   
  199     0.00048453   
  200     0.00035433   
  201     0.00027292   
  202     0.00024602   
  203     0.00008195   
  204     0.00004114   
  205     0.00006116   
  206     0.00003262   
  207     0.00003854   
  208     0.00006289   
  209     0.00005988   
  210     0.00011262   
  211     0.00001435   
  212     0.00003476   
  213     0.00007179   
  214     0.00021114   
  215     0.00009123   
  216     0.00002430   
  217     0.00004368   
  218     0.00010706   
  219     0.00007918   
  220     0.00024197   
  221     0.00057091   
  222     0.00054151   
  223     0.00052450   
  224     0.00038713   
  225     0.00082264   
  226     0.00076738   
  227     0.00062951   
  228     0.00049892   
  229     0.00091728   
  230     0.00031316   
  231     0.00127872   
  232     0.00164213   
  233     0.00098948   
  234     0.00186781   
  235     0.00134584   
  236     0.00146808   
  237     0.00076060   
  238     0.00049721   
  239     0.00198875   
  240     0.00094510   
  241     0.00145431   
  242     0.00050602   
  243     0.00025511   
  244     0.00079528   
  245     0.00034512   
  246     0.00012350   
  247     0.00010963   
  248     0.00072941   
  249     0.00018201   
  250     0.00049858   
  251     0.00026397   
  252     0.00174126   
  253     0.00048085   
  254     0.00041341   
  255     0.00044298   
  256     0.00372398   
  257     0.00063430   
  258     0.00047411   
  259     0.00187516   
  260     0.00088577   
  261     0.00066023   
  262     0.00110685   
  263     0.00049657   
  264     0.00031955   
  265     0.00045548   
  266     0.00022396   
  267     0.00030906   
  268     0.00005267   
  269     0.00038753   
  270     0.00057098   
  271     0.00038892   
  272     0.00013743   
  273     0.00092928   
  274     0.00143987   
  275     0.00009502   
  276     0.00010325   
  277     0.00017833   
  278     0.00014883   
  279     0.00023974   
  280     0.00009520   
  281     0.00103963   
  282     0.00039240   
  283     0.00140042   
  284     0.00168903   
  285     0.00191432   
  286     0.00122595   
  287     0.00055508   
  288     0.00111093   
  289     0.00207417   
  290     0.00083453   
  291     0.00147588   
  292     0.00032281   
  293     0.00139397   
  294     0.00495394   
  295     0.00061829   
  296     0.00149376   
  297     0.00044411   
  298     0.00028853   
  299     0.00013082   
  300     0.00033005   
  301     0.00005739   
  302     0.00033877   
  303     0.00016696   
  304     0.00052675   
  305     0.00062818   
  306     0.00206345   
  307     0.00034730   
  308     0.00217716   
  309     0.00190979   
  310     0.00126215   
  311     0.00027738   
  312     0.00037440   
  313     0.00083183   
  314     0.00075515   
  315     0.00019469   
  316     0.00068364   
  317     0.00043521   
  318     0.00021324   
  319     0.00040822   
  320     0.00033101   
  321     0.00023897   
  322     0.00015046   
  323     0.00023299   
  324     0.00006376   
  325     0.00003167   
  326     0.00031525   
  327     0.00006751   
  328     0.00003567   
  329     0.00008699   
  330     0.00002805   
  331     0.00017681   
  332     0.00002554   
  333     0.00000630   
  334     0.00005235   
  335     0.00001248   
  336     0.00014974   
  337     0.00016894   
  338     0.00010250   
  339     0.00092255   
  340     0.00016386   
  341     0.00029291   
  342     0.00020153   
  343     0.00040482   
  344     0.00072764   
  345     0.00249460   
  346     0.00128393   
  347     0.00040105   
  348     0.00248561   
  349     0.00010673   
  350     0.00097059   
  351     0.00030385   
  352     0.00064329   
  353     0.00029418   
  354     0.00007354   
  355     0.00002600   
  356     0.00014998   
  357     0.00017702   
  358     0.00001816   
  359     0.00002985   
  360     0.00007777   
  361     0.00031527   
  362     0.00003309   
  363     0.00002286   
  364     0.00002273   
  365     0.00010604   
  366     0.00004685   
  367     0.00089568   
  368     0.00010382   
  369     0.00024080   
  370     0.00024690   
  371     0.00026227   
  372     0.00011609   
  373     0.00079266   
  374     0.00011061   
  375     0.00019522   
  376     0.00021545   
  377     0.00029049   
  378     0.00029784   
  379     0.00034435   
  380     0.00031593   
  381     0.00024893   
  382     0.00070383   
  383     0.00014440   
  384     0.00015588   
  385     0.00006208   
  386     0.00006534   
  387     0.00009635   
  388     0.00008119   
  389     0.00022656   
  390     0.00012008   
  391     0.00006808   
  392     0.00025720   
  393     0.00091840   
  394     0.00060738   
  395     0.00154889   
  396     0.00063967   
  397     0.00097801   
  398     0.00009406   
  399     0.00022311   
  400     0.00065157   
  401     0.00109665   
  402     0.00025452   
  403     0.00014339   
  404     0.00013880   
  405     0.00011129   
  406     0.00004006   
  407     0.00033446   
  408     0.00026595   
  409     0.00068574   
  410     0.00100948   
  411     0.00022573   
  412     0.00045802   
  413     0.00058450   
  414     0.00087348   
  415     0.00022311   
  416     0.00032519   
  417     0.00031310   
  418     0.00038804   
  419     0.00043901   
  420     0.00130491   
  421     0.00072672   
  422     0.00053720   
  423     0.00192019   
  424     0.00548084   
  425     0.00585041   
  426     0.01004979   
  427     0.00313255   
  428     0.00350949   
  429     0.00179750   
  430     0.00055705   
  431     0.00444822   
  432     0.00081763   
  433     0.00278254   
  434     0.00142704   
  435     0.00148736   
  436     0.00245825   
  437     0.00314238   
  438     0.00163058   
  439     0.00247628   
  440     0.00092514   
  441     0.00093143   
  442     0.00274633   
  443     0.00240357   
  444     0.00210441   
  445     0.00136812   
  446     0.00071271   
  447     0.00024987   
  448     0.00210838   
  449     0.00039374   
  450     0.00042332   
  451     0.00144803   
  452     0.00694328   
  453     0.00430606   
  454     0.00125343   
  455     0.00068409   
  456     0.00099938   
  457     0.00204339   
  458     0.00129973   
  459     0.00122357   
  460     0.00090811   
  461     0.00069056   
  462     0.00495613   
  463     0.00218443   
  464     0.00126098   
  465     0.01270934   
  466     0.00379018   
  467     0.00661184   
  468     0.00207967   
  469     0.01062315   
  470     0.00807858   
  471     0.00781400   
  472     0.00134606   
  473     0.00400576   
  474     0.00161386   
  475     0.00433465   
  476     0.00113692   
  477     0.00335163   
  478     0.00094600   
  479     0.00024893   
  480     0.00053282   
  481     0.00073770   
  482     0.00158061   
  483     0.00294656   
  484     0.00553624   
  485     0.00548050   
  486     0.00416568   
  487     0.00607396   
  488     0.00166070   
  489     0.00165863   
  490     0.00521918   
  491     0.00169849   
  492     0.00274959   
  493     0.00053859   
  494     0.00065330   
  495     0.00116614   
  496     0.00129323   
  497     0.00131610   
  498     0.00050565   
  499     0.00177320   
  500     0.00131280   
  501     0.00458537   
  502     0.00056596   
  503     0.00545205   
  504     0.00743265   
  505     0.00372687   
  506     0.00119786   
  507     0.00151251   
  508     0.00251535   
  509     0.00042129   
  510     0.00065153   
  511     0.00050352   
  512     0.00194934   
  513     0.00081813   
  514     0.00096624   
  515     0.00101527   
  516     0.00042024   
  517     0.00063554   
  518     0.00053679   
  519     0.00085295   
  520     0.00010383   
  521     0.00025646   
  522     0.00118376   
  523     0.00034685   
  524     0.00006499   
  525     0.00026358   
  526     0.00013192   
  527     0.00004746   
  528     0.00012856   
  529     0.00020194   
  530     0.00004999   
  531     0.00002041   
  532     0.00012783   
  533     0.00020367   
  534     0.00006454   
  535     0.00005528   
  536     0.00013761   
  537     0.00023191   
  538     0.00006756   
  539     0.00003036   
  540     0.00009402   
  541     0.00020148   
  542     0.00009482   
  543     0.00007251   
  544     0.00006562   
  545     0.00012697   
  546     0.00020048   
  547     0.00006962   
  548     0.00001201   
  549     0.00014838   
  550     0.00016852   
  551     0.00002248   
  552     0.00001293   
  553     0.00003817   
  554     0.00005873   
  555     0.00002079   
  556     0.00001806   
  557     0.00011456   
  558     0.00005305   
  559     0.00001472   
  560     0.00001496   
  561     0.00002825   
  562     0.00019190   
  563     0.00004017   
  564     0.00001548   
  565     0.00006559   
  566     0.00012121   
  567     0.00006851   
  568     0.00005996   
  569     0.00008473   
  570     0.00004204   
  571     0.00007903   
  572     0.00006498   
  573     0.00001997   
  574     0.00001361   
  575     0.00009582   
  576     0.00002563   
  577     0.00000267   
  578     0.00000939   
  579     0.00013846   
  580     0.00001807   
  581     0.00011915   
  582     0.00001223   
  583     0.00003914   
  584     0.00003703   
  585     0.00004607   
  586     0.00003199   
  587     0.00007006   
  588     0.00003962   
  589     0.00003211   
  590     0.00003118   
  591     0.00006039   
  592     0.00007446   
  593     0.00001252   
  594     0.00003323   
  595     0.00005224   
  596     0.00007585   
  597     0.00012142   
  598     0.00010317   
  599     0.00015336   
  600     0.00037994   
  601     0.00012737   
  602     0.00033087   
  603     0.00052814   
  604     0.00068891   
  605     0.00042006   
    1     0.00018287   
    2     0.00005045   
    3     0.00002209   
    4     0.00001249   
    5     0.00001344   
    6     0.00002530   
    7     0.00005813   
    8     0.00001598   
    9     0.00017213   
   10     0.00002818   
   11     0.00001853   
   12     0.00003085   
   13     0.00002805   
   14     0.00020294   
   15     0.00027233   
   16     0.00002629   
   17     0.00007098   
   18     0.00005534   
   19     0.00001120   
   20     0.00002169   
   21     0.00005616   
   22     0.00007499   
   23     0.00001012   
   24     0.00000910   
   25     0.00010054   
   26     0.00005082   
   27     0.00006182   
   28     0.00011672   
   29     0.00007571   
   30     0.00012350   
   31     0.00010774   
   32     0.00013599   
   33     0.00012736   
   34     0.00011533   
   35     0.00006795   
   36     0.00003871   
   37     0.00008714   
   38     0.00003588   
   39     0.00001300   
   40     0.00004446   
   41     0.00007563   
   42     0.00004319   
   43     0.00016811   
   44     0.00010634   
   45     0.00012417   
   46     0.00006299   
   47     0.00022209   
   48     0.00023561   
   49     0.00016798   
   50     0.00005685   
   51     0.00005991   
   52     0.00006494   
   53     0.00005874   
   54     0.00014988   
   55     0.00018125   
   56     0.00050273   
   57     0.00011022   
   58     0.00016277   
   59     0.00010592   
   60     0.00005218   
   61     0.00031132   
   62     0.00071137   
   63     0.00015327   
   64     0.00020557   
   65     0.00036830   
   66     0.00036140   
   67     0.00056678   
   68     0.00043353   
   69     0.00008571   
   70     0.00011955   
   71     0.00002617   
   72     0.00100886   
   73     0.00025033   
   74     0.00077065   
   75     0.00047900   
   76     0.00173794   
   77     0.00032810   
   78     0.00053722   
   79     0.00084411   
   80     0.00134842   
   81     0.00034570   
   82     0.00040789   
   83     0.00050545   
   84     0.00134890   
   85     0.00061322   
   86     0.00043912   
   87     0.00003534   
   88     0.00016993   
   89     0.00004567   
   90     0.00025221   
   91     0.00003308   
   92     0.00006488   
   93     0.00001254   
   94     0.00012239   
   95     0.00016238   
   96     0.00008405   
   97     0.00016760   
   98     0.00023844   
   99     0.00012342   
  100     0.00052626   
  101     0.00016915   
  102     0.00028685   
  103     0.00070445   
  104     0.00182296   
  105     0.00307477   
  106     0.00069246   
  107     0.00164031   
  108     0.00044944   
  109     0.00019102   
  110     0.00020745   
  111     0.00039697   
  112     0.00098698   
  113     0.00336919   
  114     0.00147954   
  115     0.00294889   
  116     0.00074509   
  117     0.00258986   
  118     0.00213534   
  119     0.00221081   
  120     0.00059346   
  121     0.00063692   
  122     0.00048821   
  123     0.00039557   
  124     0.00018164   
  125     0.00049772   
  126     0.00005162   
  127     0.00005026   
  128     0.00065286   
  129     0.00036555   
  130     0.00103176   
  131     0.00054274   
  132     0.00072632   
  133     0.00120151   
  134     0.00096489   
  135     0.00052492   
  136     0.00172488   
  137     0.00048894   
  138     0.00215270   
  139     0.00054699   
  140     0.00176718   
  141     0.00101762   
  142     0.00146215   
  143     0.00220596   
  144     0.00044068   
  145     0.00012958   
  146     0.00028172   
  147     0.00076266   
  148     0.00042151   
  149     0.00058824   
  150     0.00028850   
  151     0.00007356   
  152     0.00009263   
  153     0.00015145   
  154     0.00009577   
  155     0.00010221   
  156     0.00009978   
  157     0.00035011   
  158     0.00012601   
  159     0.00033458   
  160     0.00045839   
  161     0.00012106   
  162     0.00003519   
  163     0.00031453   
  164     0.00046842   
  165     0.00020492   
  166     0.00020744   
  167     0.00030862   
  168     0.00033403   
  169     0.00057604   
  170     0.00070280   
  171     0.00097117   
  172     0.00115479   
  173     0.00041982   
  174     0.00046231   
  175     0.00012757   
  176     0.00002722   
  177     0.00035623   
  178     0.00008665   
  179     0.00117853   
  180     0.00115669   
  181     0.00114361   
  182     0.00038708   
  183     0.00031505   
  184     0.00017920   
  185     0.00022258   
  186     0.00050939   
  187     0.00052521   
  188     0.00074595   
  189     0.00170695   
  190     0.00081635   
  191     0.00038138   
  192     0.00042999   
  193     0.00015608   
  194     0.00011564   
  195     0.00009981   
  196     0.00004666   
  197     0.00026667   
  198     0.00006655   
  199     0.00024361   
  200     0.00032499   
  201     0.00012039   
  202     0.00004746   
  203     0.00084321   
  204     0.00012751   
  205     0.00087707   
  206     0.00029834   
  207     0.00029394   
  208     0.00208177   
  209     0.00160179   
  210     0.00054544   
  211     0.00043798   
  212     0.00054781   
  213     0.00092331   
  214     0.00208264   
  215     0.00093412   
  216     0.00299462   
  217     0.00020458   
  218     0.00075555   
  219     0.00039367   
  220     0.00100636   
  221     0.00305965   
  222     0.00072734   
  223     0.00168161   
  224     0.00169155   
  225     0.00096256   
  226     0.00299587   
  227     0.00095837   
  228     0.00080398   
  229     0.00049432   
  230     0.00043580   
  231     0.00146336   
  232     0.00170651   
  233     0.00094705   
  234     0.00484982   
  235     0.00105470   
  236     0.00233109   
  237     0.00122320   
  238     0.00148523   
  239     0.00246931   
  240     0.00229381   
  241     0.00163933   
  242     0.00361469   
  243     0.00090130   
  244     0.00080567   
  245     0.00115982   
  246     0.00086846   
  247     0.00284911   
  248     0.00155618   
  249     0.00060836   
  250     0.00207848   
  251     0.00102306   
  252     0.00060882   
  253     0.00032234   
  254     0.00011213   
  255     0.00057152   
  256     0.00041010   
  257     0.00032834   
  258     0.00058934   
  259     0.00016818   
  260     0.00013738   
  261     0.00115743   
  262     0.00017180   
  263     0.00015997   
  264     0.00031742   
  265     0.00066107   
  266     0.00118406   
  267     0.00091921   
  268     0.00191411   
  269     0.00052924   
  270     0.00210809   
  271     0.00065100   
  272     0.00054363   
  273     0.00059528   
  274     0.00058727   
  275     0.00034163   
  276     0.00091681   
  277     0.00007983   
  278     0.00122980   
  279     0.00064223   
  280     0.00081069   
  281     0.00019635   
  282     0.00133261   
  283     0.00012545   
  284     0.00028724   
  285     0.00009169   
  286     0.00117289   
  287     0.00014477   
  288     0.00035168   
  289     0.00074249   
  290     0.00014619   
  291     0.00101115   
  292     0.00018211   
  293     0.00080103   
  294     0.00060033   
  295     0.00016747   
  296     0.00007528   
  297     0.00061538   
  298     0.00008468   
  299     0.00012689   
  300     0.00040125   
  301     0.00071168   
  302     0.00123348   
  303     0.00327337   
  304     0.00084073   
  305     0.00186381   
  306     0.00045185   
  307     0.00071115   
  308     0.00057378   
  309     0.00005871   
  310     0.00046119   
  311     0.00116893   
  312     0.00257685   
  313     0.00042272   
  314     0.00003784   
  315     0.00005863   
  316     0.00039179   
  317     0.00046350   
  318     0.00037243   
  319     0.00019033   
  320     0.00023342   
  321     0.00020899   
  322     0.00085144   
  323     0.00075623   
  324     0.00135389   
  325     0.00256810   
  326     0.00180873   
  327     0.00087526   
  328     0.00046509   
  329     0.00019974   
  330     0.00046095   
  331     0.00005174   
  332     0.00009039   
  333     0.00042163   
  334     0.00007810   
  335     0.00011139   
  336     0.00039873   
  337     0.00037322   
  338     0.00029263   
  339     0.00012434   
  340     0.00020571   
  341     0.00053719   
  342     0.00011645   
  343     0.00037761   
  344     0.00031423   
  345     0.00110861   
  346     0.00040427   
  347     0.00079891   
  348     0.00087546   
  349     0.00014419   
  350     0.00150610   
  351     0.00093077   
  352     0.00103772   
  353     0.00046332   
  354     0.00071382   
  355     0.00012055   
  356     0.00012067   
  357     0.00012569   
  358     0.00047045   
  359     0.00080861   
  360     0.00032231   
  361     0.00076310   
  362     0.00013707   
  363     0.00010093   
  364     0.00012455   
  365     0.00030077   
  366     0.00115570   
  367     0.00019710   
  368     0.00026003   
  369     0.00037338   
  370     0.00046874   
  371     0.00018699   
  372     0.00031464   
  373     0.00022224   
  374     0.00042931   
  375     0.00017424   
  376     0.00027205   
    1     0.00018303   
    2     0.00001821   
    3     0.00001460   
    4     0.00001841   
    5     0.00002630   
    6     0.00008625   
    7     0.00035403   
    8     0.00003583   
    9     0.00001810   
   10     0.00005231   
   11     0.00002076   
   12     0.00006701   
   13     0.00013629   
   14     0.00025663   
   15     0.00036605   
   16     0.00006089   
   17     0.00001555   
   18     0.00005921   
   19     0.00001254   
   20     0.00002369   
   21     0.00009636   
   22     0.00001053   
   23     0.00005418   
   24     0.00004027   
   25     0.00011348   
   26     0.00005851   
   27     0.00001794   
   28     0.00003738   
   29     0.00005754   
   30     0.00003977   
   31     0.00000588   
   32     0.00003660   
   33     0.00031510   
   34     0.00041145   
   35     0.00035066   
   36     0.00064192   
   37     0.00054676   
   38     0.00027927   
   39     0.00002865   
   40     0.00003095   
   41     0.00003338   
   42     0.00001764   
   43     0.00005564   
   44     0.00039771   
   45     0.00014024   
   46     0.00007217   
   47     0.00032940   
   48     0.00018898   
   49     0.00008776   
   50     0.00007960   
   51     0.00058197   
   52     0.00041437   
   53     0.00023997   
   54     0.00026866   
   55     0.00047882   
   56     0.00153879   
   57     0.00019171   
   58     0.00029952   
   59     0.00038995   
   60     0.00016463   
   61     0.00050618   
   62     0.00093723   
   63     0.00037021   
   64     0.00072112   
   65     0.00047176   
   66     0.00055400   
   67     0.00039448   
   68     0.00036453   
   69     0.00036181   
   70     0.00056814   
   71     0.00035564   
   72     0.00234907   
   73     0.00089271   
   74     0.00078517   
   75     0.00060618   
   76     0.00213802   
   77     0.00045316   
   78     0.00083371   
   79     0.00073435   
   80     0.00057209   
   81     0.00058371   
   82     0.00056335   
   83     0.00056240   
   84     0.00081307   
   85     0.00072436   
   86     0.00041340   
   87     0.00039580   
   88     0.00073814   
   89     0.00033694   
   90     0.00119493   
   91     0.00158604   
   92     0.00462782   
   93     0.00024082   
   94     0.00136363   
   95     0.00104366   
   96     0.00137640   
   97     0.00083692   
   98     0.00106794   
   99     0.00040383   
  100     0.00019781   
  101     0.00050101   
  102     0.00062505   
  103     0.00010505   
  104     0.00037620   
  105     0.00076807   
  106     0.00013450   
  107     0.00022794   
  108     0.00034262   
  109     0.00525207   
  110     0.00232772   
  111     0.00072084   
  112     0.00054515   
  113     0.00082107   
  114     0.00043703   
  115     0.00034777   
  116     0.00053453   
  117     0.00083745   
  118     0.00059987   
  119     0.00082562   
  120     0.00020496   
  121     0.00071098   
  122     0.00038405   
  123     0.00056319   
  124     0.00028071   
  125     0.00022912   
  126     0.00034760   
  127     0.00133381   
  128     0.00065836   
  129     0.00085404   
  130     0.00072301   
  131     0.00038617   
  132     0.00235262   
  133     0.00097785   
  134     0.00084297   
  135     0.00053867   
  136     0.00140566   
  137     0.00078699   
  138     0.00056398   
  139     0.00029445   
  140     0.00059883   
  141     0.00018726   
  142     0.00056007   
  143     0.00044281   
  144     0.00033167   
  145     0.00009038   
  146     0.00012295   
  147     0.00029431   
  148     0.00015095   
  149     0.00034484   
  150     0.00038322   
  151     0.00029881   
  152     0.00012757   
  153     0.00012612   
  154     0.00004242   
  155     0.00002647   
  156     0.00001514   
  157     0.00024525   
  158     0.00026155   
  159     0.00023785   
  160     0.00074106   
  161     0.00031515   
  162     0.00004264   
  163     0.00028888   
  164     0.00021658   
  165     0.00042276   
  166     0.00045458   
  167     0.00026902   
  168     0.00050738   
  169     0.00326516   
  170     0.00092142   
  171     0.00223197   
  172     0.00536984   
  173     0.00189439   
  174     0.00599359   
  175     0.00246064   
  176     0.00778984   
  177     0.00803143   
  178     0.01470660   
  179     0.00821252   
  180     0.00586485   
  181     0.00507450   
  182     0.00105139   
  183     0.00089313   
  184     0.00160201   
  185     0.00051063   
  186     0.00059584   
  187     0.00047082   
  188     0.00049085   
  189     0.00024857   
  190     0.00021231   
  191     0.00011380   
  192     0.00021797   
  193     0.00062274   
  194     0.00003373   
  195     0.00005798   
  196     0.00004133   
  197     0.00014176   
  198     0.00003626   
  199     0.00006543   
  200     0.00009238   
  201     0.00005630   
  202     0.00024447   
  203     0.00043882   
  204     0.00009926   
  205     0.00054218   
  206     0.00030349   
  207     0.00080665   
  208     0.00035142   
  209     0.00111041   
  210     0.00164076   
  211     0.00117539   
  212     0.00167038   
  213     0.00072226   
  214     0.00126851   
  215     0.00143403   
  216     0.00088768   
  217     0.00235316   
  218     0.00026075   
  219     0.00023363   
  220     0.00061252   
  221     0.00202282   
  222     0.00003128   
  223     0.00007475   
  224     0.00044044   
  225     0.00015537   
  226     0.00244954   
  227     0.00119462   
  228     0.00197491   
  229     0.00138820   
  230     0.00038063   
  231     0.00202991   
  232     0.00101944   
  233     0.00075178   
  234     0.00036935   
  235     0.00086528   
  236     0.00027681   
  237     0.00040655   
  238     0.00050562   
  239     0.00041110   
  240     0.00086886   
  241     0.00050071   
  242     0.00106861   
  243     0.00178636   
  244     0.00139193   
  245     0.00107919   
  246     0.00065376   
  247     0.00024328   
  248     0.00049751   
  249     0.00016899   
  250     0.00093695   
  251     0.00036137   
  252     0.00050152   
  253     0.00081147   
  254     0.00012077   
  255     0.00098934   
  256     0.00093738   
  257     0.00006925   
  258     0.00041951   
  259     0.00016088   
  260     0.00059875   
  261     0.00115628   
  262     0.00062302   
  263     0.00080036   
  264     0.00066677   
  265     0.00144962   
  266     0.00199276   
  267     0.00155550   
  268     0.00039481   
  269     0.00040682   
  270     0.00130945   
  271     0.00026019   
  272     0.00068463   
  273     0.00112849   
  274     0.00023461   
  275     0.00059457   
  276     0.00032917   
  277     0.00013641   
  278     0.00034877   
  279     0.00032020   
  280     0.00092836   
  281     0.00010222   
  282     0.00010836   
  283     0.00030125   
  284     0.00043225   
  285     0.00041789   
  286     0.00049523   
  287     0.00009395   
  288     0.00006703   
  289     0.00023361   
  290     0.00019646   
  291     0.00146099   
  292     0.00012541   
  293     0.00053963   
  294     0.00013992   
  295     0.00015636   
  296     0.00023314   
  297     0.00053552   
  298     0.00044415   
  299     0.00073652   
  300     0.00155929   
  301     0.00101617   
  302     0.00124989   
  303     0.00268694   
  304     0.00085273   
  305     0.00274562   
  306     0.00107248   
  307     0.00156117   
  308     0.00068856   
  309     0.00071302   
  310     0.00053887   
  311     0.00035386   
  312     0.00115690   
  313     0.00102322   
  314     0.00038951   
  315     0.00026711   
  316     0.00057149   
  317     0.00095351   
  318     0.00122379   
  319     0.00115320   
  320     0.00130363   
  321     0.00113824   
  322     0.00147203   
  323     0.00327644   
  324     0.00208410   
  325     0.00394833   
  326     0.00213816   
  327     0.00082906   
  328     0.00014490   
  329     0.00019285   
  330     0.00037631   
  331     0.00007523   
  332     0.00045246   
  333     0.00004059   
  334     0.00021359   
  335     0.00007263   
  336     0.00002668   
  337     0.00039921   
  338     0.00021375   
  339     0.00010595   
  340     0.00018138   
  341     0.00047864   
  342     0.00071360   
  343     0.00020449   
  344     0.00069577   
  345     0.00266212   
  346     0.00033730   
  347     0.00096895   
  348     0.00207291   
  349     0.00167852   
  350     0.00081504   
  351     0.00054925   
  352     0.00033672   
  353     0.00078252   
  354     0.00022563   
  355     0.00017072   
  356     0.00013966   
  357     0.00003814   
  358     0.00005139   
  359     0.00039880   
  360     0.00018528   
  361     0.00009055   
  362     0.00019708   
  363     0.00002366   
  364     0.00003116   
  365     0.00011120   
  366     0.00005933   
  367     0.00011542   
  368     0.00012956   
  369     0.00005785   
  370     0.00005135   
  371     0.00008170   
  372     0.00003526   
  373     0.00011316   
  374     0.00009604   
  375     0.00018727   
  376     0.00090792   
