    1     0.00000111   
    2     0.00000229   
    3     0.00000573   
    4     0.00001641   
    5     0.00001016   
    6     0.00000603   
    7     0.00000748   
    8     0.00000896   
    9     0.00000898   
   10     0.00002836   
   11     0.00004319   
   12     0.00005363   
   13     0.00001070   
   14     0.00000259   
   15     0.00000411   
   16     0.00000687   
   17     0.00000318   
   18     0.00000484   
   19     0.00000229   
   20     0.00000094   
   21     0.00000092   
   22     0.00000081   
   23     0.00000158   
   24     0.00000442   
   25     0.00000304   
   26     0.00000358   
   27     0.00000584   
   28     0.00000411   
   29     0.00001446   
   30     0.00000262   
   31     0.00001249   
   32     0.00000344   
   33     0.00000352   
   34     0.00000182   
   35     0.00000216   
   36     0.00000927   
   37     0.00002361   
   38     0.00002195   
   39     0.00004938   
   40     0.00010087   
   41     0.00007528   
   42     0.00022722   
   43     0.00003709   
   44     0.00082493   
   45     0.00154233   
   46     0.00136892   
   47     0.00168132   
   48     0.00039241   
   49     0.00045269   
   50     0.00004080   
   51     0.00002471   
   52     0.00001464   
   53     0.00002786   
   54     0.00004672   
   55     0.00005073   
   56     0.00002710   
   57     0.00001101   
   58     0.00000960   
   59     0.00000591   
   60     0.00000092   
   61     0.00003011   
   62     0.00002979   
   63     0.00001472   
   64     0.00009312   
   65     0.00001892   
   66     0.00004786   
   67     0.00002928   
   68     0.00008205   
   69     0.00002740   
   70     0.00007229   
   71     0.00007392   
   72     0.00004989   
   73     0.00002223   
   74     0.00008521   
   75     0.00013793   
   76     0.00029375   
   77     0.00006459   
   78     0.00002009   
   79     0.00000626   
   80     0.00000624   
   81     0.00005435   
   82     0.00005122   
   83     0.00003347   
   84     0.00000687   
   85     0.00021366   
   86     0.00003340   
   87     0.00000891   
   88     0.00009830   
   89     0.00002311   
   90     0.00021731   
   91     0.00003310   
   92     0.00005826   
   93     0.00013657   
   94     0.00005081   
   95     0.00010581   
   96     0.00007859   
   97     0.00000596   
   98     0.00005384   
   99     0.00059061   
  100     0.00024887   
  101     0.00007440   
  102     0.00004629   
  103     0.00003494   
  104     0.00005353   
  105     0.00002328   
  106     0.00010659   
  107     0.00001057   
  108     0.00000674   
  109     0.00001242   
  110     0.00002703   
  111     0.00001982   
  112     0.00001427   
  113     0.00003534   
  114     0.00004264   
  115     0.00003761   
  116     0.00001190   
  117     0.00001096   
  118     0.00012376   
  119     0.00001850   
  120     0.00000779   
  121     0.00001982   
  122     0.00003309   
  123     0.00000663   
  124     0.00001964   
  125     0.00000651   
  126     0.00000536   
  127     0.00000604   
  128     0.00000214   
  129     0.00000064   
  130     0.00000058   
  131     0.00000092   
  132     0.00000077   
  133     0.00000264   
  134     0.00000381   
  135     0.00000482   
  136     0.00000718   
  137     0.00001754   
  138     0.00002719   
  139     0.00003334   
  140     0.00004005   
  141     0.00001920   
  142     0.00002965   
  143     0.00010227   
  144     0.00014759   
  145     0.00015574   
  146     0.00018487   
  147     0.00014069   
  148     0.00013091   
  149     0.00023764   
  150     0.00004796   
  151     0.00010925   
  152     0.00015680   
  153     0.00010369   
  154     0.00004651   
  155     0.00010722   
  156     0.00007299   
  157     0.00004053   
  158     0.00002741   
  159     0.00003377   
  160     0.00008229   
  161     0.00002774   
  162     0.00003743   
  163     0.00003181   
  164     0.00003146   
  165     0.00005335   
  166     0.00022971   
  167     0.00007021   
  168     0.00005284   
  169     0.00004133   
  170     0.00003667   
  171     0.00002903   
  172     0.00004558   
  173     0.00007258   
  174     0.00000846   
  175     0.00002872   
  176     0.00003439   
  177     0.00004746   
  178     0.00001174   
  179     0.00002910   
  180     0.00003069   
  181     0.00002849   
  182     0.00000312   
  183     0.00002249   
  184     0.00002464   
  185     0.00007348   
  186     0.00000611   
  187     0.00001542   
  188     0.00003283   
  189     0.00003142   
  190     0.00003363   
  191     0.00006686   
  192     0.00003108   
  193     0.00009371   
  194     0.00001322   
  195     0.00000905   
  196     0.00001625   
  197     0.00006698   
  198     0.00006674   
  199     0.00005294   
  200     0.00005300   
  201     0.00007014   
  202     0.00011676   
  203     0.00011050   
  204     0.00018502   
  205     0.00008857   
  206     0.00006694   
  207     0.00002565   
  208     0.00004007   
  209     0.00002002   
  210     0.00024370   
  211     0.00000472   
  212     0.00003155   
  213     0.00005966   
  214     0.00007085   
  215     0.00018537   
  216     0.00005225   
  217     0.00012183   
  218     0.00009002   
  219     0.00015959   
  220     0.00034305   
  221     0.00044546   
  222     0.00040764   
  223     0.00010669   
  224     0.00006990   
  225     0.00007761   
  226     0.00015580   
  227     0.00002308   
  228     0.00001405   
  229     0.00001720   
  230     0.00002337   
  231     0.00014451   
  232     0.00003327   
  233     0.00002674   
  234     0.00008754   
  235     0.00001557   
  236     0.00002183   
  237     0.00002288   
  238     0.00000870   
  239     0.00002074   
  240     0.00000500   
  241     0.00000490   
  242     0.00000173   
  243     0.00000119   
  244     0.00000494   
  245     0.00000174   
  246     0.00000133   
  247     0.00000123   
  248     0.00000097   
  249     0.00000093   
  250     0.00000558   
  251     0.00000137   
  252     0.00001398   
  253     0.00000594   
  254     0.00000700   
  255     0.00002214   
  256     0.00007857   
  257     0.00002455   
  258     0.00002976   
  259     0.00008993   
  260     0.00005345   
  261     0.00003176   
  262     0.00002905   
  263     0.00002262   
  264     0.00003301   
  265     0.00002506   
  266     0.00000556   
  267     0.00001198   
  268     0.00000305   
  269     0.00001355   
  270     0.00002002   
  271     0.00001500   
  272     0.00001136   
  273     0.00001541   
  274     0.00002717   
  275     0.00000292   
  276     0.00000492   
  277     0.00000476   
  278     0.00000370   
  279     0.00000807   
  280     0.00000301   
  281     0.00001665   
  282     0.00000266   
  283     0.00001579   
  284     0.00000254   
  285     0.00000130   
  286     0.00002161   
  287     0.00001454   
  288     0.00000232   
  289     0.00000301   
  290     0.00000041   
  291     0.00000201   
  292     0.00000146   
  293     0.00000123   
  294     0.00000428   
  295     0.00000258   
  296     0.00000300   
  297     0.00000130   
  298     0.00000575   
  299     0.00000215   
  300     0.00000391   
  301     0.00000275   
  302     0.00000740   
  303     0.00000175   
  304     0.00000277   
  305     0.00001363   
  306     0.00002768   
  307     0.00000734   
  308     0.00002537   
  309     0.00002655   
  310     0.00002285   
  311     0.00000640   
  312     0.00000907   
  313     0.00001927   
  314     0.00000454   
  315     0.00000727   
  316     0.00001469   
  317     0.00003040   
  318     0.00009012   
  319     0.00016145   
  320     0.00081109   
  321     0.00046785   
  322     0.00674744   
  323     0.00043110   
  324     0.00039612   
  325     0.00005460   
  326     0.00007453   
  327     0.00007243   
  328     0.00000400   
  329     0.00004314   
  330     0.00001043   
  331     0.00006662   
  332     0.00000888   
  333     0.00000467   
  334     0.00002836   
  335     0.00000925   
  336     0.00004492   
  337     0.00001883   
  338     0.00001571   
  339     0.00003565   
  340     0.00001117   
  341     0.00000959   
  342     0.00000816   
  343     0.00002008   
  344     0.00001404   
  345     0.00005995   
  346     0.00002554   
  347     0.00000757   
  348     0.00004234   
  349     0.00000295   
  350     0.00002834   
  351     0.00000949   
  352     0.00003061   
  353     0.00002349   
  354     0.00001002   
  355     0.00000774   
  356     0.00011755   
  357     0.00002750   
  358     0.00001872   
  359     0.00000918   
  360     0.00002108   
  361     0.00002272   
  362     0.00000395   
  363     0.00000619   
  364     0.00000115   
  365     0.00002221   
  366     0.00000492   
  367     0.00001614   
  368     0.00000846   
  369     0.00000793   
  370     0.00002151   
  371     0.00001278   
  372     0.00000504   
  373     0.00000618   
  374     0.00000577   
  375     0.00001551   
  376     0.00000467   
  377     0.00001386   
  378     0.00001730   
  379     0.00001509   
  380     0.00001353   
  381     0.00000546   
  382     0.00002571   
  383     0.00000663   
  384     0.00000152   
  385     0.00000521   
  386     0.00001017   
  387     0.00001136   
  388     0.00001931   
  389     0.00005829   
  390     0.00008852   
  391     0.00001924   
  392     0.00005680   
  393     0.00011895   
  394     0.00021055   
  395     0.00024807   
  396     0.00060164   
  397     0.00062208   
  398     0.00015834   
  399     0.00015362   
  400     0.00031298   
  401     0.00081931   
  402     0.00085249   
  403     0.00041719   
  404     0.00003679   
  405     0.00004123   
  406     0.00007999   
  407     0.00404662   
  408     0.00479511   
  409     0.00175466   
  410     0.00081298   
  411     0.00048444   
  412     0.00023121   
  413     0.00059039   
  414     0.00121188   
  415     0.00072525   
  416     0.00050111   
  417     0.00030694   
  418     0.00003948   
  419     0.00004003   
  420     0.00011480   
  421     0.00017886   
  422     0.00014978   
  423     0.00016265   
  424     0.00024910   
  425     0.00003794   
  426     0.00028907   
  427     0.00004761   
  428     0.00011066   
  429     0.00004150   
  430     0.00000521   
  431     0.00009573   
  432     0.00003744   
  433     0.00005541   
  434     0.00009368   
  435     0.00006671   
  436     0.00029428   
  437     0.00025272   
  438     0.00110196   
  439     0.00079076   
  440     0.00021226   
  441     0.00022854   
  442     0.00020539   
  443     0.00060315   
  444     0.00214568   
  445     0.00294384   
  446     0.00163296   
  447     0.00032800   
  448     0.00103540   
  449     0.00026388   
  450     0.00026250   
  451     0.00052689   
  452     0.00044570   
  453     0.00071949   
  454     0.00008149   
  455     0.00005952   
  456     0.00013128   
  457     0.00065699   
  458     0.00033148   
  459     0.00077500   
  460     0.00040603   
  461     0.00013142   
  462     0.00018060   
  463     0.00001712   
  464     0.00002969   
  465     0.00004784   
  466     0.00011872   
  467     0.00016437   
  468     0.00009655   
  469     0.00001786   
  470     0.00008770   
  471     0.00002846   
  472     0.00004517   
  473     0.00016223   
  474     0.00010850   
  475     0.00013846   
  476     0.00020290   
  477     0.00012536   
  478     0.00008421   
  479     0.00004619   
  480     0.00004265   
  481     0.00012093   
  482     0.00006857   
  483     0.00016248   
  484     0.00030666   
  485     0.00007524   
  486     0.00016216   
  487     0.00007756   
  488     0.00013226   
  489     0.00007497   
  490     0.00006064   
  491     0.00001122   
  492     0.00000684   
  493     0.00000329   
  494     0.00001652   
  495     0.00002560   
  496     0.00002154   
  497     0.00009402   
  498     0.00024094   
  499     0.00023923   
  500     0.00051209   
  501     0.00092497   
  502     0.00013939   
  503     0.00049599   
  504     0.00128864   
  505     0.00045967   
  506     0.00008768   
  507     0.00006413   
  508     0.00008306   
  509     0.00000286   
  510     0.00000193   
  511     0.00000084   
  512     0.00004851   
  513     0.00001118   
  514     0.00000328   
  515     0.00005267   
  516     0.00004394   
  517     0.00003444   
  518     0.00006176   
  519     0.00022231   
  520     0.00043887   
  521     0.00060431   
  522     0.00048773   
  523     0.00143717   
  524     0.00306178   
  525     0.00160858   
  526     0.00340133   
  527     0.00169522   
  528     0.00638305   
  529     0.00287848   
  530     0.00228235   
  531     0.00118072   
  532     0.00097627   
  533     0.00133184   
  534     0.00027972   
  535     0.00064132   
  536     0.00042140   
  537     0.00020383   
  538     0.00008755   
  539     0.00010291   
  540     0.00007518   
  541     0.00003081   
  542     0.00002261   
  543     0.00001728   
  544     0.00000635   
  545     0.00000328   
  546     0.00000550   
  547     0.00000449   
  548     0.00000190   
  549     0.00000249   
  550     0.00000448   
  551     0.00000173   
  552     0.00000162   
  553     0.00000505   
  554     0.00000303   
  555     0.00000212   
  556     0.00000191   
  557     0.00000406   
  558     0.00000170   
  559     0.00000196   
  560     0.00000148   
  561     0.00000955   
  562     0.00000414   
  563     0.00000196   
  564     0.00000357   
  565     0.00000858   
  566     0.00000517   
  567     0.00000368   
  568     0.00001705   
  569     0.00001108   
  570     0.00001156   
  571     0.00001367   
  572     0.00001819   
  573     0.00002176   
  574     0.00002406   
  575     0.00009948   
  576     0.00009899   
  577     0.00004163   
  578     0.00007538   
  579     0.00074508   
  580     0.00005855   
  581     0.00261181   
  582     0.00000431   
  583     0.00004590   
  584     0.00007910   
  585     0.00008623   
  586     0.00003248   
  587     0.00002307   
  588     0.00000846   
  589     0.00001141   
  590     0.00001728   
  591     0.00000983   
  592     0.00000128   
  593     0.00000325   
  594     0.00001365   
  595     0.00000691   
  596     0.00000122   
  597     0.00000342   
  598     0.00000773   
  599     0.00000120   
  600     0.00000116   
  601     0.00000454   
  602     0.00000269   
  603     0.00000161   
  604     0.00000190   
  605     0.00000111   
    1     0.00004860   
    2     0.00001480   
    3     0.00000124   
    4     0.00000226   
    5     0.00000664   
    6     0.00000649   
    7     0.00000449   
    8     0.00000407   
    9     0.00000729   
   10     0.00000740   
   11     0.00000412   
   12     0.00000561   
   13     0.00000186   
   14     0.00000500   
   15     0.00002573   
   16     0.00000420   
   17     0.00000365   
   18     0.00000352   
   19     0.00000146   
   20     0.00000422   
   21     0.00002240   
   22     0.00002011   
   23     0.00000506   
   24     0.00000522   
   25     0.00001554   
   26     0.00001460   
   27     0.00000374   
   28     0.00000420   
   29     0.00000719   
   30     0.00000834   
   31     0.00000317   
   32     0.00000676   
   33     0.00001828   
   34     0.00000703   
   35     0.00000161   
   36     0.00000457   
   37     0.00000562   
   38     0.00000443   
   39     0.00000313   
   40     0.00000176   
   41     0.00000395   
   42     0.00000284   
   43     0.00000669   
   44     0.00000674   
   45     0.00000536   
   46     0.00000788   
   47     0.00002505   
   48     0.00001377   
   49     0.00004114   
   50     0.00001581   
   51     0.00003021   
   52     0.00001996   
   53     0.00002413   
   54     0.00002737   
   55     0.00008323   
   56     0.00018854   
   57     0.00005610   
   58     0.00004033   
   59     0.00009180   
   60     0.00004834   
   61     0.00056072   
   62     0.00042036   
   63     0.00006697   
   64     0.00000869   
   65     0.00003974   
   66     0.00007446   
   67     0.00001045   
   68     0.00000751   
   69     0.00001422   
   70     0.00000940   
   71     0.00000133   
   72     0.00007287   
   73     0.00003755   
   74     0.00011193   
   75     0.00005069   
   76     0.00010653   
   77     0.00005496   
   78     0.00012191   
   79     0.00019748   
   80     0.00035664   
   81     0.00034379   
   82     0.00028459   
   83     0.00033642   
   84     0.00111170   
   85     0.00071613   
   86     0.00029521   
   87     0.00000934   
   88     0.00002519   
   89     0.00000642   
   90     0.00005561   
   91     0.00002275   
   92     0.00001111   
   93     0.00001106   
   94     0.00009075   
   95     0.00005942   
   96     0.00004071   
   97     0.00007434   
   98     0.00011037   
   99     0.00012667   
  100     0.00021715   
  101     0.00014732   
  102     0.00016276   
  103     0.00026337   
  104     0.00080725   
  105     0.00048450   
  106     0.00016124   
  107     0.00044578   
  108     0.00014411   
  109     0.00004965   
  110     0.00007434   
  111     0.00007639   
  112     0.00101072   
  113     0.00079258   
  114     0.00126834   
  115     0.00358652   
  116     0.00060201   
  117     0.00406895   
  118     0.00429460   
  119     0.00490318   
  120     0.00101462   
  121     0.00476127   
  122     0.00478146   
  123     0.00238824   
  124     0.00086559   
  125     0.00246601   
  126     0.00307491   
  127     0.00180818   
  128     0.00070768   
  129     0.00236029   
  130     0.00215042   
  131     0.00130289   
  132     0.00239086   
  133     0.00124668   
  134     0.00207134   
  135     0.00063406   
  136     0.00539985   
  137     0.00075239   
  138     0.00463599   
  139     0.00210094   
  140     0.00112268   
  141     0.00165756   
  142     0.00078726   
  143     0.00020495   
  144     0.00026363   
  145     0.00002431   
  146     0.00004213   
  147     0.00003952   
  148     0.00039628   
  149     0.00042177   
  150     0.00011499   
  151     0.00003797   
  152     0.00001253   
  153     0.00002001   
  154     0.00001422   
  155     0.00000396   
  156     0.00000834   
  157     0.00003722   
  158     0.00002576   
  159     0.00002680   
  160     0.00003174   
  161     0.00003367   
  162     0.00000951   
  163     0.00005574   
  164     0.00002652   
  165     0.00004547   
  166     0.00004331   
  167     0.00014776   
  168     0.00019085   
  169     0.00010493   
  170     0.00010471   
  171     0.00008633   
  172     0.00001901   
  173     0.00001010   
  174     0.00000444   
  175     0.00000125   
  176     0.00000081   
  177     0.00000255   
  178     0.00001640   
  179     0.00003127   
  180     0.00007357   
  181     0.00003924   
  182     0.00006180   
  183     0.00006210   
  184     0.00004777   
  185     0.00002867   
  186     0.00019191   
  187     0.00010319   
  188     0.00007126   
  189     0.00020484   
  190     0.00012707   
  191     0.00005436   
  192     0.00005533   
  193     0.00010723   
  194     0.00000967   
  195     0.00001001   
  196     0.00001237   
  197     0.00007025   
  198     0.00002110   
  199     0.00014270   
  200     0.00009170   
  201     0.00006424   
  202     0.00003149   
  203     0.00042322   
  204     0.00013536   
  205     0.00072789   
  206     0.00165661   
  207     0.00130093   
  208     0.00482721   
  209     0.00214046   
  210     0.00414008   
  211     0.00387970   
  212     0.00190446   
  213     0.00206231   
  214     0.00267224   
  215     0.00366805   
  216     0.00241018   
  217     0.00040090   
  218     0.00345566   
  219     0.00055042   
  220     0.00141697   
  221     0.00661615   
  222     0.00050249   
  223     0.00223933   
  224     0.00223189   
  225     0.00108087   
  226     0.00226349   
  227     0.00078511   
  228     0.00257307   
  229     0.00122263   
  230     0.00300467   
  231     0.00031827   
  232     0.00186679   
  233     0.00325933   
  234     0.00079552   
  235     0.00103141   
  236     0.00245675   
  237     0.00160083   
  238     0.00052564   
  239     0.00127634   
  240     0.00351257   
  241     0.00150805   
  242     0.00140740   
  243     0.00097730   
  244     0.00217943   
  245     0.00174414   
  246     0.00066072   
  247     0.00438312   
  248     0.00159501   
  249     0.00223262   
  250     0.00407806   
  251     0.00757002   
  252     0.00215144   
  253     0.00134759   
  254     0.00025029   
  255     0.00365319   
  256     0.00308652   
  257     0.00403079   
  258     0.00198619   
  259     0.00022961   
  260     0.00152061   
  261     0.00395264   
  262     0.00096686   
  263     0.00036359   
  264     0.00320521   
  265     0.00250555   
  266     0.00483909   
  267     0.00120580   
  268     0.00396745   
  269     0.00096916   
  270     0.00105779   
  271     0.00046117   
  272     0.00048061   
  273     0.00342240   
  274     0.00077607   
  275     0.00157216   
  276     0.00100660   
  277     0.00110660   
  278     0.00135454   
  279     0.00459624   
  280     0.00503123   
  281     0.00189823   
  282     0.00626372   
  283     0.00188000   
  284     0.00474269   
  285     0.00209922   
  286     0.00564294   
  287     0.00143316   
  288     0.00165897   
  289     0.00953498   
  290     0.00624565   
  291     0.00208603   
  292     0.00044617   
  293     0.00040035   
  294     0.00055592   
  295     0.00024027   
  296     0.00048595   
  297     0.00105963   
  298     0.00123651   
  299     0.00223436   
  300     0.00077999   
  301     0.00143051   
  302     0.00096774   
  303     0.00210568   
  304     0.00108140   
  305     0.00251600   
  306     0.00075224   
  307     0.00142396   
  308     0.00199450   
  309     0.00168411   
  310     0.00154169   
  311     0.00248688   
  312     0.00132644   
  313     0.00029787   
  314     0.00014634   
  315     0.00001091   
  316     0.00088506   
  317     0.00064891   
  318     0.00056223   
  319     0.00106474   
  320     0.00123863   
  321     0.00030406   
  322     0.00103870   
  323     0.00111131   
  324     0.00520283   
  325     0.00326148   
  326     0.00299215   
  327     0.00079325   
  328     0.00069853   
  329     0.00062385   
  330     0.00017008   
  331     0.00016168   
  332     0.00004573   
  333     0.00008373   
  334     0.00000089   
  335     0.00000740   
  336     0.00003896   
  337     0.00008109   
  338     0.00001748   
  339     0.00001231   
  340     0.00003584   
  341     0.00006800   
  342     0.00000303   
  343     0.00001965   
  344     0.00005486   
  345     0.00010638   
  346     0.00000307   
  347     0.00004871   
  348     0.00005383   
  349     0.00000659   
  350     0.00002884   
  351     0.00000988   
  352     0.00009827   
  353     0.00008693   
  354     0.00001980   
  355     0.00000325   
  356     0.00000518   
  357     0.00000388   
  358     0.00001040   
  359     0.00003258   
  360     0.00004348   
  361     0.00002500   
  362     0.00000564   
  363     0.00000059   
  364     0.00000068   
  365     0.00003969   
  366     0.00002012   
  367     0.00000904   
  368     0.00000583   
  369     0.00000342   
  370     0.00000190   
  371     0.00000270   
  372     0.00000335   
  373     0.00000254   
  374     0.00000226   
  375     0.00001425   
  376     0.00006029   
    1     0.00003734   
    2     0.00008458   
    3     0.00001591   
    4     0.00000261   
    5     0.00001192   
    6     0.00005854   
    7     0.00002778   
    8     0.00000394   
    9     0.00003533   
   10     0.00002705   
   11     0.00001107   
   12     0.00004101   
   13     0.00000402   
   14     0.00001799   
   15     0.00013643   
   16     0.00000663   
   17     0.00007588   
   18     0.00003921   
   19     0.00001512   
   20     0.00002406   
   21     0.00004952   
   22     0.00008437   
   23     0.00016720   
   24     0.00003060   
   25     0.00008195   
   26     0.00022627   
   27     0.00002508   
   28     0.00004491   
   29     0.00002844   
   30     0.00001705   
   31     0.00000967   
   32     0.00001171   
   33     0.00002594   
   34     0.00002504   
   35     0.00001525   
   36     0.00001184   
   37     0.00005459   
   38     0.00016679   
   39     0.00005317   
   40     0.00001036   
   41     0.00002717   
   42     0.00002962   
   43     0.00004857   
   44     0.00009899   
   45     0.00007162   
   46     0.00013853   
   47     0.00001784   
   48     0.00004480   
   49     0.00014009   
   50     0.00007637   
   51     0.00007270   
   52     0.00005384   
   53     0.00007962   
   54     0.00004198   
   55     0.00014585   
   56     0.00012184   
   57     0.00006876   
   58     0.00010523   
   59     0.00023995   
   60     0.00002040   
   61     0.00007397   
   62     0.00031495   
   63     0.00005177   
   64     0.00001683   
   65     0.00003383   
   66     0.00002913   
   67     0.00011845   
   68     0.00002309   
   69     0.00001927   
   70     0.00001217   
   71     0.00000054   
   72     0.00001660   
   73     0.00000271   
   74     0.00007922   
   75     0.00007724   
   76     0.00010358   
   77     0.00007392   
   78     0.00013984   
   79     0.00011211   
   80     0.00015026   
   81     0.00063736   
   82     0.00041187   
   83     0.00024116   
   84     0.00163332   
   85     0.00165093   
   86     0.00159958   
   87     0.00045319   
   88     0.00036981   
   89     0.00011204   
   90     0.00032132   
   91     0.00020901   
   92     0.00020694   
   93     0.00002732   
   94     0.00015577   
   95     0.00010045   
   96     0.00011922   
   97     0.00011664   
   98     0.00015639   
   99     0.00023081   
  100     0.00009019   
  101     0.00012347   
  102     0.00023814   
  103     0.00016348   
  104     0.00028533   
  105     0.00059313   
  106     0.00013526   
  107     0.00012308   
  108     0.00095836   
  109     0.00062111   
  110     0.00019936   
  111     0.00066628   
  112     0.00280456   
  113     0.00201228   
  114     0.00478494   
  115     0.01562446   
  116     0.02305930   
  117     0.02463925   
  118     0.03007505   
  119     0.01205407   
  120     0.01152247   
  121     0.00683372   
  122     0.00515721   
  123     0.00260462   
  124     0.00095495   
  125     0.00061073   
  126     0.00128730   
  127     0.00154004   
  128     0.00081719   
  129     0.00222995   
  130     0.00151973   
  131     0.00062732   
  132     0.00552932   
  133     0.00486030   
  134     0.00565960   
  135     0.00327185   
  136     0.00848401   
  137     0.00391946   
  138     0.00425314   
  139     0.00373052   
  140     0.00837977   
  141     0.00203658   
  142     0.00610824   
  143     0.00046377   
  144     0.00266415   
  145     0.00013603   
  146     0.00004512   
  147     0.00018947   
  148     0.00006251   
  149     0.00054193   
  150     0.00025920   
  151     0.00016060   
  152     0.00001636   
  153     0.00003220   
  154     0.00001051   
  155     0.00001049   
  156     0.00003423   
  157     0.00004040   
  158     0.00003935   
  159     0.00002530   
  160     0.00003326   
  161     0.00007647   
  162     0.00001734   
  163     0.00016843   
  164     0.00015494   
  165     0.00004348   
  166     0.00004178   
  167     0.00014314   
  168     0.00023896   
  169     0.00006322   
  170     0.00030176   
  171     0.00014843   
  172     0.00008511   
  173     0.00000123   
  174     0.00001632   
  175     0.00000597   
  176     0.00001546   
  177     0.00002082   
  178     0.00003333   
  179     0.00015817   
  180     0.00031954   
  181     0.00010570   
  182     0.00002535   
  183     0.00011924   
  184     0.00004468   
  185     0.00004247   
  186     0.00005738   
  187     0.00002790   
  188     0.00003368   
  189     0.00003521   
  190     0.00006277   
  191     0.00004165   
  192     0.00003909   
  193     0.00005356   
  194     0.00001011   
  195     0.00001418   
  196     0.00000645   
  197     0.00014105   
  198     0.00000527   
  199     0.00004258   
  200     0.00016031   
  201     0.00002632   
  202     0.00005435   
  203     0.00006783   
  204     0.00026964   
  205     0.00189526   
  206     0.00153645   
  207     0.00456300   
  208     0.00961313   
  209     0.00902682   
  210     0.00800390   
  211     0.00266717   
  212     0.00527438   
  213     0.00471842   
  214     0.00580830   
  215     0.00117302   
  216     0.00444730   
  217     0.00524886   
  218     0.00058197   
  219     0.00043679   
  220     0.00144703   
  221     0.00140110   
  222     0.00089124   
  223     0.00093367   
  224     0.00551413   
  225     0.00045861   
  226     0.01898993   
  227     0.00452080   
  228     0.02058657   
  229     0.01622783   
  230     0.00860499   
  231     0.00586235   
  232     0.00390606   
  233     0.00284830   
  234     0.00071082   
  235     0.00112598   
  236     0.00115134   
  237     0.00247380   
  238     0.00062081   
  239     0.00143110   
  240     0.00680760   
  241     0.00915579   
  242     0.00794147   
  243     0.00639021   
  244     0.00577982   
  245     0.00564622   
  246     0.00485740   
  247     0.01172669   
  248     0.00329666   
  249     0.00535717   
  250     0.00175831   
  251     0.00083392   
  252     0.00069447   
  253     0.00114802   
  254     0.00003653   
  255     0.00028371   
  256     0.00137007   
  257     0.00137338   
  258     0.00070470   
  259     0.00023253   
  260     0.00050950   
  261     0.00028943   
  262     0.00031855   
  263     0.00073046   
  264     0.00158080   
  265     0.00316654   
  266     0.00280847   
  267     0.00510265   
  268     0.00207625   
  269     0.00063470   
  270     0.00084167   
  271     0.00055920   
  272     0.00006523   
  273     0.00062076   
  274     0.00017968   
  275     0.00016645   
  276     0.00022896   
  277     0.00015231   
  278     0.00030604   
  279     0.00052701   
  280     0.00141960   
  281     0.00033616   
  282     0.00180077   
  283     0.00028955   
  284     0.00153868   
  285     0.00069183   
  286     0.00059845   
  287     0.00001876   
  288     0.00040236   
  289     0.00063779   
  290     0.00030355   
  291     0.00035024   
  292     0.00006481   
  293     0.00067432   
  294     0.00018535   
  295     0.00017856   
  296     0.00017328   
  297     0.00168657   
  298     0.00025415   
  299     0.00161455   
  300     0.00268907   
  301     0.00152987   
  302     0.00218999   
  303     0.00275887   
  304     0.00194584   
  305     0.00053706   
  306     0.00043826   
  307     0.00026945   
  308     0.00047139   
  309     0.00159733   
  310     0.00121614   
  311     0.00079760   
  312     0.00035772   
  313     0.00018544   
  314     0.00002200   
  315     0.00001183   
  316     0.00005395   
  317     0.00003533   
  318     0.00019690   
  319     0.00012487   
  320     0.00080533   
  321     0.00132476   
  322     0.00188871   
  323     0.00112859   
  324     0.00096211   
  325     0.00095318   
  326     0.00273132   
  327     0.00145035   
  328     0.00190822   
  329     0.00159530   
  330     0.00045316   
  331     0.00102160   
  332     0.00010360   
  333     0.00036002   
  334     0.00011935   
  335     0.00002330   
  336     0.00003302   
  337     0.00010627   
  338     0.00021982   
  339     0.00001850   
  340     0.00007934   
  341     0.00004729   
  342     0.00011010   
  343     0.00014544   
  344     0.00009505   
  345     0.00032905   
  346     0.00045444   
  347     0.00025029   
  348     0.00022708   
  349     0.00093211   
  350     0.00011866   
  351     0.00007097   
  352     0.00022852   
  353     0.00007194   
  354     0.00000872   
  355     0.00000364   
  356     0.00000061   
  357     0.00000107   
  358     0.00000100   
  359     0.00004347   
  360     0.00002648   
  361     0.00001585   
  362     0.00000094   
  363     0.00000028   
  364     0.00000050   
  365     0.00000209   
  366     0.00000979   
  367     0.00000528   
  368     0.00000464   
  369     0.00000065   
  370     0.00000098   
  371     0.00000080   
  372     0.00000085   
  373     0.00000076   
  374     0.00000191   
  375     0.00000351   
  376     0.00009087   
