    1     0.00021778   
    2     0.00080387   
    3     0.00290174   
    4     0.00203246   
    5     0.00314147   
    6     0.00092832   
    7     0.00065055   
    8     0.00037904   
    9     0.00072904   
   10     0.00171038   
   11     0.00156652   
   12     0.00379410   
   13     0.00145770   
   14     0.00076082   
   15     0.00085612   
   16     0.00061394   
   17     0.00114871   
   18     0.00547315   
   19     0.00785198   
   20     0.00287708   
   21     0.00251698   
   22     0.00243950   
   23     0.00356682   
   24     0.01124339   
   25     0.00195626   
   26     0.00211343   
   27     0.00022333   
   28     0.00026171   
   29     0.00100952   
   30     0.00035466   
   31     0.00152694   
   32     0.00028711   
   33     0.00019793   
   34     0.00043176   
   35     0.00046599   
   36     0.00083228   
   37     0.00109332   
   38     0.00054435   
   39     0.00124701   
   40     0.00096096   
   41     0.00047779   
   42     0.00224718   
   43     0.00047755   
   44     0.00097541   
   45     0.00079779   
   46     0.00060389   
   47     0.00084602   
   48     0.00098713   
   49     0.00091071   
   50     0.00165302   
   51     0.00160026   
   52     0.00113855   
   53     0.00119979   
   54     0.00121689   
   55     0.00177355   
   56     0.00368146   
   57     0.00079309   
   58     0.00161140   
   59     0.01153885   
   60     0.00024954   
   61     0.00125536   
   62     0.00416616   
   63     0.00022414   
   64     0.00044860   
   65     0.00071489   
   66     0.00067188   
   67     0.00136021   
   68     0.00160143   
   69     0.00028724   
   70     0.00038121   
   71     0.00130204   
   72     0.00072236   
   73     0.00025564   
   74     0.00089823   
   75     0.00157655   
   76     0.00170713   
   77     0.00076851   
   78     0.00038471   
   79     0.00081387   
   80     0.00049251   
   81     0.00335184   
   82     0.00073171   
   83     0.00053172   
   84     0.00017636   
   85     0.00167610   
   86     0.00052387   
   87     0.00024808   
   88     0.00134947   
   89     0.00069507   
   90     0.00115310   
   91     0.00022388   
   92     0.00027822   
   93     0.00062440   
   94     0.00017179   
   95     0.00094259   
   96     0.00193636   
   97     0.00123926   
   98     0.00164431   
   99     0.00114273   
  100     0.00038431   
  101     0.00044461   
  102     0.00056063   
  103     0.00033848   
  104     0.00062157   
  105     0.00089865   
  106     0.00024828   
  107     0.00043862   
  108     0.00064893   
  109     0.00052653   
  110     0.00075291   
  111     0.00203827   
  112     0.00032915   
  113     0.00034735   
  114     0.00226727   
  115     0.00064216   
  116     0.00051550   
  117     0.00039923   
  118     0.00147199   
  119     0.00095729   
  120     0.00042418   
  121     0.00063249   
  122     0.00282353   
  123     0.00085847   
  124     0.00137479   
  125     0.00257849   
  126     0.00063099   
  127     0.00535692   
  128     0.00090375   
  129     0.00175725   
  130     0.00082204   
  131     0.00096906   
  132     0.00082848   
  133     0.00142326   
  134     0.00052263   
  135     0.00129917   
  136     0.00054199   
  137     0.00147636   
  138     0.00074690   
  139     0.00053378   
  140     0.00049460   
  141     0.00020157   
  142     0.00015580   
  143     0.00047939   
  144     0.00065504   
  145     0.00018376   
  146     0.00011604   
  147     0.00066915   
  148     0.00026926   
  149     0.00040308   
  150     0.00014323   
  151     0.00040358   
  152     0.00094921   
  153     0.00054102   
  154     0.00034422   
  155     0.00084519   
  156     0.00135823   
  157     0.00022672   
  158     0.00059457   
  159     0.00122946   
  160     0.00085566   
  161     0.00046253   
  162     0.00058739   
  163     0.00058482   
  164     0.00050587   
  165     0.00069575   
  166     0.00153680   
  167     0.00060471   
  168     0.00051799   
  169     0.00028285   
  170     0.00006784   
  171     0.00055099   
  172     0.00031301   
  173     0.00072588   
  174     0.00033699   
  175     0.00113629   
  176     0.00073998   
  177     0.00075793   
  178     0.00077728   
  179     0.00033027   
  180     0.00012174   
  181     0.00024809   
  182     0.00014251   
  183     0.00019580   
  184     0.00020924   
  185     0.00062122   
  186     0.00015868   
  187     0.00021517   
  188     0.00056102   
  189     0.00029135   
  190     0.00027082   
  191     0.00015141   
  192     0.00014411   
  193     0.00018026   
  194     0.00026244   
  195     0.00039604   
  196     0.00146072   
  197     0.00284166   
  198     0.00064486   
  199     0.00077989   
  200     0.00012725   
  201     0.00019754   
  202     0.00033462   
  203     0.00037312   
  204     0.00018263   
  205     0.00038053   
  206     0.00015504   
  207     0.00061925   
  208     0.00031612   
  209     0.00013315   
  210     0.00159736   
  211     0.00003002   
  212     0.00020334   
  213     0.00276880   
  214     0.00064470   
  215     0.00053651   
  216     0.00055330   
  217     0.00029838   
  218     0.00047996   
  219     0.00036049   
  220     0.00036817   
  221     0.00054292   
  222     0.00023210   
  223     0.00018275   
  224     0.00012087   
  225     0.00030529   
  226     0.00286298   
  227     0.00043867   
  228     0.00083306   
  229     0.00447492   
  230     0.00450969   
  231     0.00350088   
  232     0.00267181   
  233     0.00253269   
  234     0.00737050   
  235     0.00517440   
  236     0.00367072   
  237     0.00324496   
  238     0.00445381   
  239     0.00354982   
  240     0.01104944   
  241     0.00105573   
  242     0.00353440   
  243     0.00069609   
  244     0.00811754   
  245     0.00124635   
  246     0.00097911   
  247     0.00105743   
  248     0.00102697   
  249     0.00114073   
  250     0.00250467   
  251     0.00211796   
  252     0.00678333   
  253     0.00420437   
  254     0.00294369   
  255     0.00117785   
  256     0.00854878   
  257     0.00257176   
  258     0.00084219   
  259     0.00277045   
  260     0.00213356   
  261     0.00656740   
  262     0.00156754   
  263     0.00227391   
  264     0.00234587   
  265     0.00070681   
  266     0.00110734   
  267     0.00036983   
  268     0.00004368   
  269     0.00078014   
  270     0.00027539   
  271     0.00096290   
  272     0.00011009   
  273     0.00124040   
  274     0.00348772   
  275     0.00019274   
  276     0.00009096   
  277     0.00038623   
  278     0.00052929   
  279     0.00139968   
  280     0.00131981   
  281     0.00191734   
  282     0.00324289   
  283     0.00208347   
  284     0.00479443   
  285     0.00474306   
  286     0.00347694   
  287     0.00906051   
  288     0.00731440   
  289     0.00548860   
  290     0.00291010   
  291     0.00216360   
  292     0.00505429   
  293     0.00893718   
  294     0.01212884   
  295     0.00353840   
  296     0.00592351   
  297     0.00183714   
  298     0.00830488   
  299     0.00231574   
  300     0.00714983   
  301     0.00077841   
  302     0.00082040   
  303     0.00054103   
  304     0.00277254   
  305     0.00422700   
  306     0.00307610   
  307     0.00154135   
  308     0.00051274   
  309     0.00088998   
  310     0.00117706   
  311     0.00039468   
  312     0.00062667   
  313     0.00039042   
  314     0.00023798   
  315     0.00029191   
  316     0.00064768   
  317     0.00007821   
  318     0.00008942   
  319     0.00023914   
  320     0.00033942   
  321     0.00014016   
  322     0.00116329   
  323     0.00029684   
  324     0.00013370   
  325     0.00006386   
  326     0.00004610   
  327     0.00006967   
  328     0.00002903   
  329     0.00003221   
  330     0.00002041   
  331     0.00009356   
  332     0.00001485   
  333     0.00013131   
  334     0.00058118   
  335     0.00006908   
  336     0.00025837   
  337     0.00020449   
  338     0.00050996   
  339     0.00136772   
  340     0.00081646   
  341     0.00203673   
  342     0.00205461   
  343     0.00156714   
  344     0.00119929   
  345     0.00400475   
  346     0.00170942   
  347     0.00037266   
  348     0.00281887   
  349     0.00017579   
  350     0.00054213   
  351     0.00011033   
  352     0.00023059   
  353     0.00033631   
  354     0.00002987   
  355     0.00008088   
  356     0.00017148   
  357     0.00034423   
  358     0.00007366   
  359     0.00002332   
  360     0.00003590   
  361     0.00032380   
  362     0.00008656   
  363     0.00008096   
  364     0.00004386   
  365     0.00028292   
  366     0.00004373   
  367     0.00208767   
  368     0.00154771   
  369     0.00246267   
  370     0.00151239   
  371     0.00152190   
  372     0.00125883   
  373     0.00701608   
  374     0.00067765   
  375     0.00063781   
  376     0.00107715   
  377     0.00142732   
  378     0.00091482   
  379     0.00124327   
  380     0.00077648   
  381     0.00089482   
  382     0.00093191   
  383     0.00174518   
  384     0.00015884   
  385     0.00011293   
  386     0.00025213   
  387     0.00049165   
  388     0.00053131   
  389     0.00061825   
  390     0.00692349   
  391     0.00172949   
  392     0.00077002   
  393     0.00116360   
  394     0.00077970   
  395     0.00069054   
  396     0.00049432   
  397     0.00052966   
  398     0.00040402   
  399     0.00047556   
  400     0.00022710   
  401     0.00041579   
  402     0.00003697   
  403     0.00009097   
  404     0.00001674   
  405     0.00003387   
  406     0.00001942   
  407     0.00013077   
  408     0.00018105   
  409     0.00032475   
  410     0.00045881   
  411     0.00048086   
  412     0.00055806   
  413     0.00074310   
  414     0.00060525   
  415     0.00068327   
  416     0.00053745   
  417     0.00082652   
  418     0.00061769   
  419     0.00099306   
  420     0.00099093   
  421     0.00061945   
  422     0.00038496   
  423     0.00053871   
  424     0.00414693   
  425     0.00169562   
  426     0.00332062   
  427     0.00037345   
  428     0.00030690   
  429     0.00008603   
  430     0.00005295   
  431     0.00039014   
  432     0.00008505   
  433     0.00024955   
  434     0.00014179   
  435     0.00035212   
  436     0.00019722   
  437     0.00038822   
  438     0.00071425   
  439     0.00023358   
  440     0.00031739   
  441     0.00012440   
  442     0.00052528   
  443     0.00072839   
  444     0.00053422   
  445     0.00014522   
  446     0.00020869   
  447     0.00013361   
  448     0.00026717   
  449     0.00005512   
  450     0.00008212   
  451     0.00027335   
  452     0.00158344   
  453     0.00084877   
  454     0.00015763   
  455     0.00009350   
  456     0.00012966   
  457     0.00046754   
  458     0.00026224   
  459     0.00022378   
  460     0.00023903   
  461     0.00003277   
  462     0.00010079   
  463     0.00003157   
  464     0.00007626   
  465     0.00019500   
  466     0.00049898   
  467     0.00067850   
  468     0.00026872   
  469     0.00035500   
  470     0.00022767   
  471     0.00025201   
  472     0.00030858   
  473     0.00180967   
  474     0.00035863   
  475     0.00054789   
  476     0.00019480   
  477     0.00057011   
  478     0.00030057   
  479     0.00076352   
  480     0.00102334   
  481     0.00055564   
  482     0.00055168   
  483     0.00020317   
  484     0.00028756   
  485     0.00014783   
  486     0.00083940   
  487     0.00004522   
  488     0.00009739   
  489     0.00019975   
  490     0.00037659   
  491     0.00045727   
  492     0.00013070   
  493     0.00012754   
  494     0.00019680   
  495     0.00017688   
  496     0.00008547   
  497     0.00025298   
  498     0.00011352   
  499     0.00070346   
  500     0.00022331   
  501     0.00024895   
  502     0.00009704   
  503     0.00065970   
  504     0.00124058   
  505     0.00139825   
  506     0.00084592   
  507     0.00105725   
  508     0.00077836   
  509     0.00026844   
  510     0.00066381   
  511     0.00081374   
  512     0.00208988   
  513     0.00063299   
  514     0.00076103   
  515     0.00197162   
  516     0.00049352   
  517     0.00008252   
  518     0.00032093   
  519     0.00126444   
  520     0.00043070   
  521     0.00013895   
  522     0.00065960   
  523     0.00074044   
  524     0.00025472   
  525     0.00009193   
  526     0.00040591   
  527     0.00036050   
  528     0.00039457   
  529     0.00014834   
  530     0.00011106   
  531     0.00033304   
  532     0.00021916   
  533     0.00004094   
  534     0.00016826   
  535     0.00035444   
  536     0.00019603   
  537     0.00019850   
  538     0.00017739   
  539     0.00021815   
  540     0.00028619   
  541     0.00018138   
  542     0.00019295   
  543     0.00030461   
  544     0.00028686   
  545     0.00006368   
  546     0.00009858   
  547     0.00019574   
  548     0.00017738   
  549     0.00026802   
  550     0.00009240   
  551     0.00008553   
  552     0.00003969   
  553     0.00093690   
  554     0.00003598   
  555     0.00002333   
  556     0.00001858   
  557     0.00008169   
  558     0.00002504   
  559     0.00004393   
  560     0.00002420   
  561     0.00027127   
  562     0.00006302   
  563     0.00008492   
  564     0.00004488   
  565     0.00006406   
  566     0.00011728   
  567     0.00014323   
  568     0.00012265   
  569     0.00008515   
  570     0.00017958   
  571     0.00017522   
  572     0.00005016   
  573     0.00019675   
  574     0.00013803   
  575     0.00010211   
  576     0.00027073   
  577     0.00006306   
  578     0.00006632   
  579     0.00051685   
  580     0.00001719   
  581     0.00017098   
  582     0.00000384   
  583     0.00003407   
  584     0.00008211   
  585     0.00023854   
  586     0.00003210   
  587     0.00004464   
  588     0.00029857   
  589     0.00009774   
  590     0.00005761   
  591     0.00010521   
  592     0.00006469   
  593     0.00003992   
  594     0.00023622   
  595     0.00006621   
  596     0.00005637   
  597     0.00035437   
  598     0.00053828   
  599     0.00013584   
  600     0.00109148   
  601     0.00029694   
  602     0.00315203   
  603     0.00114381   
  604     0.00062637   
  605     0.00169544   
    1     0.00014564   
    2     0.00018050   
    3     0.00014385   
    4     0.00009109   
    5     0.00011598   
    6     0.00043112   
    7     0.00055509   
    8     0.00012784   
    9     0.00030463   
   10     0.00023172   
   11     0.00019900   
   12     0.00036534   
   13     0.00014565   
   14     0.00046580   
   15     0.00092269   
   16     0.00017380   
   17     0.00013177   
   18     0.00027306   
   19     0.00008382   
   20     0.00009854   
   21     0.00065014   
   22     0.00020275   
   23     0.00016753   
   24     0.00026352   
   25     0.00022237   
   26     0.00083427   
   27     0.00009558   
   28     0.00016542   
   29     0.00038458   
   30     0.00032494   
   31     0.00025017   
   32     0.00056352   
   33     0.00095316   
   34     0.00014120   
   35     0.00011662   
   36     0.00028723   
   37     0.00056287   
   38     0.00011221   
   39     0.00013085   
   40     0.00016975   
   41     0.00044189   
   42     0.00016791   
   43     0.00066237   
   44     0.00029410   
   45     0.00050005   
   46     0.00026601   
   47     0.00026446   
   48     0.00067966   
   49     0.00056679   
   50     0.00015324   
   51     0.00017238   
   52     0.00018618   
   53     0.00022674   
   54     0.00014117   
   55     0.00066130   
   56     0.00076830   
   57     0.00097577   
   58     0.00085361   
   59     0.00083312   
   60     0.00006857   
   61     0.00025504   
   62     0.00102583   
   63     0.00077860   
   64     0.00028548   
   65     0.00029171   
   66     0.00006529   
   67     0.00084784   
   68     0.00033228   
   69     0.00005949   
   70     0.00006481   
   71     0.00000205   
   72     0.00016210   
   73     0.00002307   
   74     0.00012448   
   75     0.00008031   
   76     0.00015572   
   77     0.00010320   
   78     0.00017776   
   79     0.00039576   
   80     0.00018436   
   81     0.00011264   
   82     0.00012695   
   83     0.00026071   
   84     0.00067311   
   85     0.00078870   
   86     0.00019889   
   87     0.00025808   
   88     0.00002306   
   89     0.00026349   
   90     0.00016844   
   91     0.00004429   
   92     0.00004512   
   93     0.00005941   
   94     0.00021970   
   95     0.00019356   
   96     0.00001259   
   97     0.00011088   
   98     0.00008415   
   99     0.00009073   
  100     0.00010848   
  101     0.00012237   
  102     0.00012905   
  103     0.00005685   
  104     0.00008565   
  105     0.00029607   
  106     0.00007820   
  107     0.00001867   
  108     0.00001321   
  109     0.00001913   
  110     0.00008550   
  111     0.00013720   
  112     0.00020126   
  113     0.00027006   
  114     0.00034933   
  115     0.00053898   
  116     0.00045457   
  117     0.00085104   
  118     0.00035650   
  119     0.00074262   
  120     0.00049773   
  121     0.00051940   
  122     0.00047768   
  123     0.00046757   
  124     0.00016009   
  125     0.00017611   
  126     0.00015027   
  127     0.00009586   
  128     0.00061004   
  129     0.00033625   
  130     0.00014447   
  131     0.00014767   
  132     0.00048135   
  133     0.00018958   
  134     0.00073022   
  135     0.00037805   
  136     0.00042641   
  137     0.00011836   
  138     0.00056116   
  139     0.00022552   
  140     0.00056989   
  141     0.00021354   
  142     0.00056412   
  143     0.00027479   
  144     0.00004924   
  145     0.00000971   
  146     0.00001577   
  147     0.00008662   
  148     0.00011481   
  149     0.00009531   
  150     0.00019314   
  151     0.00005510   
  152     0.00001890   
  153     0.00001495   
  154     0.00000751   
  155     0.00001695   
  156     0.00003157   
  157     0.00003909   
  158     0.00001850   
  159     0.00003961   
  160     0.00002210   
  161     0.00001721   
  162     0.00000629   
  163     0.00000571   
  164     0.00011012   
  165     0.00005941   
  166     0.00005745   
  167     0.00031399   
  168     0.00013022   
  169     0.00025616   
  170     0.00022589   
  171     0.00031391   
  172     0.00037782   
  173     0.00014191   
  174     0.00017770   
  175     0.00006252   
  176     0.00010113   
  177     0.00009270   
  178     0.00040144   
  179     0.00012191   
  180     0.00042441   
  181     0.00022431   
  182     0.00017416   
  183     0.00014662   
  184     0.00012327   
  185     0.00003904   
  186     0.00018659   
  187     0.00020130   
  188     0.00008634   
  189     0.00023696   
  190     0.00008674   
  191     0.00007728   
  192     0.00006584   
  193     0.00005420   
  194     0.00002231   
  195     0.00001482   
  196     0.00000808   
  197     0.00002069   
  198     0.00000773   
  199     0.00001224   
  200     0.00005156   
  201     0.00001892   
  202     0.00003044   
  203     0.00034917   
  204     0.00007963   
  205     0.00010266   
  206     0.00005244   
  207     0.00013003   
  208     0.00061434   
  209     0.00017848   
  210     0.00019899   
  211     0.00021800   
  212     0.00016819   
  213     0.00014800   
  214     0.00050110   
  215     0.00009670   
  216     0.00038401   
  217     0.00008524   
  218     0.00032308   
  219     0.00014320   
  220     0.00017039   
  221     0.00040615   
  222     0.00010500   
  223     0.00006744   
  224     0.00009716   
  225     0.00011111   
  226     0.00007625   
  227     0.00007883   
  228     0.00006373   
  229     0.00001816   
  230     0.00001568   
  231     0.00011152   
  232     0.00021165   
  233     0.00023339   
  234     0.00055909   
  235     0.00021634   
  236     0.00016834   
  237     0.00016703   
  238     0.00017217   
  239     0.00018031   
  240     0.00010988   
  241     0.00002283   
  242     0.00032765   
  243     0.00014596   
  244     0.00019349   
  245     0.00012250   
  246     0.00021805   
  247     0.00006249   
  248     0.00018963   
  249     0.00011061   
  250     0.00081801   
  251     0.00065844   
  252     0.00041986   
  253     0.00029694   
  254     0.00006358   
  255     0.00071916   
  256     0.00011133   
  257     0.00007358   
  258     0.00042693   
  259     0.00009153   
  260     0.00005265   
  261     0.00057917   
  262     0.00012196   
  263     0.00007033   
  264     0.00008972   
  265     0.00020320   
  266     0.00057293   
  267     0.00016815   
  268     0.00025853   
  269     0.00027739   
  270     0.00085074   
  271     0.00011869   
  272     0.00025765   
  273     0.00020232   
  274     0.00015347   
  275     0.00009940   
  276     0.00009605   
  277     0.00003700   
  278     0.00006079   
  279     0.00015813   
  280     0.00041708   
  281     0.00016751   
  282     0.00068530   
  283     0.00042151   
  284     0.00062708   
  285     0.00013377   
  286     0.00049558   
  287     0.00023822   
  288     0.00041972   
  289     0.00060965   
  290     0.00048043   
  291     0.00039485   
  292     0.00005472   
  293     0.00022429   
  294     0.00042350   
  295     0.00005243   
  296     0.00010856   
  297     0.00048477   
  298     0.00028097   
  299     0.00027137   
  300     0.00032246   
  301     0.00032142   
  302     0.00050926   
  303     0.00105219   
  304     0.00021259   
  305     0.00051680   
  306     0.00014403   
  307     0.00094461   
  308     0.00015768   
  309     0.00015434   
  310     0.00049250   
  311     0.00052110   
  312     0.00095525   
  313     0.00068888   
  314     0.00038871   
  315     0.00046289   
  316     0.00064668   
  317     0.00109359   
  318     0.00028285   
  319     0.00029661   
  320     0.00006017   
  321     0.00015399   
  322     0.00027287   
  323     0.00030292   
  324     0.00057851   
  325     0.00089009   
  326     0.00075708   
  327     0.00023016   
  328     0.00007218   
  329     0.00034310   
  330     0.00058601   
  331     0.00021784   
  332     0.00006217   
  333     0.00010485   
  334     0.00004214   
  335     0.00001967   
  336     0.00011395   
  337     0.00077315   
  338     0.00011264   
  339     0.00006120   
  340     0.00039008   
  341     0.00022260   
  342     0.00015604   
  343     0.00015509   
  344     0.00014394   
  345     0.00026730   
  346     0.00004980   
  347     0.00033673   
  348     0.00017174   
  349     0.00003236   
  350     0.00015310   
  351     0.00012793   
  352     0.00024844   
  353     0.00029029   
  354     0.00020910   
  355     0.00001134   
  356     0.00001472   
  357     0.00001953   
  358     0.00004338   
  359     0.00014839   
  360     0.00002956   
  361     0.00001689   
  362     0.00001263   
  363     0.00000470   
  364     0.00000424   
  365     0.00014094   
  366     0.00007131   
  367     0.00002978   
  368     0.00003344   
  369     0.00000916   
  370     0.00000777   
  371     0.00000768   
  372     0.00000691   
  373     0.00000288   
  374     0.00000274   
  375     0.00003128   
  376     0.00018205   
    1     0.00100057   
    2     0.00043772   
    3     0.00014670   
    4     0.00013947   
    5     0.00015158   
    6     0.00047844   
    7     0.00024550   
    8     0.00040941   
    9     0.00030542   
   10     0.00066436   
   11     0.00036507   
   12     0.00074368   
   13     0.00048565   
   14     0.00084543   
   15     0.00312820   
   16     0.00029669   
   17     0.00138461   
   18     0.00059551   
   19     0.00025576   
   20     0.00020608   
   21     0.00119416   
   22     0.00105438   
   23     0.00135436   
   24     0.00076292   
   25     0.00198703   
   26     0.00661889   
   27     0.00132423   
   28     0.00111154   
   29     0.00264122   
   30     0.00238360   
   31     0.00028340   
   32     0.00069335   
   33     0.00499821   
   34     0.00184304   
   35     0.00252215   
   36     0.00407493   
   37     0.00203248   
   38     0.00082084   
   39     0.00028358   
   40     0.00017000   
   41     0.00009899   
   42     0.00010683   
   43     0.00053400   
   44     0.00079671   
   45     0.00080459   
   46     0.00036622   
   47     0.00097039   
   48     0.00102300   
   49     0.00130578   
   50     0.00066387   
   51     0.00135731   
   52     0.00075056   
   53     0.00042763   
   54     0.00103323   
   55     0.00056878   
   56     0.00237218   
   57     0.00068554   
   58     0.00134487   
   59     0.00060297   
   60     0.00061968   
   61     0.00179454   
   62     0.00104042   
   63     0.00089772   
   64     0.00197928   
   65     0.00291253   
   66     0.00212430   
   67     0.00350550   
   68     0.00082730   
   69     0.00228341   
   70     0.00234876   
   71     0.00137271   
   72     0.00841936   
   73     0.00262449   
   74     0.00084379   
   75     0.00141407   
   76     0.00494443   
   77     0.00304936   
   78     0.00083860   
   79     0.00114347   
   80     0.00026547   
   81     0.00010208   
   82     0.00024292   
   83     0.00038000   
   84     0.00062606   
   85     0.00027457   
   86     0.00048665   
   87     0.00064447   
   88     0.00049078   
   89     0.00066752   
   90     0.00071516   
   91     0.00095806   
   92     0.00220111   
   93     0.00051108   
   94     0.00161524   
   95     0.00068054   
   96     0.00321332   
   97     0.00378528   
   98     0.00144396   
   99     0.00192498   
  100     0.00080242   
  101     0.00058322   
  102     0.00033508   
  103     0.00035541   
  104     0.00029738   
  105     0.00035443   
  106     0.00017268   
  107     0.00014178   
  108     0.00019659   
  109     0.00220729   
  110     0.00103888   
  111     0.00051574   
  112     0.00029256   
  113     0.00047554   
  114     0.00027971   
  115     0.00057673   
  116     0.00061175   
  117     0.00181625   
  118     0.00098552   
  119     0.00075938   
  120     0.00025206   
  121     0.00063269   
  122     0.00023231   
  123     0.00054109   
  124     0.00015687   
  125     0.00014820   
  126     0.00015814   
  127     0.00015244   
  128     0.00009425   
  129     0.00067537   
  130     0.00073051   
  131     0.00029848   
  132     0.00085483   
  133     0.00023141   
  134     0.00115389   
  135     0.00026752   
  136     0.00079532   
  137     0.00032193   
  138     0.00143091   
  139     0.00073958   
  140     0.00120652   
  141     0.00038785   
  142     0.00065169   
  143     0.00066768   
  144     0.00054581   
  145     0.00024480   
  146     0.00017358   
  147     0.00048632   
  148     0.00038461   
  149     0.00020469   
  150     0.00028739   
  151     0.00040253   
  152     0.00044420   
  153     0.00027940   
  154     0.00009272   
  155     0.00008218   
  156     0.00008946   
  157     0.00133401   
  158     0.00078723   
  159     0.00016386   
  160     0.00405202   
  161     0.00027505   
  162     0.00015612   
  163     0.00028126   
  164     0.00007895   
  165     0.00013745   
  166     0.00022908   
  167     0.00082652   
  168     0.00020584   
  169     0.00025678   
  170     0.00029158   
  171     0.00021069   
  172     0.00005489   
  173     0.00005857   
  174     0.00007253   
  175     0.00003320   
  176     0.00015731   
  177     0.00012554   
  178     0.00023365   
  179     0.00075504   
  180     0.00116478   
  181     0.00021973   
  182     0.00013064   
  183     0.00076772   
  184     0.00023975   
  185     0.00039338   
  186     0.00099301   
  187     0.00108785   
  188     0.00017425   
  189     0.00042827   
  190     0.00056609   
  191     0.00086587   
  192     0.00074691   
  193     0.00048368   
  194     0.00012036   
  195     0.00017040   
  196     0.00011735   
  197     0.00028313   
  198     0.00007374   
  199     0.00009153   
  200     0.00024398   
  201     0.00010185   
  202     0.00041049   
  203     0.00117186   
  204     0.00020189   
  205     0.00033274   
  206     0.00082956   
  207     0.00048806   
  208     0.00077342   
  209     0.00041780   
  210     0.00129770   
  211     0.00029103   
  212     0.00074983   
  213     0.00018409   
  214     0.00107735   
  215     0.00016907   
  216     0.00085733   
  217     0.00194794   
  218     0.00029187   
  219     0.00015362   
  220     0.00084627   
  221     0.00089182   
  222     0.00003522   
  223     0.00003475   
  224     0.00069769   
  225     0.00008685   
  226     0.00304666   
  227     0.00042722   
  228     0.00063353   
  229     0.00124149   
  230     0.00009628   
  231     0.00157089   
  232     0.00125276   
  233     0.00093749   
  234     0.00034456   
  235     0.00098082   
  236     0.00034462   
  237     0.00022803   
  238     0.00012351   
  239     0.00014698   
  240     0.00029126   
  241     0.00006723   
  242     0.00027546   
  243     0.00054547   
  244     0.00089404   
  245     0.00093713   
  246     0.00009475   
  247     0.00041537   
  248     0.00054621   
  249     0.00014391   
  250     0.00057901   
  251     0.00015130   
  252     0.00025316   
  253     0.00057402   
  254     0.00025029   
  255     0.00055544   
  256     0.00061333   
  257     0.00026240   
  258     0.00058176   
  259     0.00007503   
  260     0.00023490   
  261     0.00023659   
  262     0.00022295   
  263     0.00031365   
  264     0.00028620   
  265     0.00040236   
  266     0.00035771   
  267     0.00191347   
  268     0.00041352   
  269     0.00053505   
  270     0.00069456   
  271     0.00031323   
  272     0.00009754   
  273     0.00057216   
  274     0.00027874   
  275     0.00007832   
  276     0.00020784   
  277     0.00013114   
  278     0.00020944   
  279     0.00045122   
  280     0.00089686   
  281     0.00052083   
  282     0.00220376   
  283     0.00061694   
  284     0.00048388   
  285     0.00025567   
  286     0.00106833   
  287     0.00043097   
  288     0.00101891   
  289     0.00155188   
  290     0.00123494   
  291     0.00079957   
  292     0.00012099   
  293     0.00109858   
  294     0.00062437   
  295     0.00022197   
  296     0.00008973   
  297     0.00106698   
  298     0.00028347   
  299     0.00015986   
  300     0.00058096   
  301     0.00080383   
  302     0.00033227   
  303     0.00181435   
  304     0.00071170   
  305     0.00069084   
  306     0.00019239   
  307     0.00022606   
  308     0.00047423   
  309     0.00037414   
  310     0.00027165   
  311     0.00034672   
  312     0.00038678   
  313     0.00049947   
  314     0.00007483   
  315     0.00010858   
  316     0.00011858   
  317     0.00013706   
  318     0.00018396   
  319     0.00018882   
  320     0.00050018   
  321     0.00054265   
  322     0.00030748   
  323     0.00078791   
  324     0.00067994   
  325     0.00138743   
  326     0.00071541   
  327     0.00038675   
  328     0.00024537   
  329     0.00025208   
  330     0.00030039   
  331     0.00019053   
  332     0.00034320   
  333     0.00010280   
  334     0.00010285   
  335     0.00006228   
  336     0.00002683   
  337     0.00021921   
  338     0.00007555   
  339     0.00004897   
  340     0.00006531   
  341     0.00007969   
  342     0.00021545   
  343     0.00023208   
  344     0.00109187   
  345     0.00023976   
  346     0.00047145   
  347     0.00030749   
  348     0.00029266   
  349     0.00073723   
  350     0.00022673   
  351     0.00072739   
  352     0.00031872   
  353     0.00021749   
  354     0.00013271   
  355     0.00003118   
  356     0.00003851   
  357     0.00000662   
  358     0.00000839   
  359     0.00016104   
  360     0.00010146   
  361     0.00008321   
  362     0.00001684   
  363     0.00000363   
  364     0.00000580   
  365     0.00023229   
  366     0.00004255   
  367     0.00001762   
  368     0.00001482   
  369     0.00000836   
  370     0.00001169   
  371     0.00000505   
  372     0.00001758   
  373     0.00007187   
  374     0.00002355   
  375     0.00013880   
  376     0.00099101   
