    1     0.00000423   
    2     0.00000645   
    3     0.00001014   
    4     0.00001623   
    5     0.00001849   
    6     0.00001096   
    7     0.00000544   
    8     0.00000736   
    9     0.00000482   
   10     0.00000824   
   11     0.00000401   
   12     0.00002599   
   13     0.00002232   
   14     0.00001729   
   15     0.00000943   
   16     0.00001528   
   17     0.00001620   
   18     0.00010997   
   19     0.00015407   
   20     0.00017768   
   21     0.00005954   
   22     0.00005508   
   23     0.00010280   
   24     0.00007573   
   25     0.00012489   
   26     0.00001838   
   27     0.00000714   
   28     0.00000198   
   29     0.00001819   
   30     0.00000559   
   31     0.00001837   
   32     0.00000129   
   33     0.00000866   
   34     0.00000575   
   35     0.00001827   
   36     0.00003312   
   37     0.00002773   
   38     0.00001733   
   39     0.00001484   
   40     0.00003440   
   41     0.00002374   
   42     0.00015871   
   43     0.00005844   
   44     0.00005264   
   45     0.00008437   
   46     0.00005725   
   47     0.00013584   
   48     0.00020728   
   49     0.00012543   
   50     0.00003815   
   51     0.00004352   
   52     0.00003324   
   53     0.00000954   
   54     0.00004192   
   55     0.00003582   
   56     0.00003609   
   57     0.00000798   
   58     0.00001378   
   59     0.00002700   
   60     0.00000046   
   61     0.00003270   
   62     0.00016462   
   63     0.00004304   
   64     0.00006125   
   65     0.00001677   
   66     0.00003726   
   67     0.00000408   
   68     0.00000473   
   69     0.00002313   
   70     0.00002108   
   71     0.00001008   
   72     0.00002056   
   73     0.00001795   
   74     0.00003149   
   75     0.00004722   
   76     0.00001890   
   77     0.00004897   
   78     0.00001794   
   79     0.00008807   
   80     0.00001016   
   81     0.00005282   
   82     0.00002924   
   83     0.00002744   
   84     0.00000359   
   85     0.00003375   
   86     0.00002967   
   87     0.00000253   
   88     0.00005733   
   89     0.00001572   
   90     0.00041910   
   91     0.00006406   
   92     0.00009802   
   93     0.00015549   
   94     0.00004709   
   95     0.00006604   
   96     0.00006262   
   97     0.00001722   
   98     0.00011722   
   99     0.00005995   
  100     0.00004324   
  101     0.00002827   
  102     0.00002049   
  103     0.00004024   
  104     0.00007390   
  105     0.00009366   
  106     0.00002138   
  107     0.00000471   
  108     0.00000599   
  109     0.00001921   
  110     0.00011989   
  111     0.00006302   
  112     0.00002663   
  113     0.00005650   
  114     0.00023204   
  115     0.00008613   
  116     0.00001955   
  117     0.00005606   
  118     0.00012654   
  119     0.00003486   
  120     0.00003618   
  121     0.00016143   
  122     0.00002847   
  123     0.00004098   
  124     0.00002847   
  125     0.00000529   
  126     0.00001563   
  127     0.00001302   
  128     0.00000324   
  129     0.00000085   
  130     0.00000077   
  131     0.00000395   
  132     0.00000262   
  133     0.00000704   
  134     0.00000499   
  135     0.00001651   
  136     0.00001811   
  137     0.00001893   
  138     0.00001804   
  139     0.00002862   
  140     0.00001483   
  141     0.00000649   
  142     0.00000578   
  143     0.00001826   
  144     0.00003253   
  145     0.00008383   
  146     0.00003920   
  147     0.00010546   
  148     0.00014581   
  149     0.00013795   
  150     0.00003188   
  151     0.00005195   
  152     0.00011052   
  153     0.00001188   
  154     0.00002179   
  155     0.00011072   
  156     0.00009438   
  157     0.00004385   
  158     0.00003092   
  159     0.00006742   
  160     0.00011681   
  161     0.00004410   
  162     0.00001857   
  163     0.00000900   
  164     0.00003092   
  165     0.00006306   
  166     0.00008204   
  167     0.00008782   
  168     0.00002861   
  169     0.00001598   
  170     0.00000817   
  171     0.00001741   
  172     0.00002102   
  173     0.00001155   
  174     0.00000563   
  175     0.00001630   
  176     0.00001211   
  177     0.00006273   
  178     0.00001431   
  179     0.00003746   
  180     0.00002352   
  181     0.00002721   
  182     0.00000371   
  183     0.00000297   
  184     0.00000077   
  185     0.00000475   
  186     0.00000207   
  187     0.00000182   
  188     0.00000757   
  189     0.00000777   
  190     0.00001304   
  191     0.00003167   
  192     0.00001618   
  193     0.00004698   
  194     0.00003534   
  195     0.00002927   
  196     0.00000888   
  197     0.00000931   
  198     0.00000667   
  199     0.00004945   
  200     0.00004440   
  201     0.00006200   
  202     0.00006011   
  203     0.00004585   
  204     0.00004983   
  205     0.00001792   
  206     0.00000550   
  207     0.00003181   
  208     0.00001335   
  209     0.00002482   
  210     0.00001327   
  211     0.00000077   
  212     0.00001120   
  213     0.00029502   
  214     0.00008817   
  215     0.00018046   
  216     0.00006470   
  217     0.00000690   
  218     0.00001145   
  219     0.00002262   
  220     0.00007222   
  221     0.00013897   
  222     0.00030642   
  223     0.00008323   
  224     0.00002474   
  225     0.00001831   
  226     0.00004465   
  227     0.00002467   
  228     0.00002243   
  229     0.00005591   
  230     0.00000356   
  231     0.00004287   
  232     0.00003127   
  233     0.00003591   
  234     0.00006723   
  235     0.00000549   
  236     0.00001883   
  237     0.00001473   
  238     0.00001006   
  239     0.00001569   
  240     0.00002318   
  241     0.00001036   
  242     0.00000392   
  243     0.00000583   
  244     0.00005269   
  245     0.00000543   
  246     0.00000417   
  247     0.00000435   
  248     0.00001077   
  249     0.00000775   
  250     0.00002026   
  251     0.00000443   
  252     0.00003301   
  253     0.00000817   
  254     0.00001673   
  255     0.00006368   
  256     0.00020599   
  257     0.00014813   
  258     0.00011025   
  259     0.00017851   
  260     0.00008252   
  261     0.00004696   
  262     0.00005460   
  263     0.00001863   
  264     0.00006883   
  265     0.00007765   
  266     0.00001433   
  267     0.00004537   
  268     0.00002792   
  269     0.00017828   
  270     0.00003711   
  271     0.00008114   
  272     0.00006355   
  273     0.00011746   
  274     0.00014326   
  275     0.00001588   
  276     0.00004945   
  277     0.00002594   
  278     0.00003870   
  279     0.00011925   
  280     0.00004543   
  281     0.00016064   
  282     0.00003147   
  283     0.00011634   
  284     0.00002203   
  285     0.00004621   
  286     0.00006578   
  287     0.00014125   
  288     0.00008403   
  289     0.00013459   
  290     0.00002215   
  291     0.00011928   
  292     0.00003777   
  293     0.00004947   
  294     0.00045081   
  295     0.00012473   
  296     0.00018529   
  297     0.00005337   
  298     0.00009595   
  299     0.00002152   
  300     0.00002767   
  301     0.00000364   
  302     0.00001045   
  303     0.00000314   
  304     0.00000528   
  305     0.00001383   
  306     0.00003035   
  307     0.00000403   
  308     0.00001877   
  309     0.00000673   
  310     0.00000870   
  311     0.00000378   
  312     0.00000377   
  313     0.00001261   
  314     0.00000793   
  315     0.00000985   
  316     0.00004134   
  317     0.00002363   
  318     0.00000524   
  319     0.00005639   
  320     0.00012637   
  321     0.00004273   
  322     0.00035814   
  323     0.00005629   
  324     0.00004988   
  325     0.00000937   
  326     0.00012205   
  327     0.00002518   
  328     0.00001105   
  329     0.00002983   
  330     0.00000456   
  331     0.00003698   
  332     0.00000285   
  333     0.00000113   
  334     0.00001097   
  335     0.00000273   
  336     0.00000573   
  337     0.00000902   
  338     0.00001017   
  339     0.00009096   
  340     0.00001600   
  341     0.00003046   
  342     0.00001798   
  343     0.00005583   
  344     0.00007657   
  345     0.00022483   
  346     0.00011608   
  347     0.00003202   
  348     0.00002983   
  349     0.00001291   
  350     0.00005038   
  351     0.00001550   
  352     0.00001783   
  353     0.00001949   
  354     0.00000463   
  355     0.00000355   
  356     0.00002819   
  357     0.00001411   
  358     0.00000142   
  359     0.00000092   
  360     0.00000411   
  361     0.00001096   
  362     0.00000078   
  363     0.00000267   
  364     0.00000266   
  365     0.00001341   
  366     0.00000209   
  367     0.00004856   
  368     0.00002558   
  369     0.00002816   
  370     0.00001953   
  371     0.00001668   
  372     0.00001594   
  373     0.00002435   
  374     0.00000887   
  375     0.00001772   
  376     0.00001682   
  377     0.00003648   
  378     0.00007980   
  379     0.00003667   
  380     0.00004927   
  381     0.00007569   
  382     0.00010840   
  383     0.00001482   
  384     0.00002803   
  385     0.00003014   
  386     0.00000841   
  387     0.00002080   
  388     0.00001801   
  389     0.00008204   
  390     0.00011106   
  391     0.00006486   
  392     0.00005747   
  393     0.00005933   
  394     0.00009581   
  395     0.00021831   
  396     0.00012786   
  397     0.00036086   
  398     0.00017912   
  399     0.00023186   
  400     0.00005278   
  401     0.00012025   
  402     0.00016841   
  403     0.00005102   
  404     0.00000448   
  405     0.00000443   
  406     0.00000591   
  407     0.00006554   
  408     0.00014552   
  409     0.00007561   
  410     0.00055017   
  411     0.00018479   
  412     0.00033384   
  413     0.00018349   
  414     0.00046075   
  415     0.00015229   
  416     0.00021330   
  417     0.00011166   
  418     0.00005136   
  419     0.00011926   
  420     0.00047901   
  421     0.00019951   
  422     0.00011317   
  423     0.00018732   
  424     0.00020697   
  425     0.00014383   
  426     0.00009852   
  427     0.00006891   
  428     0.00004777   
  429     0.00002907   
  430     0.00000816   
  431     0.00000787   
  432     0.00000328   
  433     0.00001477   
  434     0.00002837   
  435     0.00005541   
  436     0.00018230   
  437     0.00008911   
  438     0.00033066   
  439     0.00026092   
  440     0.00009828   
  441     0.00012060   
  442     0.00036871   
  443     0.00040106   
  444     0.00132623   
  445     0.00109731   
  446     0.00047590   
  447     0.00008565   
  448     0.00028692   
  449     0.00001968   
  450     0.00002140   
  451     0.00013476   
  452     0.00015081   
  453     0.00019317   
  454     0.00004955   
  455     0.00004624   
  456     0.00008975   
  457     0.00027426   
  458     0.00019144   
  459     0.00022587   
  460     0.00015120   
  461     0.00005818   
  462     0.00013744   
  463     0.00002381   
  464     0.00001297   
  465     0.00005262   
  466     0.00011639   
  467     0.00009114   
  468     0.00003949   
  469     0.00011109   
  470     0.00008811   
  471     0.00004791   
  472     0.00021933   
  473     0.00048420   
  474     0.00006384   
  475     0.00022448   
  476     0.00009286   
  477     0.00039185   
  478     0.00008138   
  479     0.00016059   
  480     0.00012605   
  481     0.00014066   
  482     0.00009031   
  483     0.00011597   
  484     0.00023428   
  485     0.00006785   
  486     0.00035818   
  487     0.00024282   
  488     0.00018779   
  489     0.00003340   
  490     0.00009023   
  491     0.00004541   
  492     0.00003228   
  493     0.00003337   
  494     0.00004511   
  495     0.00006749   
  496     0.00006789   
  497     0.00021939   
  498     0.00016076   
  499     0.00042495   
  500     0.00014331   
  501     0.00005420   
  502     0.00003525   
  503     0.00015498   
  504     0.00013885   
  505     0.00002904   
  506     0.00008033   
  507     0.00009172   
  508     0.00006430   
  509     0.00001184   
  510     0.00004190   
  511     0.00003861   
  512     0.00018203   
  513     0.00003833   
  514     0.00008856   
  515     0.00028538   
  516     0.00010531   
  517     0.00007827   
  518     0.00007142   
  519     0.00043272   
  520     0.00019147   
  521     0.00010364   
  522     0.00016014   
  523     0.00030890   
  524     0.00021001   
  525     0.00006039   
  526     0.00019870   
  527     0.00015772   
  528     0.00009196   
  529     0.00016800   
  530     0.00015685   
  531     0.00012091   
  532     0.00010730   
  533     0.00008259   
  534     0.00014495   
  535     0.00011899   
  536     0.00005607   
  537     0.00007408   
  538     0.00011484   
  539     0.00007270   
  540     0.00002773   
  541     0.00005989   
  542     0.00006595   
  543     0.00005147   
  544     0.00002653   
  545     0.00002887   
  546     0.00002927   
  547     0.00004907   
  548     0.00003034   
  549     0.00013136   
  550     0.00003459   
  551     0.00002645   
  552     0.00000436   
  553     0.00005167   
  554     0.00000986   
  555     0.00000442   
  556     0.00000468   
  557     0.00009511   
  558     0.00000741   
  559     0.00000601   
  560     0.00000203   
  561     0.00001780   
  562     0.00000851   
  563     0.00000580   
  564     0.00000341   
  565     0.00000786   
  566     0.00000891   
  567     0.00000573   
  568     0.00000514   
  569     0.00003034   
  570     0.00000265   
  571     0.00000195   
  572     0.00001123   
  573     0.00001232   
  574     0.00000106   
  575     0.00000255   
  576     0.00001034   
  577     0.00000346   
  578     0.00000197   
  579     0.00002459   
  580     0.00000551   
  581     0.00003245   
  582     0.00000106   
  583     0.00000106   
  584     0.00001900   
  585     0.00001487   
  586     0.00000180   
  587     0.00000226   
  588     0.00001305   
  589     0.00000367   
  590     0.00000228   
  591     0.00000479   
  592     0.00000490   
  593     0.00001956   
  594     0.00002927   
  595     0.00010782   
  596     0.00003465   
  597     0.00009551   
  598     0.00004856   
  599     0.00040841   
  600     0.00026203   
  601     0.00022705   
  602     0.00046360   
  603     0.00076498   
  604     0.00089378   
  605     0.00075174   
    1     0.00040329   
    2     0.00169688   
    3     0.00009198   
    4     0.00010620   
    5     0.00015047   
    6     0.00075039   
    7     0.00022829   
    8     0.00004445   
    9     0.00121589   
   10     0.00018086   
   11     0.00015638   
   12     0.00023564   
   13     0.00003221   
   14     0.00076969   
   15     0.00024144   
   16     0.00011374   
   17     0.00013379   
   18     0.00013097   
   19     0.00002832   
   20     0.00023517   
   21     0.00044169   
   22     0.00093509   
   23     0.00057790   
   24     0.00048210   
   25     0.00059181   
   26     0.00175501   
   27     0.00046349   
   28     0.00099928   
   29     0.00055084   
   30     0.00032591   
   31     0.00066126   
   32     0.00119393   
   33     0.00186978   
   34     0.00042728   
   35     0.00017905   
   36     0.00003939   
   37     0.00044826   
   38     0.00019434   
   39     0.00010597   
   40     0.00014814   
   41     0.00024402   
   42     0.00019866   
   43     0.00066804   
   44     0.00067715   
   45     0.00108952   
   46     0.00080270   
   47     0.00045046   
   48     0.00219353   
   49     0.00197018   
   50     0.00155106   
   51     0.00180156   
   52     0.00025313   
   53     0.00024967   
   54     0.00077076   
   55     0.00192418   
   56     0.00082246   
   57     0.00031259   
   58     0.00181172   
   59     0.00121889   
   60     0.00018708   
   61     0.00061357   
   62     0.00098558   
   63     0.00018831   
   64     0.00044494   
   65     0.00112642   
   66     0.00035831   
   67     0.00118052   
   68     0.00037071   
   69     0.00009281   
   70     0.00023179   
   71     0.00002390   
   72     0.00107658   
   73     0.00060845   
   74     0.00263342   
   75     0.00076008   
   76     0.00222809   
   77     0.00097416   
   78     0.00215567   
   79     0.00045913   
   80     0.00041940   
   81     0.00091528   
   82     0.00050504   
   83     0.00020859   
   84     0.00079533   
   85     0.00104281   
   86     0.00097367   
   87     0.00076249   
   88     0.00011291   
   89     0.00006539   
   90     0.00026597   
   91     0.00053954   
   92     0.00027229   
   93     0.00010026   
   94     0.00021322   
   95     0.00037534   
   96     0.00018919   
   97     0.00068580   
   98     0.00036716   
   99     0.00051274   
  100     0.00109293   
  101     0.00012829   
  102     0.00009961   
  103     0.00029350   
  104     0.00216281   
  105     0.00533111   
  106     0.00019044   
  107     0.00057682   
  108     0.00012175   
  109     0.00003433   
  110     0.00019237   
  111     0.00029519   
  112     0.00023728   
  113     0.00157650   
  114     0.00076488   
  115     0.00073736   
  116     0.00049783   
  117     0.00121804   
  118     0.00177996   
  119     0.00074419   
  120     0.00083932   
  121     0.00161368   
  122     0.00034441   
  123     0.00070055   
  124     0.00042334   
  125     0.00091574   
  126     0.00094846   
  127     0.00185455   
  128     0.00043874   
  129     0.00136437   
  130     0.00504582   
  131     0.00062095   
  132     0.00183325   
  133     0.00049356   
  134     0.00180009   
  135     0.00139305   
  136     0.00243881   
  137     0.00395698   
  138     0.00061288   
  139     0.00079088   
  140     0.00335623   
  141     0.00265686   
  142     0.00110128   
  143     0.00051542   
  144     0.00063479   
  145     0.00024137   
  146     0.00034799   
  147     0.00115893   
  148     0.00055233   
  149     0.00049954   
  150     0.00353400   
  151     0.00043278   
  152     0.00036214   
  153     0.00040201   
  154     0.00007402   
  155     0.00017988   
  156     0.00058726   
  157     0.00101441   
  158     0.00056395   
  159     0.00075080   
  160     0.00101507   
  161     0.00236004   
  162     0.00071758   
  163     0.00457086   
  164     0.00980873   
  165     0.00319097   
  166     0.00145849   
  167     0.00161891   
  168     0.00440274   
  169     0.03035000   
  170     0.02326914   
  171     0.03685582   
  172     0.06746217   
  173     0.03252454   
  174     0.02472254   
  175     0.01489262   
  176     0.01202548   
  177     0.02602865   
  178     0.01562761   
  179     0.03792278   
  180     0.05147191   
  181     0.06619764   
  182     0.00627526   
  183     0.00495131   
  184     0.00828982   
  185     0.00287882   
  186     0.00113494   
  187     0.00222856   
  188     0.00619450   
  189     0.00640126   
  190     0.00202040   
  191     0.00139856   
  192     0.00117057   
  193     0.00155706   
  194     0.00022457   
  195     0.00024274   
  196     0.00014328   
  197     0.00037836   
  198     0.00008901   
  199     0.00018430   
  200     0.00023922   
  201     0.00011310   
  202     0.00034602   
  203     0.00331159   
  204     0.00065301   
  205     0.00208442   
  206     0.00127658   
  207     0.00047394   
  208     0.00411679   
  209     0.00349214   
  210     0.00271064   
  211     0.00319814   
  212     0.00061734   
  213     0.00160484   
  214     0.00086676   
  215     0.00212139   
  216     0.00354899   
  217     0.00233334   
  218     0.00089019   
  219     0.00082809   
  220     0.00194565   
  221     0.00276343   
  222     0.00048879   
  223     0.00053083   
  224     0.00298223   
  225     0.00021669   
  226     0.00270902   
  227     0.00022040   
  228     0.00248976   
  229     0.00047828   
  230     0.00046595   
  231     0.00058647   
  232     0.00054295   
  233     0.00094152   
  234     0.00087276   
  235     0.00124196   
  236     0.00048675   
  237     0.00081272   
  238     0.00036596   
  239     0.00060968   
  240     0.00094792   
  241     0.00052507   
  242     0.00140457   
  243     0.00052393   
  244     0.00139042   
  245     0.00046919   
  246     0.00218292   
  247     0.00095158   
  248     0.00087428   
  249     0.00068218   
  250     0.00183878   
  251     0.00105065   
  252     0.00141009   
  253     0.00253446   
  254     0.00029404   
  255     0.00206440   
  256     0.00136767   
  257     0.00081379   
  258     0.00088502   
  259     0.00075987   
  260     0.00128277   
  261     0.00158209   
  262     0.00161074   
  263     0.00043376   
  264     0.00181828   
  265     0.00120645   
  266     0.00192075   
  267     0.00311911   
  268     0.00564458   
  269     0.00143337   
  270     0.00086586   
  271     0.00026601   
  272     0.00038540   
  273     0.00028472   
  274     0.00038648   
  275     0.00311270   
  276     0.00019136   
  277     0.00020762   
  278     0.00093773   
  279     0.00042922   
  280     0.00177913   
  281     0.00180944   
  282     0.00813948   
  283     0.00154578   
  284     0.00291316   
  285     0.00149256   
  286     0.00811688   
  287     0.00121644   
  288     0.00272617   
  289     0.00396751   
  290     0.00041616   
  291     0.00141120   
  292     0.00008486   
  293     0.00048864   
  294     0.00009620   
  295     0.00004464   
  296     0.00012321   
  297     0.00039760   
  298     0.00045475   
  299     0.00020432   
  300     0.00012979   
  301     0.00019404   
  302     0.00008226   
  303     0.00100596   
  304     0.00063752   
  305     0.00120607   
  306     0.00019443   
  307     0.00008889   
  308     0.00021983   
  309     0.00008973   
  310     0.00134105   
  311     0.00024918   
  312     0.00172999   
  313     0.00055516   
  314     0.00010688   
  315     0.00001576   
  316     0.00017056   
  317     0.00008010   
  318     0.00027540   
  319     0.00051028   
  320     0.00082759   
  321     0.00025275   
  322     0.00109454   
  323     0.00107207   
  324     0.00071595   
  325     0.00070649   
  326     0.00090220   
  327     0.00091457   
  328     0.00090330   
  329     0.00027620   
  330     0.00066719   
  331     0.00010931   
  332     0.00009559   
  333     0.00095558   
  334     0.00001717   
  335     0.00006439   
  336     0.00054590   
  337     0.00053767   
  338     0.00114248   
  339     0.00022615   
  340     0.00043991   
  341     0.00158805   
  342     0.00120162   
  343     0.00105272   
  344     0.00159468   
  345     0.00270630   
  346     0.00097157   
  347     0.00174845   
  348     0.00186267   
  349     0.00013434   
  350     0.00113727   
  351     0.00197139   
  352     0.00115768   
  353     0.00871803   
  354     0.00591246   
  355     0.00049100   
  356     0.00049396   
  357     0.00033999   
  358     0.00047936   
  359     0.00075127   
  360     0.00131961   
  361     0.00152994   
  362     0.00030961   
  363     0.00016958   
  364     0.00016157   
  365     0.00258145   
  366     0.00184566   
  367     0.00021657   
  368     0.00022400   
  369     0.00027990   
  370     0.00029933   
  371     0.00025445   
  372     0.00021699   
  373     0.00009870   
  374     0.00010011   
  375     0.00085392   
  376     0.00400596   
    1     0.00025247   
    2     0.00034735   
    3     0.00009059   
    4     0.00007802   
    5     0.00005848   
    6     0.00025725   
    7     0.00021698   
    8     0.00008806   
    9     0.00017666   
   10     0.00015552   
   11     0.00003365   
   12     0.00006763   
   13     0.00005433   
   14     0.00005957   
   15     0.00047293   
   16     0.00001499   
   17     0.00017383   
   18     0.00016642   
   19     0.00005487   
   20     0.00005535   
   21     0.00010433   
   22     0.00004002   
   23     0.00004593   
   24     0.00005627   
   25     0.00004097   
   26     0.00021150   
   27     0.00024433   
   28     0.00014346   
   29     0.00005475   
   30     0.00010753   
   31     0.00003480   
   32     0.00010660   
   33     0.00007552   
   34     0.00008431   
   35     0.00008485   
   36     0.00011136   
   37     0.00011977   
   38     0.00010136   
   39     0.00001202   
   40     0.00000951   
   41     0.00001685   
   42     0.00001294   
   43     0.00004594   
   44     0.00021540   
   45     0.00014912   
   46     0.00008180   
   47     0.00005959   
   48     0.00020530   
   49     0.00014802   
   50     0.00006012   
   51     0.00017426   
   52     0.00014158   
   53     0.00025914   
   54     0.00009461   
   55     0.00086165   
   56     0.00054441   
   57     0.00041052   
   58     0.00031703   
   59     0.00083481   
   60     0.00006812   
   61     0.00024508   
   62     0.00040879   
   63     0.00027562   
   64     0.00000968   
   65     0.00005042   
   66     0.00002899   
   67     0.00028826   
   68     0.00001020   
   69     0.00003684   
   70     0.00002493   
   71     0.00000275   
   72     0.00004103   
   73     0.00000846   
   74     0.00004498   
   75     0.00005172   
   76     0.00009128   
   77     0.00002579   
   78     0.00003323   
   79     0.00024608   
   80     0.00002587   
   81     0.00001973   
   82     0.00002278   
   83     0.00013922   
   84     0.00082496   
   85     0.00133349   
   86     0.00052432   
   87     0.00040467   
   88     0.00016745   
   89     0.00021816   
   90     0.00034586   
   91     0.00026994   
   92     0.00038051   
   93     0.00001117   
   94     0.00011259   
   95     0.00010470   
   96     0.00002767   
   97     0.00004647   
   98     0.00007322   
   99     0.00005098   
  100     0.00004978   
  101     0.00003994   
  102     0.00004254   
  103     0.00003363   
  104     0.00003667   
  105     0.00016397   
  106     0.00009949   
  107     0.00002901   
  108     0.00004188   
  109     0.00012648   
  110     0.00008757   
  111     0.00020608   
  112     0.00004200   
  113     0.00015665   
  114     0.00022565   
  115     0.00012641   
  116     0.00152819   
  117     0.00128198   
  118     0.00215606   
  119     0.00389613   
  120     0.00285450   
  121     0.00255532   
  122     0.00223592   
  123     0.00171194   
  124     0.00086343   
  125     0.00060426   
  126     0.00095081   
  127     0.00026360   
  128     0.00024136   
  129     0.00122902   
  130     0.00079888   
  131     0.00015694   
  132     0.00040002   
  133     0.00007110   
  134     0.00039002   
  135     0.00030023   
  136     0.00058888   
  137     0.00026183   
  138     0.00142398   
  139     0.00046350   
  140     0.00082462   
  141     0.00007683   
  142     0.00013456   
  143     0.00002215   
  144     0.00012823   
  145     0.00000328   
  146     0.00000373   
  147     0.00002011   
  148     0.00001439   
  149     0.00003503   
  150     0.00012910   
  151     0.00005849   
  152     0.00002578   
  153     0.00001342   
  154     0.00000266   
  155     0.00000629   
  156     0.00002183   
  157     0.00001622   
  158     0.00003860   
  159     0.00004239   
  160     0.00006543   
  161     0.00002393   
  162     0.00000431   
  163     0.00001950   
  164     0.00001371   
  165     0.00001391   
  166     0.00001006   
  167     0.00004511   
  168     0.00009341   
  169     0.00002242   
  170     0.00006364   
  171     0.00015379   
  172     0.00006333   
  173     0.00004747   
  174     0.00004719   
  175     0.00001723   
  176     0.00003259   
  177     0.00013964   
  178     0.00015808   
  179     0.00009838   
  180     0.00008503   
  181     0.00009426   
  182     0.00002102   
  183     0.00006505   
  184     0.00003864   
  185     0.00005721   
  186     0.00017618   
  187     0.00007188   
  188     0.00001753   
  189     0.00003259   
  190     0.00004085   
  191     0.00001968   
  192     0.00004583   
  193     0.00019036   
  194     0.00001819   
  195     0.00000864   
  196     0.00000782   
  197     0.00000514   
  198     0.00000176   
  199     0.00001720   
  200     0.00005473   
  201     0.00004090   
  202     0.00007433   
  203     0.00035515   
  204     0.00007275   
  205     0.00025233   
  206     0.00044273   
  207     0.00046831   
  208     0.00076979   
  209     0.00083248   
  210     0.00056395   
  211     0.00060963   
  212     0.00205501   
  213     0.00057242   
  214     0.00171842   
  215     0.00071467   
  216     0.00079855   
  217     0.00136978   
  218     0.00014357   
  219     0.00020633   
  220     0.00060265   
  221     0.00106518   
  222     0.00013529   
  223     0.00026733   
  224     0.00136811   
  225     0.00027155   
  226     0.00107664   
  227     0.00037916   
  228     0.00253471   
  229     0.00067237   
  230     0.00053058   
  231     0.00156887   
  232     0.00035855   
  233     0.00040010   
  234     0.00010609   
  235     0.00009946   
  236     0.00008882   
  237     0.00007214   
  238     0.00008899   
  239     0.00037924   
  240     0.00095727   
  241     0.00052775   
  242     0.00093621   
  243     0.00258119   
  244     0.00299366   
  245     0.00146545   
  246     0.00215935   
  247     0.00062551   
  248     0.00050876   
  249     0.00091717   
  250     0.00042623   
  251     0.00079662   
  252     0.00028270   
  253     0.00092773   
  254     0.00003604   
  255     0.00191008   
  256     0.00102057   
  257     0.00024298   
  258     0.00014197   
  259     0.00002335   
  260     0.00015204   
  261     0.00039372   
  262     0.00014000   
  263     0.00086378   
  264     0.00045097   
  265     0.00092194   
  266     0.00426114   
  267     0.00178088   
  268     0.00072927   
  269     0.00103010   
  270     0.00324507   
  271     0.00057341   
  272     0.00189960   
  273     0.00235770   
  274     0.00040675   
  275     0.00154754   
  276     0.00062524   
  277     0.00030462   
  278     0.00041337   
  279     0.00058758   
  280     0.00313835   
  281     0.00171496   
  282     0.00247529   
  283     0.00150561   
  284     0.00171000   
  285     0.00060824   
  286     0.00180797   
  287     0.00017893   
  288     0.00177286   
  289     0.00085181   
  290     0.00021581   
  291     0.00097722   
  292     0.00026432   
  293     0.00084415   
  294     0.00055855   
  295     0.00026796   
  296     0.00009560   
  297     0.00148692   
  298     0.00038224   
  299     0.00052879   
  300     0.00086114   
  301     0.00022823   
  302     0.00013357   
  303     0.00198982   
  304     0.00120106   
  305     0.00043070   
  306     0.00016986   
  307     0.00013218   
  308     0.00017286   
  309     0.00018380   
  310     0.00048196   
  311     0.00015916   
  312     0.00019606   
  313     0.00017142   
  314     0.00004023   
  315     0.00001579   
  316     0.00002122   
  317     0.00010491   
  318     0.00007587   
  319     0.00010240   
  320     0.00047842   
  321     0.00077850   
  322     0.00116550   
  323     0.00157342   
  324     0.00096584   
  325     0.00116425   
  326     0.00399888   
  327     0.00098469   
  328     0.00037177   
  329     0.00081847   
  330     0.01051368   
  331     0.00431676   
  332     0.01097457   
  333     0.00131643   
  334     0.00028711   
  335     0.00015871   
  336     0.00004619   
  337     0.00084615   
  338     0.00025472   
  339     0.00005692   
  340     0.00052453   
  341     0.00017899   
  342     0.00015884   
  343     0.00017227   
  344     0.00067680   
  345     0.00067548   
  346     0.00028115   
  347     0.00011748   
  348     0.00065954   
  349     0.00090356   
  350     0.00020385   
  351     0.00008200   
  352     0.00029608   
  353     0.00001792   
  354     0.00000364   
  355     0.00000380   
  356     0.00000178   
  357     0.00000505   
  358     0.00000634   
  359     0.00008293   
  360     0.00002601   
  361     0.00001489   
  362     0.00001044   
  363     0.00000112   
  364     0.00000104   
  365     0.00001200   
  366     0.00002831   
  367     0.00002392   
  368     0.00001793   
  369     0.00000247   
  370     0.00000332   
  371     0.00000418   
  372     0.00000187   
  373     0.00000106   
  374     0.00000535   
  375     0.00001110   
  376     0.00011689   
