    1     0.00000660   
    2     0.00001606   
    3     0.00001687   
    4     0.00004618   
    5     0.00004008   
    6     0.00002263   
    7     0.00002385   
    8     0.00001909   
    9     0.00003438   
   10     0.00001319   
   11     0.00001040   
   12     0.00001666   
   13     0.00000695   
   14     0.00000586   
   15     0.00000573   
   16     0.00000816   
   17     0.00000549   
   18     0.00001868   
   19     0.00002491   
   20     0.00000823   
   21     0.00000343   
   22     0.00000482   
   23     0.00000570   
   24     0.00002404   
   25     0.00000269   
   26     0.00000618   
   27     0.00000155   
   28     0.00000144   
   29     0.00000676   
   30     0.00000671   
   31     0.00001884   
   32     0.00000050   
   33     0.00000990   
   34     0.00000518   
   35     0.00001267   
   36     0.00001567   
   37     0.00003093   
   38     0.00003727   
   39     0.00007175   
   40     0.00046817   
   41     0.00090498   
   42     0.00163848   
   43     0.00068968   
   44     0.00173532   
   45     0.00217262   
   46     0.00210393   
   47     0.00853082   
   48     0.00303113   
   49     0.00416235   
   50     0.00007193   
   51     0.00006175   
   52     0.00001965   
   53     0.00011950   
   54     0.00031610   
   55     0.00041195   
   56     0.00024457   
   57     0.00011357   
   58     0.00033026   
   59     0.00026956   
   60     0.00003666   
   61     0.00017192   
   62     0.00045986   
   63     0.00008945   
   64     0.00065051   
   65     0.00033348   
   66     0.00026012   
   67     0.00008179   
   68     0.00012137   
   69     0.00008783   
   70     0.00003036   
   71     0.00005685   
   72     0.00009832   
   73     0.00005874   
   74     0.00009689   
   75     0.00032818   
   76     0.00067452   
   77     0.00009158   
   78     0.00003062   
   79     0.00001650   
   80     0.00000454   
   81     0.00006006   
   82     0.00004866   
   83     0.00002597   
   84     0.00001027   
   85     0.00021937   
   86     0.00001727   
   87     0.00002178   
   88     0.00014448   
   89     0.00008559   
   90     0.00010819   
   91     0.00011735   
   92     0.00008370   
   93     0.00004646   
   94     0.00007648   
   95     0.00021830   
   96     0.00013777   
   97     0.00000887   
   98     0.00004454   
   99     0.00122570   
  100     0.00018810   
  101     0.00014245   
  102     0.00009183   
  103     0.00013465   
  104     0.00016703   
  105     0.00015579   
  106     0.00039131   
  107     0.00002691   
  108     0.00000877   
  109     0.00004645   
  110     0.00004243   
  111     0.00010781   
  112     0.00004835   
  113     0.00011429   
  114     0.00024549   
  115     0.00015900   
  116     0.00006262   
  117     0.00005179   
  118     0.00071160   
  119     0.00006053   
  120     0.00018171   
  121     0.00067528   
  122     0.00003576   
  123     0.00005069   
  124     0.00007922   
  125     0.00002116   
  126     0.00000863   
  127     0.00001301   
  128     0.00000262   
  129     0.00000584   
  130     0.00000282   
  131     0.00000165   
  132     0.00000258   
  133     0.00001313   
  134     0.00001111   
  135     0.00001629   
  136     0.00005831   
  137     0.00010221   
  138     0.00008960   
  139     0.00013322   
  140     0.00023449   
  141     0.00008098   
  142     0.00002877   
  143     0.00003362   
  144     0.00013069   
  145     0.00010781   
  146     0.00015410   
  147     0.00028319   
  148     0.00034284   
  149     0.00048127   
  150     0.00007984   
  151     0.00016793   
  152     0.00023986   
  153     0.00037275   
  154     0.00009620   
  155     0.00034896   
  156     0.00016578   
  157     0.00008769   
  158     0.00013565   
  159     0.00010263   
  160     0.00010072   
  161     0.00007759   
  162     0.00037303   
  163     0.00023349   
  164     0.00016756   
  165     0.00019467   
  166     0.00107094   
  167     0.00034166   
  168     0.00016201   
  169     0.00020145   
  170     0.00003947   
  171     0.00001702   
  172     0.00006004   
  173     0.00018941   
  174     0.00001964   
  175     0.00006046   
  176     0.00016973   
  177     0.00018726   
  178     0.00002450   
  179     0.00008472   
  180     0.00008938   
  181     0.00006272   
  182     0.00000716   
  183     0.00001728   
  184     0.00000599   
  185     0.00000475   
  186     0.00000880   
  187     0.00003707   
  188     0.00014278   
  189     0.00006867   
  190     0.00010645   
  191     0.00005072   
  192     0.00006339   
  193     0.00007181   
  194     0.00001681   
  195     0.00001448   
  196     0.00001537   
  197     0.00002536   
  198     0.00002817   
  199     0.00003044   
  200     0.00003458   
  201     0.00004608   
  202     0.00011644   
  203     0.00012450   
  204     0.00009930   
  205     0.00022592   
  206     0.00009794   
  207     0.00024929   
  208     0.00007325   
  209     0.00007766   
  210     0.00004707   
  211     0.00000221   
  212     0.00001340   
  213     0.00081224   
  214     0.00028194   
  215     0.00106016   
  216     0.00032704   
  217     0.00026707   
  218     0.00037654   
  219     0.00049919   
  220     0.00051434   
  221     0.00058047   
  222     0.00035745   
  223     0.00013305   
  224     0.00005644   
  225     0.00002883   
  226     0.00017260   
  227     0.00013805   
  228     0.00011101   
  229     0.00008096   
  230     0.00010472   
  231     0.00034128   
  232     0.00025164   
  233     0.00005724   
  234     0.00023102   
  235     0.00027248   
  236     0.00021760   
  237     0.00011216   
  238     0.00017985   
  239     0.00035395   
  240     0.00035460   
  241     0.00028621   
  242     0.00026342   
  243     0.00003340   
  244     0.00032031   
  245     0.00011316   
  246     0.00019441   
  247     0.00015367   
  248     0.00034606   
  249     0.00010157   
  250     0.00013695   
  251     0.00007782   
  252     0.00038869   
  253     0.00009964   
  254     0.00003990   
  255     0.00016072   
  256     0.00030308   
  257     0.00037811   
  258     0.00013947   
  259     0.00015509   
  260     0.00014386   
  261     0.00023017   
  262     0.00006641   
  263     0.00005449   
  264     0.00026603   
  265     0.00007652   
  266     0.00001952   
  267     0.00002290   
  268     0.00001172   
  269     0.00000891   
  270     0.00003208   
  271     0.00000790   
  272     0.00000883   
  273     0.00000913   
  274     0.00000556   
  275     0.00000481   
  276     0.00000931   
  277     0.00000609   
  278     0.00000611   
  279     0.00003255   
  280     0.00002270   
  281     0.00003800   
  282     0.00007202   
  283     0.00040422   
  284     0.00037669   
  285     0.00054110   
  286     0.00042551   
  287     0.00029658   
  288     0.00010807   
  289     0.00016675   
  290     0.00006594   
  291     0.00021087   
  292     0.00018485   
  293     0.00048517   
  294     0.00103324   
  295     0.00032813   
  296     0.00096007   
  297     0.00011475   
  298     0.00024948   
  299     0.00006155   
  300     0.00009137   
  301     0.00000580   
  302     0.00001050   
  303     0.00001609   
  304     0.00006759   
  305     0.00009528   
  306     0.00012071   
  307     0.00004043   
  308     0.00039210   
  309     0.00035281   
  310     0.00017961   
  311     0.00007902   
  312     0.00012284   
  313     0.00011551   
  314     0.00013732   
  315     0.00007051   
  316     0.00012201   
  317     0.00008821   
  318     0.00009096   
  319     0.00013579   
  320     0.00034854   
  321     0.00018932   
  322     0.00188728   
  323     0.00024897   
  324     0.00014906   
  325     0.00003580   
  326     0.00008617   
  327     0.00004188   
  328     0.00000828   
  329     0.00002704   
  330     0.00000351   
  331     0.00005230   
  332     0.00000401   
  333     0.00001381   
  334     0.00008894   
  335     0.00001216   
  336     0.00014638   
  337     0.00007262   
  338     0.00003995   
  339     0.00006463   
  340     0.00003098   
  341     0.00001385   
  342     0.00001515   
  343     0.00002944   
  344     0.00002364   
  345     0.00002774   
  346     0.00003200   
  347     0.00001294   
  348     0.00018958   
  349     0.00000715   
  350     0.00007550   
  351     0.00003255   
  352     0.00013387   
  353     0.00007017   
  354     0.00001859   
  355     0.00001264   
  356     0.00008589   
  357     0.00010594   
  358     0.00003168   
  359     0.00001611   
  360     0.00002943   
  361     0.00005219   
  362     0.00000376   
  363     0.00000617   
  364     0.00000507   
  365     0.00003559   
  366     0.00000629   
  367     0.00001719   
  368     0.00001973   
  369     0.00002273   
  370     0.00003984   
  371     0.00002036   
  372     0.00000788   
  373     0.00002971   
  374     0.00003161   
  375     0.00005287   
  376     0.00001095   
  377     0.00003284   
  378     0.00006514   
  379     0.00008008   
  380     0.00001145   
  381     0.00001742   
  382     0.00004611   
  383     0.00003691   
  384     0.00002990   
  385     0.00000863   
  386     0.00002711   
  387     0.00008115   
  388     0.00001433   
  389     0.00031329   
  390     0.00025517   
  391     0.00028474   
  392     0.00062735   
  393     0.00067582   
  394     0.00068250   
  395     0.00031332   
  396     0.00028079   
  397     0.00069360   
  398     0.00036274   
  399     0.00041612   
  400     0.00016209   
  401     0.00029217   
  402     0.00014355   
  403     0.00011612   
  404     0.00000315   
  405     0.00001587   
  406     0.00004151   
  407     0.00037959   
  408     0.00037436   
  409     0.00043934   
  410     0.00036016   
  411     0.00026046   
  412     0.00016083   
  413     0.00062128   
  414     0.00080730   
  415     0.00101388   
  416     0.00058346   
  417     0.00132997   
  418     0.00046711   
  419     0.00085212   
  420     0.00075436   
  421     0.00066110   
  422     0.00018879   
  423     0.00066768   
  424     0.00073571   
  425     0.00070524   
  426     0.00171157   
  427     0.00022718   
  428     0.00039634   
  429     0.00016721   
  430     0.00002636   
  431     0.00003988   
  432     0.00007705   
  433     0.00054295   
  434     0.00028097   
  435     0.00029709   
  436     0.00117275   
  437     0.00048909   
  438     0.00054809   
  439     0.00062412   
  440     0.00024687   
  441     0.00042224   
  442     0.00072574   
  443     0.00073409   
  444     0.00033696   
  445     0.00074840   
  446     0.00144363   
  447     0.00062986   
  448     0.00138795   
  449     0.00035077   
  450     0.00025654   
  451     0.00068486   
  452     0.00113652   
  453     0.00226253   
  454     0.00031624   
  455     0.00017755   
  456     0.00022900   
  457     0.00046162   
  458     0.00028852   
  459     0.00022965   
  460     0.00007090   
  461     0.00016874   
  462     0.00059430   
  463     0.00008650   
  464     0.00007856   
  465     0.00021895   
  466     0.00041269   
  467     0.00030629   
  468     0.00035631   
  469     0.00103049   
  470     0.00058961   
  471     0.00091930   
  472     0.00055836   
  473     0.00106143   
  474     0.00035355   
  475     0.00090033   
  476     0.00042992   
  477     0.00172212   
  478     0.00076373   
  479     0.00078290   
  480     0.00037603   
  481     0.00049852   
  482     0.00031687   
  483     0.00029007   
  484     0.00024854   
  485     0.00075089   
  486     0.00095949   
  487     0.00125278   
  488     0.00053182   
  489     0.00041237   
  490     0.00040504   
  491     0.00016686   
  492     0.00002515   
  493     0.00001496   
  494     0.00003496   
  495     0.00009985   
  496     0.00007943   
  497     0.00098506   
  498     0.00025111   
  499     0.00071186   
  500     0.00009132   
  501     0.00039631   
  502     0.00017639   
  503     0.00135041   
  504     0.00201990   
  505     0.00087562   
  506     0.00029304   
  507     0.00068569   
  508     0.00054464   
  509     0.00001160   
  510     0.00004019   
  511     0.00008991   
  512     0.00039828   
  513     0.00004829   
  514     0.00006902   
  515     0.00019180   
  516     0.00012748   
  517     0.00042229   
  518     0.00059619   
  519     0.00106214   
  520     0.00163996   
  521     0.00213285   
  522     0.00348620   
  523     0.00178057   
  524     0.00448734   
  525     0.00113130   
  526     0.01166829   
  527     0.00369083   
  528     0.00647399   
  529     0.01549578   
  530     0.00441623   
  531     0.00737022   
  532     0.00942770   
  533     0.00763363   
  534     0.00230800   
  535     0.00730218   
  536     0.00732869   
  537     0.00340605   
  538     0.00132456   
  539     0.00347088   
  540     0.00233413   
  541     0.00079357   
  542     0.00116382   
  543     0.00107353   
  544     0.00034882   
  545     0.00016141   
  546     0.00050412   
  547     0.00039553   
  548     0.00030182   
  549     0.00057811   
  550     0.00019743   
  551     0.00022465   
  552     0.00004213   
  553     0.00018458   
  554     0.00006835   
  555     0.00003029   
  556     0.00003005   
  557     0.00058530   
  558     0.00009008   
  559     0.00009041   
  560     0.00004417   
  561     0.00082948   
  562     0.00012198   
  563     0.00014908   
  564     0.00011836   
  565     0.00029137   
  566     0.00024395   
  567     0.00037543   
  568     0.00066207   
  569     0.00022867   
  570     0.00047356   
  571     0.00072310   
  572     0.00035359   
  573     0.00077750   
  574     0.00087561   
  575     0.00050078   
  576     0.00261820   
  577     0.00037512   
  578     0.00053646   
  579     0.00792358   
  580     0.00078639   
  581     0.00895667   
  582     0.00021436   
  583     0.00077483   
  584     0.00214251   
  585     0.00401382   
  586     0.00110906   
  587     0.00074745   
  588     0.00173240   
  589     0.00105751   
  590     0.00080104   
  591     0.00067552   
  592     0.00033668   
  593     0.00022508   
  594     0.00109816   
  595     0.00057240   
  596     0.00017349   
  597     0.00035049   
  598     0.00058999   
  599     0.00048643   
  600     0.00021177   
  601     0.00054672   
  602     0.00062400   
  603     0.00044257   
  604     0.00038229   
  605     0.00028637   
    1     0.01478239   
    2     0.00233041   
    3     0.00010893   
    4     0.00050165   
    5     0.00062670   
    6     0.00323391   
    7     0.00109250   
    8     0.00072167   
    9     0.00184985   
   10     0.00086190   
   11     0.00210216   
   12     0.00050701   
   13     0.00041779   
   14     0.00222615   
   15     0.00510385   
   16     0.00063485   
   17     0.00112528   
   18     0.00063331   
   19     0.00028812   
   20     0.00069712   
   21     0.00150032   
   22     0.00505837   
   23     0.00186159   
   24     0.00112451   
   25     0.00381514   
   26     0.00959150   
   27     0.00035786   
   28     0.00443851   
   29     0.00358128   
   30     0.00296072   
   31     0.00258446   
   32     0.00410235   
   33     0.00755460   
   34     0.00271810   
   35     0.00008934   
   36     0.00079702   
   37     0.00126095   
   38     0.00045437   
   39     0.00043212   
   40     0.00043872   
   41     0.00094242   
   42     0.00211313   
   43     0.00297575   
   44     0.00804779   
   45     0.00441310   
   46     0.01240773   
   47     0.00842380   
   48     0.01851401   
   49     0.02319233   
   50     0.00635031   
   51     0.00763760   
   52     0.00287654   
   53     0.00408113   
   54     0.00461938   
   55     0.00283307   
   56     0.00421613   
   57     0.00175961   
   58     0.00540710   
   59     0.00168085   
   60     0.00115764   
   61     0.00120300   
   62     0.00252558   
   63     0.00190368   
   64     0.00086907   
   65     0.00060304   
   66     0.00055479   
   67     0.00535557   
   68     0.00012166   
   69     0.00035869   
   70     0.00037244   
   71     0.00000257   
   72     0.00118901   
   73     0.00077002   
   74     0.00342312   
   75     0.00156575   
   76     0.00249233   
   77     0.00052060   
   78     0.00044826   
   79     0.00070926   
   80     0.00054106   
   81     0.00087547   
   82     0.00054968   
   83     0.00055149   
   84     0.00099551   
   85     0.00139426   
   86     0.00433588   
   87     0.01342465   
   88     0.00105236   
   89     0.00089507   
   90     0.00309513   
   91     0.00468414   
   92     0.00034111   
   93     0.00092020   
   94     0.00850267   
   95     0.00318457   
   96     0.00227262   
   97     0.00092857   
   98     0.00054311   
   99     0.00073112   
  100     0.00084706   
  101     0.00018874   
  102     0.00035949   
  103     0.00027602   
  104     0.00104910   
  105     0.00252927   
  106     0.00007882   
  107     0.00039161   
  108     0.00007564   
  109     0.00003602   
  110     0.00063115   
  111     0.00227947   
  112     0.00095257   
  113     0.00086632   
  114     0.00061158   
  115     0.00059837   
  116     0.00059654   
  117     0.00036646   
  118     0.00037328   
  119     0.00177615   
  120     0.00086689   
  121     0.00144827   
  122     0.00111347   
  123     0.00013276   
  124     0.00027806   
  125     0.00056982   
  126     0.00050029   
  127     0.00042950   
  128     0.00087168   
  129     0.00034419   
  130     0.00063417   
  131     0.00031610   
  132     0.00053405   
  133     0.00044964   
  134     0.00056263   
  135     0.00047623   
  136     0.00249385   
  137     0.00074672   
  138     0.00069606   
  139     0.00043560   
  140     0.00022706   
  141     0.00018301   
  142     0.00087711   
  143     0.00034512   
  144     0.00025267   
  145     0.00009758   
  146     0.00011997   
  147     0.00044003   
  148     0.00026208   
  149     0.00031618   
  150     0.00086515   
  151     0.00010550   
  152     0.00017514   
  153     0.00006464   
  154     0.00001605   
  155     0.00003946   
  156     0.00014253   
  157     0.00059313   
  158     0.00038527   
  159     0.00046716   
  160     0.00141147   
  161     0.00166697   
  162     0.00044667   
  163     0.00270175   
  164     0.00678343   
  165     0.00155568   
  166     0.00114004   
  167     0.00199147   
  168     0.00214260   
  169     0.00171858   
  170     0.00695020   
  171     0.01736428   
  172     0.00256558   
  173     0.00371545   
  174     0.00139391   
  175     0.00027339   
  176     0.00091081   
  177     0.00089044   
  178     0.00422795   
  179     0.01315095   
  180     0.00244636   
  181     0.01663473   
  182     0.00369941   
  183     0.00228647   
  184     0.00051043   
  185     0.00037218   
  186     0.00027403   
  187     0.00132729   
  188     0.00297893   
  189     0.00155397   
  190     0.00062594   
  191     0.00110034   
  192     0.00075249   
  193     0.00015419   
  194     0.00002379   
  195     0.00004159   
  196     0.00002682   
  197     0.00012719   
  198     0.00001697   
  199     0.00005055   
  200     0.00006134   
  201     0.00002665   
  202     0.00003731   
  203     0.00087271   
  204     0.00008324   
  205     0.00031517   
  206     0.00036312   
  207     0.00036613   
  208     0.00144278   
  209     0.00030874   
  210     0.00109568   
  211     0.00033399   
  212     0.00123223   
  213     0.00052567   
  214     0.00089563   
  215     0.00077044   
  216     0.00491981   
  217     0.00025130   
  218     0.00025051   
  219     0.00004493   
  220     0.00128934   
  221     0.00100246   
  222     0.00061637   
  223     0.00060668   
  224     0.00438552   
  225     0.00073558   
  226     0.00764269   
  227     0.00390196   
  228     0.00080550   
  229     0.00010713   
  230     0.00004128   
  231     0.00023024   
  232     0.00020567   
  233     0.00026364   
  234     0.00027351   
  235     0.00028121   
  236     0.00072492   
  237     0.00103103   
  238     0.00053000   
  239     0.00080583   
  240     0.00138072   
  241     0.00019248   
  242     0.00054649   
  243     0.00228117   
  244     0.00054374   
  245     0.00166061   
  246     0.00192503   
  247     0.00072379   
  248     0.00067395   
  249     0.00054198   
  250     0.00099599   
  251     0.00100154   
  252     0.00010110   
  253     0.00016481   
  254     0.00001599   
  255     0.00051264   
  256     0.00073122   
  257     0.00039173   
  258     0.00087678   
  259     0.00023352   
  260     0.00018596   
  261     0.00030018   
  262     0.00071690   
  263     0.00088304   
  264     0.00151424   
  265     0.00172805   
  266     0.00472910   
  267     0.00242477   
  268     0.00298058   
  269     0.00035339   
  270     0.00035451   
  271     0.00026904   
  272     0.00041230   
  273     0.00028519   
  274     0.00013509   
  275     0.00032984   
  276     0.00039526   
  277     0.00008068   
  278     0.00052183   
  279     0.00050868   
  280     0.00039164   
  281     0.00065287   
  282     0.00241176   
  283     0.00050030   
  284     0.00090942   
  285     0.00052478   
  286     0.00068533   
  287     0.00032859   
  288     0.00034976   
  289     0.00071870   
  290     0.00014064   
  291     0.00159794   
  292     0.00022906   
  293     0.00023830   
  294     0.00098806   
  295     0.00010055   
  296     0.00002221   
  297     0.00304529   
  298     0.00023125   
  299     0.00042031   
  300     0.00036298   
  301     0.00098978   
  302     0.00024734   
  303     0.00552055   
  304     0.00109712   
  305     0.00125783   
  306     0.00024164   
  307     0.00019339   
  308     0.00018571   
  309     0.00003701   
  310     0.00072276   
  311     0.00009089   
  312     0.00017751   
  313     0.00005554   
  314     0.00003833   
  315     0.00002036   
  316     0.00006445   
  317     0.00018186   
  318     0.00012853   
  319     0.00027533   
  320     0.00055252   
  321     0.00063334   
  322     0.00183586   
  323     0.00117006   
  324     0.00066460   
  325     0.00067672   
  326     0.00375060   
  327     0.00070695   
  328     0.00094032   
  329     0.00040249   
  330     0.00016747   
  331     0.00004637   
  332     0.00000811   
  333     0.00004646   
  334     0.00000315   
  335     0.00000503   
  336     0.00002160   
  337     0.00004505   
  338     0.00004164   
  339     0.00001296   
  340     0.00005400   
  341     0.00011870   
  342     0.00006534   
  343     0.00016713   
  344     0.00029819   
  345     0.00033178   
  346     0.00098198   
  347     0.00124984   
  348     0.00132909   
  349     0.00005231   
  350     0.00224156   
  351     0.00033934   
  352     0.00120844   
  353     0.00204586   
  354     0.00022546   
  355     0.00012274   
  356     0.00001821   
  357     0.00002514   
  358     0.00020552   
  359     0.00033968   
  360     0.00095881   
  361     0.00051470   
  362     0.00034956   
  363     0.00006916   
  364     0.00004855   
  365     0.00280705   
  366     0.00189911   
  367     0.00013061   
  368     0.00014078   
  369     0.00003744   
  370     0.00004214   
  371     0.00019450   
  372     0.00022882   
  373     0.00016155   
  374     0.00024296   
  375     0.00083252   
  376     0.00433400   
    1     0.00043603   
    2     0.00019198   
    3     0.00005368   
    4     0.00003006   
    5     0.00008076   
    6     0.00011883   
    7     0.00010584   
    8     0.00002466   
    9     0.00007224   
   10     0.00015356   
   11     0.00003662   
   12     0.00000891   
   13     0.00002603   
   14     0.00004952   
   15     0.00011994   
   16     0.00000510   
   17     0.00002595   
   18     0.00005820   
   19     0.00000938   
   20     0.00001108   
   21     0.00011932   
   22     0.00028085   
   23     0.00013908   
   24     0.00016893   
   25     0.00034154   
   26     0.00085313   
   27     0.00030244   
   28     0.00056857   
   29     0.00036591   
   30     0.00048104   
   31     0.00006554   
   32     0.00038052   
   33     0.00076604   
   34     0.00022613   
   35     0.00038763   
   36     0.00028404   
   37     0.00043001   
   38     0.00093797   
   39     0.00020790   
   40     0.00004043   
   41     0.00005101   
   42     0.00009446   
   43     0.00031717   
   44     0.00036794   
   45     0.00025861   
   46     0.00049330   
   47     0.00039879   
   48     0.00024271   
   49     0.00059132   
   50     0.00067162   
   51     0.00089676   
   52     0.00021696   
   53     0.00022746   
   54     0.00043067   
   55     0.00065094   
   56     0.00061004   
   57     0.00033481   
   58     0.00031409   
   59     0.00040752   
   60     0.00015757   
   61     0.00182678   
   62     0.00068067   
   63     0.00023148   
   64     0.00017402   
   65     0.00048071   
   66     0.00020997   
   67     0.00009430   
   68     0.00002441   
   69     0.00010675   
   70     0.00001719   
   71     0.00001261   
   72     0.00007004   
   73     0.00010816   
   74     0.00028120   
   75     0.00005626   
   76     0.00068377   
   77     0.00043330   
   78     0.00101311   
   79     0.00144796   
   80     0.00073592   
   81     0.00017977   
   82     0.00009898   
   83     0.00041290   
   84     0.00163299   
   85     0.00083472   
   86     0.00107673   
   87     0.00040108   
   88     0.00020147   
   89     0.00023848   
   90     0.00034345   
   91     0.00030641   
   92     0.00077934   
   93     0.00018233   
   94     0.00081700   
   95     0.00029287   
   96     0.00071483   
   97     0.00078757   
   98     0.00028629   
   99     0.00049288   
  100     0.00029330   
  101     0.00035646   
  102     0.00033948   
  103     0.00017483   
  104     0.00022810   
  105     0.00107610   
  106     0.00026148   
  107     0.00024634   
  108     0.00043148   
  109     0.00142621   
  110     0.00060391   
  111     0.00018961   
  112     0.00046733   
  113     0.00054188   
  114     0.00060957   
  115     0.00167534   
  116     0.00110729   
  117     0.00261915   
  118     0.00109038   
  119     0.00053960   
  120     0.00015656   
  121     0.00040871   
  122     0.00031146   
  123     0.00009286   
  124     0.00005937   
  125     0.00014970   
  126     0.00005599   
  127     0.00005315   
  128     0.00005428   
  129     0.00027985   
  130     0.00005366   
  131     0.00001183   
  132     0.00011971   
  133     0.00005778   
  134     0.00003816   
  135     0.00005122   
  136     0.00018099   
  137     0.00011086   
  138     0.00036093   
  139     0.00014115   
  140     0.00134915   
  141     0.00016760   
  142     0.00032386   
  143     0.00064291   
  144     0.00022658   
  145     0.00012078   
  146     0.00010230   
  147     0.00030304   
  148     0.00027755   
  149     0.00015759   
  150     0.00041740   
  151     0.00008248   
  152     0.00005830   
  153     0.00012865   
  154     0.00003022   
  155     0.00001934   
  156     0.00008365   
  157     0.00022712   
  158     0.00013564   
  159     0.00012246   
  160     0.00006828   
  161     0.00011419   
  162     0.00002939   
  163     0.00014488   
  164     0.00013741   
  165     0.00013104   
  166     0.00022238   
  167     0.00068549   
  168     0.00044893   
  169     0.00029200   
  170     0.00034840   
  171     0.00027030   
  172     0.00051658   
  173     0.00008321   
  174     0.00024803   
  175     0.00007250   
  176     0.00005283   
  177     0.00081031   
  178     0.00086831   
  179     0.00008350   
  180     0.00059617   
  181     0.00062677   
  182     0.00014576   
  183     0.00013769   
  184     0.00010770   
  185     0.00005128   
  186     0.00011723   
  187     0.00000521   
  188     0.00011001   
  189     0.00076790   
  190     0.00025295   
  191     0.00023484   
  192     0.00013129   
  193     0.00019399   
  194     0.00007585   
  195     0.00007813   
  196     0.00003238   
  197     0.00012615   
  198     0.00001831   
  199     0.00002707   
  200     0.00002706   
  201     0.00000918   
  202     0.00006314   
  203     0.00005817   
  204     0.00002269   
  205     0.00021074   
  206     0.00008947   
  207     0.00016625   
  208     0.00007086   
  209     0.00018811   
  210     0.00058598   
  211     0.00021586   
  212     0.00009650   
  213     0.00010036   
  214     0.00010594   
  215     0.00004833   
  216     0.00014046   
  217     0.00063566   
  218     0.00017934   
  219     0.00019454   
  220     0.00044412   
  221     0.00036425   
  222     0.00002259   
  223     0.00005499   
  224     0.00050519   
  225     0.00015368   
  226     0.00092717   
  227     0.00024264   
  228     0.00050736   
  229     0.00235783   
  230     0.00045237   
  231     0.00101200   
  232     0.00103422   
  233     0.00091517   
  234     0.00036941   
  235     0.00075027   
  236     0.00085961   
  237     0.00088989   
  238     0.00027424   
  239     0.00073566   
  240     0.00076681   
  241     0.00069032   
  242     0.00052178   
  243     0.00127545   
  244     0.00092631   
  245     0.00088241   
  246     0.00010178   
  247     0.00032147   
  248     0.00031059   
  249     0.00019655   
  250     0.00033517   
  251     0.00040678   
  252     0.00021211   
  253     0.00021460   
  254     0.00002375   
  255     0.00074574   
  256     0.00061553   
  257     0.00058574   
  258     0.00028080   
  259     0.00002188   
  260     0.00001911   
  261     0.00004126   
  262     0.00003993   
  263     0.00007834   
  264     0.00020141   
  265     0.00055402   
  266     0.00153678   
  267     0.00061228   
  268     0.00011239   
  269     0.00023437   
  270     0.00071744   
  271     0.00042893   
  272     0.00013331   
  273     0.00020372   
  274     0.00033493   
  275     0.00021799   
  276     0.00007300   
  277     0.00005414   
  278     0.00006183   
  279     0.00010992   
  280     0.00109492   
  281     0.00146144   
  282     0.00071279   
  283     0.00019930   
  284     0.00027094   
  285     0.00004195   
  286     0.00007421   
  287     0.00002147   
  288     0.00024797   
  289     0.00008704   
  290     0.00013712   
  291     0.00041531   
  292     0.00008425   
  293     0.00027839   
  294     0.00009372   
  295     0.00008106   
  296     0.00019947   
  297     0.00031909   
  298     0.00021722   
  299     0.00081614   
  300     0.00077751   
  301     0.00058948   
  302     0.00093960   
  303     0.00092918   
  304     0.00077085   
  305     0.00040081   
  306     0.00026778   
  307     0.00017713   
  308     0.00031626   
  309     0.00021741   
  310     0.00018580   
  311     0.00043742   
  312     0.00025805   
  313     0.00018972   
  314     0.00001415   
  315     0.00004443   
  316     0.00007712   
  317     0.00005270   
  318     0.00014174   
  319     0.00005643   
  320     0.00019426   
  321     0.00018648   
  322     0.00033415   
  323     0.00015604   
  324     0.00046068   
  325     0.00099740   
  326     0.00064300   
  327     0.00053812   
  328     0.00035584   
  329     0.00052216   
  330     0.00107924   
  331     0.00014130   
  332     0.00043574   
  333     0.00024716   
  334     0.00032035   
  335     0.00008085   
  336     0.00004160   
  337     0.00009084   
  338     0.00040998   
  339     0.00001606   
  340     0.00006213   
  341     0.00027027   
  342     0.00016172   
  343     0.00023454   
  344     0.00019321   
  345     0.00029455   
  346     0.00068082   
  347     0.00045328   
  348     0.00051791   
  349     0.00063401   
  350     0.00007864   
  351     0.00035938   
  352     0.00042282   
  353     0.00021794   
  354     0.00004596   
  355     0.00001403   
  356     0.00000293   
  357     0.00000424   
  358     0.00000410   
  359     0.00008552   
  360     0.00005132   
  361     0.00006314   
  362     0.00000529   
  363     0.00000045   
  364     0.00000067   
  365     0.00003868   
  366     0.00002312   
  367     0.00001546   
  368     0.00001189   
  369     0.00000204   
  370     0.00000363   
  371     0.00000230   
  372     0.00000197   
  373     0.00000720   
  374     0.00000111   
  375     0.00001715   
  376     0.00031424   
