    1     0.00000051   
    2     0.00000305   
    3     0.00000460   
    4     0.00001721   
    5     0.00003344   
    6     0.00001683   
    7     0.00001529   
    8     0.00001402   
    9     0.00003961   
   10     0.00002903   
   11     0.00001884   
   12     0.00005314   
   13     0.00003887   
   14     0.00002643   
   15     0.00002637   
   16     0.00003299   
   17     0.00002483   
   18     0.00003387   
   19     0.00001961   
   20     0.00000045   
   21     0.00000028   
   22     0.00000022   
   23     0.00000023   
   24     0.00001211   
   25     0.00000671   
   26     0.00002143   
   27     0.00003724   
   28     0.00002746   
   29     0.00005892   
   30     0.00000740   
   31     0.00010034   
   32     0.00001783   
   33     0.00006426   
   34     0.00002499   
   35     0.00003517   
   36     0.00023573   
   37     0.00014138   
   38     0.00011254   
   39     0.00013270   
   40     0.00033627   
   41     0.00019309   
   42     0.00205684   
   43     0.00174036   
   44     0.00502068   
   45     0.00608260   
   46     0.00431251   
   47     0.00322686   
   48     0.00417605   
   49     0.00258863   
   50     0.00065561   
   51     0.00031806   
   52     0.00010691   
   53     0.00014722   
   54     0.00019621   
   55     0.00021062   
   56     0.00011237   
   57     0.00002132   
   58     0.00006284   
   59     0.00017561   
   60     0.00003965   
   61     0.00074243   
   62     0.00017407   
   63     0.00013591   
   64     0.00154577   
   65     0.00017756   
   66     0.00020296   
   67     0.00006947   
   68     0.00005239   
   69     0.00002127   
   70     0.00002161   
   71     0.00001838   
   72     0.00002882   
   73     0.00002772   
   74     0.00003112   
   75     0.00035178   
   76     0.00041170   
   77     0.00009501   
   78     0.00001410   
   79     0.00014888   
   80     0.00000447   
   81     0.00002931   
   82     0.00005013   
   83     0.00002752   
   84     0.00000314   
   85     0.00008475   
   86     0.00004484   
   87     0.00001675   
   88     0.00003544   
   89     0.00005872   
   90     0.00006875   
   91     0.00009294   
   92     0.00011495   
   93     0.00012445   
   94     0.00007259   
   95     0.00008911   
   96     0.00004687   
   97     0.00000077   
   98     0.00001050   
   99     0.00001714   
  100     0.00002954   
  101     0.00011117   
  102     0.00017543   
  103     0.00018416   
  104     0.00050014   
  105     0.00019390   
  106     0.00104843   
  107     0.00008341   
  108     0.00005546   
  109     0.00008463   
  110     0.00021804   
  111     0.00003848   
  112     0.00002700   
  113     0.00004673   
  114     0.00006452   
  115     0.00008875   
  116     0.00005925   
  117     0.00007296   
  118     0.00181128   
  119     0.00020339   
  120     0.00013101   
  121     0.00101192   
  122     0.00014726   
  123     0.00004126   
  124     0.00009260   
  125     0.00000653   
  126     0.00000558   
  127     0.00001848   
  128     0.00000114   
  129     0.00000043   
  130     0.00000015   
  131     0.00000019   
  132     0.00000035   
  133     0.00000109   
  134     0.00000252   
  135     0.00001054   
  136     0.00000562   
  137     0.00000989   
  138     0.00003864   
  139     0.00002785   
  140     0.00007395   
  141     0.00003419   
  142     0.00003062   
  143     0.00007758   
  144     0.00006059   
  145     0.00010686   
  146     0.00021067   
  147     0.00068655   
  148     0.00027484   
  149     0.00008741   
  150     0.00007378   
  151     0.00016763   
  152     0.00006325   
  153     0.00004014   
  154     0.00003251   
  155     0.00006212   
  156     0.00002253   
  157     0.00001926   
  158     0.00004708   
  159     0.00001176   
  160     0.00006189   
  161     0.00015206   
  162     0.00002450   
  163     0.00004736   
  164     0.00001479   
  165     0.00002481   
  166     0.00016874   
  167     0.00007491   
  168     0.00004853   
  169     0.00004157   
  170     0.00002185   
  171     0.00002564   
  172     0.00002327   
  173     0.00003322   
  174     0.00001108   
  175     0.00001799   
  176     0.00001371   
  177     0.00002745   
  178     0.00001159   
  179     0.00001278   
  180     0.00001488   
  181     0.00001108   
  182     0.00000153   
  183     0.00000809   
  184     0.00000972   
  185     0.00002225   
  186     0.00000155   
  187     0.00000454   
  188     0.00000734   
  189     0.00000962   
  190     0.00000622   
  191     0.00003031   
  192     0.00001078   
  193     0.00003182   
  194     0.00000360   
  195     0.00000181   
  196     0.00000355   
  197     0.00001602   
  198     0.00000789   
  199     0.00001168   
  200     0.00000665   
  201     0.00000567   
  202     0.00001806   
  203     0.00002283   
  204     0.00007683   
  205     0.00002202   
  206     0.00001514   
  207     0.00001266   
  208     0.00000908   
  209     0.00000498   
  210     0.00005199   
  211     0.00000094   
  212     0.00000539   
  213     0.00007624   
  214     0.00002614   
  215     0.00001578   
  216     0.00002214   
  217     0.00004162   
  218     0.00002614   
  219     0.00005018   
  220     0.00008830   
  221     0.00008146   
  222     0.00011192   
  223     0.00005823   
  224     0.00002157   
  225     0.00002316   
  226     0.00007870   
  227     0.00002359   
  228     0.00002202   
  229     0.00000962   
  230     0.00003256   
  231     0.00005607   
  232     0.00003764   
  233     0.00000616   
  234     0.00000359   
  235     0.00001582   
  236     0.00002050   
  237     0.00001566   
  238     0.00000536   
  239     0.00002506   
  240     0.00001098   
  241     0.00000749   
  242     0.00000410   
  243     0.00000062   
  244     0.00000676   
  245     0.00000131   
  246     0.00000192   
  247     0.00000273   
  248     0.00000211   
  249     0.00000105   
  250     0.00000169   
  251     0.00000164   
  252     0.00000483   
  253     0.00000474   
  254     0.00000093   
  255     0.00000282   
  256     0.00003796   
  257     0.00004047   
  258     0.00000636   
  259     0.00002311   
  260     0.00005162   
  261     0.00012025   
  262     0.00002012   
  263     0.00001963   
  264     0.00013664   
  265     0.00002029   
  266     0.00001454   
  267     0.00000469   
  268     0.00000200   
  269     0.00000627   
  270     0.00000501   
  271     0.00000638   
  272     0.00000115   
  273     0.00000344   
  274     0.00001197   
  275     0.00000144   
  276     0.00000072   
  277     0.00000102   
  278     0.00000037   
  279     0.00000214   
  280     0.00000194   
  281     0.00000431   
  282     0.00000127   
  283     0.00000701   
  284     0.00000321   
  285     0.00000409   
  286     0.00000752   
  287     0.00000353   
  288     0.00000080   
  289     0.00000082   
  290     0.00000033   
  291     0.00000099   
  292     0.00000143   
  293     0.00000419   
  294     0.00000542   
  295     0.00000348   
  296     0.00001292   
  297     0.00000218   
  298     0.00000791   
  299     0.00000302   
  300     0.00000875   
  301     0.00000145   
  302     0.00000219   
  303     0.00000182   
  304     0.00000561   
  305     0.00001594   
  306     0.00000475   
  307     0.00000522   
  308     0.00004103   
  309     0.00004591   
  310     0.00002735   
  311     0.00001962   
  312     0.00003052   
  313     0.00002552   
  314     0.00005836   
  315     0.00002605   
  316     0.00003536   
  317     0.00005498   
  318     0.00011017   
  319     0.00011746   
  320     0.00044196   
  321     0.00026247   
  322     0.00405520   
  323     0.00023822   
  324     0.00022631   
  325     0.00002273   
  326     0.00008533   
  327     0.00006015   
  328     0.00000308   
  329     0.00002325   
  330     0.00000501   
  331     0.00002575   
  332     0.00000602   
  333     0.00000481   
  334     0.00001729   
  335     0.00000191   
  336     0.00000237   
  337     0.00000252   
  338     0.00000525   
  339     0.00000873   
  340     0.00000945   
  341     0.00001183   
  342     0.00001166   
  343     0.00000998   
  344     0.00000351   
  345     0.00001167   
  346     0.00000951   
  347     0.00000372   
  348     0.00000659   
  349     0.00000718   
  350     0.00000267   
  351     0.00000447   
  352     0.00001432   
  353     0.00000838   
  354     0.00000179   
  355     0.00000356   
  356     0.00005700   
  357     0.00001264   
  358     0.00000272   
  359     0.00000076   
  360     0.00000112   
  361     0.00000070   
  362     0.00000036   
  363     0.00000020   
  364     0.00000027   
  365     0.00000767   
  366     0.00000129   
  367     0.00000639   
  368     0.00001528   
  369     0.00002035   
  370     0.00001569   
  371     0.00001514   
  372     0.00001201   
  373     0.00002140   
  374     0.00000923   
  375     0.00002039   
  376     0.00002543   
  377     0.00001801   
  378     0.00007750   
  379     0.00005020   
  380     0.00003406   
  381     0.00002447   
  382     0.00005863   
  383     0.00001279   
  384     0.00000343   
  385     0.00000827   
  386     0.00000563   
  387     0.00000869   
  388     0.00001376   
  389     0.00003174   
  390     0.00006169   
  391     0.00003116   
  392     0.00004474   
  393     0.00005069   
  394     0.00005800   
  395     0.00016046   
  396     0.00007504   
  397     0.00073642   
  398     0.00014091   
  399     0.00016383   
  400     0.00007010   
  401     0.00010163   
  402     0.00005109   
  403     0.00004217   
  404     0.00000327   
  405     0.00000384   
  406     0.00000560   
  407     0.00046293   
  408     0.00040134   
  409     0.00023882   
  410     0.00057606   
  411     0.00006887   
  412     0.00012485   
  413     0.00007643   
  414     0.00022481   
  415     0.00005291   
  416     0.00005278   
  417     0.00006811   
  418     0.00007624   
  419     0.00009604   
  420     0.00010044   
  421     0.00011470   
  422     0.00007912   
  423     0.00009610   
  424     0.00001979   
  425     0.00001534   
  426     0.00000500   
  427     0.00000539   
  428     0.00000358   
  429     0.00000313   
  430     0.00000020   
  431     0.00000077   
  432     0.00000114   
  433     0.00000233   
  434     0.00000353   
  435     0.00000363   
  436     0.00000489   
  437     0.00000392   
  438     0.00007202   
  439     0.00006182   
  440     0.00008227   
  441     0.00015029   
  442     0.00057974   
  443     0.00100595   
  444     0.00250547   
  445     0.00156042   
  446     0.00043409   
  447     0.00020339   
  448     0.00029010   
  449     0.00003127   
  450     0.00005861   
  451     0.00032797   
  452     0.00113766   
  453     0.00041901   
  454     0.00009214   
  455     0.00002578   
  456     0.00002895   
  457     0.00004890   
  458     0.00001221   
  459     0.00001825   
  460     0.00000468   
  461     0.00000325   
  462     0.00000837   
  463     0.00000417   
  464     0.00000366   
  465     0.00001589   
  466     0.00000256   
  467     0.00000295   
  468     0.00000530   
  469     0.00000908   
  470     0.00000928   
  471     0.00000683   
  472     0.00000420   
  473     0.00002219   
  474     0.00000472   
  475     0.00002079   
  476     0.00004219   
  477     0.00003341   
  478     0.00005101   
  479     0.00005301   
  480     0.00011193   
  481     0.00010901   
  482     0.00009168   
  483     0.00007746   
  484     0.00007827   
  485     0.00002230   
  486     0.00000549   
  487     0.00000287   
  488     0.00000287   
  489     0.00000072   
  490     0.00000162   
  491     0.00000218   
  492     0.00000069   
  493     0.00000011   
  494     0.00000036   
  495     0.00000024   
  496     0.00000050   
  497     0.00000365   
  498     0.00000154   
  499     0.00000088   
  500     0.00000207   
  501     0.00002275   
  502     0.00000351   
  503     0.00001062   
  504     0.00012930   
  505     0.00012351   
  506     0.00002769   
  507     0.00002091   
  508     0.00001530   
  509     0.00000114   
  510     0.00000190   
  511     0.00000113   
  512     0.00001601   
  513     0.00001218   
  514     0.00000664   
  515     0.00014508   
  516     0.00022107   
  517     0.00034469   
  518     0.00093973   
  519     0.00219224   
  520     0.00189681   
  521     0.00542396   
  522     0.00431924   
  523     0.01263414   
  524     0.00655768   
  525     0.00997278   
  526     0.01635596   
  527     0.00628046   
  528     0.01665885   
  529     0.00662208   
  530     0.01147164   
  531     0.00697487   
  532     0.00225727   
  533     0.00403444   
  534     0.00159920   
  535     0.00100869   
  536     0.00126709   
  537     0.00107475   
  538     0.00037599   
  539     0.00020788   
  540     0.00016608   
  541     0.00021291   
  542     0.00019320   
  543     0.00009170   
  544     0.00002932   
  545     0.00006384   
  546     0.00015309   
  547     0.00002202   
  548     0.00000593   
  549     0.00005037   
  550     0.00004366   
  551     0.00000322   
  552     0.00000458   
  553     0.00001465   
  554     0.00001235   
  555     0.00000406   
  556     0.00000200   
  557     0.00001677   
  558     0.00000849   
  559     0.00000242   
  560     0.00000419   
  561     0.00000596   
  562     0.00002748   
  563     0.00000312   
  564     0.00000345   
  565     0.00003083   
  566     0.00002704   
  567     0.00000890   
  568     0.00001012   
  569     0.00004883   
  570     0.00001835   
  571     0.00001949   
  572     0.00004427   
  573     0.00003273   
  574     0.00000701   
  575     0.00008082   
  576     0.00024675   
  577     0.00004697   
  578     0.00001610   
  579     0.00258273   
  580     0.00004024   
  581     0.00257125   
  582     0.00001538   
  583     0.00005385   
  584     0.00019226   
  585     0.00006754   
  586     0.00004396   
  587     0.00001944   
  588     0.00012147   
  589     0.00000377   
  590     0.00001120   
  591     0.00004772   
  592     0.00002883   
  593     0.00000671   
  594     0.00000870   
  595     0.00000863   
  596     0.00000418   
  597     0.00000740   
  598     0.00004067   
  599     0.00000548   
  600     0.00000377   
  601     0.00000689   
  602     0.00001350   
  603     0.00000332   
  604     0.00000533   
  605     0.00000189   
    1     0.00005478   
    2     0.00001356   
    3     0.00000449   
    4     0.00000288   
    5     0.00001161   
    6     0.00004711   
    7     0.00004051   
    8     0.00000721   
    9     0.00001968   
   10     0.00002889   
   11     0.00002278   
   12     0.00001581   
   13     0.00000684   
   14     0.00003337   
   15     0.00007478   
   16     0.00000582   
   17     0.00000335   
   18     0.00000942   
   19     0.00000497   
   20     0.00000840   
   21     0.00007681   
   22     0.00006690   
   23     0.00001790   
   24     0.00002444   
   25     0.00007207   
   26     0.00002318   
   27     0.00002153   
   28     0.00003252   
   29     0.00003948   
   30     0.00002961   
   31     0.00001663   
   32     0.00004412   
   33     0.00003806   
   34     0.00001548   
   35     0.00000175   
   36     0.00001659   
   37     0.00002065   
   38     0.00001128   
   39     0.00001138   
   40     0.00000766   
   41     0.00001100   
   42     0.00001052   
   43     0.00003418   
   44     0.00001209   
   45     0.00001646   
   46     0.00003309   
   47     0.00008483   
   48     0.00009356   
   49     0.00007586   
   50     0.00011485   
   51     0.00011520   
   52     0.00005307   
   53     0.00007830   
   54     0.00011425   
   55     0.00015566   
   56     0.00043277   
   57     0.00016379   
   58     0.00011677   
   59     0.00026355   
   60     0.00012993   
   61     0.00163612   
   62     0.00047991   
   63     0.00019680   
   64     0.00002702   
   65     0.00006565   
   66     0.00008205   
   67     0.00003033   
   68     0.00000999   
   69     0.00001258   
   70     0.00001166   
   71     0.00000182   
   72     0.00006816   
   73     0.00004048   
   74     0.00005466   
   75     0.00005655   
   76     0.00017760   
   77     0.00017158   
   78     0.00010594   
   79     0.00064191   
   80     0.00140338   
   81     0.00016746   
   82     0.00007665   
   83     0.00031664   
   84     0.00097833   
   85     0.00033930   
   86     0.00047735   
   87     0.00012911   
   88     0.00013822   
   89     0.00019622   
   90     0.00016483   
   91     0.00002326   
   92     0.00005572   
   93     0.00003202   
   94     0.00009287   
   95     0.00004393   
   96     0.00002670   
   97     0.00008611   
   98     0.00006855   
   99     0.00003396   
  100     0.00017460   
  101     0.00014392   
  102     0.00010944   
  103     0.00017060   
  104     0.00052743   
  105     0.00048536   
  106     0.00017303   
  107     0.00078132   
  108     0.00029014   
  109     0.00011637   
  110     0.00024991   
  111     0.00024645   
  112     0.00062086   
  113     0.00226151   
  114     0.00145712   
  115     0.00409067   
  116     0.00502510   
  117     0.00365583   
  118     0.00693028   
  119     0.01161515   
  120     0.00261791   
  121     0.01673837   
  122     0.00740881   
  123     0.00222514   
  124     0.00111986   
  125     0.00068008   
  126     0.00218312   
  127     0.00295087   
  128     0.00138123   
  129     0.00252143   
  130     0.00250627   
  131     0.00101580   
  132     0.00299118   
  133     0.00114265   
  134     0.00149287   
  135     0.00058271   
  136     0.01683713   
  137     0.00144770   
  138     0.00749181   
  139     0.00310220   
  140     0.00492840   
  141     0.00302890   
  142     0.00969251   
  143     0.00108063   
  144     0.00058280   
  145     0.00011345   
  146     0.00008971   
  147     0.00017796   
  148     0.00166325   
  149     0.00078712   
  150     0.00018120   
  151     0.00007370   
  152     0.00003287   
  153     0.00004867   
  154     0.00003127   
  155     0.00001969   
  156     0.00003245   
  157     0.00011445   
  158     0.00006081   
  159     0.00006379   
  160     0.00003257   
  161     0.00002640   
  162     0.00000297   
  163     0.00003667   
  164     0.00001743   
  165     0.00002678   
  166     0.00003127   
  167     0.00010004   
  168     0.00018196   
  169     0.00027208   
  170     0.00016186   
  171     0.00019048   
  172     0.00012851   
  173     0.00000808   
  174     0.00000985   
  175     0.00000289   
  176     0.00000547   
  177     0.00000587   
  178     0.00002523   
  179     0.00005186   
  180     0.00017871   
  181     0.00005759   
  182     0.00007004   
  183     0.00009875   
  184     0.00009914   
  185     0.00006999   
  186     0.00039313   
  187     0.00026960   
  188     0.00009561   
  189     0.00024255   
  190     0.00017219   
  191     0.00008240   
  192     0.00011779   
  193     0.00020333   
  194     0.00002959   
  195     0.00003355   
  196     0.00002851   
  197     0.00011242   
  198     0.00003917   
  199     0.00026907   
  200     0.00011184   
  201     0.00007628   
  202     0.00007608   
  203     0.00096039   
  204     0.00030900   
  205     0.00215405   
  206     0.00279723   
  207     0.00654898   
  208     0.01404908   
  209     0.00726432   
  210     0.00530769   
  211     0.00525428   
  212     0.00581566   
  213     0.00317513   
  214     0.00624843   
  215     0.01133367   
  216     0.00960500   
  217     0.00250777   
  218     0.00610071   
  219     0.00089844   
  220     0.00035960   
  221     0.00195059   
  222     0.00225739   
  223     0.00336699   
  224     0.00063399   
  225     0.01202946   
  226     0.01213445   
  227     0.02008650   
  228     0.01065375   
  229     0.00459051   
  230     0.00075817   
  231     0.00382618   
  232     0.00217770   
  233     0.00161168   
  234     0.00360695   
  235     0.00105854   
  236     0.00219975   
  237     0.00096216   
  238     0.00063593   
  239     0.00167290   
  240     0.00203054   
  241     0.00176235   
  242     0.00399592   
  243     0.00369716   
  244     0.00688169   
  245     0.00318834   
  246     0.01294873   
  247     0.00757920   
  248     0.00217282   
  249     0.00414483   
  250     0.00590604   
  251     0.00561724   
  252     0.00054028   
  253     0.00312245   
  254     0.00001254   
  255     0.00302393   
  256     0.00103955   
  257     0.00103305   
  258     0.00253413   
  259     0.00065093   
  260     0.00026475   
  261     0.00143080   
  262     0.00165869   
  263     0.00043403   
  264     0.00198908   
  265     0.00078199   
  266     0.00171969   
  267     0.00125694   
  268     0.00374497   
  269     0.00058982   
  270     0.00092149   
  271     0.00015575   
  272     0.00013298   
  273     0.00029824   
  274     0.00020429   
  275     0.00025774   
  276     0.00015443   
  277     0.00021261   
  278     0.00078323   
  279     0.00103097   
  280     0.00082682   
  281     0.00068691   
  282     0.00590135   
  283     0.00233094   
  284     0.00315203   
  285     0.00075507   
  286     0.00464595   
  287     0.00117209   
  288     0.00254650   
  289     0.00267994   
  290     0.00216579   
  291     0.00273308   
  292     0.00080216   
  293     0.00066508   
  294     0.00056999   
  295     0.00020483   
  296     0.00023525   
  297     0.00056386   
  298     0.00028982   
  299     0.00035639   
  300     0.00071549   
  301     0.00073732   
  302     0.00163786   
  303     0.00162900   
  304     0.00173290   
  305     0.00282670   
  306     0.00108498   
  307     0.00070086   
  308     0.00112266   
  309     0.00091972   
  310     0.00170969   
  311     0.00169806   
  312     0.00271034   
  313     0.00072445   
  314     0.00008690   
  315     0.00001396   
  316     0.00093278   
  317     0.00060550   
  318     0.00033073   
  319     0.00073156   
  320     0.00137952   
  321     0.00039525   
  322     0.00162046   
  323     0.00017212   
  324     0.00146815   
  325     0.00120425   
  326     0.00075925   
  327     0.00032937   
  328     0.00023488   
  329     0.00021171   
  330     0.00021969   
  331     0.00016009   
  332     0.00002790   
  333     0.00004512   
  334     0.00000038   
  335     0.00000212   
  336     0.00002690   
  337     0.00005441   
  338     0.00000926   
  339     0.00000986   
  340     0.00003539   
  341     0.00005222   
  342     0.00000608   
  343     0.00002000   
  344     0.00005069   
  345     0.00016270   
  346     0.00000752   
  347     0.00002468   
  348     0.00002890   
  349     0.00000315   
  350     0.00000940   
  351     0.00001307   
  352     0.00000843   
  353     0.00004268   
  354     0.00000919   
  355     0.00000175   
  356     0.00000250   
  357     0.00000145   
  358     0.00000090   
  359     0.00000395   
  360     0.00001292   
  361     0.00001394   
  362     0.00000453   
  363     0.00000055   
  364     0.00000063   
  365     0.00004173   
  366     0.00001625   
  367     0.00000603   
  368     0.00000371   
  369     0.00000243   
  370     0.00000178   
  371     0.00000274   
  372     0.00000374   
  373     0.00000300   
  374     0.00000353   
  375     0.00001434   
  376     0.00005946   
    1     0.00028153   
    2     0.00003130   
    3     0.00000333   
    4     0.00000062   
    5     0.00000274   
    6     0.00002828   
    7     0.00002262   
    8     0.00000343   
    9     0.00000508   
   10     0.00002914   
   11     0.00002026   
   12     0.00001757   
   13     0.00001005   
   14     0.00008844   
   15     0.00002009   
   16     0.00000183   
   17     0.00000589   
   18     0.00000689   
   19     0.00000072   
   20     0.00000211   
   21     0.00002452   
   22     0.00000996   
   23     0.00003712   
   24     0.00000757   
   25     0.00003243   
   26     0.00006346   
   27     0.00002535   
   28     0.00003767   
   29     0.00003614   
   30     0.00001905   
   31     0.00000326   
   32     0.00001408   
   33     0.00019522   
   34     0.00011652   
   35     0.00011599   
   36     0.00020257   
   37     0.00011379   
   38     0.00013241   
   39     0.00002935   
   40     0.00000484   
   41     0.00000701   
   42     0.00001289   
   43     0.00005939   
   44     0.00014171   
   45     0.00003072   
   46     0.00010415   
   47     0.00012062   
   48     0.00018795   
   49     0.00025143   
   50     0.00004805   
   51     0.00009554   
   52     0.00007507   
   53     0.00008960   
   54     0.00007591   
   55     0.00008240   
   56     0.00026711   
   57     0.00007347   
   58     0.00001969   
   59     0.00003183   
   60     0.00002042   
   61     0.00028442   
   62     0.00021515   
   63     0.00003253   
   64     0.00002012   
   65     0.00028842   
   66     0.00003392   
   67     0.00010134   
   68     0.00003097   
   69     0.00001301   
   70     0.00000791   
   71     0.00000024   
   72     0.00006180   
   73     0.00001289   
   74     0.00014040   
   75     0.00012572   
   76     0.00031197   
   77     0.00032081   
   78     0.00020240   
   79     0.00036479   
   80     0.00026505   
   81     0.00046772   
   82     0.00019565   
   83     0.00020880   
   84     0.00067731   
   85     0.00023378   
   86     0.00015782   
   87     0.00009122   
   88     0.00019338   
   89     0.00007292   
   90     0.00039389   
   91     0.00014961   
   92     0.00006767   
   93     0.00005503   
   94     0.00019258   
   95     0.00019452   
   96     0.00021332   
   97     0.00010411   
   98     0.00035220   
   99     0.00005876   
  100     0.00008161   
  101     0.00024974   
  102     0.00023979   
  103     0.00002142   
  104     0.00009074   
  105     0.00006538   
  106     0.00002162   
  107     0.00001288   
  108     0.00008177   
  109     0.00002160   
  110     0.00013558   
  111     0.00012123   
  112     0.00050880   
  113     0.00067881   
  114     0.00173769   
  115     0.00301056   
  116     0.00167517   
  117     0.00640672   
  118     0.00710452   
  119     0.01193272   
  120     0.00651138   
  121     0.00751582   
  122     0.00406833   
  123     0.00246977   
  124     0.00127530   
  125     0.00054572   
  126     0.00070273   
  127     0.00021070   
  128     0.00065749   
  129     0.00175412   
  130     0.00169672   
  131     0.00025687   
  132     0.00179986   
  133     0.00041622   
  134     0.00385313   
  135     0.00184279   
  136     0.00974744   
  137     0.00497245   
  138     0.00882121   
  139     0.00464477   
  140     0.00098001   
  141     0.00097914   
  142     0.00103563   
  143     0.00033607   
  144     0.00061054   
  145     0.00001277   
  146     0.00001184   
  147     0.00007178   
  148     0.00008413   
  149     0.00047154   
  150     0.00031568   
  151     0.00019080   
  152     0.00003921   
  153     0.00001262   
  154     0.00000118   
  155     0.00000121   
  156     0.00000528   
  157     0.00009984   
  158     0.00010556   
  159     0.00003829   
  160     0.00007365   
  161     0.00001032   
  162     0.00000170   
  163     0.00000599   
  164     0.00000138   
  165     0.00000528   
  166     0.00000811   
  167     0.00002568   
  168     0.00001218   
  169     0.00001195   
  170     0.00001849   
  171     0.00002277   
  172     0.00000562   
  173     0.00000329   
  174     0.00000098   
  175     0.00000058   
  176     0.00000152   
  177     0.00000581   
  178     0.00001735   
  179     0.00000545   
  180     0.00001565   
  181     0.00000537   
  182     0.00000514   
  183     0.00002053   
  184     0.00000548   
  185     0.00001244   
  186     0.00009186   
  187     0.00003598   
  188     0.00000981   
  189     0.00005325   
  190     0.00003401   
  191     0.00004272   
  192     0.00002845   
  193     0.00011141   
  194     0.00002008   
  195     0.00001160   
  196     0.00001732   
  197     0.00001097   
  198     0.00000220   
  199     0.00004275   
  200     0.00007936   
  201     0.00005416   
  202     0.00006580   
  203     0.00023471   
  204     0.00024830   
  205     0.00051794   
  206     0.00062811   
  207     0.00189744   
  208     0.00193161   
  209     0.00148629   
  210     0.00105339   
  211     0.00121840   
  212     0.00247478   
  213     0.00118774   
  214     0.00445962   
  215     0.00003536   
  216     0.00498102   
  217     0.01116696   
  218     0.00084235   
  219     0.00044542   
  220     0.00180200   
  221     0.00441889   
  222     0.00192163   
  223     0.00029475   
  224     0.00861308   
  225     0.00080258   
  226     0.02264501   
  227     0.01150853   
  228     0.00622614   
  229     0.00905889   
  230     0.00288291   
  231     0.00125695   
  232     0.00252701   
  233     0.00125511   
  234     0.00039704   
  235     0.00062134   
  236     0.00009072   
  237     0.00035161   
  238     0.00058470   
  239     0.00088221   
  240     0.00196650   
  241     0.00551180   
  242     0.00437007   
  243     0.00983912   
  244     0.00415055   
  245     0.00373954   
  246     0.00343614   
  247     0.00237585   
  248     0.00150300   
  249     0.00279559   
  250     0.00181518   
  251     0.00173989   
  252     0.00070072   
  253     0.00069096   
  254     0.00004978   
  255     0.00064643   
  256     0.00051853   
  257     0.00053005   
  258     0.00036324   
  259     0.00002212   
  260     0.00014078   
  261     0.00064470   
  262     0.00008186   
  263     0.00035552   
  264     0.00057224   
  265     0.00057138   
  266     0.00041807   
  267     0.00102619   
  268     0.00034637   
  269     0.00041121   
  270     0.00121416   
  271     0.00014812   
  272     0.00009355   
  273     0.00050520   
  274     0.00019368   
  275     0.00008806   
  276     0.00005455   
  277     0.00008154   
  278     0.00008569   
  279     0.00016558   
  280     0.00262098   
  281     0.00022904   
  282     0.00068645   
  283     0.00061929   
  284     0.00075194   
  285     0.00065301   
  286     0.00223658   
  287     0.00001118   
  288     0.00049210   
  289     0.00152010   
  290     0.00059073   
  291     0.00147066   
  292     0.00048611   
  293     0.00079517   
  294     0.00009609   
  295     0.00018812   
  296     0.00020227   
  297     0.00013124   
  298     0.00009302   
  299     0.00066429   
  300     0.00058687   
  301     0.00017096   
  302     0.00051856   
  303     0.00036560   
  304     0.00025067   
  305     0.00118934   
  306     0.00032921   
  307     0.00017973   
  308     0.00042768   
  309     0.00017562   
  310     0.00030994   
  311     0.00033084   
  312     0.00039655   
  313     0.00028088   
  314     0.00004616   
  315     0.00000546   
  316     0.00001433   
  317     0.00011881   
  318     0.00023650   
  319     0.00032177   
  320     0.00029330   
  321     0.00040555   
  322     0.00055747   
  323     0.00086607   
  324     0.00088860   
  325     0.00076936   
  326     0.00079491   
  327     0.00036117   
  328     0.00030978   
  329     0.00036635   
  330     0.00016876   
  331     0.00032426   
  332     0.00006106   
  333     0.00003860   
  334     0.00001375   
  335     0.00000812   
  336     0.00000579   
  337     0.00003943   
  338     0.00005115   
  339     0.00000966   
  340     0.00003732   
  341     0.00006597   
  342     0.00014696   
  343     0.00012516   
  344     0.00018993   
  345     0.00008760   
  346     0.00048587   
  347     0.00030521   
  348     0.00072760   
  349     0.00090085   
  350     0.00033633   
  351     0.00034050   
  352     0.00013569   
  353     0.00013095   
  354     0.00000630   
  355     0.00000278   
  356     0.00000112   
  357     0.00000045   
  358     0.00000027   
  359     0.00002168   
  360     0.00004724   
  361     0.00002437   
  362     0.00000687   
  363     0.00000055   
  364     0.00000079   
  365     0.00000448   
  366     0.00000134   
  367     0.00000105   
  368     0.00000112   
  369     0.00000068   
  370     0.00000173   
  371     0.00000053   
  372     0.00000123   
  373     0.00000503   
  374     0.00000298   
  375     0.00000347   
  376     0.00010733   
