    1     0.00000023   
    2     0.00000041   
    3     0.00000163   
    4     0.00000230   
    5     0.00000615   
    6     0.00000169   
    7     0.00000481   
    8     0.00000527   
    9     0.00001328   
   10     0.00001377   
   11     0.00002056   
   12     0.00003636   
   13     0.00002566   
   14     0.00001541   
   15     0.00001455   
   16     0.00000923   
   17     0.00000826   
   18     0.00000617   
   19     0.00000205   
   20     0.00000092   
   21     0.00000029   
   22     0.00000020   
   23     0.00000097   
   24     0.00000108   
   25     0.00000483   
   26     0.00001207   
   27     0.00001802   
   28     0.00001904   
   29     0.00006686   
   30     0.00000843   
   31     0.00007142   
   32     0.00001890   
   33     0.00005803   
   34     0.00002357   
   35     0.00003699   
   36     0.00016179   
   37     0.00008410   
   38     0.00003639   
   39     0.00004476   
   40     0.00028356   
   41     0.00035575   
   42     0.00163604   
   43     0.00320049   
   44     0.01843084   
   45     0.03250950   
   46     0.00884735   
   47     0.00490508   
   48     0.00059161   
   49     0.00057537   
   50     0.00041618   
   51     0.00026218   
   52     0.00006045   
   53     0.00008699   
   54     0.00036933   
   55     0.00003966   
   56     0.00003095   
   57     0.00005449   
   58     0.00004807   
   59     0.00009556   
   60     0.00002914   
   61     0.00036464   
   62     0.00015297   
   63     0.00033777   
   64     0.00402963   
   65     0.00023154   
   66     0.00044732   
   67     0.00011232   
   68     0.00014266   
   69     0.00012303   
   70     0.00007125   
   71     0.00005004   
   72     0.00005138   
   73     0.00004965   
   74     0.00009760   
   75     0.00008293   
   76     0.00021539   
   77     0.00007643   
   78     0.00002058   
   79     0.00007060   
   80     0.00000344   
   81     0.00010459   
   82     0.00009137   
   83     0.00004732   
   84     0.00001126   
   85     0.00027102   
   86     0.00013821   
   87     0.00002767   
   88     0.00012544   
   89     0.00008809   
   90     0.00030961   
   91     0.00019421   
   92     0.00028558   
   93     0.00028241   
   94     0.00014639   
   95     0.00015612   
   96     0.00010357   
   97     0.00000385   
   98     0.00002513   
   99     0.00010352   
  100     0.00005646   
  101     0.00014085   
  102     0.00031174   
  103     0.00043337   
  104     0.00132565   
  105     0.00045845   
  106     0.00352293   
  107     0.00031630   
  108     0.00011317   
  109     0.00024816   
  110     0.00035184   
  111     0.00022605   
  112     0.00010049   
  113     0.00008332   
  114     0.00036264   
  115     0.00023438   
  116     0.00008823   
  117     0.00009892   
  118     0.00094007   
  119     0.00015823   
  120     0.00008915   
  121     0.00109100   
  122     0.00012908   
  123     0.00002985   
  124     0.00005756   
  125     0.00000646   
  126     0.00000918   
  127     0.00000643   
  128     0.00000107   
  129     0.00000023   
  130     0.00000007   
  131     0.00000049   
  132     0.00000023   
  133     0.00000046   
  134     0.00000202   
  135     0.00000597   
  136     0.00000346   
  137     0.00000244   
  138     0.00000880   
  139     0.00000697   
  140     0.00003036   
  141     0.00000967   
  142     0.00001901   
  143     0.00002624   
  144     0.00006854   
  145     0.00004125   
  146     0.00004841   
  147     0.00022240   
  148     0.00005623   
  149     0.00006856   
  150     0.00003347   
  151     0.00006886   
  152     0.00007931   
  153     0.00004895   
  154     0.00003434   
  155     0.00006781   
  156     0.00009139   
  157     0.00006254   
  158     0.00002957   
  159     0.00002406   
  160     0.00025959   
  161     0.00008136   
  162     0.00003572   
  163     0.00002809   
  164     0.00000989   
  165     0.00002452   
  166     0.00006139   
  167     0.00001727   
  168     0.00002262   
  169     0.00002715   
  170     0.00001687   
  171     0.00001184   
  172     0.00003808   
  173     0.00005235   
  174     0.00000932   
  175     0.00003383   
  176     0.00005659   
  177     0.00003421   
  178     0.00000597   
  179     0.00002196   
  180     0.00002023   
  181     0.00001271   
  182     0.00000271   
  183     0.00000859   
  184     0.00000591   
  185     0.00001436   
  186     0.00000487   
  187     0.00000663   
  188     0.00003147   
  189     0.00001520   
  190     0.00003388   
  191     0.00004038   
  192     0.00003145   
  193     0.00007447   
  194     0.00000757   
  195     0.00000340   
  196     0.00000544   
  197     0.00002741   
  198     0.00004320   
  199     0.00002085   
  200     0.00002476   
  201     0.00003126   
  202     0.00006539   
  203     0.00007243   
  204     0.00009764   
  205     0.00007452   
  206     0.00003544   
  207     0.00003073   
  208     0.00001473   
  209     0.00001117   
  210     0.00005548   
  211     0.00000088   
  212     0.00000649   
  213     0.00005914   
  214     0.00004033   
  215     0.00012446   
  216     0.00004344   
  217     0.00007876   
  218     0.00006549   
  219     0.00007098   
  220     0.00013905   
  221     0.00018468   
  222     0.00009529   
  223     0.00004070   
  224     0.00006133   
  225     0.00013511   
  226     0.00022573   
  227     0.00002172   
  228     0.00000394   
  229     0.00002409   
  230     0.00001632   
  231     0.00017501   
  232     0.00001924   
  233     0.00002609   
  234     0.00004742   
  235     0.00002165   
  236     0.00002750   
  237     0.00004751   
  238     0.00001805   
  239     0.00002612   
  240     0.00003033   
  241     0.00000775   
  242     0.00000875   
  243     0.00000421   
  244     0.00002145   
  245     0.00000249   
  246     0.00000493   
  247     0.00000480   
  248     0.00000801   
  249     0.00000221   
  250     0.00000160   
  251     0.00000197   
  252     0.00001810   
  253     0.00001786   
  254     0.00000380   
  255     0.00004594   
  256     0.00013826   
  257     0.00005032   
  258     0.00004319   
  259     0.00010088   
  260     0.00008376   
  261     0.00004470   
  262     0.00002838   
  263     0.00003538   
  264     0.00003964   
  265     0.00002267   
  266     0.00000453   
  267     0.00001488   
  268     0.00000645   
  269     0.00001704   
  270     0.00001780   
  271     0.00003807   
  272     0.00001558   
  273     0.00002987   
  274     0.00008036   
  275     0.00000544   
  276     0.00000763   
  277     0.00000874   
  278     0.00000634   
  279     0.00001677   
  280     0.00000568   
  281     0.00001027   
  282     0.00000231   
  283     0.00002424   
  284     0.00000986   
  285     0.00000898   
  286     0.00002657   
  287     0.00001447   
  288     0.00000135   
  289     0.00000059   
  290     0.00000059   
  291     0.00000065   
  292     0.00000242   
  293     0.00000846   
  294     0.00000604   
  295     0.00000477   
  296     0.00001845   
  297     0.00000181   
  298     0.00002520   
  299     0.00000629   
  300     0.00002442   
  301     0.00000531   
  302     0.00001546   
  303     0.00000145   
  304     0.00000508   
  305     0.00001795   
  306     0.00005238   
  307     0.00001841   
  308     0.00002833   
  309     0.00002176   
  310     0.00004838   
  311     0.00001847   
  312     0.00001771   
  313     0.00002639   
  314     0.00001178   
  315     0.00001703   
  316     0.00001652   
  317     0.00003962   
  318     0.00008775   
  319     0.00014380   
  320     0.00066273   
  321     0.00039520   
  322     0.00568683   
  323     0.00035592   
  324     0.00033150   
  325     0.00004077   
  326     0.00005994   
  327     0.00006170   
  328     0.00000377   
  329     0.00003178   
  330     0.00000675   
  331     0.00004674   
  332     0.00000731   
  333     0.00000158   
  334     0.00002696   
  335     0.00000444   
  336     0.00004882   
  337     0.00001896   
  338     0.00002154   
  339     0.00006095   
  340     0.00002214   
  341     0.00002573   
  342     0.00001917   
  343     0.00003069   
  344     0.00002720   
  345     0.00014084   
  346     0.00004986   
  347     0.00001047   
  348     0.00007071   
  349     0.00000990   
  350     0.00003506   
  351     0.00001464   
  352     0.00005456   
  353     0.00002405   
  354     0.00001037   
  355     0.00000909   
  356     0.00011667   
  357     0.00003084   
  358     0.00001548   
  359     0.00000718   
  360     0.00001686   
  361     0.00002455   
  362     0.00000400   
  363     0.00000514   
  364     0.00000243   
  365     0.00001571   
  366     0.00000339   
  367     0.00006699   
  368     0.00002868   
  369     0.00003542   
  370     0.00002306   
  371     0.00001741   
  372     0.00000833   
  373     0.00000956   
  374     0.00001103   
  375     0.00000852   
  376     0.00000268   
  377     0.00000270   
  378     0.00001499   
  379     0.00000322   
  380     0.00000253   
  381     0.00000134   
  382     0.00000266   
  383     0.00000118   
  384     0.00000040   
  385     0.00000029   
  386     0.00000260   
  387     0.00000797   
  388     0.00000713   
  389     0.00004416   
  390     0.00004900   
  391     0.00004083   
  392     0.00010483   
  393     0.00010780   
  394     0.00018745   
  395     0.00018628   
  396     0.00019664   
  397     0.00046606   
  398     0.00013013   
  399     0.00008411   
  400     0.00005647   
  401     0.00008029   
  402     0.00009299   
  403     0.00007248   
  404     0.00000688   
  405     0.00000551   
  406     0.00001899   
  407     0.00044778   
  408     0.00036686   
  409     0.00014707   
  410     0.00048801   
  411     0.00008554   
  412     0.00010356   
  413     0.00016922   
  414     0.00035624   
  415     0.00017567   
  416     0.00016119   
  417     0.00019565   
  418     0.00006611   
  419     0.00006800   
  420     0.00011088   
  421     0.00005116   
  422     0.00003717   
  423     0.00002604   
  424     0.00005912   
  425     0.00001344   
  426     0.00002371   
  427     0.00001008   
  428     0.00002005   
  429     0.00001851   
  430     0.00000090   
  431     0.00001528   
  432     0.00000289   
  433     0.00001510   
  434     0.00000322   
  435     0.00000703   
  436     0.00004321   
  437     0.00002146   
  438     0.00007226   
  439     0.00009072   
  440     0.00003773   
  441     0.00009080   
  442     0.00020758   
  443     0.00044054   
  444     0.00146505   
  445     0.00114265   
  446     0.00031060   
  447     0.00011540   
  448     0.00016103   
  449     0.00004191   
  450     0.00005489   
  451     0.00006998   
  452     0.00032456   
  453     0.00012870   
  454     0.00004389   
  455     0.00001015   
  456     0.00001473   
  457     0.00008669   
  458     0.00003769   
  459     0.00006581   
  460     0.00002668   
  461     0.00000481   
  462     0.00000706   
  463     0.00000043   
  464     0.00000077   
  465     0.00000373   
  466     0.00000493   
  467     0.00001376   
  468     0.00001128   
  469     0.00001549   
  470     0.00000440   
  471     0.00000895   
  472     0.00001064   
  473     0.00001229   
  474     0.00001761   
  475     0.00002767   
  476     0.00001343   
  477     0.00005644   
  478     0.00001222   
  479     0.00001177   
  480     0.00001357   
  481     0.00004203   
  482     0.00003795   
  483     0.00001954   
  484     0.00002116   
  485     0.00000523   
  486     0.00001092   
  487     0.00001779   
  488     0.00001342   
  489     0.00000396   
  490     0.00000117   
  491     0.00000064   
  492     0.00000043   
  493     0.00000008   
  494     0.00000061   
  495     0.00000035   
  496     0.00000053   
  497     0.00000817   
  498     0.00002388   
  499     0.00001371   
  500     0.00004957   
  501     0.00009650   
  502     0.00001012   
  503     0.00008314   
  504     0.00013821   
  505     0.00013889   
  506     0.00005151   
  507     0.00005897   
  508     0.00001829   
  509     0.00000425   
  510     0.00000830   
  511     0.00002080   
  512     0.00014465   
  513     0.00002272   
  514     0.00004773   
  515     0.00050194   
  516     0.00030615   
  517     0.00033018   
  518     0.00050872   
  519     0.00209753   
  520     0.00189218   
  521     0.00033593   
  522     0.00196351   
  523     0.00588826   
  524     0.00366609   
  525     0.00248022   
  526     0.00361261   
  527     0.00565448   
  528     0.01213214   
  529     0.00518875   
  530     0.00344438   
  531     0.00436436   
  532     0.00239654   
  533     0.00194136   
  534     0.00157550   
  535     0.00311450   
  536     0.00167102   
  537     0.00021842   
  538     0.00113474   
  539     0.00105846   
  540     0.00028065   
  541     0.00012997   
  542     0.00045402   
  543     0.00019510   
  544     0.00002032   
  545     0.00003807   
  546     0.00014145   
  547     0.00003959   
  548     0.00001373   
  549     0.00003063   
  550     0.00004490   
  551     0.00001882   
  552     0.00001191   
  553     0.00003328   
  554     0.00001174   
  555     0.00000838   
  556     0.00001246   
  557     0.00008415   
  558     0.00002331   
  559     0.00001302   
  560     0.00000922   
  561     0.00009070   
  562     0.00008377   
  563     0.00004095   
  564     0.00002526   
  565     0.00014423   
  566     0.00014567   
  567     0.00013395   
  568     0.00018193   
  569     0.00018957   
  570     0.00028978   
  571     0.00034356   
  572     0.00022211   
  573     0.00033410   
  574     0.00036535   
  575     0.00107940   
  576     0.00091091   
  577     0.00059873   
  578     0.00074947   
  579     0.01412278   
  580     0.00034923   
  581     0.00726264   
  582     0.00000538   
  583     0.00025706   
  584     0.00056245   
  585     0.00070867   
  586     0.00008053   
  587     0.00012530   
  588     0.00029100   
  589     0.00011340   
  590     0.00009269   
  591     0.00014130   
  592     0.00003468   
  593     0.00002841   
  594     0.00012091   
  595     0.00007409   
  596     0.00001469   
  597     0.00006082   
  598     0.00011272   
  599     0.00001364   
  600     0.00002203   
  601     0.00005902   
  602     0.00003469   
  603     0.00002623   
  604     0.00002063   
  605     0.00001183   
    1     0.00007461   
    2     0.00011706   
    3     0.00001265   
    4     0.00001539   
    5     0.00000666   
    6     0.00001701   
    7     0.00005958   
    8     0.00002363   
    9     0.00008225   
   10     0.00003475   
   11     0.00004671   
   12     0.00003513   
   13     0.00001619   
   14     0.00011937   
   15     0.00017858   
   16     0.00001913   
   17     0.00004912   
   18     0.00002808   
   19     0.00000887   
   20     0.00002640   
   21     0.00005047   
   22     0.00002584   
   23     0.00000705   
   24     0.00002081   
   25     0.00003996   
   26     0.00001085   
   27     0.00000743   
   28     0.00004178   
   29     0.00002260   
   30     0.00002147   
   31     0.00000771   
   32     0.00001377   
   33     0.00001476   
   34     0.00001430   
   35     0.00000445   
   36     0.00000584   
   37     0.00000695   
   38     0.00000724   
   39     0.00000273   
   40     0.00000385   
   41     0.00000586   
   42     0.00000569   
   43     0.00001320   
   44     0.00001820   
   45     0.00000475   
   46     0.00004585   
   47     0.00002105   
   48     0.00013595   
   49     0.00013018   
   50     0.00007333   
   51     0.00009711   
   52     0.00009467   
   53     0.00012806   
   54     0.00011310   
   55     0.00108769   
   56     0.00046626   
   57     0.00018411   
   58     0.00014221   
   59     0.00036845   
   60     0.00001671   
   61     0.00025772   
   62     0.00094322   
   63     0.00008677   
   64     0.00004238   
   65     0.00022230   
   66     0.00011742   
   67     0.00035279   
   68     0.00010349   
   69     0.00004069   
   70     0.00003502   
   71     0.00000136   
   72     0.00012158   
   73     0.00006739   
   74     0.00022446   
   75     0.00012423   
   76     0.00025527   
   77     0.00012108   
   78     0.00025830   
   79     0.00010335   
   80     0.00046813   
   81     0.00082057   
   82     0.00077109   
   83     0.00086149   
   84     0.00283450   
   85     0.00322007   
   86     0.00240805   
   87     0.00047677   
   88     0.00019475   
   89     0.00009188   
   90     0.00058553   
   91     0.00011036   
   92     0.00006849   
   93     0.00003326   
   94     0.00012668   
   95     0.00009802   
   96     0.00012337   
   97     0.00016776   
   98     0.00031741   
   99     0.00068215   
  100     0.00054163   
  101     0.00035887   
  102     0.00066832   
  103     0.00073210   
  104     0.00215314   
  105     0.00096284   
  106     0.00039924   
  107     0.00061746   
  108     0.00019891   
  109     0.00008027   
  110     0.00053646   
  111     0.00052502   
  112     0.00364198   
  113     0.00152939   
  114     0.00452264   
  115     0.01086138   
  116     0.00387356   
  117     0.01383728   
  118     0.01215179   
  119     0.00392400   
  120     0.00480826   
  121     0.00231462   
  122     0.00153406   
  123     0.00065022   
  124     0.00017555   
  125     0.00054986   
  126     0.00028866   
  127     0.00127842   
  128     0.00071468   
  129     0.00242403   
  130     0.00182287   
  131     0.00079796   
  132     0.00494590   
  133     0.00230403   
  134     0.00419714   
  135     0.00180528   
  136     0.00148692   
  137     0.00277515   
  138     0.00286838   
  139     0.00396849   
  140     0.00568393   
  141     0.00371152   
  142     0.00244761   
  143     0.00020272   
  144     0.00042501   
  145     0.00010071   
  146     0.00008447   
  147     0.00012112   
  148     0.00016549   
  149     0.00075485   
  150     0.00015254   
  151     0.00004825   
  152     0.00002302   
  153     0.00004778   
  154     0.00002071   
  155     0.00001741   
  156     0.00004000   
  157     0.00007336   
  158     0.00002344   
  159     0.00002254   
  160     0.00003045   
  161     0.00009117   
  162     0.00002988   
  163     0.00015264   
  164     0.00019256   
  165     0.00010101   
  166     0.00006876   
  167     0.00029324   
  168     0.00035044   
  169     0.00012481   
  170     0.00021958   
  171     0.00028991   
  172     0.00003427   
  173     0.00005105   
  174     0.00002759   
  175     0.00000694   
  176     0.00001345   
  177     0.00001771   
  178     0.00006517   
  179     0.00028487   
  180     0.00012675   
  181     0.00040197   
  182     0.00021109   
  183     0.00007437   
  184     0.00003030   
  185     0.00001431   
  186     0.00002244   
  187     0.00003028   
  188     0.00015221   
  189     0.00037727   
  190     0.00014258   
  191     0.00009957   
  192     0.00003213   
  193     0.00002368   
  194     0.00001240   
  195     0.00001144   
  196     0.00001244   
  197     0.00013148   
  198     0.00001538   
  199     0.00004961   
  200     0.00009510   
  201     0.00004475   
  202     0.00004358   
  203     0.00006462   
  204     0.00022553   
  205     0.00219535   
  206     0.00126832   
  207     0.00499492   
  208     0.00851428   
  209     0.00454873   
  210     0.00602443   
  211     0.00410112   
  212     0.00031711   
  213     0.00164961   
  214     0.00096940   
  215     0.00058746   
  216     0.00401800   
  217     0.00052392   
  218     0.00061678   
  219     0.00029360   
  220     0.00068251   
  221     0.00434759   
  222     0.00043838   
  223     0.00166383   
  224     0.00468100   
  225     0.00356106   
  226     0.01142626   
  227     0.00426428   
  228     0.01495295   
  229     0.00292364   
  230     0.00949774   
  231     0.00258921   
  232     0.00390683   
  233     0.00736543   
  234     0.00203062   
  235     0.00122823   
  236     0.00484773   
  237     0.00426904   
  238     0.00093957   
  239     0.00309984   
  240     0.01295847   
  241     0.00332943   
  242     0.00352083   
  243     0.00211729   
  244     0.00774179   
  245     0.00255042   
  246     0.00976821   
  247     0.00950180   
  248     0.00313205   
  249     0.00237091   
  250     0.00133310   
  251     0.00081963   
  252     0.00008605   
  253     0.00018622   
  254     0.00000567   
  255     0.00016024   
  256     0.00051431   
  257     0.00026151   
  258     0.00039918   
  259     0.00010433   
  260     0.00070494   
  261     0.00260384   
  262     0.00079310   
  263     0.00046975   
  264     0.00090937   
  265     0.00035688   
  266     0.00220411   
  267     0.00081272   
  268     0.00209951   
  269     0.00114295   
  270     0.00351834   
  271     0.00149473   
  272     0.00180846   
  273     0.00121744   
  274     0.00139056   
  275     0.00023907   
  276     0.00057315   
  277     0.00025752   
  278     0.00203432   
  279     0.00142099   
  280     0.00166827   
  281     0.00018414   
  282     0.00071184   
  283     0.00014395   
  284     0.00032905   
  285     0.00039190   
  286     0.00110649   
  287     0.00022917   
  288     0.00012766   
  289     0.00033270   
  290     0.00047630   
  291     0.00511115   
  292     0.00057793   
  293     0.00109724   
  294     0.00180677   
  295     0.00021271   
  296     0.00016946   
  297     0.00365442   
  298     0.00034347   
  299     0.00185767   
  300     0.00097256   
  301     0.00025041   
  302     0.00137815   
  303     0.00511422   
  304     0.00170187   
  305     0.00502605   
  306     0.00088154   
  307     0.00059447   
  308     0.00129054   
  309     0.00116973   
  310     0.00095039   
  311     0.00112247   
  312     0.00096137   
  313     0.00026162   
  314     0.00018271   
  315     0.00000528   
  316     0.00018402   
  317     0.00050716   
  318     0.00035318   
  319     0.00109641   
  320     0.00150455   
  321     0.00055407   
  322     0.00233945   
  323     0.00020768   
  324     0.00142790   
  325     0.00176932   
  326     0.00396929   
  327     0.00279706   
  328     0.00148962   
  329     0.00148514   
  330     0.00284115   
  331     0.00071222   
  332     0.00033104   
  333     0.00078301   
  334     0.00002324   
  335     0.00005175   
  336     0.00009730   
  337     0.00131801   
  338     0.00054613   
  339     0.00010422   
  340     0.00068260   
  341     0.00154856   
  342     0.00008168   
  343     0.00012552   
  344     0.00026417   
  345     0.00031098   
  346     0.00017741   
  347     0.00002057   
  348     0.00004059   
  349     0.00002714   
  350     0.00031455   
  351     0.00007045   
  352     0.00003106   
  353     0.00021343   
  354     0.00009439   
  355     0.00003463   
  356     0.00002572   
  357     0.00001543   
  358     0.00001270   
  359     0.00009135   
  360     0.00004046   
  361     0.00004780   
  362     0.00003228   
  363     0.00000706   
  364     0.00000466   
  365     0.00028056   
  366     0.00028440   
  367     0.00003006   
  368     0.00003128   
  369     0.00002602   
  370     0.00001875   
  371     0.00002661   
  372     0.00003892   
  373     0.00003198   
  374     0.00004177   
  375     0.00011297   
  376     0.00050864   
    1     0.00013544   
    2     0.00002709   
    3     0.00001194   
    4     0.00000038   
    5     0.00000519   
    6     0.00000987   
    7     0.00001136   
    8     0.00000123   
    9     0.00002433   
   10     0.00001715   
   11     0.00000724   
   12     0.00001348   
   13     0.00000250   
   14     0.00003446   
   15     0.00002688   
   16     0.00000063   
   17     0.00001436   
   18     0.00000781   
   19     0.00000244   
   20     0.00000467   
   21     0.00001217   
   22     0.00000488   
   23     0.00003957   
   24     0.00002041   
   25     0.00003472   
   26     0.00009914   
   27     0.00002619   
   28     0.00002782   
   29     0.00001826   
   30     0.00001254   
   31     0.00000245   
   32     0.00001221   
   33     0.00002088   
   34     0.00000968   
   35     0.00002263   
   36     0.00000801   
   37     0.00001411   
   38     0.00003973   
   39     0.00001208   
   40     0.00000191   
   41     0.00000365   
   42     0.00000454   
   43     0.00001079   
   44     0.00000764   
   45     0.00000838   
   46     0.00002577   
   47     0.00001461   
   48     0.00005508   
   49     0.00008846   
   50     0.00005196   
   51     0.00007573   
   52     0.00000967   
   53     0.00001329   
   54     0.00001312   
   55     0.00012649   
   56     0.00004497   
   57     0.00001639   
   58     0.00002613   
   59     0.00013393   
   60     0.00000930   
   61     0.00002815   
   62     0.00010388   
   63     0.00001965   
   64     0.00001141   
   65     0.00005008   
   66     0.00002533   
   67     0.00006618   
   68     0.00002621   
   69     0.00001709   
   70     0.00000936   
   71     0.00000040   
   72     0.00004001   
   73     0.00000269   
   74     0.00005579   
   75     0.00003404   
   76     0.00004374   
   77     0.00005217   
   78     0.00005592   
   79     0.00004496   
   80     0.00008961   
   81     0.00021222   
   82     0.00009165   
   83     0.00012047   
   84     0.00060190   
   85     0.00081989   
   86     0.00065076   
   87     0.00020246   
   88     0.00010769   
   89     0.00005884   
   90     0.00019248   
   91     0.00004926   
   92     0.00002137   
   93     0.00002958   
   94     0.00009273   
   95     0.00007856   
   96     0.00006801   
   97     0.00001952   
   98     0.00011026   
   99     0.00002494   
  100     0.00002651   
  101     0.00005349   
  102     0.00010667   
  103     0.00001117   
  104     0.00006663   
  105     0.00003814   
  106     0.00000625   
  107     0.00001837   
  108     0.00007152   
  109     0.00004621   
  110     0.00008464   
  111     0.00015225   
  112     0.00036600   
  113     0.00042510   
  114     0.00043339   
  115     0.00128275   
  116     0.00141076   
  117     0.00139044   
  118     0.00071193   
  119     0.00096587   
  120     0.00073166   
  121     0.00202891   
  122     0.00124044   
  123     0.00213149   
  124     0.00052640   
  125     0.00156725   
  126     0.00213594   
  127     0.00111747   
  128     0.00075627   
  129     0.00055912   
  130     0.00149225   
  131     0.00051133   
  132     0.00217969   
  133     0.00036002   
  134     0.00234167   
  135     0.00073592   
  136     0.00114360   
  137     0.00116720   
  138     0.00057814   
  139     0.00145115   
  140     0.00028399   
  141     0.00052281   
  142     0.00009357   
  143     0.00006044   
  144     0.00002408   
  145     0.00001503   
  146     0.00001067   
  147     0.00003343   
  148     0.00002000   
  149     0.00007504   
  150     0.00013743   
  151     0.00008155   
  152     0.00001763   
  153     0.00000736   
  154     0.00000212   
  155     0.00000554   
  156     0.00001343   
  157     0.00002790   
  158     0.00003231   
  159     0.00002893   
  160     0.00005965   
  161     0.00001679   
  162     0.00000088   
  163     0.00001280   
  164     0.00001452   
  165     0.00000137   
  166     0.00000768   
  167     0.00000432   
  168     0.00000286   
  169     0.00000908   
  170     0.00000948   
  171     0.00001697   
  172     0.00000762   
  173     0.00000109   
  174     0.00000066   
  175     0.00000055   
  176     0.00000157   
  177     0.00000088   
  178     0.00000352   
  179     0.00002251   
  180     0.00002155   
  181     0.00001069   
  182     0.00001014   
  183     0.00001103   
  184     0.00000487   
  185     0.00002295   
  186     0.00008564   
  187     0.00005949   
  188     0.00000764   
  189     0.00001979   
  190     0.00001569   
  191     0.00001807   
  192     0.00002535   
  193     0.00010375   
  194     0.00001306   
  195     0.00000644   
  196     0.00000810   
  197     0.00000628   
  198     0.00000068   
  199     0.00001694   
  200     0.00003765   
  201     0.00003887   
  202     0.00006097   
  203     0.00026001   
  204     0.00012400   
  205     0.00052831   
  206     0.00040080   
  207     0.00114534   
  208     0.00029273   
  209     0.00044741   
  210     0.00017469   
  211     0.00066375   
  212     0.00065269   
  213     0.00046865   
  214     0.00088739   
  215     0.00018374   
  216     0.00193542   
  217     0.00090325   
  218     0.00019414   
  219     0.00016426   
  220     0.00128937   
  221     0.00407702   
  222     0.00067148   
  223     0.00037388   
  224     0.00514410   
  225     0.00038500   
  226     0.00392113   
  227     0.00412997   
  228     0.00320090   
  229     0.00856278   
  230     0.00288064   
  231     0.00052870   
  232     0.00053170   
  233     0.00032018   
  234     0.00015796   
  235     0.00038310   
  236     0.00010829   
  237     0.00018712   
  238     0.00021358   
  239     0.00057510   
  240     0.00252862   
  241     0.00377573   
  242     0.00298748   
  243     0.00384596   
  244     0.00296338   
  245     0.00157530   
  246     0.00259916   
  247     0.00017420   
  248     0.00195811   
  249     0.00134423   
  250     0.00481541   
  251     0.00167173   
  252     0.00187375   
  253     0.00104945   
  254     0.00017066   
  255     0.00314801   
  256     0.00379568   
  257     0.00297558   
  258     0.00386152   
  259     0.00047156   
  260     0.00119143   
  261     0.00175119   
  262     0.00094208   
  263     0.00133464   
  264     0.00512816   
  265     0.00428067   
  266     0.01287847   
  267     0.00665086   
  268     0.00278221   
  269     0.00136600   
  270     0.00196583   
  271     0.00220707   
  272     0.00173602   
  273     0.00686771   
  274     0.00136590   
  275     0.00172841   
  276     0.00221272   
  277     0.00126754   
  278     0.00224904   
  279     0.00654687   
  280     0.00793581   
  281     0.00189954   
  282     0.00663729   
  283     0.00185172   
  284     0.00391922   
  285     0.00264669   
  286     0.00599181   
  287     0.00203696   
  288     0.00191118   
  289     0.01135551   
  290     0.00832885   
  291     0.00161490   
  292     0.00031680   
  293     0.00214898   
  294     0.00040160   
  295     0.00022162   
  296     0.00040433   
  297     0.00397951   
  298     0.00163258   
  299     0.00167519   
  300     0.00228437   
  301     0.00173538   
  302     0.00052702   
  303     0.00509114   
  304     0.00193485   
  305     0.00179872   
  306     0.00042303   
  307     0.00048387   
  308     0.00167850   
  309     0.00046183   
  310     0.00147276   
  311     0.00037931   
  312     0.00010859   
  313     0.00006023   
  314     0.00001729   
  315     0.00001627   
  316     0.00005585   
  317     0.00000857   
  318     0.00029307   
  319     0.00029821   
  320     0.00074083   
  321     0.00079126   
  322     0.00150745   
  323     0.00218484   
  324     0.00762628   
  325     0.00584494   
  326     0.01272739   
  327     0.00298311   
  328     0.00045998   
  329     0.00008526   
  330     0.00028594   
  331     0.00017457   
  332     0.00015809   
  333     0.00003065   
  334     0.00003566   
  335     0.00000523   
  336     0.00001671   
  337     0.00002572   
  338     0.00011155   
  339     0.00011236   
  340     0.00012953   
  341     0.00058417   
  342     0.00053011   
  343     0.00052050   
  344     0.00140479   
  345     0.00173564   
  346     0.00060451   
  347     0.00285955   
  348     0.00218057   
  349     0.00181313   
  350     0.00124787   
  351     0.00083743   
  352     0.00177440   
  353     0.00083521   
  354     0.00008364   
  355     0.00005345   
  356     0.00000910   
  357     0.00001374   
  358     0.00001266   
  359     0.00048254   
  360     0.00027231   
  361     0.00012704   
  362     0.00002181   
  363     0.00000465   
  364     0.00000662   
  365     0.00002732   
  366     0.00010596   
  367     0.00005684   
  368     0.00005691   
  369     0.00001004   
  370     0.00001295   
  371     0.00001368   
  372     0.00001209   
  373     0.00001021   
  374     0.00002631   
  375     0.00003621   
  376     0.00107519   
