    1     0.00005459   
    2     0.00008165   
    3     0.00015061   
    4     0.00035033   
    5     0.00044369   
    6     0.00041276   
    7     0.00019684   
    8     0.00007147   
    9     0.00003541   
   10     0.00028347   
   11     0.00014064   
   12     0.00066610   
   13     0.00044489   
   14     0.00020434   
   15     0.00029771   
   16     0.00049256   
   17     0.00052561   
   18     0.00578711   
   19     0.00626259   
   20     0.00931743   
   21     0.00300407   
   22     0.00291151   
   23     0.00457762   
   24     0.00434900   
   25     0.00561055   
   26     0.00082129   
   27     0.00023025   
   28     0.00009524   
   29     0.00026311   
   30     0.00006659   
   31     0.00015044   
   32     0.00003274   
   33     0.00016741   
   34     0.00005318   
   35     0.00061497   
   36     0.00031770   
   37     0.00042494   
   38     0.00010203   
   39     0.00023938   
   40     0.00026021   
   41     0.00012456   
   42     0.00003866   
   43     0.00008605   
   44     0.00002863   
   45     0.00003877   
   46     0.00001682   
   47     0.00001803   
   48     0.00011142   
   49     0.00028062   
   50     0.00042828   
   51     0.00036185   
   52     0.00028437   
   53     0.00035183   
   54     0.00028811   
   55     0.00298383   
   56     0.00100085   
   57     0.00057003   
   58     0.00022514   
   59     0.00145780   
   60     0.00023529   
   61     0.00021568   
   62     0.00164556   
   63     0.00032587   
   64     0.00032103   
   65     0.00012350   
   66     0.00023963   
   67     0.00021229   
   68     0.00022088   
   69     0.00017121   
   70     0.00017984   
   71     0.00016893   
   72     0.00047832   
   73     0.00015009   
   74     0.00023355   
   75     0.00028963   
   76     0.00078451   
   77     0.00053405   
   78     0.00005690   
   79     0.00057975   
   80     0.00003179   
   81     0.00033723   
   82     0.00027588   
   83     0.00017658   
   84     0.00003680   
   85     0.00083082   
   86     0.00130066   
   87     0.00015239   
   88     0.00224534   
   89     0.00053147   
   90     0.00216433   
   91     0.00024048   
   92     0.00062630   
   93     0.00125250   
   94     0.00031311   
   95     0.00080442   
   96     0.00065681   
   97     0.00005308   
   98     0.00047636   
   99     0.00389027   
  100     0.00028272   
  101     0.00056539   
  102     0.00045312   
  103     0.00056524   
  104     0.00040837   
  105     0.00009299   
  106     0.00004965   
  107     0.00002246   
  108     0.00002287   
  109     0.00012168   
  110     0.00008447   
  111     0.00005178   
  112     0.00015558   
  113     0.00015196   
  114     0.00016172   
  115     0.00017422   
  116     0.00008227   
  117     0.00009127   
  118     0.00035223   
  119     0.00013423   
  120     0.00004706   
  121     0.00018778   
  122     0.00047075   
  123     0.00012479   
  124     0.00014954   
  125     0.00005462   
  126     0.00011590   
  127     0.00035750   
  128     0.00006256   
  129     0.00001855   
  130     0.00001335   
  131     0.00007295   
  132     0.00006008   
  133     0.00012677   
  134     0.00011814   
  135     0.00030005   
  136     0.00039271   
  137     0.00034396   
  138     0.00028877   
  139     0.00042926   
  140     0.00019173   
  141     0.00007591   
  142     0.00002681   
  143     0.00010680   
  144     0.00009743   
  145     0.00027423   
  146     0.00049251   
  147     0.00012704   
  148     0.00029531   
  149     0.00087075   
  150     0.00017007   
  151     0.00034425   
  152     0.00056790   
  153     0.00042718   
  154     0.00020533   
  155     0.00082753   
  156     0.00045413   
  157     0.00019140   
  158     0.00027723   
  159     0.00032238   
  160     0.00032153   
  161     0.00013198   
  162     0.00017305   
  163     0.00017114   
  164     0.00035289   
  165     0.00049028   
  166     0.00065841   
  167     0.00115206   
  168     0.00039042   
  169     0.00049561   
  170     0.00013699   
  171     0.00006768   
  172     0.00003094   
  173     0.00023966   
  174     0.00011138   
  175     0.00032655   
  176     0.00014166   
  177     0.00024996   
  178     0.00029520   
  179     0.00019685   
  180     0.00003874   
  181     0.00003512   
  182     0.00002010   
  183     0.00002305   
  184     0.00000355   
  185     0.00000611   
  186     0.00003621   
  187     0.00001788   
  188     0.00007769   
  189     0.00002553   
  190     0.00006396   
  191     0.00006435   
  192     0.00003441   
  193     0.00036302   
  194     0.00017516   
  195     0.00060069   
  196     0.00027924   
  197     0.00051823   
  198     0.00037925   
  199     0.00034259   
  200     0.00026050   
  201     0.00010732   
  202     0.00009427   
  203     0.00002827   
  204     0.00002633   
  205     0.00003280   
  206     0.00001379   
  207     0.00007559   
  208     0.00002188   
  209     0.00002817   
  210     0.00006063   
  211     0.00000712   
  212     0.00008024   
  213     0.00012253   
  214     0.00007947   
  215     0.00005570   
  216     0.00012801   
  217     0.00007232   
  218     0.00004341   
  219     0.00007888   
  220     0.00013091   
  221     0.00024879   
  222     0.00029558   
  223     0.00055747   
  224     0.00106705   
  225     0.00017269   
  226     0.00093501   
  227     0.00125888   
  228     0.00028932   
  229     0.00131275   
  230     0.00045942   
  231     0.00130772   
  232     0.00147158   
  233     0.00092486   
  234     0.00220269   
  235     0.00066320   
  236     0.00063277   
  237     0.00086338   
  238     0.00077552   
  239     0.00045070   
  240     0.00064841   
  241     0.00106810   
  242     0.00015954   
  243     0.00026325   
  244     0.00038177   
  245     0.00013493   
  246     0.00006973   
  247     0.00019238   
  248     0.00002497   
  249     0.00003938   
  250     0.00018841   
  251     0.00049622   
  252     0.00057174   
  253     0.00106156   
  254     0.00026244   
  255     0.00014697   
  256     0.00266480   
  257     0.00140679   
  258     0.00058951   
  259     0.00041433   
  260     0.00047313   
  261     0.00199908   
  262     0.00082765   
  263     0.00045597   
  264     0.00318929   
  265     0.00079939   
  266     0.00029380   
  267     0.00043116   
  268     0.00017692   
  269     0.00053965   
  270     0.00041701   
  271     0.00154404   
  272     0.00022378   
  273     0.00054790   
  274     0.00295981   
  275     0.00031614   
  276     0.00011167   
  277     0.00009083   
  278     0.00013496   
  279     0.00034782   
  280     0.00020535   
  281     0.00050558   
  282     0.00047630   
  283     0.00098468   
  284     0.00039631   
  285     0.00011804   
  286     0.00151576   
  287     0.00101076   
  288     0.00041571   
  289     0.00015058   
  290     0.00008226   
  291     0.00021651   
  292     0.00030923   
  293     0.00064191   
  294     0.00094957   
  295     0.00078873   
  296     0.00119248   
  297     0.00049420   
  298     0.00032103   
  299     0.00019090   
  300     0.00071548   
  301     0.00033649   
  302     0.00098428   
  303     0.00017263   
  304     0.00036819   
  305     0.00063615   
  306     0.00158454   
  307     0.00068724   
  308     0.00029692   
  309     0.00067924   
  310     0.00211048   
  311     0.00100909   
  312     0.00076571   
  313     0.00085451   
  314     0.00056397   
  315     0.00102743   
  316     0.00094501   
  317     0.00036994   
  318     0.00024234   
  319     0.00050947   
  320     0.00043862   
  321     0.00019784   
  322     0.00015966   
  323     0.00016115   
  324     0.00002424   
  325     0.00002809   
  326     0.00008524   
  327     0.00002937   
  328     0.00000528   
  329     0.00002379   
  330     0.00001204   
  331     0.00011507   
  332     0.00000616   
  333     0.00000340   
  334     0.00002914   
  335     0.00001073   
  336     0.00005972   
  337     0.00003505   
  338     0.00044694   
  339     0.00074692   
  340     0.00021676   
  341     0.00063834   
  342     0.00117480   
  343     0.00118405   
  344     0.00091379   
  345     0.00325699   
  346     0.00133425   
  347     0.00145695   
  348     0.00169639   
  349     0.00134875   
  350     0.00069551   
  351     0.00079308   
  352     0.00081611   
  353     0.00079408   
  354     0.00020118   
  355     0.00016677   
  356     0.00039442   
  357     0.00007895   
  358     0.00000662   
  359     0.00001151   
  360     0.00008235   
  361     0.00040002   
  362     0.00021140   
  363     0.00029720   
  364     0.00006273   
  365     0.00032937   
  366     0.00009877   
  367     0.00177354   
  368     0.00059394   
  369     0.00106935   
  370     0.00053680   
  371     0.00041194   
  372     0.00060091   
  373     0.00134779   
  374     0.00029966   
  375     0.00053626   
  376     0.00062039   
  377     0.00114747   
  378     0.00095153   
  379     0.00086724   
  380     0.00086763   
  381     0.00081103   
  382     0.00130727   
  383     0.00020813   
  384     0.00036372   
  385     0.00046906   
  386     0.00006920   
  387     0.00020305   
  388     0.00008157   
  389     0.00010775   
  390     0.00025905   
  391     0.00016794   
  392     0.00047715   
  393     0.00029471   
  394     0.00010135   
  395     0.00052912   
  396     0.00012854   
  397     0.00012305   
  398     0.00007475   
  399     0.00015068   
  400     0.00006079   
  401     0.00034318   
  402     0.00112377   
  403     0.00070872   
  404     0.00001317   
  405     0.00001098   
  406     0.00002848   
  407     0.00079845   
  408     0.00058006   
  409     0.00035797   
  410     0.00008016   
  411     0.00018988   
  412     0.00028222   
  413     0.00025322   
  414     0.00011486   
  415     0.00005595   
  416     0.00009345   
  417     0.00034280   
  418     0.00051358   
  419     0.00129231   
  420     0.00087261   
  421     0.00110920   
  422     0.00065991   
  423     0.00089212   
  424     0.00120107   
  425     0.00098896   
  426     0.00128819   
  427     0.00082201   
  428     0.00074169   
  429     0.00053065   
  430     0.00012280   
  431     0.00028743   
  432     0.00006539   
  433     0.00032439   
  434     0.00033424   
  435     0.00027461   
  436     0.00103616   
  437     0.00042844   
  438     0.00225657   
  439     0.00162212   
  440     0.00016459   
  441     0.00022165   
  442     0.00026534   
  443     0.00022289   
  444     0.00006287   
  445     0.00007318   
  446     0.00032680   
  447     0.00017652   
  448     0.00084601   
  449     0.00001839   
  450     0.00000479   
  451     0.00005680   
  452     0.00082435   
  453     0.00139926   
  454     0.00025696   
  455     0.00020723   
  456     0.00070218   
  457     0.00265581   
  458     0.00121316   
  459     0.00232127   
  460     0.00125051   
  461     0.00089754   
  462     0.00225382   
  463     0.00051036   
  464     0.00035849   
  465     0.00133088   
  466     0.00141471   
  467     0.00107037   
  468     0.00055886   
  469     0.00118962   
  470     0.00236344   
  471     0.00117253   
  472     0.00159792   
  473     0.00279864   
  474     0.00086566   
  475     0.00113045   
  476     0.00066284   
  477     0.00295104   
  478     0.00233617   
  479     0.00191625   
  480     0.00164064   
  481     0.00197239   
  482     0.00115098   
  483     0.00074403   
  484     0.00046794   
  485     0.00091753   
  486     0.00358826   
  487     0.00136805   
  488     0.00098479   
  489     0.00016222   
  490     0.00110099   
  491     0.00025614   
  492     0.00046731   
  493     0.00028762   
  494     0.00048941   
  495     0.00058692   
  496     0.00040423   
  497     0.00279419   
  498     0.00144909   
  499     0.00512526   
  500     0.00089258   
  501     0.00177209   
  502     0.00056386   
  503     0.00472503   
  504     0.00178162   
  505     0.00028200   
  506     0.00055972   
  507     0.00036642   
  508     0.00038879   
  509     0.00007989   
  510     0.00010034   
  511     0.00004150   
  512     0.00034979   
  513     0.00011195   
  514     0.00014010   
  515     0.00025733   
  516     0.00016999   
  517     0.00007398   
  518     0.00005368   
  519     0.00040695   
  520     0.00021863   
  521     0.00001391   
  522     0.00005963   
  523     0.00010738   
  524     0.00011644   
  525     0.00004826   
  526     0.00004471   
  527     0.00007791   
  528     0.00009902   
  529     0.00004850   
  530     0.00004868   
  531     0.00008172   
  532     0.00005816   
  533     0.00003617   
  534     0.00006571   
  535     0.00009205   
  536     0.00007433   
  537     0.00007482   
  538     0.00009380   
  539     0.00006238   
  540     0.00008916   
  541     0.00008267   
  542     0.00013395   
  543     0.00016843   
  544     0.00007827   
  545     0.00008292   
  546     0.00008389   
  547     0.00015741   
  548     0.00010371   
  549     0.00016582   
  550     0.00013059   
  551     0.00005669   
  552     0.00001167   
  553     0.00005828   
  554     0.00002916   
  555     0.00000925   
  556     0.00000618   
  557     0.00001685   
  558     0.00000602   
  559     0.00000859   
  560     0.00001040   
  561     0.00005190   
  562     0.00004817   
  563     0.00001704   
  564     0.00002530   
  565     0.00003368   
  566     0.00009114   
  567     0.00003368   
  568     0.00008530   
  569     0.00016559   
  570     0.00002938   
  571     0.00004309   
  572     0.00004744   
  573     0.00011690   
  574     0.00002672   
  575     0.00002936   
  576     0.00009473   
  577     0.00000747   
  578     0.00000872   
  579     0.00005380   
  580     0.00000968   
  581     0.00002881   
  582     0.00000745   
  583     0.00002077   
  584     0.00001099   
  585     0.00004240   
  586     0.00002432   
  587     0.00005190   
  588     0.00007817   
  589     0.00001805   
  590     0.00004585   
  591     0.00003818   
  592     0.00005125   
  593     0.00006175   
  594     0.00009421   
  595     0.00003677   
  596     0.00005018   
  597     0.00006734   
  598     0.00007795   
  599     0.00004105   
  600     0.00015271   
  601     0.00006180   
  602     0.00032473   
  603     0.00008206   
  604     0.00012880   
  605     0.00007033   
    1     0.00017222   
    2     0.00005303   
    3     0.00002252   
    4     0.00001683   
    5     0.00001969   
    6     0.00008240   
    7     0.00003767   
    8     0.00000816   
    9     0.00006128   
   10     0.00001794   
   11     0.00002117   
   12     0.00004479   
   13     0.00001549   
   14     0.00012409   
   15     0.00003082   
   16     0.00001194   
   17     0.00000470   
   18     0.00000424   
   19     0.00000281   
   20     0.00001449   
   21     0.00004485   
   22     0.00002705   
   23     0.00007130   
   24     0.00007139   
   25     0.00006300   
   26     0.00030697   
   27     0.00000904   
   28     0.00014822   
   29     0.00014418   
   30     0.00006236   
   31     0.00010250   
   32     0.00019960   
   33     0.00027959   
   34     0.00016359   
   35     0.00000792   
   36     0.00005151   
   37     0.00007528   
   38     0.00002816   
   39     0.00003457   
   40     0.00002967   
   41     0.00003827   
   42     0.00009189   
   43     0.00010063   
   44     0.00030974   
   45     0.00009102   
   46     0.00031410   
   47     0.00030518   
   48     0.00036298   
   49     0.00030193   
   50     0.00018986   
   51     0.00032641   
   52     0.00019311   
   53     0.00010827   
   54     0.00007392   
   55     0.00011461   
   56     0.00044049   
   57     0.00007479   
   58     0.00002409   
   59     0.00005122   
   60     0.00003926   
   61     0.00051714   
   62     0.00012227   
   63     0.00007110   
   64     0.00004908   
   65     0.00009811   
   66     0.00004233   
   67     0.00011732   
   68     0.00003534   
   69     0.00000633   
   70     0.00000575   
   71     0.00000146   
   72     0.00002729   
   73     0.00000982   
   74     0.00003884   
   75     0.00008519   
   76     0.00012426   
   77     0.00009950   
   78     0.00008745   
   79     0.00015256   
   80     0.00008038   
   81     0.00008675   
   82     0.00013269   
   83     0.00007715   
   84     0.00006634   
   85     0.00006942   
   86     0.00017624   
   87     0.00010060   
   88     0.00027734   
   89     0.00005643   
   90     0.00037555   
   91     0.00008139   
   92     0.00005011   
   93     0.00003378   
   94     0.00024628   
   95     0.00007079   
   96     0.00019332   
   97     0.00004163   
   98     0.00006939   
   99     0.00007257   
  100     0.00006960   
  101     0.00004730   
  102     0.00016315   
  103     0.00005494   
  104     0.00012146   
  105     0.00002677   
  106     0.00000979   
  107     0.00005559   
  108     0.00000933   
  109     0.00002890   
  110     0.00016464   
  111     0.00013726   
  112     0.00057857   
  113     0.00042474   
  114     0.00069409   
  115     0.00112753   
  116     0.00048245   
  117     0.00131741   
  118     0.00057737   
  119     0.00073843   
  120     0.00072074   
  121     0.00121581   
  122     0.00060038   
  123     0.00080880   
  124     0.00022409   
  125     0.00012692   
  126     0.00026520   
  127     0.00009664   
  128     0.00007930   
  129     0.00075679   
  130     0.00024782   
  131     0.00011277   
  132     0.00059891   
  133     0.00014106   
  134     0.00105811   
  135     0.00034808   
  136     0.00057262   
  137     0.00033829   
  138     0.00034127   
  139     0.00009782   
  140     0.00056867   
  141     0.00023685   
  142     0.00005901   
  143     0.00003566   
  144     0.00005340   
  145     0.00001228   
  146     0.00000756   
  147     0.00002563   
  148     0.00039098   
  149     0.00002998   
  150     0.00007526   
  151     0.00004870   
  152     0.00004693   
  153     0.00001158   
  154     0.00000521   
  155     0.00000514   
  156     0.00000567   
  157     0.00006089   
  158     0.00005590   
  159     0.00002108   
  160     0.00002512   
  161     0.00005458   
  162     0.00001229   
  163     0.00014109   
  164     0.00031355   
  165     0.00002968   
  166     0.00002380   
  167     0.00001492   
  168     0.00006738   
  169     0.00058942   
  170     0.00048717   
  171     0.00058235   
  172     0.00128480   
  173     0.00029971   
  174     0.00025764   
  175     0.00009104   
  176     0.00002072   
  177     0.00018290   
  178     0.00007204   
  179     0.00059869   
  180     0.00099930   
  181     0.00121705   
  182     0.00014402   
  183     0.00008141   
  184     0.00015984   
  185     0.00002099   
  186     0.00016179   
  187     0.00006992   
  188     0.00018862   
  189     0.00008314   
  190     0.00009291   
  191     0.00008737   
  192     0.00006795   
  193     0.00005187   
  194     0.00000390   
  195     0.00000620   
  196     0.00000566   
  197     0.00001074   
  198     0.00000264   
  199     0.00000809   
  200     0.00002230   
  201     0.00002246   
  202     0.00005074   
  203     0.00019047   
  204     0.00007044   
  205     0.00018061   
  206     0.00022914   
  207     0.00007195   
  208     0.00050243   
  209     0.00018984   
  210     0.00048794   
  211     0.00032079   
  212     0.00008234   
  213     0.00005807   
  214     0.00018033   
  215     0.00020315   
  216     0.00033450   
  217     0.00010449   
  218     0.00023872   
  219     0.00016603   
  220     0.00015758   
  221     0.00013360   
  222     0.00002369   
  223     0.00004316   
  224     0.00033239   
  225     0.00013364   
  226     0.00054434   
  227     0.00029507   
  228     0.00021569   
  229     0.00002912   
  230     0.00001593   
  231     0.00004813   
  232     0.00022023   
  233     0.00017929   
  234     0.00006435   
  235     0.00009709   
  236     0.00020767   
  237     0.00024709   
  238     0.00005738   
  239     0.00010615   
  240     0.00005658   
  241     0.00009419   
  242     0.00048738   
  243     0.00026269   
  244     0.00069441   
  245     0.00043064   
  246     0.00107383   
  247     0.00047971   
  248     0.00051646   
  249     0.00028309   
  250     0.00022868   
  251     0.00020116   
  252     0.00025697   
  253     0.00016568   
  254     0.00004594   
  255     0.00010181   
  256     0.00012770   
  257     0.00004684   
  258     0.00006739   
  259     0.00001671   
  260     0.00001581   
  261     0.00004029   
  262     0.00009731   
  263     0.00008876   
  264     0.00017951   
  265     0.00012077   
  266     0.00009706   
  267     0.00026261   
  268     0.00097689   
  269     0.00083957   
  270     0.01338618   
  271     0.00092770   
  272     0.00239972   
  273     0.00205657   
  274     0.00052188   
  275     0.00160676   
  276     0.00672085   
  277     0.00044360   
  278     0.00218677   
  279     0.00310958   
  280     0.00101762   
  281     0.00049394   
  282     0.00018010   
  283     0.00015500   
  284     0.00013422   
  285     0.00023400   
  286     0.00059135   
  287     0.00004358   
  288     0.00021218   
  289     0.00022633   
  290     0.00037988   
  291     0.00027424   
  292     0.00041151   
  293     0.00053007   
  294     0.00047125   
  295     0.00012627   
  296     0.00020786   
  297     0.00073455   
  298     0.00104514   
  299     0.00041121   
  300     0.00028564   
  301     0.00013020   
  302     0.00005470   
  303     0.00098268   
  304     0.00041599   
  305     0.00017035   
  306     0.00014276   
  307     0.00013607   
  308     0.00011169   
  309     0.00046992   
  310     0.00037155   
  311     0.00025122   
  312     0.00011924   
  313     0.00004107   
  314     0.00002361   
  315     0.00000470   
  316     0.00003292   
  317     0.00006959   
  318     0.00002987   
  319     0.00005562   
  320     0.00024779   
  321     0.00016158   
  322     0.00040408   
  323     0.00013955   
  324     0.00014886   
  325     0.00076548   
  326     0.00154497   
  327     0.00157236   
  328     0.00184392   
  329     0.00126119   
  330     0.00239834   
  331     0.00024705   
  332     0.00059529   
  333     0.00313589   
  334     0.00009753   
  335     0.00044913   
  336     0.00326574   
  337     0.00265229   
  338     0.00140948   
  339     0.00067078   
  340     0.00338864   
  341     0.00051213   
  342     0.00209892   
  343     0.00825465   
  344     0.00320735   
  345     0.00756619   
  346     0.00099360   
  347     0.01787006   
  348     0.00458422   
  349     0.00385643   
  350     0.01162468   
  351     0.00686103   
  352     0.01041094   
  353     0.01409909   
  354     0.00907262   
  355     0.00176099   
  356     0.00069622   
  357     0.00098189   
  358     0.00166049   
  359     0.00826373   
  360     0.00315311   
  361     0.00666126   
  362     0.00081580   
  363     0.00063313   
  364     0.00069794   
  365     0.00157330   
  366     0.00141999   
  367     0.00036819   
  368     0.00080606   
  369     0.00117134   
  370     0.00141270   
  371     0.00111217   
  372     0.00127487   
  373     0.00094734   
  374     0.00167433   
  375     0.00107844   
  376     0.00224871   
    1     0.00056804   
    2     0.00030535   
    3     0.00000427   
    4     0.00000475   
    5     0.00009568   
    6     0.00022785   
    7     0.00010276   
    8     0.00002847   
    9     0.00002255   
   10     0.00003662   
   11     0.00003097   
   12     0.00018585   
   13     0.00005001   
   14     0.00014858   
   15     0.00061349   
   16     0.00004868   
   17     0.00034413   
   18     0.00009035   
   19     0.00007466   
   20     0.00018073   
   21     0.00008947   
   22     0.00019223   
   23     0.00013571   
   24     0.00012720   
   25     0.00006030   
   26     0.00026009   
   27     0.00012748   
   28     0.00017960   
   29     0.00054832   
   30     0.00037970   
   31     0.00005541   
   32     0.00029328   
   33     0.00084274   
   34     0.00141536   
   35     0.00140505   
   36     0.00174707   
   37     0.00121230   
   38     0.00073274   
   39     0.00007317   
   40     0.00003511   
   41     0.00009557   
   42     0.00005463   
   43     0.00023068   
   44     0.00136264   
   45     0.00046947   
   46     0.00064707   
   47     0.00069800   
   48     0.00071772   
   49     0.00124355   
   50     0.00029320   
   51     0.00049834   
   52     0.00052268   
   53     0.00044384   
   54     0.00026870   
   55     0.00033413   
   56     0.00114934   
   57     0.00018129   
   58     0.00030244   
   59     0.00043240   
   60     0.00022088   
   61     0.00198674   
   62     0.00057676   
   63     0.00030124   
   64     0.00032555   
   65     0.00031818   
   66     0.00032597   
   67     0.00050764   
   68     0.00006652   
   69     0.00033343   
   70     0.00013897   
   71     0.00009104   
   72     0.00037215   
   73     0.00031503   
   74     0.00024876   
   75     0.00015864   
   76     0.00106521   
   77     0.00049333   
   78     0.00058663   
   79     0.00176209   
   80     0.00097163   
   81     0.00016670   
   82     0.00013337   
   83     0.00049905   
   84     0.00152913   
   85     0.00100544   
   86     0.00053929   
   87     0.00044824   
   88     0.00079911   
   89     0.00031892   
   90     0.00132380   
   91     0.00063919   
   92     0.00257683   
   93     0.00028948   
   94     0.00141373   
   95     0.00072149   
   96     0.00068412   
   97     0.00148682   
   98     0.00092482   
   99     0.00040368   
  100     0.00043506   
  101     0.00059466   
  102     0.00072797   
  103     0.00028230   
  104     0.00023620   
  105     0.00066547   
  106     0.00055825   
  107     0.00034982   
  108     0.00075308   
  109     0.00045965   
  110     0.00042322   
  111     0.00050933   
  112     0.00016033   
  113     0.00018734   
  114     0.00020582   
  115     0.00045343   
  116     0.00092826   
  117     0.00163235   
  118     0.00091801   
  119     0.00217902   
  120     0.00065226   
  121     0.00187422   
  122     0.00051714   
  123     0.00019770   
  124     0.00004619   
  125     0.00028405   
  126     0.00012481   
  127     0.00007571   
  128     0.00012549   
  129     0.00005253   
  130     0.00016967   
  131     0.00011623   
  132     0.00023404   
  133     0.00007236   
  134     0.00048656   
  135     0.00016727   
  136     0.00193052   
  137     0.00035770   
  138     0.00155308   
  139     0.00026464   
  140     0.00111104   
  141     0.00027906   
  142     0.00106100   
  143     0.00092994   
  144     0.00082547   
  145     0.00028009   
  146     0.00019157   
  147     0.00057450   
  148     0.00044737   
  149     0.00030678   
  150     0.00034755   
  151     0.00014034   
  152     0.00016755   
  153     0.00028896   
  154     0.00007828   
  155     0.00005170   
  156     0.00012634   
  157     0.00059385   
  158     0.00026236   
  159     0.00016569   
  160     0.00020252   
  161     0.00009333   
  162     0.00002540   
  163     0.00014549   
  164     0.00017252   
  165     0.00010380   
  166     0.00014091   
  167     0.00020117   
  168     0.00040994   
  169     0.00048327   
  170     0.00046960   
  171     0.00128980   
  172     0.00066948   
  173     0.00056402   
  174     0.00043651   
  175     0.00008342   
  176     0.00048255   
  177     0.00139470   
  178     0.00142223   
  179     0.00278337   
  180     0.00327030   
  181     0.00322286   
  182     0.00101903   
  183     0.00122312   
  184     0.00106343   
  185     0.00039873   
  186     0.00087950   
  187     0.00104338   
  188     0.00037590   
  189     0.00042137   
  190     0.00020079   
  191     0.00018166   
  192     0.00017017   
  193     0.00049142   
  194     0.00009478   
  195     0.00014743   
  196     0.00007752   
  197     0.00030795   
  198     0.00005582   
  199     0.00005915   
  200     0.00017860   
  201     0.00007250   
  202     0.00036482   
  203     0.00087588   
  204     0.00009146   
  205     0.00027560   
  206     0.00031502   
  207     0.00021116   
  208     0.00095559   
  209     0.00084124   
  210     0.00067889   
  211     0.00028562   
  212     0.00019709   
  213     0.00012720   
  214     0.00023651   
  215     0.00010177   
  216     0.00048642   
  217     0.00005765   
  218     0.00002662   
  219     0.00012785   
  220     0.00032706   
  221     0.00193762   
  222     0.00007896   
  223     0.00018092   
  224     0.00107570   
  225     0.00002312   
  226     0.00020764   
  227     0.00012849   
  228     0.00019655   
  229     0.00011926   
  230     0.00006857   
  231     0.00040518   
  232     0.00050090   
  233     0.00064895   
  234     0.00068848   
  235     0.00059401   
  236     0.00059954   
  237     0.00030414   
  238     0.00024849   
  239     0.00060175   
  240     0.00029182   
  241     0.00033504   
  242     0.00028630   
  243     0.00033066   
  244     0.00079024   
  245     0.00031660   
  246     0.00082829   
  247     0.00045740   
  248     0.00082227   
  249     0.00064371   
  250     0.00169584   
  251     0.00048619   
  252     0.00011910   
  253     0.00036140   
  254     0.00003167   
  255     0.00055928   
  256     0.00031362   
  257     0.00016018   
  258     0.00115955   
  259     0.00005937   
  260     0.00022932   
  261     0.00093814   
  262     0.00019185   
  263     0.00022225   
  264     0.00022034   
  265     0.00013975   
  266     0.00089289   
  267     0.00114538   
  268     0.00044901   
  269     0.00088921   
  270     0.00525375   
  271     0.00204483   
  272     0.00106903   
  273     0.00130746   
  274     0.00080333   
  275     0.00186088   
  276     0.00031069   
  277     0.00015016   
  278     0.00002962   
  279     0.00010562   
  280     0.00079651   
  281     0.00114800   
  282     0.00153242   
  283     0.00036108   
  284     0.00026816   
  285     0.00012843   
  286     0.00027644   
  287     0.00009622   
  288     0.00039446   
  289     0.00038400   
  290     0.00022535   
  291     0.00032056   
  292     0.00006871   
  293     0.00057638   
  294     0.00033712   
  295     0.00006661   
  296     0.00017504   
  297     0.00065458   
  298     0.00070349   
  299     0.00067403   
  300     0.00050995   
  301     0.00034129   
  302     0.00007084   
  303     0.00117681   
  304     0.00104520   
  305     0.00021239   
  306     0.00014648   
  307     0.00004855   
  308     0.00014835   
  309     0.00000773   
  310     0.00018236   
  311     0.00009649   
  312     0.00025333   
  313     0.00002297   
  314     0.00000844   
  315     0.00000176   
  316     0.00001396   
  317     0.00004462   
  318     0.00014964   
  319     0.00011677   
  320     0.00064275   
  321     0.00020515   
  322     0.00036189   
  323     0.00008944   
  324     0.00053787   
  325     0.00075441   
  326     0.00121370   
  327     0.00195857   
  328     0.00087663   
  329     0.00145065   
  330     0.00503073   
  331     0.00204929   
  332     0.01113253   
  333     0.00296661   
  334     0.01149401   
  335     0.00373652   
  336     0.00046399   
  337     0.01412219   
  338     0.01051032   
  339     0.00448284   
  340     0.00480610   
  341     0.00111249   
  342     0.00845978   
  343     0.00948329   
  344     0.00423612   
  345     0.00833116   
  346     0.00298722   
  347     0.02529000   
  348     0.01999899   
  349     0.00541697   
  350     0.00549041   
  351     0.01186009   
  352     0.00338840   
  353     0.02067356   
  354     0.00205750   
  355     0.00277232   
  356     0.00093619   
  357     0.00049117   
  358     0.00059937   
  359     0.00508889   
  360     0.00118898   
  361     0.00484246   
  362     0.00389558   
  363     0.00048234   
  364     0.00040386   
  365     0.00403859   
  366     0.00112840   
  367     0.00157850   
  368     0.00161908   
  369     0.00076956   
  370     0.00096428   
  371     0.00146138   
  372     0.00044264   
  373     0.00022335   
  374     0.00046368   
  375     0.00097876   
  376     0.00321618   
