    1     0.00003806   
    2     0.00006793   
    3     0.00026009   
    4     0.00029196   
    5     0.00090233   
    6     0.00101682   
    7     0.00110035   
    8     0.00018938   
    9     0.00014183   
   10     0.00031015   
   11     0.00022718   
   12     0.00033822   
   13     0.00013311   
   14     0.00014688   
   15     0.00027218   
   16     0.00154388   
   17     0.00101880   
   18     0.02766499   
   19     0.01380559   
   20     0.04219831   
   21     0.00962212   
   22     0.01090036   
   23     0.01919684   
   24     0.01901547   
   25     0.01874790   
   26     0.00177172   
   27     0.00086841   
   28     0.00014596   
   29     0.00028677   
   30     0.00004905   
   31     0.00043869   
   32     0.00011700   
   33     0.00013184   
   34     0.00006281   
   35     0.00009326   
   36     0.00016725   
   37     0.00016640   
   38     0.00014416   
   39     0.00014922   
   40     0.00010182   
   41     0.00021857   
   42     0.00026021   
   43     0.00014525   
   44     0.00037003   
   45     0.00048585   
   46     0.00018589   
   47     0.00028108   
   48     0.00007798   
   49     0.00027006   
   50     0.00015119   
   51     0.00028178   
   52     0.00035785   
   53     0.00029163   
   54     0.00013839   
   55     0.00124737   
   56     0.00094422   
   57     0.00006499   
   58     0.00010657   
   59     0.00035700   
   60     0.00006148   
   61     0.00038856   
   62     0.00265691   
   63     0.00039238   
   64     0.00050471   
   65     0.00027375   
   66     0.00089712   
   67     0.00026389   
   68     0.00048671   
   69     0.00024151   
   70     0.00037668   
   71     0.00043868   
   72     0.00039347   
   73     0.00018144   
   74     0.00067237   
   75     0.00086257   
   76     0.00224547   
   77     0.00026336   
   78     0.00009422   
   79     0.00057869   
   80     0.00004579   
   81     0.00030848   
   82     0.00012415   
   83     0.00015351   
   84     0.00003907   
   85     0.00065958   
   86     0.00010598   
   87     0.00013045   
   88     0.00014952   
   89     0.00017966   
   90     0.00249547   
   91     0.00045941   
   92     0.00036934   
   93     0.00032460   
   94     0.00014391   
   95     0.00081153   
   96     0.00060504   
   97     0.00010197   
   98     0.00011891   
   99     0.00739779   
  100     0.00079688   
  101     0.00048716   
  102     0.00017671   
  103     0.00043611   
  104     0.00029796   
  105     0.00023781   
  106     0.00008261   
  107     0.00006723   
  108     0.00005415   
  109     0.00006692   
  110     0.00017153   
  111     0.00016923   
  112     0.00013452   
  113     0.00016005   
  114     0.00013945   
  115     0.00032763   
  116     0.00010692   
  117     0.00004760   
  118     0.00012829   
  119     0.00007259   
  120     0.00011090   
  121     0.00024927   
  122     0.00024797   
  123     0.00023384   
  124     0.00019800   
  125     0.00009506   
  126     0.00011108   
  127     0.00089140   
  128     0.00003667   
  129     0.00002005   
  130     0.00002360   
  131     0.00004385   
  132     0.00002404   
  133     0.00005531   
  134     0.00002633   
  135     0.00025505   
  136     0.00024067   
  137     0.00023928   
  138     0.00019564   
  139     0.00025626   
  140     0.00013264   
  141     0.00009248   
  142     0.00017483   
  143     0.00024032   
  144     0.00012622   
  145     0.00067054   
  146     0.00040080   
  147     0.00091509   
  148     0.00108909   
  149     0.00047265   
  150     0.00030351   
  151     0.00023525   
  152     0.00044263   
  153     0.00081651   
  154     0.00016815   
  155     0.00045345   
  156     0.00028685   
  157     0.00015667   
  158     0.00017176   
  159     0.00006723   
  160     0.00013345   
  161     0.00006860   
  162     0.00016711   
  163     0.00012368   
  164     0.00016273   
  165     0.00021226   
  166     0.00036847   
  167     0.00095932   
  168     0.00036881   
  169     0.00040541   
  170     0.00008749   
  171     0.00022227   
  172     0.00015836   
  173     0.00045480   
  174     0.00035123   
  175     0.00019038   
  176     0.00004935   
  177     0.00034931   
  178     0.00007160   
  179     0.00015722   
  180     0.00008252   
  181     0.00012740   
  182     0.00001893   
  183     0.00005407   
  184     0.00005552   
  185     0.00028775   
  186     0.00004380   
  187     0.00004900   
  188     0.00003754   
  189     0.00004509   
  190     0.00002370   
  191     0.00007243   
  192     0.00012464   
  193     0.00032448   
  194     0.00048934   
  195     0.00029425   
  196     0.00009875   
  197     0.00025623   
  198     0.00020641   
  199     0.00043065   
  200     0.00032464   
  201     0.00048077   
  202     0.00036797   
  203     0.00023997   
  204     0.00013010   
  205     0.00010775   
  206     0.00008921   
  207     0.00006537   
  208     0.00012622   
  209     0.00015101   
  210     0.00100477   
  211     0.00002416   
  212     0.00006506   
  213     0.00075240   
  214     0.00035360   
  215     0.00020854   
  216     0.00034287   
  217     0.00032052   
  218     0.00011051   
  219     0.00009040   
  220     0.00013683   
  221     0.00052747   
  222     0.00139000   
  223     0.00041894   
  224     0.00021907   
  225     0.00049923   
  226     0.00059157   
  227     0.00024696   
  228     0.00022865   
  229     0.00083554   
  230     0.00021286   
  231     0.00083923   
  232     0.00058616   
  233     0.00025656   
  234     0.00046323   
  235     0.00032068   
  236     0.00017572   
  237     0.00021844   
  238     0.00051972   
  239     0.00007841   
  240     0.00094625   
  241     0.00022867   
  242     0.00020979   
  243     0.00016046   
  244     0.00131082   
  245     0.00007745   
  246     0.00013265   
  247     0.00008811   
  248     0.00054778   
  249     0.00019794   
  250     0.00033343   
  251     0.00013210   
  252     0.00036843   
  253     0.00013003   
  254     0.00029985   
  255     0.00086820   
  256     0.00280336   
  257     0.00236857   
  258     0.00178867   
  259     0.00114190   
  260     0.00026196   
  261     0.00092611   
  262     0.00065384   
  263     0.00040993   
  264     0.00135772   
  265     0.00096572   
  266     0.00043349   
  267     0.00069594   
  268     0.00035297   
  269     0.00246172   
  270     0.00071796   
  271     0.00182566   
  272     0.00113689   
  273     0.00246099   
  274     0.00377613   
  275     0.00042348   
  276     0.00110989   
  277     0.00064664   
  278     0.00062030   
  279     0.00232067   
  280     0.00093515   
  281     0.00248078   
  282     0.00092999   
  283     0.00282373   
  284     0.00134007   
  285     0.00219353   
  286     0.00110118   
  287     0.00349263   
  288     0.00278903   
  289     0.00489836   
  290     0.00102078   
  291     0.00447729   
  292     0.00102458   
  293     0.00145925   
  294     0.01573847   
  295     0.00352749   
  296     0.00549953   
  297     0.00151217   
  298     0.00250319   
  299     0.00047478   
  300     0.00072104   
  301     0.00009883   
  302     0.00027206   
  303     0.00005790   
  304     0.00017737   
  305     0.00061590   
  306     0.00036099   
  307     0.00020782   
  308     0.00042418   
  309     0.00026056   
  310     0.00006659   
  311     0.00023110   
  312     0.00025490   
  313     0.00008441   
  314     0.00010473   
  315     0.00018822   
  316     0.00017815   
  317     0.00039917   
  318     0.00013788   
  319     0.00022579   
  320     0.00027272   
  321     0.00040626   
  322     0.00041659   
  323     0.00010986   
  324     0.00017750   
  325     0.00002997   
  326     0.00025531   
  327     0.00005048   
  328     0.00006661   
  329     0.00010826   
  330     0.00004141   
  331     0.00016215   
  332     0.00000530   
  333     0.00000734   
  334     0.00005077   
  335     0.00000686   
  336     0.00004080   
  337     0.00005164   
  338     0.00006098   
  339     0.00132897   
  340     0.00016538   
  341     0.00034259   
  342     0.00033497   
  343     0.00117818   
  344     0.00099660   
  345     0.00468881   
  346     0.00257796   
  347     0.00044718   
  348     0.00046627   
  349     0.00015220   
  350     0.00064681   
  351     0.00016658   
  352     0.00032402   
  353     0.00025802   
  354     0.00007762   
  355     0.00006328   
  356     0.00052328   
  357     0.00009973   
  358     0.00003526   
  359     0.00000633   
  360     0.00004189   
  361     0.00013825   
  362     0.00000578   
  363     0.00001182   
  364     0.00003222   
  365     0.00003018   
  366     0.00001000   
  367     0.00091408   
  368     0.00015169   
  369     0.00018413   
  370     0.00012759   
  371     0.00032617   
  372     0.00094190   
  373     0.00784631   
  374     0.00025314   
  375     0.00065521   
  376     0.00231392   
  377     0.00423883   
  378     0.00162437   
  379     0.00140423   
  380     0.00150194   
  381     0.00113852   
  382     0.00121580   
  383     0.00026947   
  384     0.00034099   
  385     0.00104006   
  386     0.00017360   
  387     0.00032622   
  388     0.00025999   
  389     0.00027854   
  390     0.00067335   
  391     0.00054292   
  392     0.00097085   
  393     0.00048345   
  394     0.00024866   
  395     0.00078997   
  396     0.00067908   
  397     0.00206933   
  398     0.00036116   
  399     0.00064071   
  400     0.00021057   
  401     0.00089501   
  402     0.00133628   
  403     0.00103253   
  404     0.00008076   
  405     0.00006041   
  406     0.00010296   
  407     0.00192977   
  408     0.00082489   
  409     0.00047558   
  410     0.00043437   
  411     0.00088629   
  412     0.00061884   
  413     0.00049207   
  414     0.00112740   
  415     0.00015181   
  416     0.00044967   
  417     0.00132233   
  418     0.00087645   
  419     0.00166557   
  420     0.00163228   
  421     0.00256297   
  422     0.00111404   
  423     0.00190936   
  424     0.00306353   
  425     0.00269952   
  426     0.00412128   
  427     0.00212984   
  428     0.00226930   
  429     0.00081563   
  430     0.00028842   
  431     0.00025132   
  432     0.00020223   
  433     0.00040705   
  434     0.00048993   
  435     0.00050346   
  436     0.00105962   
  437     0.00039166   
  438     0.00220764   
  439     0.00161559   
  440     0.00006973   
  441     0.00015265   
  442     0.00137009   
  443     0.00090155   
  444     0.00136491   
  445     0.00062755   
  446     0.00051073   
  447     0.00024801   
  448     0.00096117   
  449     0.00023666   
  450     0.00010205   
  451     0.00031428   
  452     0.00177493   
  453     0.00370809   
  454     0.00049375   
  455     0.00070275   
  456     0.00079950   
  457     0.00363186   
  458     0.00221510   
  459     0.00318568   
  460     0.00300173   
  461     0.00145612   
  462     0.00470602   
  463     0.00121157   
  464     0.00090951   
  465     0.00357617   
  466     0.00525235   
  467     0.00384456   
  468     0.00209621   
  469     0.00382854   
  470     0.00527898   
  471     0.00265068   
  472     0.00194270   
  473     0.00226545   
  474     0.00123358   
  475     0.00108014   
  476     0.00081621   
  477     0.00275852   
  478     0.00150131   
  479     0.00175718   
  480     0.00167541   
  481     0.00101973   
  482     0.00062369   
  483     0.00020824   
  484     0.00101593   
  485     0.00070258   
  486     0.00253810   
  487     0.00089871   
  488     0.00064329   
  489     0.00028569   
  490     0.00219662   
  491     0.00023595   
  492     0.00074934   
  493     0.00031279   
  494     0.00063037   
  495     0.00044992   
  496     0.00039530   
  497     0.00254260   
  498     0.00160724   
  499     0.00420586   
  500     0.00280134   
  501     0.00470253   
  502     0.00061591   
  503     0.00854539   
  504     0.00870772   
  505     0.00247740   
  506     0.00082435   
  507     0.00196912   
  508     0.00232219   
  509     0.00016961   
  510     0.00023910   
  511     0.00029990   
  512     0.00120291   
  513     0.00045122   
  514     0.00048556   
  515     0.00016161   
  516     0.00032194   
  517     0.00069164   
  518     0.00051998   
  519     0.00042251   
  520     0.00057537   
  521     0.00068641   
  522     0.00040518   
  523     0.00048264   
  524     0.00065282   
  525     0.00045343   
  526     0.00049098   
  527     0.00032321   
  528     0.00033058   
  529     0.00092220   
  530     0.00044231   
  531     0.00013548   
  532     0.00055065   
  533     0.00071062   
  534     0.00043849   
  535     0.00021274   
  536     0.00038894   
  537     0.00052668   
  538     0.00037325   
  539     0.00025869   
  540     0.00023322   
  541     0.00034968   
  542     0.00032915   
  543     0.00015650   
  544     0.00011041   
  545     0.00015293   
  546     0.00034791   
  547     0.00002699   
  548     0.00002533   
  549     0.00010916   
  550     0.00007332   
  551     0.00000442   
  552     0.00000983   
  553     0.00017862   
  554     0.00001614   
  555     0.00000336   
  556     0.00000663   
  557     0.00005654   
  558     0.00000397   
  559     0.00000377   
  560     0.00000205   
  561     0.00002950   
  562     0.00001620   
  563     0.00000370   
  564     0.00000981   
  565     0.00003951   
  566     0.00000801   
  567     0.00001452   
  568     0.00003647   
  569     0.00002438   
  570     0.00000685   
  571     0.00002883   
  572     0.00001696   
  573     0.00002031   
  574     0.00001368   
  575     0.00001295   
  576     0.00004556   
  577     0.00002865   
  578     0.00000415   
  579     0.00020549   
  580     0.00002036   
  581     0.00008582   
  582     0.00000892   
  583     0.00000949   
  584     0.00006575   
  585     0.00006502   
  586     0.00001885   
  587     0.00002171   
  588     0.00022224   
  589     0.00003517   
  590     0.00003499   
  591     0.00012386   
  592     0.00008806   
  593     0.00008316   
  594     0.00005225   
  595     0.00012655   
  596     0.00013916   
  597     0.00012697   
  598     0.00016819   
  599     0.00079283   
  600     0.00074131   
  601     0.00030930   
  602     0.00087093   
  603     0.00130188   
  604     0.00254844   
  605     0.00154580   
    1     0.00005623   
    2     0.00001382   
    3     0.00000318   
    4     0.00000273   
    5     0.00000245   
    6     0.00000689   
    7     0.00000310   
    8     0.00000166   
    9     0.00001228   
   10     0.00000341   
   11     0.00000904   
   12     0.00000664   
   13     0.00000277   
   14     0.00000514   
   15     0.00001925   
   16     0.00000384   
   17     0.00000212   
   18     0.00000067   
   19     0.00000078   
   20     0.00000313   
   21     0.00000345   
   22     0.00000332   
   23     0.00000368   
   24     0.00000888   
   25     0.00000813   
   26     0.00001172   
   27     0.00000163   
   28     0.00003157   
   29     0.00002867   
   30     0.00001761   
   31     0.00001229   
   32     0.00002978   
   33     0.00001705   
   34     0.00002955   
   35     0.00000251   
   36     0.00001254   
   37     0.00001254   
   38     0.00000590   
   39     0.00000797   
   40     0.00000628   
   41     0.00000494   
   42     0.00001156   
   43     0.00001817   
   44     0.00007297   
   45     0.00000352   
   46     0.00003746   
   47     0.00006520   
   48     0.00008705   
   49     0.00005575   
   50     0.00002405   
   51     0.00002928   
   52     0.00003012   
   53     0.00001887   
   54     0.00001390   
   55     0.00000842   
   56     0.00007267   
   57     0.00000543   
   58     0.00000662   
   59     0.00000936   
   60     0.00000659   
   61     0.00006368   
   62     0.00001775   
   63     0.00000900   
   64     0.00000704   
   65     0.00000678   
   66     0.00000457   
   67     0.00001848   
   68     0.00000047   
   69     0.00000178   
   70     0.00000208   
   71     0.00000041   
   72     0.00000305   
   73     0.00000152   
   74     0.00000680   
   75     0.00001047   
   76     0.00000941   
   77     0.00000524   
   78     0.00000476   
   79     0.00001632   
   80     0.00001484   
   81     0.00000887   
   82     0.00000921   
   83     0.00001056   
   84     0.00001454   
   85     0.00001107   
   86     0.00001756   
   87     0.00000851   
   88     0.00003477   
   89     0.00001845   
   90     0.00005645   
   91     0.00003098   
   92     0.00000856   
   93     0.00000520   
   94     0.00006979   
   95     0.00002000   
   96     0.00004037   
   97     0.00000517   
   98     0.00001104   
   99     0.00000734   
  100     0.00000565   
  101     0.00000460   
  102     0.00002225   
  103     0.00000468   
  104     0.00000951   
  105     0.00000328   
  106     0.00000160   
  107     0.00000340   
  108     0.00000047   
  109     0.00000217   
  110     0.00001028   
  111     0.00000633   
  112     0.00003227   
  113     0.00002372   
  114     0.00004497   
  115     0.00006334   
  116     0.00002504   
  117     0.00009739   
  118     0.00005288   
  119     0.00006030   
  120     0.00003099   
  121     0.00011142   
  122     0.00005239   
  123     0.00003762   
  124     0.00000782   
  125     0.00002980   
  126     0.00000312   
  127     0.00000986   
  128     0.00001026   
  129     0.00001777   
  130     0.00001146   
  131     0.00000764   
  132     0.00005741   
  133     0.00003632   
  134     0.00006102   
  135     0.00001759   
  136     0.00007615   
  137     0.00000359   
  138     0.00004457   
  139     0.00001049   
  140     0.00003443   
  141     0.00001095   
  142     0.00002379   
  143     0.00000915   
  144     0.00001834   
  145     0.00000187   
  146     0.00000178   
  147     0.00000383   
  148     0.00004646   
  149     0.00000304   
  150     0.00001232   
  151     0.00000533   
  152     0.00000392   
  153     0.00000224   
  154     0.00000129   
  155     0.00000087   
  156     0.00000125   
  157     0.00000735   
  158     0.00000448   
  159     0.00000152   
  160     0.00000072   
  161     0.00000039   
  162     0.00000038   
  163     0.00000092   
  164     0.00000055   
  165     0.00000020   
  166     0.00000043   
  167     0.00000228   
  168     0.00000057   
  169     0.00000405   
  170     0.00000166   
  171     0.00000364   
  172     0.00000687   
  173     0.00000298   
  174     0.00000157   
  175     0.00000098   
  176     0.00000026   
  177     0.00000061   
  178     0.00000208   
  179     0.00000280   
  180     0.00000767   
  181     0.00000711   
  182     0.00000229   
  183     0.00000607   
  184     0.00000489   
  185     0.00000353   
  186     0.00002274   
  187     0.00002429   
  188     0.00000161   
  189     0.00000477   
  190     0.00000300   
  191     0.00000183   
  192     0.00000412   
  193     0.00000700   
  194     0.00000044   
  195     0.00000091   
  196     0.00000096   
  197     0.00000376   
  198     0.00000082   
  199     0.00000343   
  200     0.00000688   
  201     0.00000619   
  202     0.00000748   
  203     0.00005879   
  204     0.00000939   
  205     0.00004379   
  206     0.00009396   
  207     0.00002930   
  208     0.00014617   
  209     0.00001931   
  210     0.00008912   
  211     0.00001393   
  212     0.00003048   
  213     0.00002097   
  214     0.00003788   
  215     0.00001814   
  216     0.00008220   
  217     0.00000688   
  218     0.00000770   
  219     0.00000494   
  220     0.00001862   
  221     0.00007523   
  222     0.00000917   
  223     0.00000715   
  224     0.00012640   
  225     0.00002631   
  226     0.00006989   
  227     0.00002097   
  228     0.00001463   
  229     0.00000103   
  230     0.00000415   
  231     0.00000116   
  232     0.00003542   
  233     0.00002449   
  234     0.00000830   
  235     0.00000586   
  236     0.00000853   
  237     0.00001172   
  238     0.00001332   
  239     0.00001626   
  240     0.00001688   
  241     0.00001484   
  242     0.00003505   
  243     0.00002310   
  244     0.00007909   
  245     0.00005273   
  246     0.00011505   
  247     0.00005558   
  248     0.00005077   
  249     0.00002988   
  250     0.00006381   
  251     0.00006119   
  252     0.00006099   
  253     0.00001522   
  254     0.00000610   
  255     0.00002429   
  256     0.00002758   
  257     0.00003148   
  258     0.00001568   
  259     0.00000323   
  260     0.00001042   
  261     0.00002191   
  262     0.00000726   
  263     0.00000342   
  264     0.00000894   
  265     0.00002074   
  266     0.00003253   
  267     0.00004118   
  268     0.00018999   
  269     0.00019663   
  270     0.00324898   
  271     0.00023688   
  272     0.00095844   
  273     0.00063167   
  274     0.00021790   
  275     0.00166366   
  276     0.00213862   
  277     0.00007946   
  278     0.00048420   
  279     0.00082492   
  280     0.00004800   
  281     0.00002373   
  282     0.00000900   
  283     0.00000088   
  284     0.00000423   
  285     0.00000533   
  286     0.00003500   
  287     0.00000148   
  288     0.00000225   
  289     0.00004820   
  290     0.00005269   
  291     0.00014269   
  292     0.00007790   
  293     0.00011298   
  294     0.00002197   
  295     0.00000842   
  296     0.00007813   
  297     0.00015780   
  298     0.00041473   
  299     0.00017041   
  300     0.00010854   
  301     0.00004983   
  302     0.00001049   
  303     0.00004164   
  304     0.00000518   
  305     0.00008628   
  306     0.00001844   
  307     0.00001298   
  308     0.00001301   
  309     0.00001055   
  310     0.00001413   
  311     0.00000482   
  312     0.00001359   
  313     0.00000364   
  314     0.00000227   
  315     0.00000115   
  316     0.00000167   
  317     0.00000726   
  318     0.00001040   
  319     0.00001349   
  320     0.00000917   
  321     0.00000624   
  322     0.00000350   
  323     0.00001120   
  324     0.00001314   
  325     0.00023001   
  326     0.00034132   
  327     0.00040430   
  328     0.00059085   
  329     0.00047984   
  330     0.00084978   
  331     0.00011757   
  332     0.00020253   
  333     0.00093811   
  334     0.00004092   
  335     0.00014139   
  336     0.00085838   
  337     0.00071337   
  338     0.00042541   
  339     0.00016674   
  340     0.00113085   
  341     0.00016925   
  342     0.00069938   
  343     0.00277308   
  344     0.00133881   
  345     0.00374298   
  346     0.00072518   
  347     0.00709152   
  348     0.00180356   
  349     0.00210584   
  350     0.00637329   
  351     0.00249529   
  352     0.00507402   
  353     0.00994672   
  354     0.00722670   
  355     0.00117107   
  356     0.00055087   
  357     0.00062389   
  358     0.00076332   
  359     0.00494969   
  360     0.00128500   
  361     0.00254513   
  362     0.00043593   
  363     0.00025058   
  364     0.00027513   
  365     0.00119405   
  366     0.00058840   
  367     0.00014998   
  368     0.00037329   
  369     0.00046159   
  370     0.00056470   
  371     0.00051276   
  372     0.00055826   
  373     0.00041550   
  374     0.00079078   
  375     0.00070489   
  376     0.00187391   
    1     0.00098607   
    2     0.00047613   
    3     0.00014524   
    4     0.00002357   
    5     0.00002187   
    6     0.00009664   
    7     0.00006716   
    8     0.00001697   
    9     0.00026286   
   10     0.00016221   
   11     0.00004764   
   12     0.00005907   
   13     0.00002543   
   14     0.00028880   
   15     0.00004001   
   16     0.00001554   
   17     0.00001667   
   18     0.00004433   
   19     0.00000963   
   20     0.00001482   
   21     0.00021431   
   22     0.00018071   
   23     0.00084493   
   24     0.00013617   
   25     0.00069092   
   26     0.00084546   
   27     0.00036298   
   28     0.00024270   
   29     0.00039231   
   30     0.00007443   
   31     0.00005961   
   32     0.00017930   
   33     0.00132817   
   34     0.00183120   
   35     0.00180016   
   36     0.00290577   
   37     0.00122770   
   38     0.00072793   
   39     0.00008785   
   40     0.00003837   
   41     0.00006185   
   42     0.00007527   
   43     0.00034646   
   44     0.00151353   
   45     0.00128191   
   46     0.00049967   
   47     0.00128724   
   48     0.00119544   
   49     0.00142394   
   50     0.00067237   
   51     0.00070709   
   52     0.00053072   
   53     0.00027525   
   54     0.00040114   
   55     0.00022666   
   56     0.00092405   
   57     0.00022132   
   58     0.00008811   
   59     0.00014903   
   60     0.00007289   
   61     0.00132629   
   62     0.00059470   
   63     0.00018553   
   64     0.00007903   
   65     0.00125332   
   66     0.00017635   
   67     0.00040013   
   68     0.00012607   
   69     0.00010356   
   70     0.00002287   
   71     0.00000721   
   72     0.00012506   
   73     0.00012870   
   74     0.00047579   
   75     0.00031414   
   76     0.00185364   
   77     0.00127362   
   78     0.00229313   
   79     0.00199868   
   80     0.00129280   
   81     0.00028026   
   82     0.00024601   
   83     0.00067628   
   84     0.00093514   
   85     0.00072726   
   86     0.00133280   
   87     0.00089742   
   88     0.00082944   
   89     0.00065980   
   90     0.00130659   
   91     0.00112683   
   92     0.00281791   
   93     0.00015547   
   94     0.00067346   
   95     0.00021209   
   96     0.00072522   
   97     0.00084592   
   98     0.00073906   
   99     0.00027506   
  100     0.00044337   
  101     0.00032821   
  102     0.00045772   
  103     0.00005736   
  104     0.00032540   
  105     0.00184052   
  106     0.00015970   
  107     0.00027784   
  108     0.00069558   
  109     0.00025580   
  110     0.00025137   
  111     0.00079562   
  112     0.00020566   
  113     0.00046108   
  114     0.00019434   
  115     0.00063529   
  116     0.00174616   
  117     0.00104639   
  118     0.00048679   
  119     0.00021465   
  120     0.00024165   
  121     0.00039484   
  122     0.00018534   
  123     0.00005431   
  124     0.00002036   
  125     0.00007911   
  126     0.00003578   
  127     0.00011250   
  128     0.00007549   
  129     0.00008142   
  130     0.00018030   
  131     0.00014448   
  132     0.00041899   
  133     0.00019346   
  134     0.00047155   
  135     0.00031464   
  136     0.00050540   
  137     0.00080324   
  138     0.00060928   
  139     0.00020637   
  140     0.00131152   
  141     0.00020926   
  142     0.00044860   
  143     0.00085571   
  144     0.00039683   
  145     0.00032810   
  146     0.00020720   
  147     0.00084432   
  148     0.00055845   
  149     0.00039201   
  150     0.00077481   
  151     0.00025204   
  152     0.00030801   
  153     0.00063043   
  154     0.00011082   
  155     0.00017215   
  156     0.00043843   
  157     0.00090527   
  158     0.00054639   
  159     0.00067730   
  160     0.00014619   
  161     0.00047196   
  162     0.00012567   
  163     0.00136068   
  164     0.00065546   
  165     0.00031741   
  166     0.00040438   
  167     0.00077751   
  168     0.00157988   
  169     0.00160734   
  170     0.00274997   
  171     0.00142289   
  172     0.00367869   
  173     0.00082140   
  174     0.00158408   
  175     0.00058907   
  176     0.00108282   
  177     0.00456607   
  178     0.00472379   
  179     0.00293281   
  180     0.00954095   
  181     0.00666469   
  182     0.00115292   
  183     0.00261458   
  184     0.00233937   
  185     0.00153361   
  186     0.00217313   
  187     0.00044950   
  188     0.00041883   
  189     0.00162653   
  190     0.00082964   
  191     0.00084773   
  192     0.00102434   
  193     0.00248446   
  194     0.00053122   
  195     0.00050167   
  196     0.00018828   
  197     0.00032381   
  198     0.00012038   
  199     0.00014611   
  200     0.00005470   
  201     0.00007261   
  202     0.00079755   
  203     0.00098052   
  204     0.00019569   
  205     0.00092158   
  206     0.00066776   
  207     0.00030043   
  208     0.00184501   
  209     0.00102271   
  210     0.00147263   
  211     0.00117631   
  212     0.00031292   
  213     0.00052122   
  214     0.00067223   
  215     0.00055659   
  216     0.00060817   
  217     0.00065859   
  218     0.00020093   
  219     0.00015523   
  220     0.00031346   
  221     0.00120636   
  222     0.00008811   
  223     0.00011938   
  224     0.00056409   
  225     0.00017534   
  226     0.00083312   
  227     0.00040742   
  228     0.00069521   
  229     0.00113954   
  230     0.00063655   
  231     0.00045908   
  232     0.00030255   
  233     0.00039780   
  234     0.00063061   
  235     0.00109797   
  236     0.00112414   
  237     0.00058939   
  238     0.00044489   
  239     0.00081103   
  240     0.00105322   
  241     0.00064435   
  242     0.00058365   
  243     0.00094174   
  244     0.00103117   
  245     0.00056993   
  246     0.00051820   
  247     0.00015595   
  248     0.00027550   
  249     0.00038217   
  250     0.00102678   
  251     0.00028106   
  252     0.00014907   
  253     0.00007880   
  254     0.00000834   
  255     0.00002429   
  256     0.00005751   
  257     0.00018045   
  258     0.00068336   
  259     0.00003168   
  260     0.00027590   
  261     0.00061234   
  262     0.00024265   
  263     0.00015602   
  264     0.00022750   
  265     0.00002944   
  266     0.00004285   
  267     0.00033159   
  268     0.00018843   
  269     0.00040352   
  270     0.00203306   
  271     0.00091504   
  272     0.00043031   
  273     0.00050273   
  274     0.00027906   
  275     0.00052505   
  276     0.00013961   
  277     0.00010679   
  278     0.00006832   
  279     0.00010049   
  280     0.00040932   
  281     0.00085525   
  282     0.00046275   
  283     0.00011025   
  284     0.00008459   
  285     0.00010036   
  286     0.00017559   
  287     0.00003468   
  288     0.00006513   
  289     0.00007122   
  290     0.00009920   
  291     0.00050180   
  292     0.00005410   
  293     0.00079276   
  294     0.00037012   
  295     0.00007206   
  296     0.00010796   
  297     0.00053281   
  298     0.00040070   
  299     0.00010714   
  300     0.00012750   
  301     0.00011277   
  302     0.00011583   
  303     0.00081459   
  304     0.00111121   
  305     0.00064606   
  306     0.00014623   
  307     0.00011439   
  308     0.00041071   
  309     0.00009786   
  310     0.00018787   
  311     0.00016452   
  312     0.00036791   
  313     0.00039207   
  314     0.00008159   
  315     0.00014558   
  316     0.00026407   
  317     0.00016342   
  318     0.00016292   
  319     0.00032912   
  320     0.00068652   
  321     0.00016729   
  322     0.00041963   
  323     0.00015435   
  324     0.00009835   
  325     0.00031264   
  326     0.00022526   
  327     0.00063901   
  328     0.00026517   
  329     0.00062540   
  330     0.00609577   
  331     0.00247140   
  332     0.00979800   
  333     0.00149256   
  334     0.00574849   
  335     0.00169250   
  336     0.00020208   
  337     0.00526530   
  338     0.00436643   
  339     0.00189968   
  340     0.00152105   
  341     0.00046325   
  342     0.00337247   
  343     0.00370632   
  344     0.00134614   
  345     0.00236720   
  346     0.00096102   
  347     0.00959620   
  348     0.00562382   
  349     0.00143662   
  350     0.00142402   
  351     0.00389874   
  352     0.00098912   
  353     0.00684769   
  354     0.00060897   
  355     0.00082929   
  356     0.00029255   
  357     0.00010674   
  358     0.00012910   
  359     0.00108670   
  360     0.00034185   
  361     0.00159924   
  362     0.00120807   
  363     0.00014269   
  364     0.00011165   
  365     0.00120505   
  366     0.00027635   
  367     0.00034240   
  368     0.00037944   
  369     0.00022369   
  370     0.00029704   
  371     0.00043971   
  372     0.00013374   
  373     0.00006573   
  374     0.00010858   
  375     0.00030898   
  376     0.00075552   
