    1     0.00000105   
    2     0.00000615   
    3     0.00001361   
    4     0.00003421   
    5     0.00004934   
    6     0.00001884   
    7     0.00001569   
    8     0.00001325   
    9     0.00002115   
   10     0.00003114   
   11     0.00003740   
   12     0.00006182   
   13     0.00001507   
   14     0.00001329   
   15     0.00001870   
   16     0.00004522   
   17     0.00002345   
   18     0.00003982   
   19     0.00002059   
   20     0.00000031   
   21     0.00000008   
   22     0.00000007   
   23     0.00000039   
   24     0.00000962   
   25     0.00000562   
   26     0.00001604   
   27     0.00004191   
   28     0.00002780   
   29     0.00006955   
   30     0.00001370   
   31     0.00006144   
   32     0.00001753   
   33     0.00001897   
   34     0.00001257   
   35     0.00001805   
   36     0.00004404   
   37     0.00002923   
   38     0.00002547   
   39     0.00007500   
   40     0.00019827   
   41     0.00016550   
   42     0.00045468   
   43     0.00045918   
   44     0.00365495   
   45     0.00662874   
   46     0.00263552   
   47     0.00231756   
   48     0.00043822   
   49     0.00083554   
   50     0.00009888   
   51     0.00006934   
   52     0.00004215   
   53     0.00003375   
   54     0.00010142   
   55     0.00006648   
   56     0.00003260   
   57     0.00001922   
   58     0.00001409   
   59     0.00002509   
   60     0.00000136   
   61     0.00000847   
   62     0.00002350   
   63     0.00007599   
   64     0.00069356   
   65     0.00007467   
   66     0.00011058   
   67     0.00005211   
   68     0.00008112   
   69     0.00006828   
   70     0.00006518   
   71     0.00004099   
   72     0.00005955   
   73     0.00004510   
   74     0.00003350   
   75     0.00046049   
   76     0.00047859   
   77     0.00009423   
   78     0.00001316   
   79     0.00013508   
   80     0.00000370   
   81     0.00003687   
   82     0.00004674   
   83     0.00002792   
   84     0.00000229   
   85     0.00008980   
   86     0.00002778   
   87     0.00000129   
   88     0.00002155   
   89     0.00002198   
   90     0.00003383   
   91     0.00004655   
   92     0.00004826   
   93     0.00010336   
   94     0.00004875   
   95     0.00007057   
   96     0.00004151   
   97     0.00000271   
   98     0.00002466   
   99     0.00010363   
  100     0.00008350   
  101     0.00010889   
  102     0.00014052   
  103     0.00012602   
  104     0.00029066   
  105     0.00009409   
  106     0.00066222   
  107     0.00005268   
  108     0.00002643   
  109     0.00004680   
  110     0.00007101   
  111     0.00003879   
  112     0.00002932   
  113     0.00005371   
  114     0.00013178   
  115     0.00009039   
  116     0.00001317   
  117     0.00003323   
  118     0.00013448   
  119     0.00006809   
  120     0.00003839   
  121     0.00011681   
  122     0.00013881   
  123     0.00002413   
  124     0.00008327   
  125     0.00001875   
  126     0.00002104   
  127     0.00003196   
  128     0.00000157   
  129     0.00000075   
  130     0.00000052   
  131     0.00000026   
  132     0.00000060   
  133     0.00000455   
  134     0.00000539   
  135     0.00001926   
  136     0.00001569   
  137     0.00002850   
  138     0.00006338   
  139     0.00005786   
  140     0.00009010   
  141     0.00004895   
  142     0.00005381   
  143     0.00017719   
  144     0.00010767   
  145     0.00022821   
  146     0.00035660   
  147     0.00075609   
  148     0.00030459   
  149     0.00023530   
  150     0.00010459   
  151     0.00028141   
  152     0.00017163   
  153     0.00009432   
  154     0.00008142   
  155     0.00021349   
  156     0.00008943   
  157     0.00006515   
  158     0.00004191   
  159     0.00004686   
  160     0.00015882   
  161     0.00004779   
  162     0.00004013   
  163     0.00005364   
  164     0.00004823   
  165     0.00008873   
  166     0.00041333   
  167     0.00015759   
  168     0.00011350   
  169     0.00005276   
  170     0.00002930   
  171     0.00003917   
  172     0.00003189   
  173     0.00001623   
  174     0.00001037   
  175     0.00001008   
  176     0.00000547   
  177     0.00000390   
  178     0.00000131   
  179     0.00000152   
  180     0.00000166   
  181     0.00000114   
  182     0.00000018   
  183     0.00000135   
  184     0.00000166   
  185     0.00000427   
  186     0.00000033   
  187     0.00000164   
  188     0.00000302   
  189     0.00000531   
  190     0.00000234   
  191     0.00001381   
  192     0.00000987   
  193     0.00002620   
  194     0.00001373   
  195     0.00000644   
  196     0.00001794   
  197     0.00005324   
  198     0.00005352   
  199     0.00004071   
  200     0.00003421   
  201     0.00001906   
  202     0.00002237   
  203     0.00001565   
  204     0.00003539   
  205     0.00000922   
  206     0.00000556   
  207     0.00000746   
  208     0.00000398   
  209     0.00000136   
  210     0.00000776   
  211     0.00000019   
  212     0.00000107   
  213     0.00004710   
  214     0.00000688   
  215     0.00002887   
  216     0.00001027   
  217     0.00002148   
  218     0.00001902   
  219     0.00005771   
  220     0.00008526   
  221     0.00009323   
  222     0.00021405   
  223     0.00011326   
  224     0.00004378   
  225     0.00003937   
  226     0.00011084   
  227     0.00003234   
  228     0.00001732   
  229     0.00001094   
  230     0.00001636   
  231     0.00006520   
  232     0.00002746   
  233     0.00000483   
  234     0.00000760   
  235     0.00001139   
  236     0.00002331   
  237     0.00000862   
  238     0.00000260   
  239     0.00001875   
  240     0.00000578   
  241     0.00000432   
  242     0.00000278   
  243     0.00000063   
  244     0.00000422   
  245     0.00000112   
  246     0.00000155   
  247     0.00000104   
  248     0.00000246   
  249     0.00000072   
  250     0.00000120   
  251     0.00000100   
  252     0.00000291   
  253     0.00000180   
  254     0.00000069   
  255     0.00000263   
  256     0.00000974   
  257     0.00001068   
  258     0.00000154   
  259     0.00000893   
  260     0.00002118   
  261     0.00001685   
  262     0.00000411   
  263     0.00001395   
  264     0.00002011   
  265     0.00000301   
  266     0.00000359   
  267     0.00000398   
  268     0.00000287   
  269     0.00000629   
  270     0.00000254   
  271     0.00000850   
  272     0.00000313   
  273     0.00000469   
  274     0.00000972   
  275     0.00000066   
  276     0.00000126   
  277     0.00000116   
  278     0.00000118   
  279     0.00000364   
  280     0.00000247   
  281     0.00000413   
  282     0.00000102   
  283     0.00000191   
  284     0.00000162   
  285     0.00000233   
  286     0.00000296   
  287     0.00000289   
  288     0.00000044   
  289     0.00000055   
  290     0.00000020   
  291     0.00000067   
  292     0.00000071   
  293     0.00000170   
  294     0.00000468   
  295     0.00000201   
  296     0.00000634   
  297     0.00000108   
  298     0.00000611   
  299     0.00000292   
  300     0.00000828   
  301     0.00000116   
  302     0.00000235   
  303     0.00000173   
  304     0.00000470   
  305     0.00001397   
  306     0.00000401   
  307     0.00000540   
  308     0.00003343   
  309     0.00003946   
  310     0.00001919   
  311     0.00001668   
  312     0.00002411   
  313     0.00001903   
  314     0.00004459   
  315     0.00002508   
  316     0.00003026   
  317     0.00003885   
  318     0.00006876   
  319     0.00006890   
  320     0.00020026   
  321     0.00011557   
  322     0.00180678   
  323     0.00011354   
  324     0.00009735   
  325     0.00000896   
  326     0.00004958   
  327     0.00003357   
  328     0.00000171   
  329     0.00000984   
  330     0.00000235   
  331     0.00000897   
  332     0.00000243   
  333     0.00000242   
  334     0.00000762   
  335     0.00000085   
  336     0.00000053   
  337     0.00000090   
  338     0.00000305   
  339     0.00001110   
  340     0.00001500   
  341     0.00001894   
  342     0.00001750   
  343     0.00000915   
  344     0.00000280   
  345     0.00001450   
  346     0.00000419   
  347     0.00000169   
  348     0.00000409   
  349     0.00000093   
  350     0.00000056   
  351     0.00000256   
  352     0.00000953   
  353     0.00000269   
  354     0.00000093   
  355     0.00000172   
  356     0.00002751   
  357     0.00000324   
  358     0.00000107   
  359     0.00000052   
  360     0.00000109   
  361     0.00000034   
  362     0.00000102   
  363     0.00000103   
  364     0.00000016   
  365     0.00000442   
  366     0.00000195   
  367     0.00001138   
  368     0.00001335   
  369     0.00001580   
  370     0.00000647   
  371     0.00000679   
  372     0.00000609   
  373     0.00001340   
  374     0.00000588   
  375     0.00003064   
  376     0.00001862   
  377     0.00001182   
  378     0.00006049   
  379     0.00006929   
  380     0.00003848   
  381     0.00001688   
  382     0.00009495   
  383     0.00002120   
  384     0.00000273   
  385     0.00000791   
  386     0.00000215   
  387     0.00000309   
  388     0.00000501   
  389     0.00001011   
  390     0.00003399   
  391     0.00002933   
  392     0.00003630   
  393     0.00003880   
  394     0.00005247   
  395     0.00016608   
  396     0.00015284   
  397     0.00062201   
  398     0.00010318   
  399     0.00009025   
  400     0.00004888   
  401     0.00004872   
  402     0.00002978   
  403     0.00001431   
  404     0.00000109   
  405     0.00000620   
  406     0.00001540   
  407     0.00015831   
  408     0.00020864   
  409     0.00010809   
  410     0.00029425   
  411     0.00012725   
  412     0.00014190   
  413     0.00010347   
  414     0.00027069   
  415     0.00014505   
  416     0.00008711   
  417     0.00012197   
  418     0.00010366   
  419     0.00014140   
  420     0.00016724   
  421     0.00020052   
  422     0.00012063   
  423     0.00017273   
  424     0.00006582   
  425     0.00004521   
  426     0.00006043   
  427     0.00002212   
  428     0.00002604   
  429     0.00000361   
  430     0.00000025   
  431     0.00000794   
  432     0.00000509   
  433     0.00000996   
  434     0.00001106   
  435     0.00001051   
  436     0.00003155   
  437     0.00000642   
  438     0.00003660   
  439     0.00006392   
  440     0.00007425   
  441     0.00016163   
  442     0.00043984   
  443     0.00095184   
  444     0.00157858   
  445     0.00137447   
  446     0.00140918   
  447     0.00044937   
  448     0.00053222   
  449     0.00008491   
  450     0.00010618   
  451     0.00042005   
  452     0.00139610   
  453     0.00058452   
  454     0.00004463   
  455     0.00002006   
  456     0.00005644   
  457     0.00010184   
  458     0.00004468   
  459     0.00004238   
  460     0.00003296   
  461     0.00000625   
  462     0.00002095   
  463     0.00000486   
  464     0.00000775   
  465     0.00001738   
  466     0.00001113   
  467     0.00000640   
  468     0.00001444   
  469     0.00000945   
  470     0.00002277   
  471     0.00001517   
  472     0.00001491   
  473     0.00008219   
  474     0.00002453   
  475     0.00005995   
  476     0.00013980   
  477     0.00007162   
  478     0.00011250   
  479     0.00010015   
  480     0.00018357   
  481     0.00027427   
  482     0.00018750   
  483     0.00019122   
  484     0.00021840   
  485     0.00004485   
  486     0.00002416   
  487     0.00001089   
  488     0.00001440   
  489     0.00000727   
  490     0.00000627   
  491     0.00000360   
  492     0.00000134   
  493     0.00000030   
  494     0.00000199   
  495     0.00000150   
  496     0.00000181   
  497     0.00000603   
  498     0.00001046   
  499     0.00001342   
  500     0.00004648   
  501     0.00015443   
  502     0.00002486   
  503     0.00005088   
  504     0.00036575   
  505     0.00021989   
  506     0.00006123   
  507     0.00005411   
  508     0.00001318   
  509     0.00000179   
  510     0.00000422   
  511     0.00001765   
  512     0.00008709   
  513     0.00000903   
  514     0.00002569   
  515     0.00015798   
  516     0.00012875   
  517     0.00013188   
  518     0.00012724   
  519     0.00052246   
  520     0.00102630   
  521     0.00070127   
  522     0.00093059   
  523     0.00145703   
  524     0.00492937   
  525     0.00192465   
  526     0.00450430   
  527     0.00152058   
  528     0.01025674   
  529     0.00387065   
  530     0.00296098   
  531     0.00379555   
  532     0.00184233   
  533     0.00247947   
  534     0.00060390   
  535     0.00174192   
  536     0.00071685   
  537     0.00043014   
  538     0.00030310   
  539     0.00025869   
  540     0.00013041   
  541     0.00006332   
  542     0.00007509   
  543     0.00004219   
  544     0.00001125   
  545     0.00000748   
  546     0.00001502   
  547     0.00000981   
  548     0.00000317   
  549     0.00001240   
  550     0.00000842   
  551     0.00000151   
  552     0.00000189   
  553     0.00000843   
  554     0.00000176   
  555     0.00000147   
  556     0.00000187   
  557     0.00000653   
  558     0.00000262   
  559     0.00000207   
  560     0.00000150   
  561     0.00000878   
  562     0.00001408   
  563     0.00000553   
  564     0.00000290   
  565     0.00002591   
  566     0.00003152   
  567     0.00001434   
  568     0.00001972   
  569     0.00006416   
  570     0.00005738   
  571     0.00004807   
  572     0.00005493   
  573     0.00009829   
  574     0.00008554   
  575     0.00028713   
  576     0.00020201   
  577     0.00015636   
  578     0.00022131   
  579     0.00308766   
  580     0.00009644   
  581     0.00336117   
  582     0.00000794   
  583     0.00008107   
  584     0.00015703   
  585     0.00017137   
  586     0.00007123   
  587     0.00002667   
  588     0.00003616   
  589     0.00003167   
  590     0.00003433   
  591     0.00002135   
  592     0.00001646   
  593     0.00001530   
  594     0.00001516   
  595     0.00002510   
  596     0.00000848   
  597     0.00000586   
  598     0.00002082   
  599     0.00000289   
  600     0.00000319   
  601     0.00000457   
  602     0.00001001   
  603     0.00000164   
  604     0.00000204   
  605     0.00000065   
    1     0.00007700   
    2     0.00002277   
    3     0.00001438   
    4     0.00001088   
    5     0.00002478   
    6     0.00003698   
    7     0.00003424   
    8     0.00001700   
    9     0.00003204   
   10     0.00002805   
   11     0.00001981   
   12     0.00002719   
   13     0.00000818   
   14     0.00002112   
   15     0.00003164   
   16     0.00001695   
   17     0.00001082   
   18     0.00001580   
   19     0.00001253   
   20     0.00001521   
   21     0.00006356   
   22     0.00007349   
   23     0.00002870   
   24     0.00002655   
   25     0.00004833   
   26     0.00004586   
   27     0.00003077   
   28     0.00002286   
   29     0.00002875   
   30     0.00003178   
   31     0.00002029   
   32     0.00003935   
   33     0.00005244   
   34     0.00003302   
   35     0.00000744   
   36     0.00001520   
   37     0.00002956   
   38     0.00001732   
   39     0.00001736   
   40     0.00001678   
   41     0.00002435   
   42     0.00001920   
   43     0.00003499   
   44     0.00003120   
   45     0.00002825   
   46     0.00003184   
   47     0.00007499   
   48     0.00005548   
   49     0.00005887   
   50     0.00006842   
   51     0.00006659   
   52     0.00003861   
   53     0.00004731   
   54     0.00006970   
   55     0.00010935   
   56     0.00011272   
   57     0.00007304   
   58     0.00013092   
   59     0.00011833   
   60     0.00005662   
   61     0.00044439   
   62     0.00012376   
   63     0.00004854   
   64     0.00002207   
   65     0.00002534   
   66     0.00002227   
   67     0.00000573   
   68     0.00001390   
   69     0.00001049   
   70     0.00000962   
   71     0.00000380   
   72     0.00001291   
   73     0.00001627   
   74     0.00000551   
   75     0.00004435   
   76     0.00004593   
   77     0.00007499   
   78     0.00007471   
   79     0.00018038   
   80     0.00035444   
   81     0.00005823   
   82     0.00007864   
   83     0.00007796   
   84     0.00017814   
   85     0.00012651   
   86     0.00039230   
   87     0.00011367   
   88     0.00005930   
   89     0.00010910   
   90     0.00013185   
   91     0.00002288   
   92     0.00003800   
   93     0.00002262   
   94     0.00005744   
   95     0.00002168   
   96     0.00002202   
   97     0.00005264   
   98     0.00003945   
   99     0.00002201   
  100     0.00011248   
  101     0.00004753   
  102     0.00009466   
  103     0.00008811   
  104     0.00021149   
  105     0.00026922   
  106     0.00006502   
  107     0.00026775   
  108     0.00010128   
  109     0.00005677   
  110     0.00012558   
  111     0.00025682   
  112     0.00040703   
  113     0.00111985   
  114     0.00142627   
  115     0.00261391   
  116     0.00307494   
  117     0.00453413   
  118     0.00544129   
  119     0.00356702   
  120     0.00489653   
  121     0.00279395   
  122     0.00309184   
  123     0.00105188   
  124     0.00089309   
  125     0.00020494   
  126     0.00100185   
  127     0.00115744   
  128     0.00045963   
  129     0.00141451   
  130     0.00213013   
  131     0.00047189   
  132     0.00099090   
  133     0.00037158   
  134     0.00018800   
  135     0.00033262   
  136     0.00137792   
  137     0.00101808   
  138     0.00077696   
  139     0.00147457   
  140     0.00193108   
  141     0.00105248   
  142     0.00230585   
  143     0.00025515   
  144     0.00013018   
  145     0.00003364   
  146     0.00003400   
  147     0.00006877   
  148     0.00041780   
  149     0.00019612   
  150     0.00013991   
  151     0.00008523   
  152     0.00004053   
  153     0.00004509   
  154     0.00002157   
  155     0.00001607   
  156     0.00003496   
  157     0.00007601   
  158     0.00006568   
  159     0.00005374   
  160     0.00003232   
  161     0.00002423   
  162     0.00000892   
  163     0.00003279   
  164     0.00003246   
  165     0.00001674   
  166     0.00002695   
  167     0.00005164   
  168     0.00011939   
  169     0.00026614   
  170     0.00008537   
  171     0.00019796   
  172     0.00009841   
  173     0.00001570   
  174     0.00001928   
  175     0.00000692   
  176     0.00001226   
  177     0.00000873   
  178     0.00003635   
  179     0.00004796   
  180     0.00017254   
  181     0.00004790   
  182     0.00006282   
  183     0.00004528   
  184     0.00006455   
  185     0.00004725   
  186     0.00016507   
  187     0.00008577   
  188     0.00007569   
  189     0.00015608   
  190     0.00011714   
  191     0.00006762   
  192     0.00007969   
  193     0.00013730   
  194     0.00003538   
  195     0.00003742   
  196     0.00002632   
  197     0.00004276   
  198     0.00002405   
  199     0.00007231   
  200     0.00003348   
  201     0.00004341   
  202     0.00004660   
  203     0.00035706   
  204     0.00013009   
  205     0.00110132   
  206     0.00088933   
  207     0.00319951   
  208     0.00318119   
  209     0.00235481   
  210     0.00138231   
  211     0.00133712   
  212     0.00105956   
  213     0.00079885   
  214     0.00086838   
  215     0.00168814   
  216     0.00967420   
  217     0.00055655   
  218     0.00115470   
  219     0.00032186   
  220     0.00090152   
  221     0.00261769   
  222     0.00026913   
  223     0.00071030   
  224     0.00460360   
  225     0.00437888   
  226     0.01652512   
  227     0.01203516   
  228     0.00773143   
  229     0.00146761   
  230     0.00029313   
  231     0.00196293   
  232     0.00110792   
  233     0.00064953   
  234     0.00143782   
  235     0.00043896   
  236     0.00064220   
  237     0.00040267   
  238     0.00017699   
  239     0.00048281   
  240     0.00095456   
  241     0.00045922   
  242     0.00219552   
  243     0.00278667   
  244     0.00277427   
  245     0.00314679   
  246     0.00840092   
  247     0.00605789   
  248     0.00169105   
  249     0.00365157   
  250     0.00154080   
  251     0.00169877   
  252     0.00133001   
  253     0.00205273   
  254     0.00009108   
  255     0.00112413   
  256     0.00046831   
  257     0.00069834   
  258     0.00102346   
  259     0.00045789   
  260     0.00024015   
  261     0.00188302   
  262     0.00130415   
  263     0.00049845   
  264     0.00193532   
  265     0.00168336   
  266     0.00299115   
  267     0.00146537   
  268     0.00129790   
  269     0.00065627   
  270     0.00178510   
  271     0.00064791   
  272     0.00111418   
  273     0.00044270   
  274     0.00093385   
  275     0.00032472   
  276     0.00031786   
  277     0.00021908   
  278     0.00100704   
  279     0.00104969   
  280     0.00103748   
  281     0.00062311   
  282     0.00168041   
  283     0.00098759   
  284     0.00189039   
  285     0.00035740   
  286     0.00418975   
  287     0.00022460   
  288     0.00108590   
  289     0.00186737   
  290     0.00086056   
  291     0.00421864   
  292     0.00076156   
  293     0.00100435   
  294     0.00142487   
  295     0.00021528   
  296     0.00029725   
  297     0.00236191   
  298     0.00026725   
  299     0.00063444   
  300     0.00041476   
  301     0.00020654   
  302     0.00082206   
  303     0.00360373   
  304     0.00124018   
  305     0.00424039   
  306     0.00089969   
  307     0.00046068   
  308     0.00091742   
  309     0.00026534   
  310     0.00071836   
  311     0.00039909   
  312     0.00191788   
  313     0.00023800   
  314     0.00005087   
  315     0.00000329   
  316     0.00028386   
  317     0.00047513   
  318     0.00020057   
  319     0.00080795   
  320     0.00121765   
  321     0.00050415   
  322     0.00164963   
  323     0.00016426   
  324     0.00082163   
  325     0.00079830   
  326     0.00228958   
  327     0.00113120   
  328     0.00104696   
  329     0.00110799   
  330     0.00080705   
  331     0.00025596   
  332     0.00011838   
  333     0.00031861   
  334     0.00001202   
  335     0.00003181   
  336     0.00003311   
  337     0.00056952   
  338     0.00015160   
  339     0.00002612   
  340     0.00057940   
  341     0.00057316   
  342     0.00004121   
  343     0.00003911   
  344     0.00018992   
  345     0.00002534   
  346     0.00001559   
  347     0.00001802   
  348     0.00000618   
  349     0.00000259   
  350     0.00000378   
  351     0.00000265   
  352     0.00000314   
  353     0.00002496   
  354     0.00000774   
  355     0.00000110   
  356     0.00000174   
  357     0.00000143   
  358     0.00000127   
  359     0.00000473   
  360     0.00000666   
  361     0.00000724   
  362     0.00000217   
  363     0.00000043   
  364     0.00000062   
  365     0.00001178   
  366     0.00000415   
  367     0.00000175   
  368     0.00000157   
  369     0.00000129   
  370     0.00000106   
  371     0.00000134   
  372     0.00000114   
  373     0.00000090   
  374     0.00000067   
  375     0.00000234   
  376     0.00001206   
    1     0.00032577   
    2     0.00006021   
    3     0.00000183   
    4     0.00000063   
    5     0.00000397   
    6     0.00005572   
    7     0.00002588   
    8     0.00000370   
    9     0.00000407   
   10     0.00003208   
   11     0.00001890   
   12     0.00000888   
   13     0.00001178   
   14     0.00007671   
   15     0.00003369   
   16     0.00000336   
   17     0.00000065   
   18     0.00000245   
   19     0.00000026   
   20     0.00000074   
   21     0.00001625   
   22     0.00000277   
   23     0.00000710   
   24     0.00000395   
   25     0.00001557   
   26     0.00003841   
   27     0.00000813   
   28     0.00005014   
   29     0.00003667   
   30     0.00002658   
   31     0.00000625   
   32     0.00002410   
   33     0.00024775   
   34     0.00015479   
   35     0.00014674   
   36     0.00023768   
   37     0.00018996   
   38     0.00031619   
   39     0.00007079   
   40     0.00001237   
   41     0.00002082   
   42     0.00003213   
   43     0.00011062   
   44     0.00025008   
   45     0.00006804   
   46     0.00019933   
   47     0.00015382   
   48     0.00024827   
   49     0.00035846   
   50     0.00008763   
   51     0.00016669   
   52     0.00014283   
   53     0.00016790   
   54     0.00010142   
   55     0.00017556   
   56     0.00039291   
   57     0.00009294   
   58     0.00001870   
   59     0.00010283   
   60     0.00004647   
   61     0.00056765   
   62     0.00029872   
   63     0.00005090   
   64     0.00002616   
   65     0.00036042   
   66     0.00004331   
   67     0.00008946   
   68     0.00001738   
   69     0.00001458   
   70     0.00000661   
   71     0.00000024   
   72     0.00005112   
   73     0.00003000   
   74     0.00022809   
   75     0.00021092   
   76     0.00048598   
   77     0.00050694   
   78     0.00039410   
   79     0.00085395   
   80     0.00054603   
   81     0.00068417   
   82     0.00026741   
   83     0.00027521   
   84     0.00069798   
   85     0.00028329   
   86     0.00015666   
   87     0.00015949   
   88     0.00030146   
   89     0.00012544   
   90     0.00058950   
   91     0.00027622   
   92     0.00018856   
   93     0.00007941   
   94     0.00028728   
   95     0.00030319   
   96     0.00034073   
   97     0.00020329   
   98     0.00052463   
   99     0.00014224   
  100     0.00016704   
  101     0.00050653   
  102     0.00035621   
  103     0.00005718   
  104     0.00013123   
  105     0.00013992   
  106     0.00005652   
  107     0.00001441   
  108     0.00007715   
  109     0.00009406   
  110     0.00014052   
  111     0.00008946   
  112     0.00017918   
  113     0.00034242   
  114     0.00137630   
  115     0.00135379   
  116     0.00300334   
  117     0.00391062   
  118     0.00881317   
  119     0.02288882   
  120     0.00401987   
  121     0.03023869   
  122     0.00766672   
  123     0.00434084   
  124     0.00183232   
  125     0.00091765   
  126     0.00070896   
  127     0.00230314   
  128     0.00150777   
  129     0.00254017   
  130     0.00289616   
  131     0.00041241   
  132     0.01268061   
  133     0.00274985   
  134     0.01178116   
  135     0.00395331   
  136     0.03919066   
  137     0.00845492   
  138     0.02359391   
  139     0.00432804   
  140     0.00599273   
  141     0.00071248   
  142     0.00568779   
  143     0.00116901   
  144     0.00355206   
  145     0.00013875   
  146     0.00005533   
  147     0.00031521   
  148     0.00027582   
  149     0.00143506   
  150     0.00054291   
  151     0.00032841   
  152     0.00004554   
  153     0.00000980   
  154     0.00000407   
  155     0.00000482   
  156     0.00000615   
  157     0.00016828   
  158     0.00013847   
  159     0.00002107   
  160     0.00006868   
  161     0.00002369   
  162     0.00000910   
  163     0.00004705   
  164     0.00003399   
  165     0.00001343   
  166     0.00001720   
  167     0.00006762   
  168     0.00003701   
  169     0.00003073   
  170     0.00008148   
  171     0.00006770   
  172     0.00000646   
  173     0.00000490   
  174     0.00000111   
  175     0.00000015   
  176     0.00000047   
  177     0.00000590   
  178     0.00002473   
  179     0.00002744   
  180     0.00004017   
  181     0.00001697   
  182     0.00000381   
  183     0.00003012   
  184     0.00000702   
  185     0.00000824   
  186     0.00002437   
  187     0.00000510   
  188     0.00001172   
  189     0.00001372   
  190     0.00003661   
  191     0.00005030   
  192     0.00001034   
  193     0.00004693   
  194     0.00000554   
  195     0.00000630   
  196     0.00001905   
  197     0.00007902   
  198     0.00000385   
  199     0.00004675   
  200     0.00011696   
  201     0.00003749   
  202     0.00002318   
  203     0.00005575   
  204     0.00043139   
  205     0.00028895   
  206     0.00038792   
  207     0.00067127   
  208     0.00739943   
  209     0.00605939   
  210     0.00337666   
  211     0.00344826   
  212     0.00254424   
  213     0.00189510   
  214     0.00658651   
  215     0.00590469   
  216     0.00706188   
  217     0.01721428   
  218     0.00204063   
  219     0.00275830   
  220     0.00521446   
  221     0.01249931   
  222     0.00473179   
  223     0.00155691   
  224     0.01841484   
  225     0.00402204   
  226     0.01559471   
  227     0.01527031   
  228     0.00596741   
  229     0.00891433   
  230     0.00286992   
  231     0.00399639   
  232     0.00371483   
  233     0.00223002   
  234     0.00127200   
  235     0.00104402   
  236     0.00007266   
  237     0.00020028   
  238     0.00080105   
  239     0.00098831   
  240     0.00123812   
  241     0.00512068   
  242     0.00309459   
  243     0.01422711   
  244     0.00445175   
  245     0.01047752   
  246     0.00270976   
  247     0.00145221   
  248     0.00192808   
  249     0.00386887   
  250     0.00554442   
  251     0.00496830   
  252     0.00103959   
  253     0.00108248   
  254     0.00006945   
  255     0.00226516   
  256     0.00298257   
  257     0.00244713   
  258     0.00130808   
  259     0.00008657   
  260     0.00089440   
  261     0.00363784   
  262     0.00069666   
  263     0.00053096   
  264     0.00118914   
  265     0.00335252   
  266     0.00956198   
  267     0.00243798   
  268     0.00103147   
  269     0.00042356   
  270     0.00017698   
  271     0.00112107   
  272     0.00060516   
  273     0.00071509   
  274     0.00049538   
  275     0.00039369   
  276     0.00074995   
  277     0.00037998   
  278     0.00116090   
  279     0.00077856   
  280     0.00124863   
  281     0.00040989   
  282     0.00044693   
  283     0.00040628   
  284     0.00055658   
  285     0.00057816   
  286     0.00050998   
  287     0.00016561   
  288     0.00043828   
  289     0.00059299   
  290     0.00013685   
  291     0.00206844   
  292     0.00051351   
  293     0.00392234   
  294     0.00082921   
  295     0.00032012   
  296     0.00014946   
  297     0.00706801   
  298     0.00051115   
  299     0.00089114   
  300     0.00147070   
  301     0.00284829   
  302     0.00150966   
  303     0.01040313   
  304     0.00822468   
  305     0.00325398   
  306     0.00185179   
  307     0.00068117   
  308     0.00063266   
  309     0.00051723   
  310     0.00226406   
  311     0.00199758   
  312     0.00285094   
  313     0.00199589   
  314     0.00026458   
  315     0.00002696   
  316     0.00007896   
  317     0.00046233   
  318     0.00167668   
  319     0.00157989   
  320     0.00511947   
  321     0.00196457   
  322     0.00210737   
  323     0.00079650   
  324     0.00092805   
  325     0.00206492   
  326     0.00538471   
  327     0.00100431   
  328     0.00052694   
  329     0.00026561   
  330     0.00006798   
  331     0.00019511   
  332     0.00002755   
  333     0.00003697   
  334     0.00002274   
  335     0.00001001   
  336     0.00001004   
  337     0.00007656   
  338     0.00013977   
  339     0.00002838   
  340     0.00007317   
  341     0.00018262   
  342     0.00027730   
  343     0.00010665   
  344     0.00070347   
  345     0.00045875   
  346     0.00041024   
  347     0.00027543   
  348     0.00039315   
  349     0.00062570   
  350     0.00033562   
  351     0.00020107   
  352     0.00003642   
  353     0.00014995   
  354     0.00000516   
  355     0.00000829   
  356     0.00000228   
  357     0.00000162   
  358     0.00000167   
  359     0.00002762   
  360     0.00003590   
  361     0.00001422   
  362     0.00000893   
  363     0.00000147   
  364     0.00000108   
  365     0.00000228   
  366     0.00000459   
  367     0.00000225   
  368     0.00000371   
  369     0.00000140   
  370     0.00000259   
  371     0.00000184   
  372     0.00000143   
  373     0.00000208   
  374     0.00000322   
  375     0.00000302   
  376     0.00006138   
