    1     0.00004657   
    2     0.00022688   
    3     0.00006414   
    4     0.00025308   
    5     0.00001333   
    6     0.00001402   
    7     0.00000521   
    8     0.00000496   
    9     0.00001594   
   10     0.00000365   
   11     0.00000183   
   12     0.00000882   
   13     0.00001013   
   14     0.00000838   
   15     0.00003138   
   16     0.00001985   
   17     0.00002686   
   18     0.00004265   
   19     0.00008542   
   20     0.00001114   
   21     0.00002146   
   22     0.00005341   
   23     0.00001881   
   24     0.00001535   
   25     0.00004442   
   26     0.00007548   
   27     0.00004136   
   28     0.00001927   
   29     0.00000916   
   30     0.00000320   
   31     0.00001277   
   32     0.00000497   
   33     0.00005298   
   34     0.00004619   
   35     0.00001550   
   36     0.00004022   
   37     0.00002323   
   38     0.00000300   
   39     0.00000874   
   40     0.00003137   
   41     0.00001476   
   42     0.00003684   
   43     0.00004504   
   44     0.00001765   
   45     0.00002726   
   46     0.00003203   
   47     0.00002778   
   48     0.00003267   
   49     0.00002873   
   50     0.00001618   
   51     0.00001608   
   52     0.00006862   
   53     0.00000746   
   54     0.00003490   
   55     0.00002049   
   56     0.00000836   
   57     0.00002031   
   58     0.00000272   
   59     0.00000819   
   60     0.00000093   
   61     0.00000317   
   62     0.00000916   
   63     0.00000150   
   64     0.00000455   
   65     0.00001172   
   66     0.00005311   
   67     0.00000333   
   68     0.00000421   
   69     0.00001650   
   70     0.00003263   
   71     0.00000167   
   72     0.00000851   
   73     0.00000922   
   74     0.00008397   
   75     0.00002268   
   76     0.00000724   
   77     0.00000184   
   78     0.00000204   
   79     0.00000091   
   80     0.00000056   
   81     0.00000271   
   82     0.00000360   
   83     0.00000127   
   84     0.00000053   
   85     0.00000366   
   86     0.00000267   
   87     0.00000202   
   88     0.00000054   
   89     0.00000123   
   90     0.00000630   
   91     0.00000825   
   92     0.00000771   
   93     0.00000652   
   94     0.00000958   
   95     0.00001103   
   96     0.00000500   
   97     0.00000413   
   98     0.00000463   
   99     0.00000288   
  100     0.00001934   
  101     0.00001115   
  102     0.00001008   
  103     0.00003303   
  104     0.00000371   
  105     0.00001675   
  106     0.00001084   
  107     0.00000141   
  108     0.00000327   
  109     0.00000318   
  110     0.00002967   
  111     0.00001764   
  112     0.00002177   
  113     0.00005777   
  114     0.00001910   
  115     0.00006083   
  116     0.00002120   
  117     0.00002148   
  118     0.00007522   
  119     0.00001671   
  120     0.00001219   
  121     0.00001747   
  122     0.00001878   
  123     0.00000484   
  124     0.00001317   
  125     0.00002521   
  126     0.00000948   
  127     0.00001997   
  128     0.00000655   
  129     0.00001229   
  130     0.00001278   
  131     0.00000395   
  132     0.00000572   
  133     0.00000290   
  134     0.00000777   
  135     0.00002075   
  136     0.00000977   
  137     0.00000920   
  138     0.00002963   
  139     0.00004161   
  140     0.00006162   
  141     0.00000703   
  142     0.00003959   
  143     0.00000560   
  144     0.00001454   
  145     0.00002761   
  146     0.00002771   
  147     0.00001486   
  148     0.00000311   
  149     0.00000498   
  150     0.00003808   
  151     0.00008375   
  152     0.00001459   
  153     0.00001208   
  154     0.00007094   
  155     0.00013879   
  156     0.00002711   
  157     0.00002255   
  158     0.00003475   
  159     0.00000492   
  160     0.00000720   
  161     0.00002062   
  162     0.00000382   
  163     0.00002020   
  164     0.00002920   
  165     0.00009040   
  166     0.00028426   
  167     0.00032745   
  168     0.00012782   
  169     0.00007266   
  170     0.00002135   
  171     0.00000440   
  172     0.00001274   
  173     0.00000814   
  174     0.00002243   
  175     0.00000293   
  176     0.00000678   
  177     0.00001474   
  178     0.00000524   
  179     0.00000885   
  180     0.00000656   
  181     0.00000447   
  182     0.00000664   
  183     0.00000528   
  184     0.00000191   
  185     0.00000241   
  186     0.00000117   
  187     0.00000060   
  188     0.00000358   
  189     0.00000170   
  190     0.00000186   
  191     0.00000257   
  192     0.00000338   
  193     0.00000232   
  194     0.00000079   
  195     0.00000078   
  196     0.00000374   
  197     0.00000429   
  198     0.00000344   
  199     0.00000390   
  200     0.00000177   
  201     0.00000131   
  202     0.00000313   
  203     0.00000278   
  204     0.00000252   
  205     0.00000658   
  206     0.00000229   
  207     0.00000329   
  208     0.00000147   
  209     0.00000087   
  210     0.00000008   
  211     0.00000008   
  212     0.00000017   
  213     0.00000080   
  214     0.00000029   
  215     0.00000077   
  216     0.00000085   
  217     0.00000108   
  218     0.00000928   
  219     0.00000068   
  220     0.00000197   
  221     0.00001328   
  222     0.00000649   
  223     0.00000452   
  224     0.00000468   
  225     0.00000209   
  226     0.00000517   
  227     0.00000965   
  228     0.00000372   
  229     0.00001839   
  230     0.00000340   
  231     0.00000274   
  232     0.00000235   
  233     0.00000537   
  234     0.00000153   
  235     0.00000093   
  236     0.00000255   
  237     0.00000124   
  238     0.00000134   
  239     0.00000122   
  240     0.00000159   
  241     0.00000054   
  242     0.00000013   
  243     0.00000066   
  244     0.00000169   
  245     0.00000072   
  246     0.00000033   
  247     0.00000011   
  248     0.00000340   
  249     0.00000022   
  250     0.00000714   
  251     0.00000033   
  252     0.00000417   
  253     0.00000144   
  254     0.00000034   
  255     0.00000355   
  256     0.00000095   
  257     0.00000955   
  258     0.00001932   
  259     0.00000125   
  260     0.00000095   
  261     0.00000179   
  262     0.00000294   
  263     0.00000276   
  264     0.00000140   
  265     0.00000744   
  266     0.00000435   
  267     0.00001538   
  268     0.00000175   
  269     0.00000778   
  270     0.00000224   
  271     0.00000380   
  272     0.00000343   
  273     0.00000083   
  274     0.00000437   
  275     0.00000311   
  276     0.00000149   
  277     0.00000018   
  278     0.00000139   
  279     0.00000394   
  280     0.00000275   
  281     0.00001065   
  282     0.00000694   
  283     0.00001933   
  284     0.00000739   
  285     0.00000406   
  286     0.00002520   
  287     0.00003628   
  288     0.00002747   
  289     0.00002721   
  290     0.00001710   
  291     0.00005449   
  292     0.00001235   
  293     0.00001374   
  294     0.00007702   
  295     0.00003024   
  296     0.00003450   
  297     0.00000869   
  298     0.00000355   
  299     0.00000050   
  300     0.00000032   
  301     0.00000037   
  302     0.00000302   
  303     0.00000060   
  304     0.00000035   
  305     0.00000060   
  306     0.00000063   
  307     0.00000046   
  308     0.00000094   
  309     0.00000130   
  310     0.00000192   
  311     0.00000202   
  312     0.00000211   
  313     0.00000413   
  314     0.00000046   
  315     0.00000389   
  316     0.00000316   
  317     0.00000124   
  318     0.00000107   
  319     0.00000187   
  320     0.00000148   
  321     0.00000075   
  322     0.00000083   
  323     0.00000374   
  324     0.00000163   
  325     0.00000118   
  326     0.00000025   
  327     0.00000148   
  328     0.00000053   
  329     0.00000207   
  330     0.00000030   
  331     0.00000063   
  332     0.00000070   
  333     0.00000042   
  334     0.00000221   
  335     0.00000103   
  336     0.00000030   
  337     0.00000149   
  338     0.00000379   
  339     0.00000063   
  340     0.00000102   
  341     0.00000062   
  342     0.00000063   
  343     0.00000545   
  344     0.00000069   
  345     0.00000673   
  346     0.00000145   
  347     0.00000092   
  348     0.00000296   
  349     0.00000148   
  350     0.00000059   
  351     0.00000072   
  352     0.00000251   
  353     0.00000251   
  354     0.00000017   
  355     0.00000034   
  356     0.00000108   
  357     0.00000096   
  358     0.00000017   
  359     0.00000034   
  360     0.00000022   
  361     0.00000019   
  362     0.00000032   
  363     0.00000303   
  364     0.00000027   
  365     0.00000253   
  366     0.00000093   
  367     0.00000380   
  368     0.00000544   
  369     0.00001252   
  370     0.00000340   
  371     0.00000224   
  372     0.00000522   
  373     0.00001752   
  374     0.00000851   
  375     0.00005249   
  376     0.00001761   
  377     0.00012486   
  378     0.00010801   
  379     0.00029001   
  380     0.00028986   
  381     0.00033818   
  382     0.00086179   
  383     0.00317021   
  384     0.00071103   
  385     0.00044781   
  386     0.00201701   
  387     0.00104897   
  388     0.00397461   
  389     0.01690011   
  390     0.00566340   
  391     0.00235175   
  392     0.00390880   
  393     0.00082885   
  394     0.00121878   
  395     0.00142590   
  396     0.00803222   
  397     0.01376759   
  398     0.00473637   
  399     0.00280723   
  400     0.00190122   
  401     0.00286078   
  402     0.00611985   
  403     0.00459965   
  404     0.01065752   
  405     0.00372995   
  406     0.00097960   
  407     0.01168701   
  408     0.00117419   
  409     0.00177936   
  410     0.00565189   
  411     0.01504409   
  412     0.02087311   
  413     0.00931773   
  414     0.01039624   
  415     0.00117639   
  416     0.02299123   
  417     0.00458345   
  418     0.01487184   
  419     0.00877098   
  420     0.02327322   
  421     0.00300121   
  422     0.00459059   
  423     0.00680139   
  424     0.01021266   
  425     0.00159180   
  426     0.00474199   
  427     0.00102145   
  428     0.00149435   
  429     0.00768529   
  430     0.00047668   
  431     0.00064293   
  432     0.00030907   
  433     0.00096228   
  434     0.00110727   
  435     0.00316349   
  436     0.00379490   
  437     0.01053268   
  438     0.00908690   
  439     0.01039861   
  440     0.00557932   
  441     0.00388870   
  442     0.00223430   
  443     0.00547039   
  444     0.00800133   
  445     0.00066296   
  446     0.00614148   
  447     0.00184782   
  448     0.00227032   
  449     0.00098324   
  450     0.00036551   
  451     0.00184098   
  452     0.00290089   
  453     0.00694343   
  454     0.01276391   
  455     0.00745212   
  456     0.01003779   
  457     0.01065493   
  458     0.00916954   
  459     0.01395269   
  460     0.00967070   
  461     0.00271734   
  462     0.00494576   
  463     0.00094724   
  464     0.00027422   
  465     0.00082667   
  466     0.00022595   
  467     0.00050484   
  468     0.00059022   
  469     0.00014120   
  470     0.00252883   
  471     0.00181509   
  472     0.00125279   
  473     0.00991486   
  474     0.00629731   
  475     0.00835205   
  476     0.00803560   
  477     0.00766092   
  478     0.00217257   
  479     0.00706731   
  480     0.00278898   
  481     0.00089757   
  482     0.00061902   
  483     0.00286543   
  484     0.00118010   
  485     0.00877823   
  486     0.00411128   
  487     0.00694768   
  488     0.00827751   
  489     0.00708310   
  490     0.00634816   
  491     0.00280271   
  492     0.00151313   
  493     0.00185519   
  494     0.00079215   
  495     0.01027435   
  496     0.00180216   
  497     0.00975613   
  498     0.00548739   
  499     0.00988069   
  500     0.00222423   
  501     0.00471219   
  502     0.00049735   
  503     0.00060177   
  504     0.00233350   
  505     0.00243860   
  506     0.00401527   
  507     0.01175045   
  508     0.00466716   
  509     0.00553711   
  510     0.00936798   
  511     0.00475793   
  512     0.04028062   
  513     0.00299172   
  514     0.00674250   
  515     0.00538805   
  516     0.00594496   
  517     0.00208745   
  518     0.00318433   
  519     0.00258182   
  520     0.00428535   
  521     0.00055345   
  522     0.00332881   
  523     0.00415157   
  524     0.00209153   
  525     0.00265819   
  526     0.00061624   
  527     0.00406612   
  528     0.00474492   
  529     0.00368148   
  530     0.00869281   
  531     0.00443979   
  532     0.01212677   
  533     0.00576408   
  534     0.00142453   
  535     0.00598435   
  536     0.00432396   
  537     0.00174259   
  538     0.00419210   
  539     0.00231823   
  540     0.00215379   
  541     0.00262837   
  542     0.00700394   
  543     0.00536512   
  544     0.00173632   
  545     0.00500186   
  546     0.00394694   
  547     0.00669491   
  548     0.00274312   
  549     0.00073263   
  550     0.00943638   
  551     0.00061666   
  552     0.00058440   
  553     0.00099449   
  554     0.00086842   
  555     0.00044828   
  556     0.00121963   
  557     0.00586376   
  558     0.00073679   
  559     0.00109177   
  560     0.00096386   
  561     0.00193296   
  562     0.00544560   
  563     0.00099428   
  564     0.00107590   
  565     0.00134657   
  566     0.00862264   
  567     0.00128936   
  568     0.00207062   
  569     0.00539963   
  570     0.00117940   
  571     0.00101882   
  572     0.00147211   
  573     0.00281479   
  574     0.00026632   
  575     0.00084348   
  576     0.00217460   
  577     0.00011568   
  578     0.00015414   
  579     0.00058028   
  580     0.00067706   
  581     0.00681842   
  582     0.00067523   
  583     0.00139868   
  584     0.00078448   
  585     0.00043739   
  586     0.00289213   
  587     0.00319843   
  588     0.00263787   
  589     0.00328358   
  590     0.00403597   
  591     0.00208218   
  592     0.00692428   
  593     0.00646531   
  594     0.00365218   
  595     0.01016756   
  596     0.00402391   
  597     0.00194078   
  598     0.00273978   
  599     0.00401327   
  600     0.00230518   
  601     0.00291537   
  602     0.00038470   
  603     0.00038154   
  604     0.00030975   
  605     0.00039918   
