    1     0.00045646   
    2     0.00026056   
    3     0.00061361   
    4     0.00019702   
    5     0.00026150   
    6     0.00004650   
    7     0.00006352   
    8     0.00018312   
    9     0.00065206   
   10     0.00114949   
   11     0.00246023   
   12     0.00092935   
   13     0.00089656   
   14     0.00049620   
   15     0.00046490   
   16     0.00036592   
   17     0.00036295   
   18     0.00048972   
   19     0.00054975   
   20     0.00003519   
   21     0.00005115   
   22     0.00021477   
   23     0.00007722   
   24     0.00007292   
   25     0.00019612   
   26     0.00058878   
   27     0.00035532   
   28     0.00039914   
   29     0.00072802   
   30     0.00010565   
   31     0.00032513   
   32     0.00024031   
   33     0.00023306   
   34     0.00074679   
   35     0.00038072   
   36     0.00071339   
   37     0.00140695   
   38     0.00049250   
   39     0.00096720   
   40     0.00045344   
   41     0.00027787   
   42     0.00053029   
   43     0.00109809   
   44     0.00026681   
   45     0.00040380   
   46     0.00056134   
   47     0.00067272   
   48     0.00170835   
   49     0.00076770   
   50     0.00142672   
   51     0.00067168   
   52     0.00040910   
   53     0.00037538   
   54     0.00086524   
   55     0.00110582   
   56     0.00016487   
   57     0.00031386   
   58     0.00017976   
   59     0.00402870   
   60     0.00011040   
   61     0.00029309   
   62     0.00041409   
   63     0.00006246   
   64     0.00004026   
   65     0.00096408   
   66     0.00062476   
   67     0.00143286   
   68     0.00053942   
   69     0.00088533   
   70     0.00158804   
   71     0.00153074   
   72     0.00174241   
   73     0.00070745   
   74     0.00231746   
   75     0.00319801   
   76     0.00081978   
   77     0.00045516   
   78     0.00198337   
   79     0.00170374   
   80     0.00019016   
   81     0.01466406   
   82     0.00223479   
   83     0.00073074   
   84     0.00031121   
   85     0.00097468   
   86     0.00032066   
   87     0.00035011   
   88     0.00039601   
   89     0.00141907   
   90     0.00032239   
   91     0.00024649   
   92     0.00014195   
   93     0.00046331   
   94     0.00008099   
   95     0.00026050   
   96     0.00051983   
   97     0.00025305   
   98     0.00014708   
   99     0.00052808   
  100     0.00026413   
  101     0.00069117   
  102     0.00039187   
  103     0.00025386   
  104     0.00004920   
  105     0.00010649   
  106     0.00018009   
  107     0.00001911   
  108     0.00008206   
  109     0.00018562   
  110     0.00028276   
  111     0.00140833   
  112     0.00094692   
  113     0.00073380   
  114     0.00092585   
  115     0.00046282   
  116     0.00032937   
  117     0.00053805   
  118     0.00261650   
  119     0.00060788   
  120     0.00037184   
  121     0.00032435   
  122     0.00209913   
  123     0.00017758   
  124     0.00076351   
  125     0.00028471   
  126     0.00008120   
  127     0.00075482   
  128     0.00001423   
  129     0.00005236   
  130     0.00004299   
  131     0.00000749   
  132     0.00000541   
  133     0.00000539   
  134     0.00003821   
  135     0.00025424   
  136     0.00010938   
  137     0.00010675   
  138     0.00020873   
  139     0.00024785   
  140     0.00041484   
  141     0.00025295   
  142     0.00108014   
  143     0.00015483   
  144     0.00059520   
  145     0.00168148   
  146     0.00154416   
  147     0.00066602   
  148     0.00014345   
  149     0.00095920   
  150     0.00075072   
  151     0.00117075   
  152     0.00075135   
  153     0.00126055   
  154     0.00114020   
  155     0.00117850   
  156     0.00029394   
  157     0.00055046   
  158     0.00025630   
  159     0.00005216   
  160     0.00016423   
  161     0.00061862   
  162     0.00012049   
  163     0.00034646   
  164     0.00031428   
  165     0.00061838   
  166     0.00013663   
  167     0.00106425   
  168     0.00138388   
  169     0.00079174   
  170     0.00032408   
  171     0.00020623   
  172     0.00046771   
  173     0.00016667   
  174     0.00021285   
  175     0.00016039   
  176     0.00043940   
  177     0.00019478   
  178     0.00024465   
  179     0.00023338   
  180     0.00016134   
  181     0.00013756   
  182     0.00008757   
  183     0.00014076   
  184     0.00002037   
  185     0.00005423   
  186     0.00004713   
  187     0.00003597   
  188     0.00006939   
  189     0.00005093   
  190     0.00007455   
  191     0.00007766   
  192     0.00016878   
  193     0.00026196   
  194     0.00022962   
  195     0.00039017   
  196     0.00079941   
  197     0.00081450   
  198     0.00035495   
  199     0.00039852   
  200     0.00058987   
  201     0.00016212   
  202     0.00012676   
  203     0.00022222   
  204     0.00013998   
  205     0.00013495   
  206     0.00005629   
  207     0.00008617   
  208     0.00007006   
  209     0.00001088   
  210     0.00002502   
  211     0.00000761   
  212     0.00000371   
  213     0.00003068   
  214     0.00002323   
  215     0.00002492   
  216     0.00006788   
  217     0.00000959   
  218     0.00028403   
  219     0.00003088   
  220     0.00011890   
  221     0.00080317   
  222     0.00037193   
  223     0.00032545   
  224     0.00112983   
  225     0.01593237   
  226     0.00146315   
  227     0.00257993   
  228     0.00026523   
  229     0.00044503   
  230     0.00035554   
  231     0.00018062   
  232     0.00050999   
  233     0.00038245   
  234     0.00017950   
  235     0.00010674   
  236     0.00036055   
  237     0.00034654   
  238     0.00021201   
  239     0.00048791   
  240     0.00103498   
  241     0.00010687   
  242     0.00015385   
  243     0.00019657   
  244     0.00086263   
  245     0.00045140   
  246     0.00008187   
  247     0.00002734   
  248     0.00033018   
  249     0.00008268   
  250     0.00123840   
  251     0.00033198   
  252     0.00082222   
  253     0.00011095   
  254     0.00003191   
  255     0.00029625   
  256     0.00011710   
  257     0.00430045   
  258     0.00228443   
  259     0.00019791   
  260     0.00021982   
  261     0.00072582   
  262     0.00107506   
  263     0.00081979   
  264     0.00055175   
  265     0.00047092   
  266     0.00045664   
  267     0.00110084   
  268     0.00093512   
  269     0.00046803   
  270     0.00030294   
  271     0.00170389   
  272     0.00067324   
  273     0.00040433   
  274     0.00065964   
  275     0.00172579   
  276     0.00020292   
  277     0.00021237   
  278     0.00043916   
  279     0.00036741   
  280     0.00017197   
  281     0.00068251   
  282     0.00043492   
  283     0.00153269   
  284     0.00035799   
  285     0.00121547   
  286     0.00339499   
  287     0.00283974   
  288     0.00237364   
  289     0.00225652   
  290     0.00152909   
  291     0.00431902   
  292     0.00184288   
  293     0.00223368   
  294     0.00609565   
  295     0.00209706   
  296     0.00341323   
  297     0.00103441   
  298     0.00164879   
  299     0.00045557   
  300     0.00098914   
  301     0.00020695   
  302     0.00030500   
  303     0.00004721   
  304     0.00015693   
  305     0.00031776   
  306     0.00004929   
  307     0.00010772   
  308     0.00030319   
  309     0.00015817   
  310     0.00015992   
  311     0.00021098   
  312     0.00023274   
  313     0.00030415   
  314     0.00013576   
  315     0.00029680   
  316     0.00049821   
  317     0.00013187   
  318     0.00008714   
  319     0.00019974   
  320     0.00016505   
  321     0.00006834   
  322     0.00009377   
  323     0.00030846   
  324     0.00010429   
  325     0.00003410   
  326     0.00001445   
  327     0.00002988   
  328     0.00001658   
  329     0.00007023   
  330     0.00004542   
  331     0.00003202   
  332     0.00001464   
  333     0.00000639   
  334     0.00010907   
  335     0.00002532   
  336     0.00005137   
  337     0.00008418   
  338     0.00012545   
  339     0.00008741   
  340     0.00029048   
  341     0.00024959   
  342     0.00028447   
  343     0.00136492   
  344     0.00042962   
  345     0.00164680   
  346     0.00108830   
  347     0.00048254   
  348     0.00022618   
  349     0.00016727   
  350     0.00003767   
  351     0.00013143   
  352     0.00011896   
  353     0.00015030   
  354     0.00002723   
  355     0.00004312   
  356     0.00007830   
  357     0.00003526   
  358     0.00001958   
  359     0.00003631   
  360     0.00006522   
  361     0.00006287   
  362     0.00010358   
  363     0.00013863   
  364     0.00001981   
  365     0.00009447   
  366     0.00007506   
  367     0.00035234   
  368     0.00054485   
  369     0.00056681   
  370     0.00011578   
  371     0.00035304   
  372     0.00017838   
  373     0.00037703   
  374     0.00019324   
  375     0.00030274   
  376     0.00014901   
  377     0.00031868   
  378     0.00041794   
  379     0.00020925   
  380     0.00056913   
  381     0.00084727   
  382     0.00007068   
  383     0.00220201   
  384     0.00192452   
  385     0.00215399   
  386     0.00298741   
  387     0.00589045   
  388     0.00861795   
  389     0.01627005   
  390     0.01120328   
  391     0.00472226   
  392     0.00613933   
  393     0.00511424   
  394     0.00266432   
  395     0.00305931   
  396     0.01056019   
  397     0.02805572   
  398     0.00512903   
  399     0.00451077   
  400     0.00133507   
  401     0.00280091   
  402     0.00192390   
  403     0.00114496   
  404     0.00722494   
  405     0.00753328   
  406     0.00124805   
  407     0.00249446   
  408     0.00145398   
  409     0.00138789   
  410     0.00264094   
  411     0.01697178   
  412     0.00959706   
  413     0.00621674   
  414     0.01633345   
  415     0.00715095   
  416     0.00945571   
  417     0.00777383   
  418     0.02631942   
  419     0.00981661   
  420     0.00530962   
  421     0.00072051   
  422     0.00622831   
  423     0.00438930   
  424     0.00802630   
  425     0.00308909   
  426     0.00158244   
  427     0.00044141   
  428     0.00046687   
  429     0.00666482   
  430     0.00028903   
  431     0.00056473   
  432     0.00011851   
  433     0.00069155   
  434     0.00062764   
  435     0.00055997   
  436     0.00055264   
  437     0.00079951   
  438     0.00234311   
  439     0.00117368   
  440     0.00057953   
  441     0.00154086   
  442     0.00442070   
  443     0.00254337   
  444     0.01316356   
  445     0.00159786   
  446     0.00274542   
  447     0.00152068   
  448     0.00150974   
  449     0.00039433   
  450     0.00043166   
  451     0.00356472   
  452     0.00384779   
  453     0.00232013   
  454     0.00252311   
  455     0.00157039   
  456     0.00095812   
  457     0.00065921   
  458     0.00092836   
  459     0.00166061   
  460     0.00098106   
  461     0.00024294   
  462     0.00072710   
  463     0.00030534   
  464     0.00011115   
  465     0.00046246   
  466     0.00011081   
  467     0.00040554   
  468     0.00021829   
  469     0.00015932   
  470     0.00191101   
  471     0.00237197   
  472     0.00086042   
  473     0.00363286   
  474     0.01160042   
  475     0.00097336   
  476     0.00329085   
  477     0.00244304   
  478     0.00229118   
  479     0.00558238   
  480     0.00616821   
  481     0.01946910   
  482     0.00833349   
  483     0.00381407   
  484     0.00405398   
  485     0.00542052   
  486     0.00112607   
  487     0.00284248   
  488     0.00170231   
  489     0.00140415   
  490     0.00153596   
  491     0.00083643   
  492     0.00084546   
  493     0.00047343   
  494     0.00016919   
  495     0.00118371   
  496     0.00137584   
  497     0.00217356   
  498     0.00389194   
  499     0.00105472   
  500     0.00153532   
  501     0.00227782   
  502     0.00192719   
  503     0.01778640   
  504     0.00151805   
  505     0.00364715   
  506     0.01224192   
  507     0.00435325   
  508     0.00066977   
  509     0.00037601   
  510     0.00140521   
  511     0.00200638   
  512     0.00460981   
  513     0.00081468   
  514     0.00297501   
  515     0.00430689   
  516     0.00861170   
  517     0.00262386   
  518     0.00292869   
  519     0.00324982   
  520     0.00099826   
  521     0.00098045   
  522     0.00107802   
  523     0.00174301   
  524     0.00091754   
  525     0.00110479   
  526     0.00248494   
  527     0.00194351   
  528     0.00257219   
  529     0.00477004   
  530     0.00349959   
  531     0.00066980   
  532     0.01246754   
  533     0.00422581   
  534     0.00162998   
  535     0.00570084   
  536     0.01208701   
  537     0.00685192   
  538     0.00372563   
  539     0.00761159   
  540     0.00523078   
  541     0.00510997   
  542     0.00883582   
  543     0.00548696   
  544     0.00385494   
  545     0.00468101   
  546     0.01258636   
  547     0.00291620   
  548     0.00154572   
  549     0.00680216   
  550     0.00330783   
  551     0.00160400   
  552     0.00034756   
  553     0.00102089   
  554     0.00047266   
  555     0.00001254   
  556     0.00024359   
  557     0.00057847   
  558     0.00023047   
  559     0.00013881   
  560     0.00014759   
  561     0.00295007   
  562     0.00055451   
  563     0.00072128   
  564     0.00120191   
  565     0.00067442   
  566     0.00081764   
  567     0.00162177   
  568     0.00210994   
  569     0.00155063   
  570     0.00089724   
  571     0.00175338   
  572     0.00071304   
  573     0.00258203   
  574     0.00087012   
  575     0.00053453   
  576     0.00138329   
  577     0.00024172   
  578     0.00020352   
  579     0.00038130   
  580     0.00025295   
  581     0.00655942   
  582     0.00011902   
  583     0.00050246   
  584     0.00252519   
  585     0.00532742   
  586     0.00085939   
  587     0.00127323   
  588     0.01186114   
  589     0.00163306   
  590     0.00160098   
  591     0.00180511   
  592     0.00424719   
  593     0.00193434   
  594     0.00421053   
  595     0.00082838   
  596     0.00136895   
  597     0.00089056   
  598     0.00340921   
  599     0.00325286   
  600     0.00074107   
  601     0.00104403   
  602     0.00116600   
  603     0.00033285   
  604     0.00078539   
  605     0.00036450   
