    1     0.00033576   
    2     0.00015319   
    3     0.00030431   
    4     0.00015712   
    5     0.00055147   
    6     0.00009990   
    7     0.00069989   
    8     0.00045194   
    9     0.00228582   
   10     0.00071303   
   11     0.00126104   
   12     0.00037585   
   13     0.00034318   
   14     0.00045033   
   15     0.00054769   
   16     0.00042216   
   17     0.00043588   
   18     0.00020477   
   19     0.00020187   
   20     0.00006806   
   21     0.00004800   
   22     0.00009079   
   23     0.00010061   
   24     0.00018661   
   25     0.00028171   
   26     0.00094252   
   27     0.00105887   
   28     0.00524845   
   29     0.00430461   
   30     0.00377997   
   31     0.00936095   
   32     0.00747169   
   33     0.00684749   
   34     0.00032755   
   35     0.00022559   
   36     0.00150433   
   37     0.00391482   
   38     0.00124034   
   39     0.00456852   
   40     0.00158722   
   41     0.00079986   
   42     0.00323472   
   43     0.01006882   
   44     0.00157023   
   45     0.00097555   
   46     0.00225202   
   47     0.00296239   
   48     0.00143524   
   49     0.00132647   
   50     0.00104206   
   51     0.00121608   
   52     0.01259334   
   53     0.00391808   
   54     0.00278972   
   55     0.01393876   
   56     0.00499673   
   57     0.00683306   
   58     0.00160232   
   59     0.00476059   
   60     0.00811359   
   61     0.00382034   
   62     0.01662255   
   63     0.00789232   
   64     0.00376635   
   65     0.00604933   
   66     0.00562450   
   67     0.00062630   
   68     0.00115647   
   69     0.00172263   
   70     0.00253180   
   71     0.00219250   
   72     0.00262150   
   73     0.00188561   
   74     0.00557505   
   75     0.00621688   
   76     0.01565267   
   77     0.01230479   
   78     0.01154190   
   79     0.00473148   
   80     0.00046791   
   81     0.00210444   
   82     0.00715059   
   83     0.00498061   
   84     0.00251227   
   85     0.00266829   
   86     0.01164785   
   87     0.00190012   
   88     0.00185334   
   89     0.00376633   
   90     0.00760683   
   91     0.01160975   
   92     0.00730686   
   93     0.01232256   
   94     0.03139293   
   95     0.01679332   
   96     0.08405964   
   97     0.02125044   
   98     0.04727079   
   99     0.02267169   
  100     0.01386748   
  101     0.00835250   
  102     0.00707378   
  103     0.01348993   
  104     0.00188013   
  105     0.00876533   
  106     0.00430646   
  107     0.00101449   
  108     0.00486400   
  109     0.01955328   
  110     0.00310898   
  111     0.00593655   
  112     0.00176562   
  113     0.00103597   
  114     0.00118620   
  115     0.00143780   
  116     0.00238354   
  117     0.00050200   
  118     0.00074271   
  119     0.00145699   
  120     0.00113750   
  121     0.00070698   
  122     0.00122296   
  123     0.00058596   
  124     0.00193068   
  125     0.00276026   
  126     0.00099074   
  127     0.00335065   
  128     0.00031198   
  129     0.00174516   
  130     0.00190613   
  131     0.00241457   
  132     0.00051601   
  133     0.00175620   
  134     0.00113350   
  135     0.00263398   
  136     0.00031414   
  137     0.00018044   
  138     0.00059053   
  139     0.00050230   
  140     0.00090965   
  141     0.00141072   
  142     0.00303171   
  143     0.00119406   
  144     0.00660495   
  145     0.00562352   
  146     0.00589870   
  147     0.00565756   
  148     0.00250824   
  149     0.00503903   
  150     0.00454227   
  151     0.00169627   
  152     0.00101994   
  153     0.00068678   
  154     0.00411972   
  155     0.00068708   
  156     0.00035175   
  157     0.00082445   
  158     0.00128344   
  159     0.00006151   
  160     0.00028787   
  161     0.00045363   
  162     0.00030029   
  163     0.00077443   
  164     0.00016799   
  165     0.00016953   
  166     0.00012621   
  167     0.00077419   
  168     0.00183510   
  169     0.00173495   
  170     0.00167552   
  171     0.00122059   
  172     0.00347306   
  173     0.00108916   
  174     0.00080400   
  175     0.00118044   
  176     0.00196639   
  177     0.00075905   
  178     0.00054785   
  179     0.00102531   
  180     0.00208206   
  181     0.00269158   
  182     0.00107632   
  183     0.01318817   
  184     0.00465229   
  185     0.00140114   
  186     0.00250876   
  187     0.00063398   
  188     0.00178489   
  189     0.00074107   
  190     0.00037366   
  191     0.00032219   
  192     0.00054239   
  193     0.00473294   
  194     0.00176531   
  195     0.00149671   
  196     0.00090428   
  197     0.00070206   
  198     0.00063721   
  199     0.00068751   
  200     0.00060747   
  201     0.00099938   
  202     0.00298056   
  203     0.00135575   
  204     0.00194138   
  205     0.00057875   
  206     0.00106183   
  207     0.00282452   
  208     0.00127726   
  209     0.00284630   
  210     0.00082028   
  211     0.00170043   
  212     0.00247873   
  213     0.00961516   
  214     0.00160243   
  215     0.00191731   
  216     0.00057974   
  217     0.00116474   
  218     0.00166146   
  219     0.00019797   
  220     0.00095052   
  221     0.00088954   
  222     0.00519208   
  223     0.00036500   
  224     0.00013845   
  225     0.00044925   
  226     0.00017309   
  227     0.00044444   
  228     0.00060724   
  229     0.00029782   
  230     0.00028282   
  231     0.00013333   
  232     0.00074760   
  233     0.00086149   
  234     0.00017750   
  235     0.00093827   
  236     0.00052252   
  237     0.00008663   
  238     0.00013225   
  239     0.00092602   
  240     0.00042948   
  241     0.00044396   
  242     0.00020102   
  243     0.00018739   
  244     0.00091050   
  245     0.00046325   
  246     0.00008263   
  247     0.00006087   
  248     0.00017163   
  249     0.00015232   
  250     0.00024746   
  251     0.00031042   
  252     0.00035910   
  253     0.00011411   
  254     0.00005826   
  255     0.00028331   
  256     0.00005472   
  257     0.00024631   
  258     0.00012734   
  259     0.00005049   
  260     0.00004371   
  261     0.00012972   
  262     0.00016388   
  263     0.00003594   
  264     0.00007450   
  265     0.00022857   
  266     0.00011951   
  267     0.00023479   
  268     0.00027651   
  269     0.00016823   
  270     0.00101898   
  271     0.00031834   
  272     0.00032102   
  273     0.00045299   
  274     0.00018033   
  275     0.00093215   
  276     0.00027678   
  277     0.00016396   
  278     0.00009700   
  279     0.00031171   
  280     0.00023375   
  281     0.00020463   
  282     0.00006458   
  283     0.00005070   
  284     0.00009287   
  285     0.00009845   
  286     0.00029390   
  287     0.00032079   
  288     0.00006478   
  289     0.00018725   
  290     0.00018449   
  291     0.00012939   
  292     0.00009957   
  293     0.00010459   
  294     0.00038007   
  295     0.00009559   
  296     0.00049263   
  297     0.00013407   
  298     0.00070146   
  299     0.00007485   
  300     0.00014770   
  301     0.00011510   
  302     0.00081741   
  303     0.00045265   
  304     0.00011237   
  305     0.00125280   
  306     0.00102392   
  307     0.00037525   
  308     0.00106397   
  309     0.00138712   
  310     0.00082084   
  311     0.00020765   
  312     0.00062953   
  313     0.00189534   
  314     0.00047677   
  315     0.00145788   
  316     0.00550768   
  317     0.00986023   
  318     0.00334629   
  319     0.00388415   
  320     0.00697846   
  321     0.00221863   
  322     0.00433420   
  323     0.00205322   
  324     0.00332912   
  325     0.00145080   
  326     0.00054352   
  327     0.00047065   
  328     0.00008312   
  329     0.00046858   
  330     0.00126651   
  331     0.00497917   
  332     0.00238019   
  333     0.00045338   
  334     0.00140742   
  335     0.00042809   
  336     0.00039086   
  337     0.00026498   
  338     0.00073417   
  339     0.00137529   
  340     0.00170175   
  341     0.00091613   
  342     0.00033236   
  343     0.00099551   
  344     0.00070018   
  345     0.00083658   
  346     0.00094767   
  347     0.00084012   
  348     0.00054474   
  349     0.00079583   
  350     0.00108252   
  351     0.00157043   
  352     0.00216079   
  353     0.00409010   
  354     0.00114414   
  355     0.00117938   
  356     0.00714435   
  357     0.00311242   
  358     0.00143069   
  359     0.00127154   
  360     0.00088059   
  361     0.00114956   
  362     0.00051962   
  363     0.00102201   
  364     0.00031023   
  365     0.00081640   
  366     0.00022624   
  367     0.00060850   
  368     0.00054230   
  369     0.00031965   
  370     0.00067381   
  371     0.00112448   
  372     0.00057914   
  373     0.00115377   
  374     0.00109201   
  375     0.00146836   
  376     0.00022566   
  377     0.00046538   
  378     0.00100133   
  379     0.00028159   
  380     0.00007249   
  381     0.00076198   
  382     0.00048259   
  383     0.00105079   
  384     0.00044795   
  385     0.00149835   
  386     0.00058915   
  387     0.00004382   
  388     0.00001013   
  389     0.00000488   
  390     0.00004944   
  391     0.00005218   
  392     0.00018824   
  393     0.00011634   
  394     0.00030951   
  395     0.00037749   
  396     0.00035056   
  397     0.00073887   
  398     0.00010259   
  399     0.00006164   
  400     0.00004168   
  401     0.00001105   
  402     0.00001527   
  403     0.00003768   
  404     0.00002841   
  405     0.00001726   
  406     0.00001907   
  407     0.00002939   
  408     0.00003706   
  409     0.00002578   
  410     0.00009997   
  411     0.00005654   
  412     0.00004288   
  413     0.00004867   
  414     0.00010575   
  415     0.00023238   
  416     0.00019307   
  417     0.00029438   
  418     0.00029435   
  419     0.00003236   
  420     0.00021172   
  421     0.00003075   
  422     0.00001966   
  423     0.00001388   
  424     0.00003425   
  425     0.00002365   
  426     0.00001975   
  427     0.00003468   
  428     0.00008634   
  429     0.00002835   
  430     0.00000244   
  431     0.00000178   
  432     0.00000172   
  433     0.00002697   
  434     0.00001302   
  435     0.00002418   
  436     0.00007837   
  437     0.00003325   
  438     0.00007280   
  439     0.00001075   
  440     0.00003800   
  441     0.00002882   
  442     0.00008635   
  443     0.00016094   
  444     0.00028696   
  445     0.00004148   
  446     0.00006028   
  447     0.00000726   
  448     0.00000768   
  449     0.00001533   
  450     0.00000574   
  451     0.00001973   
  452     0.00005423   
  453     0.00002357   
  454     0.00003050   
  455     0.00001733   
  456     0.00002454   
  457     0.00002870   
  458     0.00005813   
  459     0.00012387   
  460     0.00003752   
  461     0.00000802   
  462     0.00017791   
  463     0.00002028   
  464     0.00000250   
  465     0.00001460   
  466     0.00000444   
  467     0.00000673   
  468     0.00002671   
  469     0.00001727   
  470     0.00008601   
  471     0.00007055   
  472     0.00006149   
  473     0.00006466   
  474     0.00005169   
  475     0.00001246   
  476     0.00002343   
  477     0.00002259   
  478     0.00009890   
  479     0.00010180   
  480     0.00008629   
  481     0.00042060   
  482     0.00008681   
  483     0.00010821   
  484     0.00008026   
  485     0.00009291   
  486     0.00006893   
  487     0.00003371   
  488     0.00005909   
  489     0.00005159   
  490     0.00009988   
  491     0.00002886   
  492     0.00004388   
  493     0.00001834   
  494     0.00000173   
  495     0.00003161   
  496     0.00002765   
  497     0.00004204   
  498     0.00005900   
  499     0.00007189   
  500     0.00005547   
  501     0.00007436   
  502     0.00005206   
  503     0.00008112   
  504     0.00009428   
  505     0.00004443   
  506     0.00017048   
  507     0.00011087   
  508     0.00002902   
  509     0.00001980   
  510     0.00001962   
  511     0.00000985   
  512     0.00022780   
  513     0.00001804   
  514     0.00001337   
  515     0.00005972   
  516     0.00005392   
  517     0.00001811   
  518     0.00001345   
  519     0.00005349   
  520     0.00001318   
  521     0.00001092   
  522     0.00001181   
  523     0.00002325   
  524     0.00000391   
  525     0.00000579   
  526     0.00002604   
  527     0.00000279   
  528     0.00000421   
  529     0.00001263   
  530     0.00000917   
  531     0.00000888   
  532     0.00001517   
  533     0.00000607   
  534     0.00001785   
  535     0.00003257   
  536     0.00001087   
  537     0.00002348   
  538     0.00003725   
  539     0.00002731   
  540     0.00004113   
  541     0.00002627   
  542     0.00000255   
  543     0.00004943   
  544     0.00002924   
  545     0.00001104   
  546     0.00001379   
  547     0.00001766   
  548     0.00001409   
  549     0.00003172   
  550     0.00001730   
  551     0.00000522   
  552     0.00000292   
  553     0.00001085   
  554     0.00000856   
  555     0.00000498   
  556     0.00001201   
  557     0.00001493   
  558     0.00000494   
  559     0.00000886   
  560     0.00000427   
  561     0.00001271   
  562     0.00000721   
  563     0.00001715   
  564     0.00000631   
  565     0.00000532   
  566     0.00001492   
  567     0.00002190   
  568     0.00001035   
  569     0.00001755   
  570     0.00001052   
  571     0.00001591   
  572     0.00002113   
  573     0.00001638   
  574     0.00001074   
  575     0.00000569   
  576     0.00003984   
  577     0.00001182   
  578     0.00000579   
  579     0.00000491   
  580     0.00000106   
  581     0.00001198   
  582     0.00000059   
  583     0.00000226   
  584     0.00000656   
  585     0.00000283   
  586     0.00000060   
  587     0.00000241   
  588     0.00001098   
  589     0.00000216   
  590     0.00000109   
  591     0.00000160   
  592     0.00000311   
  593     0.00000393   
  594     0.00000195   
  595     0.00000583   
  596     0.00000212   
  597     0.00000794   
  598     0.00001223   
  599     0.00001340   
  600     0.00001405   
  601     0.00002713   
  602     0.00002671   
  603     0.00001411   
  604     0.00000749   
  605     0.00001517   
