    1     0.00280297   
    2     0.00063589   
    3     0.00368885   
    4     0.00053423   
    5     0.00081728   
    6     0.00028730   
    7     0.00012466   
    8     0.00008300   
    9     0.00037194   
   10     0.00033046   
   11     0.00099820   
   12     0.00151067   
   13     0.00059034   
   14     0.00060347   
   15     0.00146569   
   16     0.00124758   
   17     0.00159265   
   18     0.00316580   
   19     0.00525022   
   20     0.00025983   
   21     0.00090576   
   22     0.00305831   
   23     0.00057641   
   24     0.00072103   
   25     0.00147135   
   26     0.00287925   
   27     0.00224624   
   28     0.00151465   
   29     0.00078464   
   30     0.00011464   
   31     0.00042636   
   32     0.00026799   
   33     0.00224804   
   34     0.00262132   
   35     0.00084536   
   36     0.00117191   
   37     0.00040935   
   38     0.00037174   
   39     0.00070171   
   40     0.00043454   
   41     0.00035042   
   42     0.00026067   
   43     0.00028245   
   44     0.00014306   
   45     0.00002983   
   46     0.00005663   
   47     0.00004729   
   48     0.00009537   
   49     0.00007053   
   50     0.00081508   
   51     0.00034021   
   52     0.00187206   
   53     0.00007344   
   54     0.00036655   
   55     0.00042269   
   56     0.00019757   
   57     0.00068031   
   58     0.00046226   
   59     0.01485268   
   60     0.00068993   
   61     0.00131142   
   62     0.00088147   
   63     0.00017253   
   64     0.00043031   
   65     0.00139918   
   66     0.00088389   
   67     0.00084072   
   68     0.00035461   
   69     0.00054971   
   70     0.00132164   
   71     0.00018789   
   72     0.00039178   
   73     0.00023462   
   74     0.00202671   
   75     0.00145011   
   76     0.00029799   
   77     0.00015723   
   78     0.00038564   
   79     0.00031604   
   80     0.00005075   
   81     0.00205143   
   82     0.00054770   
   83     0.00013472   
   84     0.00007659   
   85     0.00036542   
   86     0.00012528   
   87     0.00015112   
   88     0.00006629   
   89     0.00020722   
   90     0.00016694   
   91     0.00023117   
   92     0.00007830   
   93     0.00018195   
   94     0.00006996   
   95     0.00011736   
   96     0.00003659   
   97     0.00005454   
   98     0.00005096   
   99     0.00011671   
  100     0.00014964   
  101     0.00038020   
  102     0.00016986   
  103     0.00036942   
  104     0.00004634   
  105     0.00022689   
  106     0.00007299   
  107     0.00001272   
  108     0.00000426   
  109     0.00002047   
  110     0.00013016   
  111     0.00015589   
  112     0.00023844   
  113     0.00063948   
  114     0.00017200   
  115     0.00079478   
  116     0.00028441   
  117     0.00016624   
  118     0.00053951   
  119     0.00043279   
  120     0.00011971   
  121     0.00022016   
  122     0.00125210   
  123     0.00051739   
  124     0.00068908   
  125     0.00028201   
  126     0.00028616   
  127     0.00311421   
  128     0.00002637   
  129     0.00025291   
  130     0.00023066   
  131     0.00002043   
  132     0.00003460   
  133     0.00003494   
  134     0.00010149   
  135     0.00058465   
  136     0.00007618   
  137     0.00016510   
  138     0.00038074   
  139     0.00094853   
  140     0.00113089   
  141     0.00019390   
  142     0.00153773   
  143     0.00077739   
  144     0.00023850   
  145     0.00137637   
  146     0.00112047   
  147     0.00079119   
  148     0.00021092   
  149     0.00040955   
  150     0.00116409   
  151     0.00259616   
  152     0.00069347   
  153     0.00053845   
  154     0.00127023   
  155     0.00382642   
  156     0.00058347   
  157     0.00024177   
  158     0.00038869   
  159     0.00006848   
  160     0.00009121   
  161     0.00008042   
  162     0.00015402   
  163     0.00017741   
  164     0.00069597   
  165     0.00230169   
  166     0.00315942   
  167     0.00740588   
  168     0.00416717   
  169     0.00230538   
  170     0.00085931   
  171     0.00014075   
  172     0.00047819   
  173     0.00114197   
  174     0.00031162   
  175     0.00030091   
  176     0.00099939   
  177     0.00119945   
  178     0.00109875   
  179     0.00225712   
  180     0.00329680   
  181     0.00081501   
  182     0.00202253   
  183     0.00353897   
  184     0.00062955   
  185     0.00083349   
  186     0.00106951   
  187     0.00084674   
  188     0.00025745   
  189     0.00062285   
  190     0.00011504   
  191     0.00009208   
  192     0.00018922   
  193     0.00038424   
  194     0.00047921   
  195     0.00061101   
  196     0.00128310   
  197     0.00039804   
  198     0.00089217   
  199     0.00081057   
  200     0.00063051   
  201     0.00099814   
  202     0.00065683   
  203     0.00037411   
  204     0.00039605   
  205     0.00024588   
  206     0.00138348   
  207     0.00110793   
  208     0.00172102   
  209     0.00027691   
  210     0.00055183   
  211     0.00020708   
  212     0.00012765   
  213     0.00086470   
  214     0.00041016   
  215     0.00136613   
  216     0.00128746   
  217     0.00091741   
  218     0.00026854   
  219     0.00047400   
  220     0.00022214   
  221     0.00041855   
  222     0.00150463   
  223     0.00103253   
  224     0.00082170   
  225     0.00215040   
  226     0.00095808   
  227     0.00192123   
  228     0.00021459   
  229     0.00112684   
  230     0.00048467   
  231     0.00158044   
  232     0.00079824   
  233     0.00140366   
  234     0.00115709   
  235     0.00299323   
  236     0.00107082   
  237     0.00104650   
  238     0.00106947   
  239     0.00215561   
  240     0.00272715   
  241     0.00056082   
  242     0.00104169   
  243     0.00077132   
  244     0.00257393   
  245     0.00064768   
  246     0.00023372   
  247     0.00010892   
  248     0.00207846   
  249     0.00003927   
  250     0.00109484   
  251     0.00058085   
  252     0.00221150   
  253     0.00052550   
  254     0.00021840   
  255     0.00083700   
  256     0.00004257   
  257     0.01557720   
  258     0.00102688   
  259     0.00164587   
  260     0.00060318   
  261     0.00059859   
  262     0.00055773   
  263     0.00152860   
  264     0.00127433   
  265     0.00080804   
  266     0.00044824   
  267     0.00124537   
  268     0.00093494   
  269     0.00118275   
  270     0.00074936   
  271     0.00284710   
  272     0.00173699   
  273     0.00085028   
  274     0.00193498   
  275     0.00243176   
  276     0.00025430   
  277     0.00032691   
  278     0.00027821   
  279     0.00037107   
  280     0.00044375   
  281     0.00052290   
  282     0.00025130   
  283     0.00040229   
  284     0.00020112   
  285     0.00071705   
  286     0.00309953   
  287     0.00094107   
  288     0.00045868   
  289     0.00139384   
  290     0.00040107   
  291     0.00091230   
  292     0.00098576   
  293     0.00137416   
  294     0.00307130   
  295     0.00046543   
  296     0.00237397   
  297     0.00026426   
  298     0.00264219   
  299     0.00022810   
  300     0.00240655   
  301     0.00070511   
  302     0.00099599   
  303     0.00028150   
  304     0.00185752   
  305     0.00218758   
  306     0.00061254   
  307     0.00145598   
  308     0.00116844   
  309     0.00324996   
  310     0.00168003   
  311     0.00248594   
  312     0.00185961   
  313     0.00221927   
  314     0.00112833   
  315     0.00266824   
  316     0.00186108   
  317     0.00065082   
  318     0.00051605   
  319     0.00164645   
  320     0.00066011   
  321     0.00008831   
  322     0.00020932   
  323     0.00058449   
  324     0.00004669   
  325     0.00000610   
  326     0.00002083   
  327     0.00003752   
  328     0.00001305   
  329     0.00004039   
  330     0.00003686   
  331     0.00008460   
  332     0.00001659   
  333     0.00005805   
  334     0.00018348   
  335     0.00004581   
  336     0.00014591   
  337     0.00011103   
  338     0.00007373   
  339     0.00020257   
  340     0.00064900   
  341     0.00043656   
  342     0.00050722   
  343     0.00149435   
  344     0.00046557   
  345     0.00394977   
  346     0.00094820   
  347     0.00040020   
  348     0.00141579   
  349     0.00146485   
  350     0.00012773   
  351     0.00024062   
  352     0.00104774   
  353     0.00030387   
  354     0.00007550   
  355     0.00007479   
  356     0.00021530   
  357     0.00012750   
  358     0.00004573   
  359     0.00004753   
  360     0.00006193   
  361     0.00017477   
  362     0.00019640   
  363     0.00128598   
  364     0.00004861   
  365     0.00034813   
  366     0.00006898   
  367     0.00167240   
  368     0.00169792   
  369     0.00097440   
  370     0.00049051   
  371     0.00034489   
  372     0.00041708   
  373     0.00112681   
  374     0.00020878   
  375     0.00107191   
  376     0.00124268   
  377     0.00663231   
  378     0.00206539   
  379     0.00181751   
  380     0.00699303   
  381     0.01907661   
  382     0.03478432   
  383     0.01686531   
  384     0.02463970   
  385     0.05255074   
  386     0.04956171   
  387     0.00736309   
  388     0.00501436   
  389     0.00143128   
  390     0.00078998   
  391     0.00094562   
  392     0.00079062   
  393     0.00055366   
  394     0.00022435   
  395     0.00011785   
  396     0.00045373   
  397     0.00242176   
  398     0.00035219   
  399     0.00048434   
  400     0.00049129   
  401     0.00040508   
  402     0.00594746   
  403     0.00435644   
  404     0.00188825   
  405     0.00689772   
  406     0.00677114   
  407     0.00221586   
  408     0.00219552   
  409     0.00078563   
  410     0.00170462   
  411     0.00095250   
  412     0.00054486   
  413     0.00113782   
  414     0.00087869   
  415     0.00061915   
  416     0.00077487   
  417     0.00052099   
  418     0.00563474   
  419     0.00402410   
  420     0.00378201   
  421     0.00355178   
  422     0.00212621   
  423     0.00310085   
  424     0.00309491   
  425     0.00275013   
  426     0.00819977   
  427     0.00205290   
  428     0.00369324   
  429     0.00231931   
  430     0.00019868   
  431     0.00027581   
  432     0.00017189   
  433     0.00095143   
  434     0.00033551   
  435     0.00019699   
  436     0.00326447   
  437     0.00226653   
  438     0.00112932   
  439     0.00121992   
  440     0.00049623   
  441     0.00049554   
  442     0.00132371   
  443     0.00092708   
  444     0.00315511   
  445     0.00092551   
  446     0.00428155   
  447     0.00472560   
  448     0.00349795   
  449     0.00236319   
  450     0.00043358   
  451     0.00069584   
  452     0.00177882   
  453     0.00091539   
  454     0.00216656   
  455     0.00182185   
  456     0.00149394   
  457     0.00179668   
  458     0.00097621   
  459     0.00040441   
  460     0.00013784   
  461     0.00007982   
  462     0.00027249   
  463     0.00007744   
  464     0.00003958   
  465     0.00007955   
  466     0.00005418   
  467     0.00059207   
  468     0.00030540   
  469     0.00016144   
  470     0.00048509   
  471     0.00166288   
  472     0.00074183   
  473     0.00250273   
  474     0.00171852   
  475     0.00348078   
  476     0.00240741   
  477     0.00690942   
  478     0.00552656   
  479     0.01131759   
  480     0.01645327   
  481     0.05073949   
  482     0.00142574   
  483     0.00179431   
  484     0.00168217   
  485     0.00296896   
  486     0.00099968   
  487     0.00150158   
  488     0.00068461   
  489     0.00083631   
  490     0.00042531   
  491     0.00008393   
  492     0.00008598   
  493     0.00006266   
  494     0.00003302   
  495     0.00005387   
  496     0.00024002   
  497     0.00014432   
  498     0.00034566   
  499     0.00105836   
  500     0.00034724   
  501     0.00135138   
  502     0.00039842   
  503     0.00649149   
  504     0.00135815   
  505     0.00090097   
  506     0.00371969   
  507     0.00214836   
  508     0.00060935   
  509     0.00011517   
  510     0.00018770   
  511     0.00050519   
  512     0.00021843   
  513     0.00038873   
  514     0.00059375   
  515     0.00069685   
  516     0.00169776   
  517     0.00150060   
  518     0.00119176   
  519     0.00130024   
  520     0.00251179   
  521     0.00040195   
  522     0.00236921   
  523     0.00270880   
  524     0.00127445   
  525     0.00227872   
  526     0.00065722   
  527     0.00253240   
  528     0.00349430   
  529     0.00371870   
  530     0.00528261   
  531     0.00415063   
  532     0.00767784   
  533     0.00361826   
  534     0.00388164   
  535     0.00413779   
  536     0.00634790   
  537     0.00490585   
  538     0.00358072   
  539     0.00208045   
  540     0.00228998   
  541     0.00243544   
  542     0.00386879   
  543     0.00254904   
  544     0.00110863   
  545     0.00212037   
  546     0.00518324   
  547     0.00163550   
  548     0.00055208   
  549     0.00286452   
  550     0.00188876   
  551     0.00068734   
  552     0.00016998   
  553     0.00037921   
  554     0.00022832   
  555     0.00003282   
  556     0.00019069   
  557     0.00080826   
  558     0.00020655   
  559     0.00011006   
  560     0.00005751   
  561     0.00124118   
  562     0.00114601   
  563     0.00047878   
  564     0.00046189   
  565     0.00027503   
  566     0.00075423   
  567     0.00146567   
  568     0.00082833   
  569     0.00076020   
  570     0.00112239   
  571     0.00222893   
  572     0.00046406   
  573     0.00108589   
  574     0.00085817   
  575     0.00136279   
  576     0.00519567   
  577     0.00023502   
  578     0.00070144   
  579     0.00490376   
  580     0.00107072   
  581     0.00081364   
  582     0.00010561   
  583     0.00068909   
  584     0.00089702   
  585     0.00287453   
  586     0.00035268   
  587     0.00064521   
  588     0.00548685   
  589     0.00102439   
  590     0.00064053   
  591     0.00080329   
  592     0.00170951   
  593     0.00051263   
  594     0.00149749   
  595     0.00034592   
  596     0.00059937   
  597     0.00052339   
  598     0.00145099   
  599     0.00105827   
  600     0.00024561   
  601     0.00053443   
  602     0.00032852   
  603     0.00012097   
  604     0.00025402   
  605     0.00013470   
