    1     0.00028289   
    2     0.00006672   
    3     0.00035331   
    4     0.00008797   
    5     0.00026369   
    6     0.00018695   
    7     0.00020414   
    8     0.00018694   
    9     0.00031702   
   10     0.00015838   
   11     0.00094223   
   12     0.00160898   
   13     0.00051247   
   14     0.00025165   
   15     0.00018587   
   16     0.00020261   
   17     0.00019809   
   18     0.00130020   
   19     0.00147833   
   20     0.00050064   
   21     0.00092477   
   22     0.00238716   
   23     0.00113697   
   24     0.00191915   
   25     0.00008481   
   26     0.00015887   
   27     0.00030585   
   28     0.00051021   
   29     0.00029210   
   30     0.00006845   
   31     0.00005885   
   32     0.00002006   
   33     0.00014703   
   34     0.00010379   
   35     0.00014785   
   36     0.00036602   
   37     0.00035111   
   38     0.00030689   
   39     0.00030177   
   40     0.00017175   
   41     0.00006908   
   42     0.00008667   
   43     0.00011885   
   44     0.00001751   
   45     0.00001783   
   46     0.00004462   
   47     0.00005692   
   48     0.00014425   
   49     0.00007905   
   50     0.00016565   
   51     0.00021199   
   52     0.00032899   
   53     0.00006493   
   54     0.00006402   
   55     0.00007837   
   56     0.00009334   
   57     0.00017095   
   58     0.00004707   
   59     0.00012979   
   60     0.00003000   
   61     0.00002667   
   62     0.00016653   
   63     0.00005879   
   64     0.00005353   
   65     0.00008289   
   66     0.00023663   
   67     0.00010461   
   68     0.00015565   
   69     0.00048498   
   70     0.00061173   
   71     0.00129111   
   72     0.00051167   
   73     0.00050569   
   74     0.00116160   
   75     0.00193472   
   76     0.00035912   
   77     0.00028437   
   78     0.00047384   
   79     0.00042652   
   80     0.00048877   
   81     0.00092398   
   82     0.00064990   
   83     0.00022658   
   84     0.00028854   
   85     0.00012000   
   86     0.00028854   
   87     0.00020645   
   88     0.00004439   
   89     0.00001529   
   90     0.00014136   
   91     0.00006329   
   92     0.00006716   
   93     0.00009993   
   94     0.00007572   
   95     0.00035194   
   96     0.00057484   
   97     0.00065413   
   98     0.00002771   
   99     0.00041163   
  100     0.00016696   
  101     0.00017182   
  102     0.00006095   
  103     0.00012023   
  104     0.00009399   
  105     0.00006402   
  106     0.00002444   
  107     0.00007178   
  108     0.00012657   
  109     0.00008543   
  110     0.00019972   
  111     0.00003961   
  112     0.00024244   
  113     0.00028617   
  114     0.00004866   
  115     0.00007706   
  116     0.00048222   
  117     0.00012096   
  118     0.00022079   
  119     0.00015045   
  120     0.00025302   
  121     0.00034883   
  122     0.00017432   
  123     0.00003168   
  124     0.00054578   
  125     0.00048567   
  126     0.00005772   
  127     0.00093838   
  128     0.00018302   
  129     0.00052588   
  130     0.00106246   
  131     0.00078091   
  132     0.00046262   
  133     0.00042171   
  134     0.00058030   
  135     0.00077393   
  136     0.00027467   
  137     0.00008287   
  138     0.00013467   
  139     0.00022136   
  140     0.00021981   
  141     0.00012580   
  142     0.00014726   
  143     0.00008824   
  144     0.00111678   
  145     0.00033815   
  146     0.00027459   
  147     0.00048115   
  148     0.00005068   
  149     0.00038132   
  150     0.00135030   
  151     0.00029338   
  152     0.00027425   
  153     0.00055386   
  154     0.00061190   
  155     0.00078174   
  156     0.00011936   
  157     0.00013082   
  158     0.00028421   
  159     0.00012832   
  160     0.00006611   
  161     0.00016617   
  162     0.00028611   
  163     0.00043101   
  164     0.00025167   
  165     0.00015466   
  166     0.00011585   
  167     0.00020765   
  168     0.00039047   
  169     0.00102887   
  170     0.00049858   
  171     0.00018970   
  172     0.00172437   
  173     0.00133816   
  174     0.00043493   
  175     0.00027244   
  176     0.00067444   
  177     0.00039417   
  178     0.00012056   
  179     0.00042379   
  180     0.00016119   
  181     0.00049627   
  182     0.00048801   
  183     0.00049311   
  184     0.00047285   
  185     0.00030335   
  186     0.00139199   
  187     0.00072072   
  188     0.00412317   
  189     0.00382327   
  190     0.00085252   
  191     0.00076305   
  192     0.00037955   
  193     0.00297326   
  194     0.00058693   
  195     0.00202191   
  196     0.00038338   
  197     0.00070848   
  198     0.00106707   
  199     0.00150771   
  200     0.00031476   
  201     0.00020227   
  202     0.00129475   
  203     0.00083813   
  204     0.00235129   
  205     0.00140997   
  206     0.00162003   
  207     0.00232946   
  208     0.00321327   
  209     0.00164689   
  210     0.00139474   
  211     0.00125324   
  212     0.00044641   
  213     0.00080636   
  214     0.00157977   
  215     0.00436067   
  216     0.00364390   
  217     0.00307985   
  218     0.00222301   
  219     0.00258228   
  220     0.00263756   
  221     0.00065524   
  222     0.00020839   
  223     0.00008595   
  224     0.00020369   
  225     0.00016757   
  226     0.00039568   
  227     0.00205906   
  228     0.00320331   
  229     0.00494559   
  230     0.00058785   
  231     0.00130720   
  232     0.01004603   
  233     0.00307139   
  234     0.00153315   
  235     0.00403662   
  236     0.00492937   
  237     0.00136881   
  238     0.00195349   
  239     0.00425557   
  240     0.00578064   
  241     0.00121738   
  242     0.00273174   
  243     0.00477429   
  244     0.00371817   
  245     0.00056915   
  246     0.00271871   
  247     0.00241531   
  248     0.00750091   
  249     0.00100128   
  250     0.00362410   
  251     0.00092422   
  252     0.00201440   
  253     0.00056557   
  254     0.00090747   
  255     0.00210163   
  256     0.00025249   
  257     0.00024559   
  258     0.00042249   
  259     0.00018312   
  260     0.00011432   
  261     0.00020995   
  262     0.00088757   
  263     0.00086749   
  264     0.00034159   
  265     0.00099250   
  266     0.00142241   
  267     0.00512653   
  268     0.00121079   
  269     0.00048770   
  270     0.00211118   
  271     0.00221955   
  272     0.00102698   
  273     0.00075795   
  274     0.00095195   
  275     0.00234546   
  276     0.00039892   
  277     0.00065412   
  278     0.00060876   
  279     0.00059495   
  280     0.00249839   
  281     0.00237874   
  282     0.00295633   
  283     0.00232943   
  284     0.00214655   
  285     0.00062631   
  286     0.00196544   
  287     0.00607142   
  288     0.00138863   
  289     0.00230959   
  290     0.00304433   
  291     0.00292557   
  292     0.00423935   
  293     0.00202996   
  294     0.00895976   
  295     0.00113074   
  296     0.00175241   
  297     0.00340043   
  298     0.00996108   
  299     0.00446549   
  300     0.01183289   
  301     0.00145617   
  302     0.00149334   
  303     0.00210851   
  304     0.00171068   
  305     0.00719658   
  306     0.00240644   
  307     0.00179277   
  308     0.00546492   
  309     0.00490506   
  310     0.00177281   
  311     0.00253972   
  312     0.00553462   
  313     0.00428791   
  314     0.00152960   
  315     0.00177002   
  316     0.00613125   
  317     0.00938545   
  318     0.00254774   
  319     0.00179026   
  320     0.00344900   
  321     0.00454066   
  322     0.00471762   
  323     0.00160771   
  324     0.00377904   
  325     0.00207908   
  326     0.00361094   
  327     0.00437330   
  328     0.00294538   
  329     0.00452110   
  330     0.00320943   
  331     0.00364362   
  332     0.00240826   
  333     0.00237557   
  334     0.00515672   
  335     0.00170001   
  336     0.00155411   
  337     0.00248084   
  338     0.00023458   
  339     0.00054985   
  340     0.00024480   
  341     0.00028013   
  342     0.00054780   
  343     0.00362152   
  344     0.00215774   
  345     0.00208604   
  346     0.00250646   
  347     0.00115128   
  348     0.00228258   
  349     0.00305834   
  350     0.00097799   
  351     0.00117462   
  352     0.00711489   
  353     0.00206297   
  354     0.00061142   
  355     0.00100493   
  356     0.00137778   
  357     0.00475213   
  358     0.00246766   
  359     0.00074093   
  360     0.00134182   
  361     0.00163193   
  362     0.00081506   
  363     0.00045761   
  364     0.00002142   
  365     0.00009028   
  366     0.00003298   
  367     0.00097558   
  368     0.00046112   
  369     0.00013158   
  370     0.00018502   
  371     0.00041128   
  372     0.00020808   
  373     0.00124522   
  374     0.00038356   
  375     0.00046089   
  376     0.00014954   
  377     0.00325805   
  378     0.00050995   
  379     0.00018783   
  380     0.00058975   
  381     0.00082328   
  382     0.00055868   
  383     0.00057878   
  384     0.00029295   
  385     0.00043889   
  386     0.00113587   
  387     0.00109172   
  388     0.00410624   
  389     0.00920098   
  390     0.00784594   
  391     0.00354932   
  392     0.00374957   
  393     0.00463869   
  394     0.00345416   
  395     0.00960386   
  396     0.00821607   
  397     0.00813618   
  398     0.00209446   
  399     0.00687862   
  400     0.00262960   
  401     0.00162533   
  402     0.00144986   
  403     0.00540388   
  404     0.00469774   
  405     0.00129418   
  406     0.00250072   
  407     0.00109059   
  408     0.00147474   
  409     0.00158343   
  410     0.00488803   
  411     0.00391923   
  412     0.00447698   
  413     0.00593348   
  414     0.00436975   
  415     0.00369320   
  416     0.00736393   
  417     0.01137581   
  418     0.02919677   
  419     0.00652954   
  420     0.01000121   
  421     0.00554887   
  422     0.00298407   
  423     0.00248076   
  424     0.00150805   
  425     0.00077767   
  426     0.00433771   
  427     0.00115481   
  428     0.00158103   
  429     0.00303831   
  430     0.00027466   
  431     0.00020697   
  432     0.00045470   
  433     0.00114645   
  434     0.00212793   
  435     0.00346170   
  436     0.00880249   
  437     0.00381709   
  438     0.00876037   
  439     0.00378095   
  440     0.00680776   
  441     0.00321910   
  442     0.00356385   
  443     0.00386480   
  444     0.00620414   
  445     0.00046940   
  446     0.00085409   
  447     0.00048477   
  448     0.00057896   
  449     0.00021687   
  450     0.00019287   
  451     0.00088113   
  452     0.00165232   
  453     0.00249315   
  454     0.00799577   
  455     0.00320989   
  456     0.00382183   
  457     0.00204628   
  458     0.00231886   
  459     0.00336085   
  460     0.00163188   
  461     0.00078754   
  462     0.00166819   
  463     0.00125795   
  464     0.00055655   
  465     0.00111289   
  466     0.00025826   
  467     0.00020068   
  468     0.00033697   
  469     0.00023164   
  470     0.00130507   
  471     0.00061037   
  472     0.00193233   
  473     0.00162127   
  474     0.00327988   
  475     0.00296066   
  476     0.01139418   
  477     0.00377421   
  478     0.00263938   
  479     0.00511007   
  480     0.00683094   
  481     0.00421619   
  482     0.01074262   
  483     0.00137963   
  484     0.00443183   
  485     0.00281378   
  486     0.00591213   
  487     0.00223007   
  488     0.00443181   
  489     0.00045359   
  490     0.00058801   
  491     0.00036940   
  492     0.00042198   
  493     0.00042813   
  494     0.00028124   
  495     0.00075911   
  496     0.00076130   
  497     0.00160644   
  498     0.00179038   
  499     0.00221223   
  500     0.00101328   
  501     0.00274051   
  502     0.00260380   
  503     0.00708194   
  504     0.00296254   
  505     0.00369270   
  506     0.00609657   
  507     0.00571278   
  508     0.00067347   
  509     0.00066089   
  510     0.00037252   
  511     0.00032413   
  512     0.00205917   
  513     0.00055733   
  514     0.00020621   
  515     0.00118026   
  516     0.00173044   
  517     0.00073666   
  518     0.00022894   
  519     0.00204595   
  520     0.00054422   
  521     0.00078160   
  522     0.00045950   
  523     0.00033255   
  524     0.00011826   
  525     0.00091464   
  526     0.00053759   
  527     0.00026200   
  528     0.00066073   
  529     0.00038805   
  530     0.00056667   
  531     0.00053078   
  532     0.00111550   
  533     0.00104354   
  534     0.00063813   
  535     0.00112113   
  536     0.00092996   
  537     0.00111955   
  538     0.00028183   
  539     0.00075031   
  540     0.00059321   
  541     0.00023339   
  542     0.00069936   
  543     0.00086189   
  544     0.00021738   
  545     0.00036246   
  546     0.00080198   
  547     0.00151511   
  548     0.00017013   
  549     0.00056245   
  550     0.00358179   
  551     0.00013943   
  552     0.00027807   
  553     0.00076448   
  554     0.00099553   
  555     0.00046760   
  556     0.00057146   
  557     0.00198800   
  558     0.00045456   
  559     0.00154396   
  560     0.00118347   
  561     0.00248314   
  562     0.00239185   
  563     0.00097527   
  564     0.00028537   
  565     0.00090357   
  566     0.00235104   
  567     0.00058294   
  568     0.00047463   
  569     0.00164443   
  570     0.00023526   
  571     0.00049868   
  572     0.00021937   
  573     0.00027631   
  574     0.00034581   
  575     0.00056607   
  576     0.00065984   
  577     0.00034495   
  578     0.00035398   
  579     0.00036554   
  580     0.00020224   
  581     0.00144916   
  582     0.00015590   
  583     0.00069352   
  584     0.00031582   
  585     0.00047259   
  586     0.00055096   
  587     0.00075595   
  588     0.00067086   
  589     0.00075505   
  590     0.00076144   
  591     0.00058754   
  592     0.00090305   
  593     0.00075994   
  594     0.00172155   
  595     0.00236874   
  596     0.00046290   
  597     0.00064202   
  598     0.00130359   
  599     0.00046844   
  600     0.00013698   
  601     0.00076219   
  602     0.00047161   
  603     0.00027753   
  604     0.00035887   
  605     0.00029930   
