    1     0.00015629   
    2     0.00014149   
    3     0.00017057   
    4     0.00020253   
    5     0.00035135   
    6     0.00061035   
    7     0.00074460   
    8     0.00047721   
    9     0.00111168   
   10     0.00150575   
   11     0.00235212   
   12     0.00281192   
   13     0.00068247   
   14     0.00128541   
   15     0.00090054   
   16     0.00102177   
   17     0.00071353   
   18     0.00049129   
   19     0.00020947   
   20     0.00002381   
   21     0.00002528   
   22     0.00007010   
   23     0.00002949   
   24     0.00011606   
   25     0.00003858   
   26     0.00040040   
   27     0.00029652   
   28     0.00015411   
   29     0.00054758   
   30     0.00016144   
   31     0.00009803   
   32     0.00006891   
   33     0.00012684   
   34     0.00057248   
   35     0.00061610   
   36     0.00152005   
   37     0.00092818   
   38     0.00063432   
   39     0.00086981   
   40     0.00080984   
   41     0.00043773   
   42     0.00208537   
   43     0.00069430   
   44     0.00070394   
   45     0.00019897   
   46     0.00039670   
   47     0.00051560   
   48     0.00035443   
   49     0.00135883   
   50     0.00179783   
   51     0.00254788   
   52     0.00040587   
   53     0.00032012   
   54     0.00043595   
   55     0.00053611   
   56     0.00021049   
   57     0.00057355   
   58     0.00046397   
   59     0.00903317   
   60     0.00085182   
   61     0.00218320   
   62     0.00208502   
   63     0.00046925   
   64     0.00202842   
   65     0.00060035   
   66     0.00262358   
   67     0.00248337   
   68     0.00154858   
   69     0.00074772   
   70     0.00131949   
   71     0.00144817   
   72     0.00065898   
   73     0.00033549   
   74     0.00056441   
   75     0.00132625   
   76     0.00012940   
   77     0.00038811   
   78     0.00148296   
   79     0.00114798   
   80     0.00006654   
   81     0.01472881   
   82     0.00125761   
   83     0.00073444   
   84     0.00041971   
   85     0.00098301   
   86     0.00033477   
   87     0.00058992   
   88     0.00048278   
   89     0.00095521   
   90     0.00178684   
   91     0.00126015   
   92     0.00044862   
   93     0.00054087   
   94     0.00082595   
   95     0.00031414   
   96     0.00090922   
   97     0.00018196   
   98     0.00011342   
   99     0.00022592   
  100     0.00028097   
  101     0.00037535   
  102     0.00073347   
  103     0.00196093   
  104     0.00101073   
  105     0.00083959   
  106     0.00112882   
  107     0.00028463   
  108     0.00092216   
  109     0.00118305   
  110     0.00266141   
  111     0.00117034   
  112     0.00117043   
  113     0.00155454   
  114     0.00301797   
  115     0.00101141   
  116     0.00026126   
  117     0.00073536   
  118     0.00162081   
  119     0.00098789   
  120     0.00062178   
  121     0.00037991   
  122     0.00118014   
  123     0.00083867   
  124     0.00047741   
  125     0.00010132   
  126     0.00007238   
  127     0.00080925   
  128     0.00004672   
  129     0.00022874   
  130     0.00012743   
  131     0.00015442   
  132     0.00009401   
  133     0.00003886   
  134     0.00012816   
  135     0.00032024   
  136     0.00025165   
  137     0.00015746   
  138     0.00067583   
  139     0.00090573   
  140     0.00071707   
  141     0.00060944   
  142     0.00267732   
  143     0.00062889   
  144     0.00640473   
  145     0.00467272   
  146     0.00255549   
  147     0.00232144   
  148     0.00037310   
  149     0.00024907   
  150     0.00059037   
  151     0.00200271   
  152     0.00105133   
  153     0.00036111   
  154     0.00075381   
  155     0.00099091   
  156     0.00068090   
  157     0.00076951   
  158     0.00078495   
  159     0.00015327   
  160     0.00084614   
  161     0.00108172   
  162     0.00019869   
  163     0.00069651   
  164     0.00027048   
  165     0.00020651   
  166     0.00018560   
  167     0.00058790   
  168     0.00077745   
  169     0.00372390   
  170     0.00130405   
  171     0.00135763   
  172     0.00443343   
  173     0.01070517   
  174     0.00092502   
  175     0.00393606   
  176     0.01161562   
  177     0.01340778   
  178     0.00323875   
  179     0.01493973   
  180     0.00471468   
  181     0.01008525   
  182     0.01018802   
  183     0.00274343   
  184     0.00159471   
  185     0.00155779   
  186     0.00205447   
  187     0.00308537   
  188     0.02478440   
  189     0.00450720   
  190     0.01079952   
  191     0.00208880   
  192     0.00068773   
  193     0.00434296   
  194     0.00104838   
  195     0.00206359   
  196     0.00039564   
  197     0.00040083   
  198     0.00136692   
  199     0.00384755   
  200     0.00079527   
  201     0.00093202   
  202     0.00089320   
  203     0.00359229   
  204     0.00134166   
  205     0.00310238   
  206     0.00345678   
  207     0.00665425   
  208     0.00599560   
  209     0.00318718   
  210     0.00079836   
  211     0.00070554   
  212     0.00080751   
  213     0.00031578   
  214     0.00168392   
  215     0.00527775   
  216     0.01224205   
  217     0.00556608   
  218     0.01448216   
  219     0.00134193   
  220     0.00120089   
  221     0.01203092   
  222     0.00199459   
  223     0.00204706   
  224     0.00392837   
  225     0.01658291   
  226     0.00124873   
  227     0.00548619   
  228     0.00475586   
  229     0.00207875   
  230     0.00132235   
  231     0.00264770   
  232     0.00494005   
  233     0.00369850   
  234     0.00654995   
  235     0.00266868   
  236     0.00090175   
  237     0.00700424   
  238     0.00890592   
  239     0.00070812   
  240     0.00360543   
  241     0.00517913   
  242     0.00219851   
  243     0.00108664   
  244     0.00545816   
  245     0.00086921   
  246     0.00031825   
  247     0.00017455   
  248     0.00177125   
  249     0.00008596   
  250     0.00151980   
  251     0.00131231   
  252     0.00356136   
  253     0.00206138   
  254     0.00046379   
  255     0.00080513   
  256     0.00056156   
  257     0.00929761   
  258     0.01063693   
  259     0.00193350   
  260     0.00091501   
  261     0.00247028   
  262     0.00621457   
  263     0.00691708   
  264     0.00216328   
  265     0.00114686   
  266     0.00258193   
  267     0.00645539   
  268     0.00371384   
  269     0.00100748   
  270     0.00435445   
  271     0.00924946   
  272     0.00162736   
  273     0.00055721   
  274     0.00228942   
  275     0.00601228   
  276     0.00206107   
  277     0.00070709   
  278     0.00255166   
  279     0.00174926   
  280     0.00177565   
  281     0.00176970   
  282     0.00162823   
  283     0.00220557   
  284     0.00062031   
  285     0.00246982   
  286     0.00925563   
  287     0.01391564   
  288     0.00552358   
  289     0.00977806   
  290     0.00098153   
  291     0.00243982   
  292     0.00100769   
  293     0.00657857   
  294     0.01232803   
  295     0.00720273   
  296     0.00608323   
  297     0.00333783   
  298     0.00659981   
  299     0.00154675   
  300     0.00148027   
  301     0.00039701   
  302     0.00050228   
  303     0.00033186   
  304     0.00017652   
  305     0.00026689   
  306     0.00104614   
  307     0.00003908   
  308     0.00040878   
  309     0.00231858   
  310     0.00216249   
  311     0.00217237   
  312     0.00306906   
  313     0.01350647   
  314     0.00120477   
  315     0.00166057   
  316     0.00623879   
  317     0.00582649   
  318     0.00099164   
  319     0.00246263   
  320     0.00179529   
  321     0.00105381   
  322     0.00107894   
  323     0.00208822   
  324     0.00337704   
  325     0.00032808   
  326     0.00063492   
  327     0.00096146   
  328     0.00102830   
  329     0.00164437   
  330     0.00212177   
  331     0.00273493   
  332     0.00438424   
  333     0.00066468   
  334     0.00554140   
  335     0.00757318   
  336     0.01481507   
  337     0.00434412   
  338     0.00491871   
  339     0.00245869   
  340     0.00088285   
  341     0.00061706   
  342     0.00113773   
  343     0.00399981   
  344     0.00155486   
  345     0.00661678   
  346     0.00777569   
  347     0.00663179   
  348     0.00370952   
  349     0.00434873   
  350     0.00703508   
  351     0.00365733   
  352     0.01426455   
  353     0.00493399   
  354     0.00238451   
  355     0.00124372   
  356     0.00259316   
  357     0.00767949   
  358     0.00264493   
  359     0.01017522   
  360     0.00764397   
  361     0.01129511   
  362     0.00823700   
  363     0.00982628   
  364     0.00169256   
  365     0.00791864   
  366     0.00175230   
  367     0.00255334   
  368     0.00125798   
  369     0.00204429   
  370     0.00294723   
  371     0.00125535   
  372     0.00061575   
  373     0.00330430   
  374     0.00220523   
  375     0.00255267   
  376     0.00076781   
  377     0.00095299   
  378     0.00189778   
  379     0.00049816   
  380     0.00023879   
  381     0.00012222   
  382     0.00054311   
  383     0.00020805   
  384     0.00001666   
  385     0.00012872   
  386     0.00072455   
  387     0.00010138   
  388     0.00013701   
  389     0.00016225   
  390     0.00015020   
  391     0.00014286   
  392     0.00016061   
  393     0.00011522   
  394     0.00004162   
  395     0.00003866   
  396     0.00009018   
  397     0.00029142   
  398     0.00007294   
  399     0.00005377   
  400     0.00002704   
  401     0.00003894   
  402     0.00010790   
  403     0.00012362   
  404     0.00004342   
  405     0.00056974   
  406     0.00002310   
  407     0.00033676   
  408     0.00008112   
  409     0.00004739   
  410     0.00021360   
  411     0.00010532   
  412     0.00008224   
  413     0.00019307   
  414     0.00012185   
  415     0.00009162   
  416     0.00014578   
  417     0.00009864   
  418     0.00071418   
  419     0.00009186   
  420     0.00013081   
  421     0.00001591   
  422     0.00005056   
  423     0.00002768   
  424     0.00003770   
  425     0.00002164   
  426     0.00008647   
  427     0.00000946   
  428     0.00002587   
  429     0.00001167   
  430     0.00000125   
  431     0.00000179   
  432     0.00000231   
  433     0.00001621   
  434     0.00000782   
  435     0.00000700   
  436     0.00004432   
  437     0.00004050   
  438     0.00002556   
  439     0.00004380   
  440     0.00003433   
  441     0.00001504   
  442     0.00017647   
  443     0.00005088   
  444     0.00020294   
  445     0.00002353   
  446     0.00026536   
  447     0.00001659   
  448     0.00004027   
  449     0.00001877   
  450     0.00000611   
  451     0.00002120   
  452     0.00007977   
  453     0.00005958   
  454     0.00005173   
  455     0.00002058   
  456     0.00001931   
  457     0.00004275   
  458     0.00002185   
  459     0.00001848   
  460     0.00001096   
  461     0.00000100   
  462     0.00000365   
  463     0.00000060   
  464     0.00000088   
  465     0.00000042   
  466     0.00000090   
  467     0.00000154   
  468     0.00000359   
  469     0.00000068   
  470     0.00000542   
  471     0.00001951   
  472     0.00000580   
  473     0.00001461   
  474     0.00003156   
  475     0.00002575   
  476     0.00006888   
  477     0.00008240   
  478     0.00005882   
  479     0.00015537   
  480     0.00013729   
  481     0.00084363   
  482     0.00021481   
  483     0.00011491   
  484     0.00010757   
  485     0.00012233   
  486     0.00002737   
  487     0.00005029   
  488     0.00002584   
  489     0.00001277   
  490     0.00000567   
  491     0.00000129   
  492     0.00000077   
  493     0.00000089   
  494     0.00000046   
  495     0.00000525   
  496     0.00000446   
  497     0.00002386   
  498     0.00005047   
  499     0.00003263   
  500     0.00002800   
  501     0.00003232   
  502     0.00005006   
  503     0.00029496   
  504     0.00006056   
  505     0.00004612   
  506     0.00022726   
  507     0.00012109   
  508     0.00003195   
  509     0.00001520   
  510     0.00001719   
  511     0.00001009   
  512     0.00006004   
  513     0.00001924   
  514     0.00002792   
  515     0.00001949   
  516     0.00006252   
  517     0.00004610   
  518     0.00003418   
  519     0.00006431   
  520     0.00009095   
  521     0.00001006   
  522     0.00006091   
  523     0.00011918   
  524     0.00004626   
  525     0.00005511   
  526     0.00002329   
  527     0.00009994   
  528     0.00009138   
  529     0.00010964   
  530     0.00031941   
  531     0.00004701   
  532     0.00055637   
  533     0.00038192   
  534     0.00010959   
  535     0.00040752   
  536     0.00063240   
  537     0.00003996   
  538     0.00005085   
  539     0.00038010   
  540     0.00005426   
  541     0.00004456   
  542     0.00017564   
  543     0.00008699   
  544     0.00005963   
  545     0.00004834   
  546     0.00013787   
  547     0.00004956   
  548     0.00004697   
  549     0.00004472   
  550     0.00006094   
  551     0.00002093   
  552     0.00000590   
  553     0.00001016   
  554     0.00000670   
  555     0.00000187   
  556     0.00000128   
  557     0.00000979   
  558     0.00000361   
  559     0.00000913   
  560     0.00000814   
  561     0.00007831   
  562     0.00000923   
  563     0.00001526   
  564     0.00003528   
  565     0.00002195   
  566     0.00004815   
  567     0.00002088   
  568     0.00009627   
  569     0.00002960   
  570     0.00001795   
  571     0.00003343   
  572     0.00002814   
  573     0.00004365   
  574     0.00002257   
  575     0.00003222   
  576     0.00003497   
  577     0.00000825   
  578     0.00001160   
  579     0.00001447   
  580     0.00002734   
  581     0.00064668   
  582     0.00001353   
  583     0.00004103   
  584     0.00017628   
  585     0.00030903   
  586     0.00004961   
  587     0.00007031   
  588     0.00028187   
  589     0.00005257   
  590     0.00005220   
  591     0.00005469   
  592     0.00007729   
  593     0.00003949   
  594     0.00012368   
  595     0.00002330   
  596     0.00001929   
  597     0.00000975   
  598     0.00003348   
  599     0.00004354   
  600     0.00001038   
  601     0.00000596   
  602     0.00001328   
  603     0.00000245   
  604     0.00000741   
  605     0.00000249   
