    1     0.00007451   
    2     0.00014634   
    3     0.00012224   
    4     0.00015288   
    5     0.00005017   
    6     0.00011745   
    7     0.00012148   
    8     0.00013663   
    9     0.00037457   
   10     0.00049996   
   11     0.00055821   
   12     0.00022377   
   13     0.00008991   
   14     0.00024786   
   15     0.00045688   
   16     0.00022220   
   17     0.00026573   
   18     0.00063947   
   19     0.00050695   
   20     0.00030842   
   21     0.00037032   
   22     0.00015623   
   23     0.00025647   
   24     0.00040854   
   25     0.00096453   
   26     0.00111274   
   27     0.00046961   
   28     0.00033236   
   29     0.00014635   
   30     0.00007540   
   31     0.00012876   
   32     0.00009000   
   33     0.00019547   
   34     0.00041477   
   35     0.00020527   
   36     0.00024100   
   37     0.00066603   
   38     0.00040845   
   39     0.00079138   
   40     0.00086067   
   41     0.00052552   
   42     0.00284606   
   43     0.00373529   
   44     0.00152736   
   45     0.00322050   
   46     0.00326647   
   47     0.00632123   
   48     0.00430838   
   49     0.00161726   
   50     0.00017869   
   51     0.00019613   
   52     0.00031238   
   53     0.00034460   
   54     0.00088562   
   55     0.00130353   
   56     0.00040873   
   57     0.00052217   
   58     0.00017122   
   59     0.00071151   
   60     0.00063540   
   61     0.00043885   
   62     0.00103303   
   63     0.00030385   
   64     0.00067254   
   65     0.00100299   
   66     0.00212650   
   67     0.00395810   
   68     0.00023979   
   69     0.00111918   
   70     0.00107044   
   71     0.00233736   
   72     0.00314942   
   73     0.00107135   
   74     0.00326886   
   75     0.00251229   
   76     0.00780149   
   77     0.00245334   
   78     0.00282070   
   79     0.00074952   
   80     0.00131104   
   81     0.00433487   
   82     0.00402287   
   83     0.00480239   
   84     0.00740626   
   85     0.01076799   
   86     0.01407826   
   87     0.01339177   
   88     0.00884444   
   89     0.00553339   
   90     0.00299729   
   91     0.00202161   
   92     0.00112792   
   93     0.00344881   
   94     0.00936178   
   95     0.03372758   
   96     0.02902776   
   97     0.08881503   
   98     0.03400527   
   99     0.07677345   
  100     0.02470133   
  101     0.00614677   
  102     0.00302754   
  103     0.00388931   
  104     0.00081680   
  105     0.00144448   
  106     0.00063477   
  107     0.00026927   
  108     0.00019986   
  109     0.00074102   
  110     0.00177461   
  111     0.00203660   
  112     0.00111316   
  113     0.00063942   
  114     0.00044395   
  115     0.00220660   
  116     0.00072199   
  117     0.00012838   
  118     0.00096178   
  119     0.00024820   
  120     0.00019384   
  121     0.00008514   
  122     0.00026141   
  123     0.00016584   
  124     0.00016549   
  125     0.00008480   
  126     0.00006966   
  127     0.00030371   
  128     0.00001380   
  129     0.00004441   
  130     0.00009625   
  131     0.00005995   
  132     0.00003395   
  133     0.00003788   
  134     0.00003466   
  135     0.00022630   
  136     0.00003506   
  137     0.00005195   
  138     0.00015283   
  139     0.00037045   
  140     0.00035731   
  141     0.00033898   
  142     0.00100209   
  143     0.00058352   
  144     0.00314776   
  145     0.00236710   
  146     0.00093911   
  147     0.00207187   
  148     0.00112593   
  149     0.00199015   
  150     0.00114112   
  151     0.00146619   
  152     0.00036259   
  153     0.00056955   
  154     0.00076367   
  155     0.00069533   
  156     0.00016924   
  157     0.00029658   
  158     0.00013680   
  159     0.00003186   
  160     0.00005509   
  161     0.00003940   
  162     0.00008901   
  163     0.00006994   
  164     0.00010973   
  165     0.00040844   
  166     0.00048927   
  167     0.00149245   
  168     0.00084950   
  169     0.00100511   
  170     0.00055780   
  171     0.00057906   
  172     0.00203866   
  173     0.00028581   
  174     0.00019440   
  175     0.00036264   
  176     0.00041179   
  177     0.00011051   
  178     0.00008272   
  179     0.00007138   
  180     0.00006038   
  181     0.00081258   
  182     0.00011043   
  183     0.00209063   
  184     0.00131173   
  185     0.00030137   
  186     0.00054609   
  187     0.00033589   
  188     0.00069982   
  189     0.00059009   
  190     0.00038416   
  191     0.00024091   
  192     0.00051538   
  193     0.00106874   
  194     0.00055426   
  195     0.00086498   
  196     0.00040484   
  197     0.00070365   
  198     0.00054735   
  199     0.00040787   
  200     0.00017450   
  201     0.00052455   
  202     0.00079448   
  203     0.00137899   
  204     0.00150767   
  205     0.00056372   
  206     0.00022735   
  207     0.00037147   
  208     0.00107423   
  209     0.00046134   
  210     0.00021800   
  211     0.00045663   
  212     0.00044696   
  213     0.00149399   
  214     0.00010259   
  215     0.00033851   
  216     0.00017245   
  217     0.00009517   
  218     0.00076993   
  219     0.00016784   
  220     0.00095197   
  221     0.00064911   
  222     0.00130620   
  223     0.00050601   
  224     0.00034229   
  225     0.00162887   
  226     0.00019593   
  227     0.00101427   
  228     0.00122497   
  229     0.00182901   
  230     0.00031088   
  231     0.00019303   
  232     0.00025025   
  233     0.00075421   
  234     0.00017170   
  235     0.00045311   
  236     0.00117327   
  237     0.00119059   
  238     0.00048964   
  239     0.00030500   
  240     0.00187714   
  241     0.00114968   
  242     0.00046777   
  243     0.00091734   
  244     0.00072381   
  245     0.00028540   
  246     0.00054555   
  247     0.00043273   
  248     0.00092623   
  249     0.00018486   
  250     0.00077653   
  251     0.00069735   
  252     0.00090099   
  253     0.00045141   
  254     0.00043433   
  255     0.00093172   
  256     0.00023621   
  257     0.00099608   
  258     0.00084882   
  259     0.00187474   
  260     0.00048588   
  261     0.00194331   
  262     0.00280543   
  263     0.00100737   
  264     0.00075997   
  265     0.00189762   
  266     0.00031251   
  267     0.00095793   
  268     0.00024956   
  269     0.00059670   
  270     0.00046623   
  271     0.00121930   
  272     0.00033316   
  273     0.00052419   
  274     0.00025227   
  275     0.00013518   
  276     0.00007573   
  277     0.00008911   
  278     0.00010797   
  279     0.00017527   
  280     0.00053357   
  281     0.00169926   
  282     0.00035257   
  283     0.00246822   
  284     0.00050448   
  285     0.00035254   
  286     0.00433677   
  287     0.00189893   
  288     0.00038823   
  289     0.00028938   
  290     0.00003378   
  291     0.00068986   
  292     0.00039343   
  293     0.00033661   
  294     0.00198788   
  295     0.00040434   
  296     0.00080152   
  297     0.00065317   
  298     0.00082254   
  299     0.00028764   
  300     0.00117994   
  301     0.00031523   
  302     0.00047855   
  303     0.00023886   
  304     0.00017975   
  305     0.00096117   
  306     0.00075051   
  307     0.00030715   
  308     0.00076236   
  309     0.00052475   
  310     0.00068119   
  311     0.00020496   
  312     0.00043069   
  313     0.00073187   
  314     0.00053734   
  315     0.00039227   
  316     0.00235936   
  317     0.00065328   
  318     0.00027516   
  319     0.00029941   
  320     0.00087056   
  321     0.00043242   
  322     0.00041492   
  323     0.00097183   
  324     0.00080309   
  325     0.00086534   
  326     0.00041240   
  327     0.00072930   
  328     0.00039172   
  329     0.00133631   
  330     0.00085029   
  331     0.00043064   
  332     0.00037000   
  333     0.00031555   
  334     0.00069337   
  335     0.00027404   
  336     0.00039730   
  337     0.00031502   
  338     0.00013371   
  339     0.00026026   
  340     0.00042581   
  341     0.00015424   
  342     0.00013511   
  343     0.00155976   
  344     0.00040105   
  345     0.00024041   
  346     0.00080107   
  347     0.00021923   
  348     0.00014377   
  349     0.00068108   
  350     0.00075058   
  351     0.00046106   
  352     0.00018417   
  353     0.00045833   
  354     0.00032926   
  355     0.00028374   
  356     0.00053858   
  357     0.00069799   
  358     0.00021711   
  359     0.00030168   
  360     0.00027774   
  361     0.00025814   
  362     0.00016846   
  363     0.00011800   
  364     0.00003680   
  365     0.00006516   
  366     0.00002171   
  367     0.00015662   
  368     0.00008685   
  369     0.00039038   
  370     0.00011404   
  371     0.00031812   
  372     0.00011228   
  373     0.00037279   
  374     0.00017792   
  375     0.00043321   
  376     0.00005715   
  377     0.00020998   
  378     0.00041442   
  379     0.00067651   
  380     0.00049234   
  381     0.00041644   
  382     0.00087820   
  383     0.00319103   
  384     0.00083582   
  385     0.00576816   
  386     0.00241350   
  387     0.00074397   
  388     0.00491355   
  389     0.00020967   
  390     0.00028628   
  391     0.00020360   
  392     0.00008853   
  393     0.00010016   
  394     0.00043122   
  395     0.00053931   
  396     0.00035697   
  397     0.00190312   
  398     0.00072405   
  399     0.00128537   
  400     0.00156528   
  401     0.00123151   
  402     0.00143329   
  403     0.00128096   
  404     0.00336250   
  405     0.00066701   
  406     0.00092202   
  407     0.00127600   
  408     0.00094333   
  409     0.00162425   
  410     0.00070944   
  411     0.00307949   
  412     0.00079715   
  413     0.00047267   
  414     0.00086271   
  415     0.00027418   
  416     0.00051572   
  417     0.00057890   
  418     0.00553556   
  419     0.00108844   
  420     0.00142386   
  421     0.00040899   
  422     0.00031437   
  423     0.00077371   
  424     0.00372293   
  425     0.00138656   
  426     0.01251506   
  427     0.00318827   
  428     0.00304290   
  429     0.00512101   
  430     0.00055530   
  431     0.00028573   
  432     0.00019973   
  433     0.00133872   
  434     0.00067205   
  435     0.00191081   
  436     0.00754024   
  437     0.00258817   
  438     0.00295021   
  439     0.00144415   
  440     0.00303878   
  441     0.00090700   
  442     0.00036478   
  443     0.00182234   
  444     0.00176936   
  445     0.00157473   
  446     0.00181293   
  447     0.00093618   
  448     0.00148907   
  449     0.00135120   
  450     0.00101993   
  451     0.00257777   
  452     0.00139273   
  453     0.00261132   
  454     0.00148126   
  455     0.00142750   
  456     0.00049447   
  457     0.00112315   
  458     0.00246980   
  459     0.00155889   
  460     0.00168698   
  461     0.00088733   
  462     0.00343299   
  463     0.00229409   
  464     0.00085495   
  465     0.00503417   
  466     0.00061534   
  467     0.00082980   
  468     0.00700898   
  469     0.00194199   
  470     0.00868273   
  471     0.00336496   
  472     0.00452442   
  473     0.00342930   
  474     0.00924044   
  475     0.00293809   
  476     0.00176291   
  477     0.00112966   
  478     0.00168974   
  479     0.00242174   
  480     0.00258804   
  481     0.00843081   
  482     0.00099637   
  483     0.00294789   
  484     0.00109092   
  485     0.00196017   
  486     0.00231316   
  487     0.00181452   
  488     0.00289474   
  489     0.00186216   
  490     0.00069031   
  491     0.00083437   
  492     0.00272516   
  493     0.00037967   
  494     0.00013956   
  495     0.00020311   
  496     0.00045361   
  497     0.00067532   
  498     0.00154348   
  499     0.00100542   
  500     0.00175331   
  501     0.00164228   
  502     0.00052823   
  503     0.00043134   
  504     0.00013796   
  505     0.00021839   
  506     0.00064743   
  507     0.00077029   
  508     0.00048165   
  509     0.00077481   
  510     0.00078603   
  511     0.00083586   
  512     0.00180134   
  513     0.00080030   
  514     0.00099810   
  515     0.00119491   
  516     0.00158441   
  517     0.00096278   
  518     0.00038151   
  519     0.00131702   
  520     0.00044348   
  521     0.00098881   
  522     0.00149869   
  523     0.00053050   
  524     0.00075074   
  525     0.00199291   
  526     0.00319257   
  527     0.00041580   
  528     0.00118765   
  529     0.00142279   
  530     0.00193031   
  531     0.00103292   
  532     0.00064903   
  533     0.00122150   
  534     0.00160061   
  535     0.00157454   
  536     0.00183576   
  537     0.00048660   
  538     0.00048458   
  539     0.00176790   
  540     0.00086333   
  541     0.00133569   
  542     0.00073882   
  543     0.00026295   
  544     0.00035565   
  545     0.00188670   
  546     0.00110255   
  547     0.00065169   
  548     0.00142619   
  549     0.00127301   
  550     0.00431138   
  551     0.00148833   
  552     0.00040840   
  553     0.00108104   
  554     0.00382811   
  555     0.00149927   
  556     0.00223130   
  557     0.00266823   
  558     0.00245370   
  559     0.00350287   
  560     0.00376707   
  561     0.00745460   
  562     0.00321937   
  563     0.00437876   
  564     0.00089244   
  565     0.00054067   
  566     0.00280535   
  567     0.00186016   
  568     0.00076826   
  569     0.00041500   
  570     0.00143006   
  571     0.00199046   
  572     0.00126464   
  573     0.00024682   
  574     0.00058582   
  575     0.00154942   
  576     0.00147165   
  577     0.00009399   
  578     0.00035033   
  579     0.00050611   
  580     0.00028965   
  581     0.00081602   
  582     0.00032404   
  583     0.00047368   
  584     0.00095394   
  585     0.00107006   
  586     0.00048970   
  587     0.00099308   
  588     0.00108783   
  589     0.00064898   
  590     0.00049188   
  591     0.00037123   
  592     0.00085825   
  593     0.00055335   
  594     0.00210290   
  595     0.00089478   
  596     0.00020431   
  597     0.00172689   
  598     0.00175166   
  599     0.00054191   
  600     0.00095274   
  601     0.00113507   
  602     0.00132184   
  603     0.00050165   
  604     0.00024741   
  605     0.00057354   
