    1     0.00021379   
    2     0.00010540   
    3     0.00031527   
    4     0.00010251   
    5     0.00002606   
    6     0.00002607   
    7     0.00000525   
    8     0.00001091   
    9     0.00001039   
   10     0.00000849   
   11     0.00001531   
   12     0.00007364   
   13     0.00003905   
   14     0.00001495   
   15     0.00001646   
   16     0.00001922   
   17     0.00005616   
   18     0.00003446   
   19     0.00006663   
   20     0.00000506   
   21     0.00001793   
   22     0.00004220   
   23     0.00000918   
   24     0.00002181   
   25     0.00001140   
   26     0.00003986   
   27     0.00000563   
   28     0.00000569   
   29     0.00001243   
   30     0.00000046   
   31     0.00000022   
   32     0.00000019   
   33     0.00000114   
   34     0.00001170   
   35     0.00001279   
   36     0.00002311   
   37     0.00000786   
   38     0.00000853   
   39     0.00000701   
   40     0.00000073   
   41     0.00000030   
   42     0.00000020   
   43     0.00000009   
   44     0.00000003   
   45     0.00000001   
   46     0.00000002   
   47     0.00000004   
   48     0.00000026   
   49     0.00000045   
   50     0.00000094   
   51     0.00000633   
   52     0.00000103   
   53     0.00000012   
   54     0.00000016   
   55     0.00000013   
   56     0.00000004   
   57     0.00000007   
   58     0.00000001   
   59     0.00000004   
   60     0.00000000   
   61     0.00000001   
   62     0.00000004   
   63     0.00000001   
   64     0.00000007   
   65     0.00000017   
   66     0.00000107   
   67     0.00000297   
   68     0.00000107   
   69     0.00000117   
   70     0.00000632   
   71     0.00000041   
   72     0.00000089   
   73     0.00000205   
   74     0.00000606   
   75     0.00000163   
   76     0.00000023   
   77     0.00000006   
   78     0.00000006   
   79     0.00000003   
   80     0.00000002   
   81     0.00000055   
   82     0.00000023   
   83     0.00000005   
   84     0.00000002   
   85     0.00000026   
   86     0.00000003   
   87     0.00000006   
   88     0.00000004   
   89     0.00000003   
   90     0.00000005   
   91     0.00000019   
   92     0.00000014   
   93     0.00000010   
   94     0.00000015   
   95     0.00000019   
   96     0.00000032   
   97     0.00000006   
   98     0.00000004   
   99     0.00000009   
  100     0.00000015   
  101     0.00000042   
  102     0.00000056   
  103     0.00000054   
  104     0.00000007   
  105     0.00000014   
  106     0.00000004   
  107     0.00000002   
  108     0.00000006   
  109     0.00000009   
  110     0.00000085   
  111     0.00000131   
  112     0.00000190   
  113     0.00000423   
  114     0.00000169   
  115     0.00000068   
  116     0.00000069   
  117     0.00000076   
  118     0.00000078   
  119     0.00000472   
  120     0.00000067   
  121     0.00000097   
  122     0.00000693   
  123     0.00000642   
  124     0.00000676   
  125     0.00000222   
  126     0.00000326   
  127     0.00006802   
  128     0.00000046   
  129     0.00000133   
  130     0.00000097   
  131     0.00000012   
  132     0.00000011   
  133     0.00000005   
  134     0.00000157   
  135     0.00001344   
  136     0.00000257   
  137     0.00000105   
  138     0.00000502   
  139     0.00002040   
  140     0.00002860   
  141     0.00001003   
  142     0.00002896   
  143     0.00003465   
  144     0.00006108   
  145     0.00001180   
  146     0.00001584   
  147     0.00000646   
  148     0.00000191   
  149     0.00000165   
  150     0.00001566   
  151     0.00000679   
  152     0.00000377   
  153     0.00000646   
  154     0.00001931   
  155     0.00003071   
  156     0.00000323   
  157     0.00000217   
  158     0.00000340   
  159     0.00000096   
  160     0.00000074   
  161     0.00000102   
  162     0.00000218   
  163     0.00000300   
  164     0.00000371   
  165     0.00001411   
  166     0.00009121   
  167     0.00035304   
  168     0.00003580   
  169     0.00012709   
  170     0.00002024   
  171     0.00002943   
  172     0.00008063   
  173     0.00002642   
  174     0.00013630   
  175     0.00003523   
  176     0.00007203   
  177     0.00009928   
  178     0.00002418   
  179     0.00001602   
  180     0.00000620   
  181     0.00001229   
  182     0.00000566   
  183     0.00000420   
  184     0.00000069   
  185     0.00000186   
  186     0.00000073   
  187     0.00000129   
  188     0.00000538   
  189     0.00000340   
  190     0.00000858   
  191     0.00000220   
  192     0.00001916   
  193     0.00001351   
  194     0.00002387   
  195     0.00000898   
  196     0.00001270   
  197     0.00002717   
  198     0.00002365   
  199     0.00005154   
  200     0.00001602   
  201     0.00003177   
  202     0.00002993   
  203     0.00001816   
  204     0.00000551   
  205     0.00001545   
  206     0.00000457   
  207     0.00000467   
  208     0.00000310   
  209     0.00000017   
  210     0.00000043   
  211     0.00000018   
  212     0.00000017   
  213     0.00000110   
  214     0.00000011   
  215     0.00000079   
  216     0.00000022   
  217     0.00000181   
  218     0.00003407   
  219     0.00000171   
  220     0.00000285   
  221     0.00001332   
  222     0.00000975   
  223     0.00002039   
  224     0.00002065   
  225     0.00000229   
  226     0.00000532   
  227     0.00002966   
  228     0.00001009   
  229     0.00001007   
  230     0.00000445   
  231     0.00000946   
  232     0.00001652   
  233     0.00000716   
  234     0.00000800   
  235     0.00000411   
  236     0.00000257   
  237     0.00000760   
  238     0.00000670   
  239     0.00000247   
  240     0.00000451   
  241     0.00000403   
  242     0.00000219   
  243     0.00000085   
  244     0.00000587   
  245     0.00000133   
  246     0.00000027   
  247     0.00000012   
  248     0.00000312   
  249     0.00000009   
  250     0.00000096   
  251     0.00000121   
  252     0.00000156   
  253     0.00000152   
  254     0.00000008   
  255     0.00000012   
  256     0.00000014   
  257     0.00000017   
  258     0.00000061   
  259     0.00000094   
  260     0.00000017   
  261     0.00000068   
  262     0.00000288   
  263     0.00000309   
  264     0.00000017   
  265     0.00000176   
  266     0.00000444   
  267     0.00000664   
  268     0.00000157   
  269     0.00000438   
  270     0.00000270   
  271     0.00000971   
  272     0.00000261   
  273     0.00000079   
  274     0.00000102   
  275     0.00000216   
  276     0.00000107   
  277     0.00000025   
  278     0.00000130   
  279     0.00000345   
  280     0.00000213   
  281     0.00000272   
  282     0.00000069   
  283     0.00000038   
  284     0.00000005   
  285     0.00000065   
  286     0.00000076   
  287     0.00000133   
  288     0.00000034   
  289     0.00000191   
  290     0.00000025   
  291     0.00000024   
  292     0.00000040   
  293     0.00000125   
  294     0.00000308   
  295     0.00000079   
  296     0.00000362   
  297     0.00000128   
  298     0.00000598   
  299     0.00000030   
  300     0.00000051   
  301     0.00000026   
  302     0.00000071   
  303     0.00000011   
  304     0.00000040   
  305     0.00000154   
  306     0.00000060   
  307     0.00000027   
  308     0.00000356   
  309     0.00000611   
  310     0.00000465   
  311     0.00000739   
  312     0.00001338   
  313     0.00000415   
  314     0.00000721   
  315     0.00001076   
  316     0.00002957   
  317     0.00000379   
  318     0.00000333   
  319     0.00001291   
  320     0.00000817   
  321     0.00000052   
  322     0.00000137   
  323     0.00000274   
  324     0.00000076   
  325     0.00000028   
  326     0.00000009   
  327     0.00000063   
  328     0.00000009   
  329     0.00000015   
  330     0.00000018   
  331     0.00000048   
  332     0.00000029   
  333     0.00000009   
  334     0.00000227   
  335     0.00000095   
  336     0.00000315   
  337     0.00000271   
  338     0.00000994   
  339     0.00000471   
  340     0.00001681   
  341     0.00001515   
  342     0.00000291   
  343     0.00000754   
  344     0.00000289   
  345     0.00000861   
  346     0.00000387   
  347     0.00000340   
  348     0.00000123   
  349     0.00000148   
  350     0.00000501   
  351     0.00000220   
  352     0.00000115   
  353     0.00000270   
  354     0.00000150   
  355     0.00000066   
  356     0.00000051   
  357     0.00000109   
  358     0.00000032   
  359     0.00000160   
  360     0.00000271   
  361     0.00000394   
  362     0.00000306   
  363     0.00000425   
  364     0.00000062   
  365     0.00000252   
  366     0.00000167   
  367     0.00000584   
  368     0.00002609   
  369     0.00005579   
  370     0.00000841   
  371     0.00002164   
  372     0.00001966   
  373     0.00004643   
  374     0.00009584   
  375     0.00007804   
  376     0.00002668   
  377     0.00032806   
  378     0.00070271   
  379     0.00033429   
  380     0.00028039   
  381     0.00025902   
  382     0.00106557   
  383     0.00304485   
  384     0.00269856   
  385     0.00251606   
  386     0.00390160   
  387     0.00135409   
  388     0.00182573   
  389     0.00009174   
  390     0.00014256   
  391     0.00004410   
  392     0.00006738   
  393     0.00011480   
  394     0.00010605   
  395     0.00013014   
  396     0.00056056   
  397     0.00116740   
  398     0.00264595   
  399     0.00186868   
  400     0.00089715   
  401     0.00634280   
  402     0.01242158   
  403     0.00748900   
  404     0.02868260   
  405     0.06497994   
  406     0.01717384   
  407     0.01885326   
  408     0.00799013   
  409     0.00599511   
  410     0.00385277   
  411     0.00261961   
  412     0.00112397   
  413     0.00100317   
  414     0.00379186   
  415     0.00024977   
  416     0.00090283   
  417     0.00005578   
  418     0.00022288   
  419     0.00023943   
  420     0.00011767   
  421     0.00006405   
  422     0.00008080   
  423     0.00018557   
  424     0.00046704   
  425     0.00018928   
  426     0.00086850   
  427     0.00007179   
  428     0.00010731   
  429     0.00030260   
  430     0.00001220   
  431     0.00002575   
  432     0.00001866   
  433     0.00012649   
  434     0.00005229   
  435     0.00004634   
  436     0.00017360   
  437     0.00004482   
  438     0.00094760   
  439     0.00066316   
  440     0.00031264   
  441     0.00147328   
  442     0.00069038   
  443     0.00317261   
  444     0.01230009   
  445     0.00420606   
  446     0.01784095   
  447     0.03510303   
  448     0.01191371   
  449     0.00996655   
  450     0.00310934   
  451     0.00411403   
  452     0.00251419   
  453     0.00248511   
  454     0.00027849   
  455     0.00102773   
  456     0.00074742   
  457     0.00060497   
  458     0.00028079   
  459     0.00015805   
  460     0.00003703   
  461     0.00000943   
  462     0.00010334   
  463     0.00002600   
  464     0.00001289   
  465     0.00001663   
  466     0.00001183   
  467     0.00000829   
  468     0.00006079   
  469     0.00000780   
  470     0.00011518   
  471     0.00029154   
  472     0.00008612   
  473     0.00045259   
  474     0.00106617   
  475     0.00036033   
  476     0.00051656   
  477     0.00010392   
  478     0.00013896   
  479     0.00020120   
  480     0.00048106   
  481     0.00320513   
  482     0.00017575   
  483     0.00047620   
  484     0.00042520   
  485     0.00008567   
  486     0.00021811   
  487     0.00017836   
  488     0.00009860   
  489     0.00027754   
  490     0.00018030   
  491     0.00010493   
  492     0.00006898   
  493     0.00004439   
  494     0.00001943   
  495     0.00015547   
  496     0.00015828   
  497     0.00026821   
  498     0.00025907   
  499     0.00033521   
  500     0.00020460   
  501     0.00043194   
  502     0.00030600   
  503     0.00212812   
  504     0.00098838   
  505     0.00044333   
  506     0.00217427   
  507     0.00269729   
  508     0.00097846   
  509     0.00010090   
  510     0.00050680   
  511     0.00092729   
  512     0.00206698   
  513     0.00056316   
  514     0.00396390   
  515     0.00607791   
  516     0.00281905   
  517     0.00356766   
  518     0.00968762   
  519     0.00457731   
  520     0.00273093   
  521     0.00206825   
  522     0.00556346   
  523     0.00317566   
  524     0.00336339   
  525     0.00334346   
  526     0.00713842   
  527     0.01352072   
  528     0.01423840   
  529     0.02678324   
  530     0.04786636   
  531     0.04551974   
  532     0.04592225   
  533     0.02107647   
  534     0.04177139   
  535     0.03049419   
  536     0.04021683   
  537     0.06470682   
  538     0.03598014   
  539     0.01127407   
  540     0.00624647   
  541     0.00698006   
  542     0.01021375   
  543     0.00547753   
  544     0.00174257   
  545     0.00147095   
  546     0.00495981   
  547     0.00285752   
  548     0.00108065   
  549     0.00189167   
  550     0.00382534   
  551     0.00050403   
  552     0.00070866   
  553     0.00064769   
  554     0.00033844   
  555     0.00058897   
  556     0.00047952   
  557     0.00185091   
  558     0.00068631   
  559     0.00070829   
  560     0.00038171   
  561     0.00112085   
  562     0.00151102   
  563     0.00036739   
  564     0.00040256   
  565     0.00187662   
  566     0.00410379   
  567     0.00064923   
  568     0.00079473   
  569     0.00486051   
  570     0.00179308   
  571     0.00121871   
  572     0.00207329   
  573     0.00362242   
  574     0.00161839   
  575     0.00301489   
  576     0.00334771   
  577     0.00097570   
  578     0.00184837   
  579     0.01612861   
  580     0.00112476   
  581     0.03003283   
  582     0.00044289   
  583     0.00081518   
  584     0.00327396   
  585     0.00404603   
  586     0.00176676   
  587     0.00141359   
  588     0.00817816   
  589     0.00225621   
  590     0.00226513   
  591     0.00113823   
  592     0.00464807   
  593     0.00263644   
  594     0.00165766   
  595     0.00179296   
  596     0.00090214   
  597     0.00098872   
  598     0.00271934   
  599     0.00182754   
  600     0.00067413   
  601     0.00109118   
  602     0.00144613   
  603     0.00041209   
  604     0.00091072   
  605     0.00050697   
