    1     0.00055664   
    2     0.00039991   
    3     0.00045256   
    4     0.00039331   
    5     0.00124626   
    6     0.00013059   
    7     0.00032651   
    8     0.00040244   
    9     0.00116298   
   10     0.00051882   
   11     0.00027678   
   12     0.00044873   
   13     0.00089495   
   14     0.00107418   
   15     0.00204824   
   16     0.00426804   
   17     0.00368169   
   18     0.00211681   
   19     0.00016733   
   20     0.00004466   
   21     0.00012539   
   22     0.00018817   
   23     0.00006318   
   24     0.00007494   
   25     0.00018559   
   26     0.00347049   
   27     0.01150653   
   28     0.00322701   
   29     0.00468460   
   30     0.00322165   
   31     0.00390102   
   32     0.00204000   
   33     0.00240785   
   34     0.00253665   
   35     0.00172529   
   36     0.00334378   
   37     0.00051310   
   38     0.00147243   
   39     0.00194284   
   40     0.00204630   
   41     0.00044834   
   42     0.00077591   
   43     0.00076439   
   44     0.00080116   
   45     0.00018731   
   46     0.00004954   
   47     0.00031919   
   48     0.00055238   
   49     0.00023188   
   50     0.00302160   
   51     0.00144633   
   52     0.00315007   
   53     0.00029692   
   54     0.00075043   
   55     0.00173692   
   56     0.00046654   
   57     0.00034936   
   58     0.00062702   
   59     0.00034405   
   60     0.00018751   
   61     0.00137117   
   62     0.00167454   
   63     0.00036797   
   64     0.00191018   
   65     0.00171163   
   66     0.00350235   
   67     0.00262480   
   68     0.00060578   
   69     0.00227056   
   70     0.00311095   
   71     0.00165041   
   72     0.00139940   
   73     0.00159246   
   74     0.00678615   
   75     0.00116687   
   76     0.00060110   
   77     0.00009742   
   78     0.00015639   
   79     0.00012465   
   80     0.00007413   
   81     0.00049608   
   82     0.00041295   
   83     0.00011590   
   84     0.00036850   
   85     0.00133564   
   86     0.00031127   
   87     0.00051729   
   88     0.00067460   
   89     0.00257595   
   90     0.00171603   
   91     0.00123739   
   92     0.00074349   
   93     0.00032359   
   94     0.00103217   
   95     0.00083230   
   96     0.00100615   
   97     0.00047901   
   98     0.00062124   
   99     0.00024691   
  100     0.00253792   
  101     0.00104182   
  102     0.00093613   
  103     0.00258700   
  104     0.00053687   
  105     0.00125074   
  106     0.00014447   
  107     0.00011632   
  108     0.00033949   
  109     0.00069679   
  110     0.00206104   
  111     0.00150719   
  112     0.00199732   
  113     0.00327980   
  114     0.00132010   
  115     0.00441173   
  116     0.00359825   
  117     0.00186485   
  118     0.00324037   
  119     0.00282461   
  120     0.00195114   
  121     0.00511916   
  122     0.00952841   
  123     0.00274850   
  124     0.00592604   
  125     0.02116250   
  126     0.00450089   
  127     0.02154152   
  128     0.00852063   
  129     0.02049828   
  130     0.01655329   
  131     0.00849976   
  132     0.01114011   
  133     0.00726384   
  134     0.01291523   
  135     0.00957281   
  136     0.00096661   
  137     0.00052846   
  138     0.00049784   
  139     0.00020224   
  140     0.00046002   
  141     0.00040503   
  142     0.00082751   
  143     0.00009218   
  144     0.00078065   
  145     0.00023793   
  146     0.00033105   
  147     0.00011805   
  148     0.00005102   
  149     0.00007232   
  150     0.00283319   
  151     0.00186385   
  152     0.00017036   
  153     0.00077318   
  154     0.00232674   
  155     0.00101985   
  156     0.00048851   
  157     0.00039228   
  158     0.00041349   
  159     0.00003121   
  160     0.00023973   
  161     0.00046567   
  162     0.00011304   
  163     0.00039569   
  164     0.00017792   
  165     0.00043922   
  166     0.00015086   
  167     0.00024620   
  168     0.00126624   
  169     0.00044235   
  170     0.00029275   
  171     0.00024699   
  172     0.00169222   
  173     0.00187717   
  174     0.00065129   
  175     0.00072046   
  176     0.00108752   
  177     0.00166282   
  178     0.00050766   
  179     0.00134308   
  180     0.00079288   
  181     0.00101685   
  182     0.00176670   
  183     0.00063220   
  184     0.00047413   
  185     0.00091453   
  186     0.00044046   
  187     0.00021153   
  188     0.00281828   
  189     0.00032757   
  190     0.00023027   
  191     0.00021119   
  192     0.00052229   
  193     0.00060894   
  194     0.00031468   
  195     0.00033770   
  196     0.00031847   
  197     0.00054917   
  198     0.00009571   
  199     0.00009163   
  200     0.00013728   
  201     0.00007737   
  202     0.00043848   
  203     0.00076423   
  204     0.00037868   
  205     0.00066364   
  206     0.00052496   
  207     0.00094563   
  208     0.00087388   
  209     0.00058795   
  210     0.00013840   
  211     0.00013656   
  212     0.00019690   
  213     0.00010735   
  214     0.00013036   
  215     0.00099906   
  216     0.00175815   
  217     0.00093938   
  218     0.00201228   
  219     0.00011243   
  220     0.00010797   
  221     0.00057987   
  222     0.00032215   
  223     0.00018570   
  224     0.00022791   
  225     0.00035314   
  226     0.00058364   
  227     0.00027058   
  228     0.00037620   
  229     0.00263685   
  230     0.00037456   
  231     0.00055984   
  232     0.00083407   
  233     0.00071542   
  234     0.00047362   
  235     0.00055332   
  236     0.00068095   
  237     0.00021572   
  238     0.00077383   
  239     0.00058870   
  240     0.00011568   
  241     0.00061098   
  242     0.00043721   
  243     0.00006996   
  244     0.00048985   
  245     0.00022968   
  246     0.00008886   
  247     0.00003163   
  248     0.00017178   
  249     0.00006380   
  250     0.00066797   
  251     0.00021257   
  252     0.00031565   
  253     0.00025672   
  254     0.00004624   
  255     0.00004097   
  256     0.00001943   
  257     0.00021516   
  258     0.00012818   
  259     0.00012915   
  260     0.00002473   
  261     0.00012662   
  262     0.00007240   
  263     0.00022416   
  264     0.00012177   
  265     0.00041834   
  266     0.00051375   
  267     0.00192645   
  268     0.00008869   
  269     0.00028103   
  270     0.00096403   
  271     0.00069203   
  272     0.00038650   
  273     0.00024281   
  274     0.00078250   
  275     0.00078903   
  276     0.00021411   
  277     0.00003743   
  278     0.00015482   
  279     0.00027752   
  280     0.00018247   
  281     0.00028714   
  282     0.00008247   
  283     0.00025747   
  284     0.00003238   
  285     0.00073940   
  286     0.00046532   
  287     0.00071448   
  288     0.00039951   
  289     0.00147496   
  290     0.00020252   
  291     0.00090534   
  292     0.00080308   
  293     0.00137026   
  294     0.00224299   
  295     0.00010533   
  296     0.00044015   
  297     0.00012325   
  298     0.00048196   
  299     0.00010189   
  300     0.00023668   
  301     0.00013560   
  302     0.00078579   
  303     0.00015531   
  304     0.00010977   
  305     0.00019187   
  306     0.00029293   
  307     0.00009027   
  308     0.00075356   
  309     0.00084475   
  310     0.00090531   
  311     0.00046673   
  312     0.00022060   
  313     0.00147829   
  314     0.00018642   
  315     0.00048013   
  316     0.00071710   
  317     0.00037308   
  318     0.00012783   
  319     0.00038649   
  320     0.00035674   
  321     0.00021941   
  322     0.00012924   
  323     0.00011084   
  324     0.00035676   
  325     0.00009480   
  326     0.00008390   
  327     0.00014821   
  328     0.00011357   
  329     0.00029078   
  330     0.00025936   
  331     0.00032879   
  332     0.00037222   
  333     0.00012463   
  334     0.00079303   
  335     0.00079619   
  336     0.00047927   
  337     0.00024609   
  338     0.00040646   
  339     0.00016640   
  340     0.00065937   
  341     0.00034901   
  342     0.00010100   
  343     0.00081662   
  344     0.00050077   
  345     0.00190873   
  346     0.00060124   
  347     0.00029228   
  348     0.00068812   
  349     0.00044433   
  350     0.00067266   
  351     0.00016876   
  352     0.00066955   
  353     0.00045238   
  354     0.00008143   
  355     0.00006954   
  356     0.00013468   
  357     0.00050534   
  358     0.00024697   
  359     0.00055689   
  360     0.00020380   
  361     0.00026942   
  362     0.00042044   
  363     0.00083753   
  364     0.00006123   
  365     0.00014624   
  366     0.00007247   
  367     0.00071947   
  368     0.00075737   
  369     0.00161007   
  370     0.00030976   
  371     0.00037796   
  372     0.00059029   
  373     0.00106389   
  374     0.00066630   
  375     0.00057784   
  376     0.00026946   
  377     0.00074866   
  378     0.00027493   
  379     0.00017162   
  380     0.00033456   
  381     0.00108327   
  382     0.00284650   
  383     0.00057101   
  384     0.00147515   
  385     0.00735981   
  386     0.00449696   
  387     0.00214090   
  388     0.00385076   
  389     0.05935791   
  390     0.00698900   
  391     0.00298234   
  392     0.00106667   
  393     0.00082340   
  394     0.00076486   
  395     0.00179024   
  396     0.00530543   
  397     0.00500904   
  398     0.00068522   
  399     0.00387477   
  400     0.00112437   
  401     0.00065879   
  402     0.00421114   
  403     0.00172494   
  404     0.00512449   
  405     0.00153748   
  406     0.00116985   
  407     0.00114103   
  408     0.00096972   
  409     0.00101915   
  410     0.00148865   
  411     0.00403015   
  412     0.00227950   
  413     0.00090243   
  414     0.00083351   
  415     0.00102251   
  416     0.00462668   
  417     0.00340661   
  418     0.06621689   
  419     0.01630464   
  420     0.01181017   
  421     0.00761057   
  422     0.00541193   
  423     0.00366663   
  424     0.00518912   
  425     0.00275161   
  426     0.00275812   
  427     0.00063103   
  428     0.00063479   
  429     0.00531515   
  430     0.00025445   
  431     0.00037256   
  432     0.00007801   
  433     0.00074640   
  434     0.00064677   
  435     0.00046933   
  436     0.00428535   
  437     0.00260506   
  438     0.00339597   
  439     0.00099147   
  440     0.00058029   
  441     0.00090340   
  442     0.00360698   
  443     0.00209503   
  444     0.00379568   
  445     0.00165391   
  446     0.00082085   
  447     0.00264486   
  448     0.00157433   
  449     0.00144167   
  450     0.00077046   
  451     0.00336008   
  452     0.00181012   
  453     0.00161081   
  454     0.00642226   
  455     0.00148849   
  456     0.00140482   
  457     0.00176113   
  458     0.00212461   
  459     0.00124039   
  460     0.00102854   
  461     0.00041540   
  462     0.00045767   
  463     0.00063044   
  464     0.00016019   
  465     0.00117483   
  466     0.00013825   
  467     0.00052275   
  468     0.00108625   
  469     0.00038620   
  470     0.00377290   
  471     0.00286546   
  472     0.00096381   
  473     0.00267650   
  474     0.00584030   
  475     0.00184291   
  476     0.00748911   
  477     0.00370416   
  478     0.00723818   
  479     0.00710323   
  480     0.00583663   
  481     0.01029126   
  482     0.01080149   
  483     0.00215602   
  484     0.00311785   
  485     0.00197994   
  486     0.00156372   
  487     0.00070189   
  488     0.00120192   
  489     0.00037013   
  490     0.00113793   
  491     0.00090531   
  492     0.00114445   
  493     0.00028318   
  494     0.00014938   
  495     0.00054885   
  496     0.00041491   
  497     0.00040910   
  498     0.00087993   
  499     0.00035217   
  500     0.00028972   
  501     0.00201500   
  502     0.00299887   
  503     0.00504512   
  504     0.00135364   
  505     0.00417426   
  506     0.00526328   
  507     0.00707957   
  508     0.00084413   
  509     0.00080831   
  510     0.00357543   
  511     0.00301047   
  512     0.01375846   
  513     0.00121073   
  514     0.00356447   
  515     0.00800396   
  516     0.00339996   
  517     0.00179007   
  518     0.00298100   
  519     0.00056055   
  520     0.00124277   
  521     0.00203125   
  522     0.00092151   
  523     0.00295184   
  524     0.00076744   
  525     0.00190279   
  526     0.00144137   
  527     0.00229409   
  528     0.00220837   
  529     0.00130699   
  530     0.00145253   
  531     0.00290785   
  532     0.00186192   
  533     0.00084654   
  534     0.00058222   
  535     0.00036977   
  536     0.00119231   
  537     0.00081878   
  538     0.00024345   
  539     0.00016583   
  540     0.00033969   
  541     0.00013851   
  542     0.00050400   
  543     0.00042240   
  544     0.00024561   
  545     0.00035614   
  546     0.00046078   
  547     0.00039726   
  548     0.00025204   
  549     0.00015402   
  550     0.00045381   
  551     0.00009015   
  552     0.00003550   
  553     0.00006241   
  554     0.00003956   
  555     0.00001877   
  556     0.00002028   
  557     0.00013277   
  558     0.00001720   
  559     0.00007056   
  560     0.00006242   
  561     0.00020925   
  562     0.00012799   
  563     0.00014424   
  564     0.00013119   
  565     0.00007550   
  566     0.00044135   
  567     0.00020915   
  568     0.00018155   
  569     0.00029291   
  570     0.00010452   
  571     0.00016454   
  572     0.00010599   
  573     0.00024538   
  574     0.00009604   
  575     0.00015077   
  576     0.00045133   
  577     0.00006319   
  578     0.00008988   
  579     0.00070477   
  580     0.00011490   
  581     0.00154593   
  582     0.00006136   
  583     0.00015908   
  584     0.00009149   
  585     0.00010789   
  586     0.00015371   
  587     0.00019306   
  588     0.00025385   
  589     0.00013920   
  590     0.00030763   
  591     0.00010072   
  592     0.00028524   
  593     0.00039058   
  594     0.00044992   
  595     0.00037217   
  596     0.00021745   
  597     0.00003211   
  598     0.00015057   
  599     0.00030471   
  600     0.00013992   
  601     0.00007665   
  602     0.00009263   
  603     0.00002016   
  604     0.00004154   
  605     0.00002100   
