    1     0.00113046   
    2     0.00168650   
    3     0.00136972   
    4     0.00150535   
    5     0.00080713   
    6     0.00028425   
    7     0.00039061   
    8     0.00047329   
    9     0.00081256   
   10     0.00021090   
   11     0.00026243   
   12     0.00050804   
   13     0.00074668   
   14     0.00130152   
   15     0.00075031   
   16     0.00021666   
   17     0.00025560   
   18     0.00175534   
   19     0.00260525   
   20     0.00055454   
   21     0.00086696   
   22     0.00234831   
   23     0.00134217   
   24     0.00276609   
   25     0.00020695   
   26     0.00052250   
   27     0.00016283   
   28     0.00016093   
   29     0.00060384   
   30     0.00019542   
   31     0.00014695   
   32     0.00021218   
   33     0.00059709   
   34     0.00050669   
   35     0.00059357   
   36     0.00118271   
   37     0.00074673   
   38     0.00062616   
   39     0.00047633   
   40     0.00059120   
   41     0.00022704   
   42     0.00087311   
   43     0.00063721   
   44     0.00033641   
   45     0.00042027   
   46     0.00071280   
   47     0.00023455   
   48     0.00072598   
   49     0.00021833   
   50     0.00062109   
   51     0.00118345   
   52     0.00062504   
   53     0.00008635   
   54     0.00012736   
   55     0.00011785   
   56     0.00010484   
   57     0.00021916   
   58     0.00004611   
   59     0.00015212   
   60     0.00003155   
   61     0.00016064   
   62     0.00009142   
   63     0.00007555   
   64     0.00024295   
   65     0.00015098   
   66     0.00038255   
   67     0.00012166   
   68     0.00020608   
   69     0.00022834   
   70     0.00044554   
   71     0.00037796   
   72     0.00010349   
   73     0.00010174   
   74     0.00010638   
   75     0.00011855   
   76     0.00004000   
   77     0.00004248   
   78     0.00004165   
   79     0.00002302   
   80     0.00004244   
   81     0.00020850   
   82     0.00009553   
   83     0.00002806   
   84     0.00001646   
   85     0.00005458   
   86     0.00002079   
   87     0.00001922   
   88     0.00002321   
   89     0.00005186   
   90     0.00012493   
   91     0.00014067   
   92     0.00009280   
   93     0.00014568   
   94     0.00006272   
   95     0.00005321   
   96     0.00020480   
   97     0.00011448   
   98     0.00000709   
   99     0.00007072   
  100     0.00006241   
  101     0.00003736   
  102     0.00011834   
  103     0.00015788   
  104     0.00094329   
  105     0.00022740   
  106     0.00038318   
  107     0.00073283   
  108     0.00137549   
  109     0.00038604   
  110     0.00130998   
  111     0.00013438   
  112     0.00008452   
  113     0.00031767   
  114     0.00031949   
  115     0.00020788   
  116     0.00039058   
  117     0.00008359   
  118     0.00074523   
  119     0.00058334   
  120     0.00030679   
  121     0.00006142   
  122     0.00040655   
  123     0.00042661   
  124     0.00019461   
  125     0.00046585   
  126     0.00013886   
  127     0.00125528   
  128     0.00021095   
  129     0.00057611   
  130     0.00017796   
  131     0.00019101   
  132     0.00029335   
  133     0.00026845   
  134     0.00032773   
  135     0.00105996   
  136     0.00039240   
  137     0.00028361   
  138     0.00018676   
  139     0.00016328   
  140     0.00011548   
  141     0.00027406   
  142     0.00063172   
  143     0.00009521   
  144     0.00014121   
  145     0.00007882   
  146     0.00012850   
  147     0.00003524   
  148     0.00003708   
  149     0.00003568   
  150     0.00017580   
  151     0.00013736   
  152     0.00010270   
  153     0.00012551   
  154     0.00065717   
  155     0.00016238   
  156     0.00004422   
  157     0.00007715   
  158     0.00016834   
  159     0.00001808   
  160     0.00003473   
  161     0.00006054   
  162     0.00003775   
  163     0.00009048   
  164     0.00015176   
  165     0.00011694   
  166     0.00033241   
  167     0.00018748   
  168     0.00017885   
  169     0.00019472   
  170     0.00013025   
  171     0.00011526   
  172     0.00019706   
  173     0.00009115   
  174     0.00040399   
  175     0.00014706   
  176     0.00008291   
  177     0.00020204   
  178     0.00012089   
  179     0.00013418   
  180     0.00005357   
  181     0.00020693   
  182     0.00002725   
  183     0.00007927   
  184     0.00014518   
  185     0.00004203   
  186     0.00007297   
  187     0.00010700   
  188     0.00045313   
  189     0.00017111   
  190     0.00014763   
  191     0.00026139   
  192     0.00022855   
  193     0.00032819   
  194     0.00020302   
  195     0.00018053   
  196     0.00023198   
  197     0.00024867   
  198     0.00059438   
  199     0.00045800   
  200     0.00035062   
  201     0.00027369   
  202     0.00029033   
  203     0.00024615   
  204     0.00023181   
  205     0.00013166   
  206     0.00005729   
  207     0.00006557   
  208     0.00016985   
  209     0.00007031   
  210     0.00004801   
  211     0.00002685   
  212     0.00001968   
  213     0.00002573   
  214     0.00001347   
  215     0.00001228   
  216     0.00001106   
  217     0.00002180   
  218     0.00005810   
  219     0.00004748   
  220     0.00005186   
  221     0.00012411   
  222     0.00027974   
  223     0.00053785   
  224     0.00053615   
  225     0.00007624   
  226     0.00032269   
  227     0.00093036   
  228     0.00059020   
  229     0.00056471   
  230     0.00069760   
  231     0.00045991   
  232     0.00066064   
  233     0.00078666   
  234     0.00049136   
  235     0.00080101   
  236     0.00135802   
  237     0.00026353   
  238     0.00061243   
  239     0.00180551   
  240     0.00113396   
  241     0.00061572   
  242     0.00064712   
  243     0.00041851   
  244     0.00059206   
  245     0.00046753   
  246     0.00021912   
  247     0.00009258   
  248     0.00052545   
  249     0.00018891   
  250     0.00076918   
  251     0.00028195   
  252     0.00033825   
  253     0.00028282   
  254     0.00005254   
  255     0.00007426   
  256     0.00003402   
  257     0.00027270   
  258     0.00055466   
  259     0.00021685   
  260     0.00013120   
  261     0.00052991   
  262     0.00026792   
  263     0.00017385   
  264     0.00031742   
  265     0.00019927   
  266     0.00046201   
  267     0.00024094   
  268     0.00020039   
  269     0.00048119   
  270     0.00033705   
  271     0.00040901   
  272     0.00058425   
  273     0.00029490   
  274     0.00061390   
  275     0.00066398   
  276     0.00013750   
  277     0.00014529   
  278     0.00038866   
  279     0.00041966   
  280     0.00015722   
  281     0.00041808   
  282     0.00018618   
  283     0.00041727   
  284     0.00016891   
  285     0.00020876   
  286     0.00080836   
  287     0.00074992   
  288     0.00120594   
  289     0.01084431   
  290     0.01274364   
  291     0.01220168   
  292     0.00497039   
  293     0.00215620   
  294     0.00443911   
  295     0.00105992   
  296     0.00125490   
  297     0.00094304   
  298     0.00151979   
  299     0.00060519   
  300     0.00179676   
  301     0.00025116   
  302     0.00087745   
  303     0.00077011   
  304     0.00041933   
  305     0.00086576   
  306     0.00038207   
  307     0.00064946   
  308     0.00150471   
  309     0.00026892   
  310     0.00038119   
  311     0.00008951   
  312     0.00012121   
  313     0.00014105   
  314     0.00002559   
  315     0.00023365   
  316     0.00044043   
  317     0.00015281   
  318     0.00009309   
  319     0.00020309   
  320     0.00008411   
  321     0.00007320   
  322     0.00003039   
  323     0.00006420   
  324     0.00025115   
  325     0.00001628   
  326     0.00003461   
  327     0.00004168   
  328     0.00005740   
  329     0.00010734   
  330     0.00008560   
  331     0.00023252   
  332     0.00023487   
  333     0.00003413   
  334     0.00012432   
  335     0.00011903   
  336     0.00014175   
  337     0.00015008   
  338     0.00009764   
  339     0.00009662   
  340     0.00008955   
  341     0.00014503   
  342     0.00011550   
  343     0.00009023   
  344     0.00012119   
  345     0.00070982   
  346     0.00026971   
  347     0.00025272   
  348     0.00034211   
  349     0.00007363   
  350     0.00007368   
  351     0.00015985   
  352     0.00032435   
  353     0.00035167   
  354     0.00004862   
  355     0.00007945   
  356     0.00021579   
  357     0.00025770   
  358     0.00014327   
  359     0.00016179   
  360     0.00001956   
  361     0.00001481   
  362     0.00003139   
  363     0.00003734   
  364     0.00000817   
  365     0.00002861   
  366     0.00005458   
  367     0.00025912   
  368     0.00064918   
  369     0.00044364   
  370     0.00009481   
  371     0.00026177   
  372     0.00061071   
  373     0.00218482   
  374     0.00032426   
  375     0.00043792   
  376     0.00014154   
  377     0.00321847   
  378     0.00108116   
  379     0.00059132   
  380     0.00135963   
  381     0.00071672   
  382     0.00047014   
  383     0.00765681   
  384     0.00084287   
  385     0.00113107   
  386     0.00115398   
  387     0.00584122   
  388     0.01871152   
  389     0.00276782   
  390     0.00435603   
  391     0.00245554   
  392     0.00316547   
  393     0.00304476   
  394     0.00249947   
  395     0.00406113   
  396     0.00232085   
  397     0.00422276   
  398     0.00170133   
  399     0.00285877   
  400     0.00328942   
  401     0.00181235   
  402     0.01283088   
  403     0.01511923   
  404     0.00772259   
  405     0.00326416   
  406     0.00440291   
  407     0.00304165   
  408     0.00135214   
  409     0.00234470   
  410     0.00349650   
  411     0.01468082   
  412     0.00389733   
  413     0.00562061   
  414     0.00305070   
  415     0.00202679   
  416     0.00562349   
  417     0.00420473   
  418     0.02775154   
  419     0.00188067   
  420     0.00936748   
  421     0.00792310   
  422     0.00352077   
  423     0.00237343   
  424     0.00236831   
  425     0.00323202   
  426     0.02208722   
  427     0.00331345   
  428     0.00657403   
  429     0.00515129   
  430     0.00045291   
  431     0.00056310   
  432     0.00033399   
  433     0.00321150   
  434     0.00076475   
  435     0.00057347   
  436     0.01457269   
  437     0.00787166   
  438     0.01905387   
  439     0.00274570   
  440     0.00558619   
  441     0.00474640   
  442     0.00075462   
  443     0.00259364   
  444     0.00200063   
  445     0.00112342   
  446     0.00107297   
  447     0.00100280   
  448     0.00489751   
  449     0.00288032   
  450     0.00127685   
  451     0.00250874   
  452     0.00354737   
  453     0.00448091   
  454     0.00156546   
  455     0.00710800   
  456     0.00241146   
  457     0.00799672   
  458     0.00658247   
  459     0.00480972   
  460     0.00166813   
  461     0.00089045   
  462     0.00096267   
  463     0.00051421   
  464     0.00013824   
  465     0.00033815   
  466     0.00019075   
  467     0.00051210   
  468     0.00011216   
  469     0.00011818   
  470     0.00110528   
  471     0.00400552   
  472     0.00146764   
  473     0.00230011   
  474     0.01829402   
  475     0.00827871   
  476     0.00568725   
  477     0.00551093   
  478     0.00143046   
  479     0.01059413   
  480     0.00490604   
  481     0.00177644   
  482     0.00103808   
  483     0.00116349   
  484     0.00185207   
  485     0.00169976   
  486     0.00360990   
  487     0.00417232   
  488     0.00634997   
  489     0.00207840   
  490     0.00187706   
  491     0.00083874   
  492     0.00045780   
  493     0.00051634   
  494     0.00044962   
  495     0.00047842   
  496     0.00151166   
  497     0.00105553   
  498     0.00168452   
  499     0.00905659   
  500     0.00097952   
  501     0.00411302   
  502     0.00058035   
  503     0.00062196   
  504     0.00035021   
  505     0.00073144   
  506     0.00172277   
  507     0.00107232   
  508     0.00047219   
  509     0.00028163   
  510     0.00042873   
  511     0.00055961   
  512     0.00100345   
  513     0.00057578   
  514     0.00092671   
  515     0.00099076   
  516     0.00230174   
  517     0.00170903   
  518     0.00126542   
  519     0.00170490   
  520     0.00092196   
  521     0.00120284   
  522     0.00255822   
  523     0.00301029   
  524     0.00210515   
  525     0.00090940   
  526     0.00251521   
  527     0.00950160   
  528     0.00491415   
  529     0.00250803   
  530     0.00297874   
  531     0.00776228   
  532     0.01084910   
  533     0.00381802   
  534     0.00358091   
  535     0.00683716   
  536     0.01015925   
  537     0.00765456   
  538     0.00330798   
  539     0.00329369   
  540     0.01147520   
  541     0.00939832   
  542     0.00238362   
  543     0.00397159   
  544     0.00779989   
  545     0.00805208   
  546     0.00425263   
  547     0.00346761   
  548     0.00494920   
  549     0.00346749   
  550     0.00984754   
  551     0.00282984   
  552     0.00092237   
  553     0.00378637   
  554     0.00383171   
  555     0.00150920   
  556     0.00295101   
  557     0.00759558   
  558     0.00155500   
  559     0.00094695   
  560     0.00039106   
  561     0.00967191   
  562     0.00225836   
  563     0.00127090   
  564     0.00064080   
  565     0.00429074   
  566     0.00475417   
  567     0.00176748   
  568     0.00131158   
  569     0.00371350   
  570     0.00203998   
  571     0.00051768   
  572     0.00087771   
  573     0.00188260   
  574     0.00051505   
  575     0.00114700   
  576     0.00096578   
  577     0.00041584   
  578     0.00020106   
  579     0.00028810   
  580     0.00029288   
  581     0.00088157   
  582     0.00060868   
  583     0.00132862   
  584     0.00145000   
  585     0.00146356   
  586     0.00290921   
  587     0.00273296   
  588     0.00091718   
  589     0.00559544   
  590     0.00541874   
  591     0.00248928   
  592     0.00455657   
  593     0.00576331   
  594     0.00921492   
  595     0.00915147   
  596     0.00380520   
  597     0.00630402   
  598     0.00889935   
  599     0.00102920   
  600     0.00097111   
  601     0.00163152   
  602     0.00108018   
  603     0.00039487   
  604     0.00030351   
  605     0.00043653   
