    1     0.00041389   
    2     0.00052493   
    3     0.00034824   
    4     0.00046171   
    5     0.00127399   
    6     0.00006773   
    7     0.00097856   
    8     0.00080732   
    9     0.00273757   
   10     0.00063421   
   11     0.00079598   
   12     0.00162583   
   13     0.00266275   
   14     0.00210098   
   15     0.00135715   
   16     0.00353408   
   17     0.00205638   
   18     0.00127242   
   19     0.00038141   
   20     0.00004575   
   21     0.00008525   
   22     0.00014017   
   23     0.00001675   
   24     0.00002195   
   25     0.00008497   
   26     0.00229133   
   27     0.01133964   
   28     0.00837328   
   29     0.00952231   
   30     0.00515328   
   31     0.01761795   
   32     0.01401889   
   33     0.01311328   
   34     0.00208412   
   35     0.00174224   
   36     0.00469321   
   37     0.00271758   
   38     0.00410128   
   39     0.00547474   
   40     0.00381187   
   41     0.00100540   
   42     0.01288733   
   43     0.00319782   
   44     0.00289393   
   45     0.00210416   
   46     0.00834076   
   47     0.01533247   
   48     0.00733640   
   49     0.01023923   
   50     0.00261754   
   51     0.00096916   
   52     0.02281400   
   53     0.00064489   
   54     0.00228930   
   55     0.00497234   
   56     0.00196613   
   57     0.00191218   
   58     0.00095930   
   59     0.00058160   
   60     0.00036246   
   61     0.00113994   
   62     0.00053707   
   63     0.00422447   
   64     0.00302543   
   65     0.00358393   
   66     0.00828926   
   67     0.00603887   
   68     0.00203853   
   69     0.00166732   
   70     0.00264967   
   71     0.00309904   
   72     0.00529389   
   73     0.00257656   
   74     0.00157864   
   75     0.00141922   
   76     0.00117109   
   77     0.00375971   
   78     0.00146100   
   79     0.00124426   
   80     0.00240861   
   81     0.00770113   
   82     0.00129081   
   83     0.00335384   
   84     0.00237045   
   85     0.00198016   
   86     0.00589395   
   87     0.00230865   
   88     0.00076515   
   89     0.00288001   
   90     0.00555266   
   91     0.00721649   
   92     0.00194775   
   93     0.00174593   
   94     0.00560748   
   95     0.00160976   
   96     0.00679978   
   97     0.00325869   
   98     0.00327063   
   99     0.00293539   
  100     0.00146140   
  101     0.00280265   
  102     0.00255807   
  103     0.00142387   
  104     0.00214878   
  105     0.00583072   
  106     0.00780593   
  107     0.00161047   
  108     0.00076988   
  109     0.00054991   
  110     0.00073621   
  111     0.00119061   
  112     0.00237786   
  113     0.00077471   
  114     0.00182872   
  115     0.00302159   
  116     0.00179868   
  117     0.00060361   
  118     0.00437231   
  119     0.00472410   
  120     0.00161854   
  121     0.00044026   
  122     0.00083378   
  123     0.00117502   
  124     0.00232358   
  125     0.00919226   
  126     0.00248409   
  127     0.01625703   
  128     0.00192299   
  129     0.01537654   
  130     0.01681847   
  131     0.01536385   
  132     0.00551687   
  133     0.01927831   
  134     0.01123721   
  135     0.01290065   
  136     0.00038504   
  137     0.00003850   
  138     0.00032700   
  139     0.00025710   
  140     0.00066552   
  141     0.00083662   
  142     0.00269580   
  143     0.00068056   
  144     0.00261397   
  145     0.00323855   
  146     0.00174954   
  147     0.00173221   
  148     0.00037889   
  149     0.00071927   
  150     0.00095572   
  151     0.00137644   
  152     0.00022471   
  153     0.00035800   
  154     0.00230852   
  155     0.00018899   
  156     0.00021416   
  157     0.00035855   
  158     0.00065268   
  159     0.00006722   
  160     0.00041849   
  161     0.00041268   
  162     0.00007185   
  163     0.00025026   
  164     0.00006794   
  165     0.00009596   
  166     0.00003086   
  167     0.00042822   
  168     0.00055457   
  169     0.00058917   
  170     0.00060519   
  171     0.00051171   
  172     0.00108887   
  173     0.00075997   
  174     0.00071874   
  175     0.00016820   
  176     0.00285353   
  177     0.00063057   
  178     0.00023889   
  179     0.00047829   
  180     0.00054695   
  181     0.00389980   
  182     0.00033136   
  183     0.00181668   
  184     0.00364299   
  185     0.00029575   
  186     0.00140820   
  187     0.00072503   
  188     0.00103271   
  189     0.00091625   
  190     0.00044519   
  191     0.00017398   
  192     0.00035029   
  193     0.00047773   
  194     0.00023462   
  195     0.00237992   
  196     0.00094066   
  197     0.00059706   
  198     0.00296007   
  199     0.00030251   
  200     0.00040975   
  201     0.00017414   
  202     0.00027262   
  203     0.00020608   
  204     0.00049603   
  205     0.00121822   
  206     0.00072659   
  207     0.00277684   
  208     0.00069333   
  209     0.00066478   
  210     0.00068916   
  211     0.00028394   
  212     0.00036898   
  213     0.00040330   
  214     0.00010511   
  215     0.00034093   
  216     0.00034422   
  217     0.00029270   
  218     0.00086533   
  219     0.00010613   
  220     0.00066358   
  221     0.00061407   
  222     0.00140109   
  223     0.00030585   
  224     0.00028606   
  225     0.00088369   
  226     0.00062068   
  227     0.00194928   
  228     0.00294090   
  229     0.00404110   
  230     0.00319348   
  231     0.00498447   
  232     0.00216365   
  233     0.01442364   
  234     0.00392552   
  235     0.00432657   
  236     0.00970884   
  237     0.00668391   
  238     0.00188844   
  239     0.00303598   
  240     0.00666392   
  241     0.00228376   
  242     0.00047751   
  243     0.00215046   
  244     0.00356797   
  245     0.00068938   
  246     0.00022510   
  247     0.00016628   
  248     0.00095332   
  249     0.00017487   
  250     0.00120152   
  251     0.00117299   
  252     0.00051055   
  253     0.00167634   
  254     0.00076100   
  255     0.00140376   
  256     0.00139652   
  257     0.00084951   
  258     0.00176365   
  259     0.00333329   
  260     0.00300830   
  261     0.00115220   
  262     0.00152090   
  263     0.00527773   
  264     0.00147545   
  265     0.00226380   
  266     0.00229356   
  267     0.00242413   
  268     0.00186335   
  269     0.00303564   
  270     0.02620419   
  271     0.00139520   
  272     0.00276426   
  273     0.00472709   
  274     0.00064153   
  275     0.00037930   
  276     0.00023227   
  277     0.00085568   
  278     0.00183402   
  279     0.00246849   
  280     0.00270533   
  281     0.00529079   
  282     0.00036272   
  283     0.00231843   
  284     0.00038381   
  285     0.00062824   
  286     0.00255235   
  287     0.00262435   
  288     0.00104475   
  289     0.00071077   
  290     0.00025126   
  291     0.00008816   
  292     0.00005277   
  293     0.00018425   
  294     0.00220935   
  295     0.00053447   
  296     0.00303239   
  297     0.00147468   
  298     0.00800504   
  299     0.00517374   
  300     0.00737261   
  301     0.00257595   
  302     0.00848085   
  303     0.00788747   
  304     0.00287508   
  305     0.02718045   
  306     0.00777410   
  307     0.00382763   
  308     0.00241398   
  309     0.00996120   
  310     0.00336214   
  311     0.00184098   
  312     0.00248691   
  313     0.00494669   
  314     0.00055745   
  315     0.00076676   
  316     0.00284776   
  317     0.00175176   
  318     0.00031181   
  319     0.00074302   
  320     0.00063430   
  321     0.00068018   
  322     0.00067604   
  323     0.00153145   
  324     0.00144891   
  325     0.00029037   
  326     0.00038180   
  327     0.00021938   
  328     0.00037512   
  329     0.00096799   
  330     0.00076794   
  331     0.00092506   
  332     0.00085292   
  333     0.00010929   
  334     0.00084187   
  335     0.00021280   
  336     0.00058314   
  337     0.00065566   
  338     0.00021122   
  339     0.00025494   
  340     0.00072223   
  341     0.00111238   
  342     0.00071374   
  343     0.00451942   
  344     0.00041023   
  345     0.00060241   
  346     0.00130992   
  347     0.00096665   
  348     0.00101170   
  349     0.00054160   
  350     0.00081096   
  351     0.00113942   
  352     0.00291229   
  353     0.00129719   
  354     0.00058597   
  355     0.00073745   
  356     0.00095103   
  357     0.00111016   
  358     0.00054184   
  359     0.00017229   
  360     0.00022820   
  361     0.00037985   
  362     0.00030350   
  363     0.00029139   
  364     0.00014557   
  365     0.00046832   
  366     0.00018996   
  367     0.00076925   
  368     0.00388868   
  369     0.00179028   
  370     0.00037103   
  371     0.00049836   
  372     0.00072524   
  373     0.00054248   
  374     0.00048007   
  375     0.00077895   
  376     0.00013930   
  377     0.00021946   
  378     0.00085458   
  379     0.00016570   
  380     0.00036483   
  381     0.00042577   
  382     0.00007166   
  383     0.00362347   
  384     0.00034525   
  385     0.00123445   
  386     0.00039263   
  387     0.00250406   
  388     0.00053848   
  389     0.00053628   
  390     0.00048133   
  391     0.00022033   
  392     0.00024653   
  393     0.00007194   
  394     0.00012853   
  395     0.00006822   
  396     0.00005127   
  397     0.00011206   
  398     0.00007788   
  399     0.00006274   
  400     0.00004662   
  401     0.00007605   
  402     0.00024209   
  403     0.00037196   
  404     0.00032021   
  405     0.00022685   
  406     0.00028696   
  407     0.00020483   
  408     0.00008386   
  409     0.00005212   
  410     0.00015245   
  411     0.00010696   
  412     0.00029027   
  413     0.00019714   
  414     0.00007555   
  415     0.00007279   
  416     0.00076744   
  417     0.00047668   
  418     0.00097530   
  419     0.00021176   
  420     0.00061753   
  421     0.00014962   
  422     0.00010963   
  423     0.00004135   
  424     0.00008039   
  425     0.00012357   
  426     0.00030228   
  427     0.00015821   
  428     0.00052602   
  429     0.00020722   
  430     0.00008105   
  431     0.00004828   
  432     0.00007589   
  433     0.00033433   
  434     0.00013662   
  435     0.00016514   
  436     0.00071058   
  437     0.00026697   
  438     0.00058100   
  439     0.00009591   
  440     0.00003978   
  441     0.00007421   
  442     0.00004071   
  443     0.00018423   
  444     0.00014774   
  445     0.00007920   
  446     0.00008593   
  447     0.00002719   
  448     0.00020121   
  449     0.00010545   
  450     0.00000503   
  451     0.00004170   
  452     0.00006773   
  453     0.00007930   
  454     0.00004005   
  455     0.00032315   
  456     0.00010122   
  457     0.00019903   
  458     0.00019544   
  459     0.00059133   
  460     0.00020070   
  461     0.00009885   
  462     0.00027097   
  463     0.00026926   
  464     0.00007580   
  465     0.00013311   
  466     0.00014086   
  467     0.00006689   
  468     0.00006525   
  469     0.00009217   
  470     0.00034458   
  471     0.00020275   
  472     0.00025140   
  473     0.00014042   
  474     0.00017730   
  475     0.00006584   
  476     0.00018628   
  477     0.00021228   
  478     0.00017515   
  479     0.00043937   
  480     0.00037919   
  481     0.00161531   
  482     0.00021526   
  483     0.00054766   
  484     0.00018805   
  485     0.00029672   
  486     0.00026304   
  487     0.00021961   
  488     0.00027319   
  489     0.00009075   
  490     0.00009111   
  491     0.00012928   
  492     0.00003082   
  493     0.00016904   
  494     0.00003536   
  495     0.00003536   
  496     0.00003003   
  497     0.00004448   
  498     0.00005032   
  499     0.00040381   
  500     0.00018513   
  501     0.00020570   
  502     0.00006882   
  503     0.00005220   
  504     0.00009103   
  505     0.00004662   
  506     0.00008145   
  507     0.00012686   
  508     0.00011846   
  509     0.00005251   
  510     0.00002491   
  511     0.00005146   
  512     0.00016891   
  513     0.00006952   
  514     0.00006190   
  515     0.00011944   
  516     0.00005213   
  517     0.00004792   
  518     0.00005672   
  519     0.00004742   
  520     0.00002629   
  521     0.00003737   
  522     0.00006281   
  523     0.00004201   
  524     0.00004808   
  525     0.00007406   
  526     0.00005617   
  527     0.00003134   
  528     0.00007629   
  529     0.00004517   
  530     0.00016311   
  531     0.00009481   
  532     0.00011802   
  533     0.00019022   
  534     0.00008395   
  535     0.00008889   
  536     0.00031058   
  537     0.00007344   
  538     0.00012457   
  539     0.00029545   
  540     0.00008579   
  541     0.00009311   
  542     0.00011118   
  543     0.00007413   
  544     0.00008466   
  545     0.00006118   
  546     0.00006184   
  547     0.00003276   
  548     0.00006740   
  549     0.00007947   
  550     0.00012422   
  551     0.00003140   
  552     0.00002444   
  553     0.00006639   
  554     0.00004719   
  555     0.00005416   
  556     0.00004621   
  557     0.00010174   
  558     0.00004821   
  559     0.00005227   
  560     0.00001959   
  561     0.00000958   
  562     0.00012671   
  563     0.00008678   
  564     0.00001860   
  565     0.00003884   
  566     0.00009584   
  567     0.00006216   
  568     0.00015252   
  569     0.00003070   
  570     0.00001703   
  571     0.00011799   
  572     0.00009522   
  573     0.00006959   
  574     0.00013095   
  575     0.00009594   
  576     0.00030555   
  577     0.00016581   
  578     0.00002896   
  579     0.00011719   
  580     0.00006780   
  581     0.00025024   
  582     0.00013455   
  583     0.00008149   
  584     0.00012600   
  585     0.00020439   
  586     0.00004884   
  587     0.00014825   
  588     0.00021928   
  589     0.00006982   
  590     0.00015231   
  591     0.00008495   
  592     0.00005242   
  593     0.00009905   
  594     0.00014677   
  595     0.00007730   
  596     0.00007563   
  597     0.00001151   
  598     0.00004890   
  599     0.00009250   
  600     0.00005013   
  601     0.00009461   
  602     0.00004898   
  603     0.00002145   
  604     0.00002265   
  605     0.00002106   
