    1     0.00103499   
    2     0.00181545   
    3     0.00148256   
    4     0.00177786   
    5     0.00087206   
    6     0.00040127   
    7     0.00055615   
    8     0.00106355   
    9     0.00137176   
   10     0.00092549   
   11     0.00028017   
   12     0.00021627   
   13     0.00028250   
   14     0.00060767   
   15     0.00104267   
   16     0.00220123   
   17     0.00249363   
   18     0.00225417   
   19     0.00263844   
   20     0.00065365   
   21     0.00228024   
   22     0.00280360   
   23     0.00141129   
   24     0.00274154   
   25     0.00043521   
   26     0.00309612   
   27     0.00317453   
   28     0.00706547   
   29     0.00509387   
   30     0.00513299   
   31     0.00760647   
   32     0.00589355   
   33     0.00447990   
   34     0.00244721   
   35     0.00054802   
   36     0.00287570   
   37     0.00101358   
   38     0.00040532   
   39     0.00100842   
   40     0.00062446   
   41     0.00053573   
   42     0.00176007   
   43     0.00107497   
   44     0.00096092   
   45     0.00138654   
   46     0.00234114   
   47     0.00160658   
   48     0.00197603   
   49     0.00142224   
   50     0.00136964   
   51     0.00151219   
   52     0.00663191   
   53     0.00029753   
   54     0.00115108   
   55     0.00265633   
   56     0.00068297   
   57     0.00079728   
   58     0.00034168   
   59     0.00014661   
   60     0.00013734   
   61     0.00046542   
   62     0.00012239   
   63     0.00026338   
   64     0.00092162   
   65     0.00082959   
   66     0.00073859   
   67     0.00038019   
   68     0.00006799   
   69     0.00011055   
   70     0.00062828   
   71     0.00058736   
   72     0.00046873   
   73     0.00051475   
   74     0.00309266   
   75     0.00187435   
   76     0.00035096   
   77     0.00099845   
   78     0.00131345   
   79     0.00012999   
   80     0.00018279   
   81     0.00087939   
   82     0.00171933   
   83     0.00026021   
   84     0.00006702   
   85     0.00038313   
   86     0.00098387   
   87     0.00025569   
   88     0.00022219   
   89     0.00011111   
   90     0.00040093   
   91     0.00110557   
   92     0.00121872   
   93     0.00136035   
   94     0.00223716   
   95     0.00108465   
   96     0.00165123   
   97     0.00060632   
   98     0.00319462   
   99     0.00310904   
  100     0.00170382   
  101     0.00286427   
  102     0.00202852   
  103     0.00262319   
  104     0.00371467   
  105     0.00116484   
  106     0.00056381   
  107     0.00198404   
  108     0.00148684   
  109     0.00061239   
  110     0.00188861   
  111     0.00083990   
  112     0.00118230   
  113     0.00072154   
  114     0.00041967   
  115     0.00085952   
  116     0.00096126   
  117     0.00081617   
  118     0.00159095   
  119     0.00104715   
  120     0.00089089   
  121     0.00083030   
  122     0.00347949   
  123     0.00137486   
  124     0.00186749   
  125     0.00350380   
  126     0.00166701   
  127     0.00349366   
  128     0.00031567   
  129     0.00144802   
  130     0.00305101   
  131     0.00261869   
  132     0.00114538   
  133     0.00065434   
  134     0.00092071   
  135     0.00519433   
  136     0.00056871   
  137     0.00056478   
  138     0.00106978   
  139     0.00037761   
  140     0.00055017   
  141     0.00120850   
  142     0.00372067   
  143     0.00085123   
  144     0.00542517   
  145     0.00187341   
  146     0.00186575   
  147     0.00559116   
  148     0.00346456   
  149     0.00359624   
  150     0.00374978   
  151     0.00504387   
  152     0.00195672   
  153     0.00128031   
  154     0.00344663   
  155     0.00169077   
  156     0.00026957   
  157     0.00056941   
  158     0.00097624   
  159     0.00015424   
  160     0.00025088   
  161     0.00047145   
  162     0.00037962   
  163     0.00123919   
  164     0.00030549   
  165     0.00041131   
  166     0.00194582   
  167     0.00096611   
  168     0.00156241   
  169     0.00111663   
  170     0.00096589   
  171     0.00155449   
  172     0.00231767   
  173     0.00073584   
  174     0.00103648   
  175     0.00025666   
  176     0.00066938   
  177     0.00088400   
  178     0.00045683   
  179     0.00065691   
  180     0.00162086   
  181     0.00133305   
  182     0.00065857   
  183     0.00310686   
  184     0.00050795   
  185     0.00079658   
  186     0.00029388   
  187     0.00061170   
  188     0.00154514   
  189     0.00101190   
  190     0.00082238   
  191     0.00087559   
  192     0.00046435   
  193     0.00144879   
  194     0.00019815   
  195     0.00037771   
  196     0.00013710   
  197     0.00008376   
  198     0.00016987   
  199     0.00030484   
  200     0.00012036   
  201     0.00020461   
  202     0.00079778   
  203     0.00212794   
  204     0.00372144   
  205     0.00108244   
  206     0.00129657   
  207     0.00197351   
  208     0.00085984   
  209     0.00061722   
  210     0.00063379   
  211     0.00059385   
  212     0.00028187   
  213     0.00207086   
  214     0.00064536   
  215     0.00111321   
  216     0.00060130   
  217     0.00043667   
  218     0.00054233   
  219     0.00076059   
  220     0.00065142   
  221     0.00027868   
  222     0.00143278   
  223     0.00022825   
  224     0.00020123   
  225     0.00011144   
  226     0.00014479   
  227     0.00011232   
  228     0.00015070   
  229     0.00037066   
  230     0.00017234   
  231     0.00009882   
  232     0.00018720   
  233     0.00013839   
  234     0.00003507   
  235     0.00014573   
  236     0.00009557   
  237     0.00004210   
  238     0.00003883   
  239     0.00005273   
  240     0.00019303   
  241     0.00008608   
  242     0.00003958   
  243     0.00006342   
  244     0.00036458   
  245     0.00002762   
  246     0.00005039   
  247     0.00006886   
  248     0.00030671   
  249     0.00006424   
  250     0.00005965   
  251     0.00003769   
  252     0.00007082   
  253     0.00003632   
  254     0.00001124   
  255     0.00001701   
  256     0.00001956   
  257     0.00002023   
  258     0.00005276   
  259     0.00006109   
  260     0.00002968   
  261     0.00002952   
  262     0.00008590   
  263     0.00006633   
  264     0.00006482   
  265     0.00007606   
  266     0.00011416   
  267     0.00033060   
  268     0.00013579   
  269     0.00006697   
  270     0.00006788   
  271     0.00021739   
  272     0.00011766   
  273     0.00010928   
  274     0.00008450   
  275     0.00017564   
  276     0.00006948   
  277     0.00003272   
  278     0.00011716   
  279     0.00002927   
  280     0.00004787   
  281     0.00018464   
  282     0.00009290   
  283     0.00027243   
  284     0.00007992   
  285     0.00008231   
  286     0.00014112   
  287     0.00010771   
  288     0.00006921   
  289     0.00007170   
  290     0.00006854   
  291     0.00004367   
  292     0.00006373   
  293     0.00003212   
  294     0.00012734   
  295     0.00004186   
  296     0.00039756   
  297     0.00015047   
  298     0.00037927   
  299     0.00017862   
  300     0.00021184   
  301     0.00006243   
  302     0.00007459   
  303     0.00011616   
  304     0.00005101   
  305     0.00014063   
  306     0.00020485   
  307     0.00007666   
  308     0.00021410   
  309     0.00029056   
  310     0.00025044   
  311     0.00008945   
  312     0.00017673   
  313     0.00040558   
  314     0.00004723   
  315     0.00043456   
  316     0.00154835   
  317     0.00311899   
  318     0.00085921   
  319     0.00101229   
  320     0.00069673   
  321     0.00022916   
  322     0.00231995   
  323     0.00080954   
  324     0.00286801   
  325     0.00177653   
  326     0.00057484   
  327     0.00170862   
  328     0.00098599   
  329     0.00255386   
  330     0.00123305   
  331     0.00164806   
  332     0.00122908   
  333     0.00083764   
  334     0.00781658   
  335     0.00101723   
  336     0.00286484   
  337     0.00183010   
  338     0.00105232   
  339     0.00067399   
  340     0.00069020   
  341     0.00026992   
  342     0.00014823   
  343     0.00028670   
  344     0.00013259   
  345     0.00019505   
  346     0.00025697   
  347     0.00013260   
  348     0.00008803   
  349     0.00034152   
  350     0.00039825   
  351     0.00039512   
  352     0.00072674   
  353     0.00182303   
  354     0.00036022   
  355     0.00052441   
  356     0.00210409   
  357     0.00082663   
  358     0.00053672   
  359     0.00060035   
  360     0.00081668   
  361     0.00065554   
  362     0.00171369   
  363     0.00089064   
  364     0.00036921   
  365     0.00082074   
  366     0.00021607   
  367     0.00027786   
  368     0.00098933   
  369     0.00195691   
  370     0.00073886   
  371     0.00096268   
  372     0.00112918   
  373     0.00225128   
  374     0.00101324   
  375     0.00158294   
  376     0.00062163   
  377     0.00553402   
  378     0.00141205   
  379     0.00061652   
  380     0.00157878   
  381     0.01093214   
  382     0.00982600   
  383     0.01157517   
  384     0.00756830   
  385     0.02273357   
  386     0.00378926   
  387     0.00069090   
  388     0.00160598   
  389     0.00165029   
  390     0.00745819   
  391     0.00421135   
  392     0.00635641   
  393     0.00357734   
  394     0.00991368   
  395     0.01600681   
  396     0.01510192   
  397     0.02491461   
  398     0.00281539   
  399     0.00135659   
  400     0.00057550   
  401     0.00061069   
  402     0.00322269   
  403     0.00236541   
  404     0.00210690   
  405     0.00212489   
  406     0.00163540   
  407     0.00303012   
  408     0.00217991   
  409     0.00098871   
  410     0.00291705   
  411     0.00266956   
  412     0.00170584   
  413     0.00168019   
  414     0.00447722   
  415     0.01025416   
  416     0.01167877   
  417     0.01346320   
  418     0.01580526   
  419     0.00136270   
  420     0.01350617   
  421     0.00107688   
  422     0.00096651   
  423     0.00114585   
  424     0.00183885   
  425     0.00242131   
  426     0.00416633   
  427     0.00322494   
  428     0.00752678   
  429     0.00778091   
  430     0.00072569   
  431     0.00043064   
  432     0.00032599   
  433     0.00397984   
  434     0.00069400   
  435     0.00258612   
  436     0.01882074   
  437     0.00459106   
  438     0.00630070   
  439     0.00230522   
  440     0.00069935   
  441     0.00053271   
  442     0.00227803   
  443     0.00342019   
  444     0.00891776   
  445     0.00099114   
  446     0.00241078   
  447     0.00030634   
  448     0.00125357   
  449     0.00138431   
  450     0.00027813   
  451     0.00020100   
  452     0.00071313   
  453     0.00229355   
  454     0.00207829   
  455     0.00325813   
  456     0.00139063   
  457     0.00212914   
  458     0.00532533   
  459     0.00567704   
  460     0.00181002   
  461     0.00081246   
  462     0.00826538   
  463     0.00072237   
  464     0.00022201   
  465     0.00039035   
  466     0.00015203   
  467     0.00074444   
  468     0.00219668   
  469     0.00076380   
  470     0.00160640   
  471     0.00290282   
  472     0.00578195   
  473     0.00419043   
  474     0.00615223   
  475     0.00136939   
  476     0.00273752   
  477     0.00146851   
  478     0.00320357   
  479     0.00333561   
  480     0.00272649   
  481     0.00849813   
  482     0.00459178   
  483     0.00344201   
  484     0.00209251   
  485     0.00073498   
  486     0.00180788   
  487     0.00094999   
  488     0.00469095   
  489     0.00302274   
  490     0.00502490   
  491     0.00102785   
  492     0.00056650   
  493     0.00044946   
  494     0.00022001   
  495     0.00101140   
  496     0.00023734   
  497     0.00106135   
  498     0.00172746   
  499     0.00228162   
  500     0.00140502   
  501     0.00319413   
  502     0.00218398   
  503     0.00504539   
  504     0.00247295   
  505     0.00128589   
  506     0.00602003   
  507     0.00191203   
  508     0.00073578   
  509     0.00027338   
  510     0.00019581   
  511     0.00008051   
  512     0.00414500   
  513     0.00050026   
  514     0.00011915   
  515     0.00091941   
  516     0.00171655   
  517     0.00048505   
  518     0.00052371   
  519     0.00061104   
  520     0.00016835   
  521     0.00030535   
  522     0.00085629   
  523     0.00038038   
  524     0.00041363   
  525     0.00029887   
  526     0.00065758   
  527     0.00026027   
  528     0.00032964   
  529     0.00048450   
  530     0.00153473   
  531     0.00115795   
  532     0.00078048   
  533     0.00047382   
  534     0.00180092   
  535     0.00303253   
  536     0.00120934   
  537     0.00278846   
  538     0.00390290   
  539     0.00150748   
  540     0.00458550   
  541     0.00267567   
  542     0.00043851   
  543     0.00424178   
  544     0.00342246   
  545     0.00140606   
  546     0.00187053   
  547     0.00146295   
  548     0.00157597   
  549     0.00324835   
  550     0.00157280   
  551     0.00052215   
  552     0.00018411   
  553     0.00099455   
  554     0.00059736   
  555     0.00030475   
  556     0.00054666   
  557     0.00065991   
  558     0.00018818   
  559     0.00040107   
  560     0.00024122   
  561     0.00061784   
  562     0.00028532   
  563     0.00052464   
  564     0.00034318   
  565     0.00024505   
  566     0.00086517   
  567     0.00071462   
  568     0.00034311   
  569     0.00110426   
  570     0.00058050   
  571     0.00072534   
  572     0.00106706   
  573     0.00135697   
  574     0.00065724   
  575     0.00022813   
  576     0.00279582   
  577     0.00057646   
  578     0.00029443   
  579     0.00014662   
  580     0.00003432   
  581     0.00024731   
  582     0.00004407   
  583     0.00026078   
  584     0.00024149   
  585     0.00054324   
  586     0.00023586   
  587     0.00012959   
  588     0.00106759   
  589     0.00062201   
  590     0.00055631   
  591     0.00014173   
  592     0.00030926   
  593     0.00082182   
  594     0.00061380   
  595     0.00074098   
  596     0.00059389   
  597     0.00065086   
  598     0.00116714   
  599     0.00142788   
  600     0.00134128   
  601     0.00121446   
  602     0.00234251   
  603     0.00090050   
  604     0.00060706   
  605     0.00094739   
