    1     0.00007651   
    2     0.00015978   
    3     0.00009023   
    4     0.00014744   
    5     0.00013577   
    6     0.00012994   
    7     0.00049261   
    8     0.00141907   
    9     0.00616247   
   10     0.00244744   
   11     0.00446908   
   12     0.00093718   
   13     0.00105519   
   14     0.00148356   
   15     0.00164052   
   16     0.00118188   
   17     0.00066269   
   18     0.00061680   
   19     0.00029319   
   20     0.00021455   
   21     0.00027922   
   22     0.00017558   
   23     0.00028170   
   24     0.00023695   
   25     0.00070978   
   26     0.00138932   
   27     0.00098748   
   28     0.00277592   
   29     0.00687409   
   30     0.00225031   
   31     0.00221264   
   32     0.00367102   
   33     0.00306430   
   34     0.00254011   
   35     0.00121669   
   36     0.00377531   
   37     0.00181734   
   38     0.00150273   
   39     0.00142840   
   40     0.00272468   
   41     0.00213597   
   42     0.01096233   
   43     0.01048997   
   44     0.00328560   
   45     0.01005549   
   46     0.00900953   
   47     0.00579523   
   48     0.00051287   
   49     0.00521800   
   50     0.00424597   
   51     0.00604137   
   52     0.00467046   
   53     0.00135635   
   54     0.00277452   
   55     0.00306676   
   56     0.00143654   
   57     0.00274446   
   58     0.00075975   
   59     0.00160826   
   60     0.00036833   
   61     0.00220390   
   62     0.00485663   
   63     0.00099232   
   64     0.00291910   
   65     0.00519520   
   66     0.00835627   
   67     0.01088344   
   68     0.00160301   
   69     0.00442520   
   70     0.00978082   
   71     0.00867721   
   72     0.00936288   
   73     0.00484861   
   74     0.00768856   
   75     0.00755987   
   76     0.00262234   
   77     0.00839285   
   78     0.00728861   
   79     0.00068139   
   80     0.00176116   
   81     0.00926305   
   82     0.00264807   
   83     0.00617609   
   84     0.00736208   
   85     0.00520968   
   86     0.01919797   
   87     0.00966823   
   88     0.00536988   
   89     0.01447625   
   90     0.00655027   
   91     0.00753989   
   92     0.00241221   
   93     0.00424088   
   94     0.00808591   
   95     0.01821107   
   96     0.01401207   
   97     0.03025179   
   98     0.00679104   
   99     0.02421943   
  100     0.01480877   
  101     0.00696620   
  102     0.00554741   
  103     0.00549975   
  104     0.00811450   
  105     0.00088688   
  106     0.00119621   
  107     0.00442747   
  108     0.00735698   
  109     0.00290054   
  110     0.00707346   
  111     0.00563947   
  112     0.00708438   
  113     0.00145517   
  114     0.00285227   
  115     0.00647953   
  116     0.00374942   
  117     0.00369074   
  118     0.00814757   
  119     0.00426480   
  120     0.00260258   
  121     0.00244524   
  122     0.00950011   
  123     0.00334736   
  124     0.00340872   
  125     0.00257842   
  126     0.00151851   
  127     0.00098012   
  128     0.00025890   
  129     0.00115773   
  130     0.00035755   
  131     0.00036236   
  132     0.00051326   
  133     0.00069151   
  134     0.00080929   
  135     0.00149508   
  136     0.00045344   
  137     0.00035922   
  138     0.00028071   
  139     0.00016181   
  140     0.00044013   
  141     0.00088664   
  142     0.00542903   
  143     0.00326389   
  144     0.00379553   
  145     0.00764846   
  146     0.00436514   
  147     0.00787405   
  148     0.00171770   
  149     0.00289839   
  150     0.00832998   
  151     0.00331366   
  152     0.00257176   
  153     0.00144113   
  154     0.00400583   
  155     0.00230305   
  156     0.00093475   
  157     0.00184028   
  158     0.00064896   
  159     0.00056272   
  160     0.00049261   
  161     0.00313909   
  162     0.00082298   
  163     0.00176789   
  164     0.00094764   
  165     0.00052642   
  166     0.00093354   
  167     0.00037982   
  168     0.00124081   
  169     0.00074620   
  170     0.00186831   
  171     0.00130423   
  172     0.00184366   
  173     0.00461292   
  174     0.00021978   
  175     0.00092888   
  176     0.00164621   
  177     0.00055333   
  178     0.00038712   
  179     0.00067450   
  180     0.00007568   
  181     0.00174993   
  182     0.00064329   
  183     0.00060040   
  184     0.00042707   
  185     0.00160398   
  186     0.00335004   
  187     0.00039401   
  188     0.00529054   
  189     0.00237264   
  190     0.00167701   
  191     0.00088725   
  192     0.00098318   
  193     0.00298584   
  194     0.00035170   
  195     0.00134720   
  196     0.00010130   
  197     0.00039976   
  198     0.00047081   
  199     0.00031500   
  200     0.00025045   
  201     0.00140706   
  202     0.00144610   
  203     0.00145110   
  204     0.00212151   
  205     0.00093919   
  206     0.00111516   
  207     0.00255056   
  208     0.00493844   
  209     0.00200321   
  210     0.00374216   
  211     0.00223924   
  212     0.00083785   
  213     0.00095002   
  214     0.00123351   
  215     0.00533346   
  216     0.00742496   
  217     0.00131595   
  218     0.00191196   
  219     0.00060584   
  220     0.00057407   
  221     0.00056574   
  222     0.00829080   
  223     0.00136823   
  224     0.00240289   
  225     0.00215372   
  226     0.00108005   
  227     0.00058407   
  228     0.00033433   
  229     0.00120707   
  230     0.00091902   
  231     0.00088321   
  232     0.00112604   
  233     0.00118773   
  234     0.00109643   
  235     0.00111473   
  236     0.00068012   
  237     0.00047833   
  238     0.00013394   
  239     0.00099301   
  240     0.00311733   
  241     0.00020129   
  242     0.00028427   
  243     0.00096771   
  244     0.00349076   
  245     0.00075233   
  246     0.00034222   
  247     0.00026435   
  248     0.00224170   
  249     0.00033690   
  250     0.00142995   
  251     0.00047366   
  252     0.00041385   
  253     0.00016927   
  254     0.00018289   
  255     0.00092452   
  256     0.00016597   
  257     0.00157751   
  258     0.00058159   
  259     0.00008817   
  260     0.00027519   
  261     0.00028234   
  262     0.00095435   
  263     0.00118700   
  264     0.00009042   
  265     0.00071417   
  266     0.00132130   
  267     0.00087169   
  268     0.00010728   
  269     0.00029723   
  270     0.00022091   
  271     0.00032724   
  272     0.00060760   
  273     0.00018236   
  274     0.00070322   
  275     0.00130707   
  276     0.00029335   
  277     0.00010756   
  278     0.00024263   
  279     0.00049993   
  280     0.00013835   
  281     0.00069635   
  282     0.00040756   
  283     0.00161572   
  284     0.00041177   
  285     0.00025476   
  286     0.00165307   
  287     0.00227302   
  288     0.00169655   
  289     0.00544778   
  290     0.00640151   
  291     0.00473385   
  292     0.00814847   
  293     0.00317831   
  294     0.00659804   
  295     0.00175499   
  296     0.00299135   
  297     0.00056055   
  298     0.00370468   
  299     0.00020126   
  300     0.00092374   
  301     0.00009914   
  302     0.00077839   
  303     0.00038982   
  304     0.00017270   
  305     0.00032562   
  306     0.00047543   
  307     0.00011407   
  308     0.00057777   
  309     0.00063270   
  310     0.00071721   
  311     0.00087870   
  312     0.00059178   
  313     0.00052970   
  314     0.00028201   
  315     0.00132606   
  316     0.00333398   
  317     0.00353955   
  318     0.00172134   
  319     0.00602237   
  320     0.00225516   
  321     0.00223311   
  322     0.00100174   
  323     0.00021325   
  324     0.00577824   
  325     0.00129153   
  326     0.00074327   
  327     0.00266725   
  328     0.00201677   
  329     0.00366773   
  330     0.00277189   
  331     0.00233028   
  332     0.00265624   
  333     0.00192322   
  334     0.00747170   
  335     0.00080476   
  336     0.00225856   
  337     0.00116308   
  338     0.00111876   
  339     0.00077167   
  340     0.00140237   
  341     0.00050459   
  342     0.00013365   
  343     0.00049804   
  344     0.00100215   
  345     0.00097670   
  346     0.00027644   
  347     0.00040743   
  348     0.00124651   
  349     0.00147569   
  350     0.00058790   
  351     0.00073926   
  352     0.00378143   
  353     0.00259458   
  354     0.00023577   
  355     0.00069470   
  356     0.00161071   
  357     0.00280588   
  358     0.00173164   
  359     0.00154073   
  360     0.00060472   
  361     0.00031078   
  362     0.00141456   
  363     0.00103761   
  364     0.00008300   
  365     0.00040841   
  366     0.00035013   
  367     0.00088603   
  368     0.00172726   
  369     0.00129214   
  370     0.00058130   
  371     0.00054285   
  372     0.00084849   
  373     0.00052434   
  374     0.00026193   
  375     0.00031452   
  376     0.00008487   
  377     0.00048647   
  378     0.00047183   
  379     0.00028868   
  380     0.00018815   
  381     0.00051570   
  382     0.00072200   
  383     0.00098678   
  384     0.00032496   
  385     0.00065461   
  386     0.00110904   
  387     0.00005520   
  388     0.00009739   
  389     0.00007545   
  390     0.00003691   
  391     0.00005603   
  392     0.00029462   
  393     0.00008879   
  394     0.00011071   
  395     0.00011590   
  396     0.00027024   
  397     0.00028424   
  398     0.00002520   
  399     0.00008861   
  400     0.00003664   
  401     0.00008201   
  402     0.00012824   
  403     0.00013796   
  404     0.00006794   
  405     0.00005738   
  406     0.00008254   
  407     0.00005134   
  408     0.00002889   
  409     0.00007960   
  410     0.00014705   
  411     0.00028545   
  412     0.00043122   
  413     0.00031743   
  414     0.00009048   
  415     0.00019952   
  416     0.00040902   
  417     0.00006089   
  418     0.00027871   
  419     0.00014862   
  420     0.00045099   
  421     0.00010735   
  422     0.00006018   
  423     0.00004104   
  424     0.00003740   
  425     0.00006722   
  426     0.00017675   
  427     0.00004588   
  428     0.00005130   
  429     0.00005503   
  430     0.00000147   
  431     0.00000240   
  432     0.00000966   
  433     0.00002800   
  434     0.00006894   
  435     0.00010437   
  436     0.00022841   
  437     0.00019497   
  438     0.00019577   
  439     0.00002623   
  440     0.00003569   
  441     0.00002858   
  442     0.00012271   
  443     0.00008630   
  444     0.00002184   
  445     0.00001089   
  446     0.00000811   
  447     0.00002504   
  448     0.00006843   
  449     0.00004810   
  450     0.00000964   
  451     0.00002516   
  452     0.00006484   
  453     0.00005140   
  454     0.00007075   
  455     0.00009113   
  456     0.00009947   
  457     0.00023972   
  458     0.00011037   
  459     0.00018671   
  460     0.00007806   
  461     0.00002412   
  462     0.00004489   
  463     0.00005328   
  464     0.00001711   
  465     0.00008987   
  466     0.00001338   
  467     0.00000489   
  468     0.00005431   
  469     0.00003517   
  470     0.00018859   
  471     0.00013147   
  472     0.00005293   
  473     0.00004407   
  474     0.00023418   
  475     0.00011118   
  476     0.00041946   
  477     0.00016074   
  478     0.00021822   
  479     0.00018541   
  480     0.00026078   
  481     0.00079735   
  482     0.00011939   
  483     0.00003995   
  484     0.00008759   
  485     0.00016044   
  486     0.00010533   
  487     0.00014071   
  488     0.00008181   
  489     0.00004192   
  490     0.00005845   
  491     0.00003360   
  492     0.00004667   
  493     0.00000841   
  494     0.00000739   
  495     0.00000817   
  496     0.00001361   
  497     0.00010926   
  498     0.00015582   
  499     0.00010356   
  500     0.00001396   
  501     0.00002514   
  502     0.00005920   
  503     0.00011889   
  504     0.00002582   
  505     0.00007586   
  506     0.00005203   
  507     0.00013598   
  508     0.00000430   
  509     0.00001304   
  510     0.00003888   
  511     0.00009178   
  512     0.00031801   
  513     0.00001837   
  514     0.00004106   
  515     0.00005932   
  516     0.00007693   
  517     0.00002681   
  518     0.00002248   
  519     0.00002737   
  520     0.00003769   
  521     0.00002594   
  522     0.00002216   
  523     0.00001841   
  524     0.00002573   
  525     0.00004478   
  526     0.00003680   
  527     0.00000838   
  528     0.00006407   
  529     0.00003675   
  530     0.00002373   
  531     0.00009041   
  532     0.00003953   
  533     0.00002551   
  534     0.00003460   
  535     0.00005204   
  536     0.00006966   
  537     0.00004563   
  538     0.00002680   
  539     0.00002941   
  540     0.00007715   
  541     0.00004255   
  542     0.00000590   
  543     0.00003101   
  544     0.00005620   
  545     0.00003972   
  546     0.00002214   
  547     0.00001680   
  548     0.00002745   
  549     0.00002054   
  550     0.00003969   
  551     0.00001322   
  552     0.00000517   
  553     0.00002789   
  554     0.00002191   
  555     0.00000834   
  556     0.00002192   
  557     0.00004206   
  558     0.00000839   
  559     0.00000241   
  560     0.00000205   
  561     0.00005644   
  562     0.00001090   
  563     0.00000192   
  564     0.00000576   
  565     0.00002558   
  566     0.00001936   
  567     0.00000691   
  568     0.00001050   
  569     0.00001205   
  570     0.00001027   
  571     0.00000489   
  572     0.00000658   
  573     0.00001405   
  574     0.00000171   
  575     0.00000562   
  576     0.00001654   
  577     0.00000252   
  578     0.00000195   
  579     0.00001440   
  580     0.00000265   
  581     0.00003317   
  582     0.00000663   
  583     0.00001323   
  584     0.00002173   
  585     0.00002701   
  586     0.00002853   
  587     0.00002628   
  588     0.00000582   
  589     0.00004971   
  590     0.00005440   
  591     0.00002152   
  592     0.00003111   
  593     0.00005017   
  594     0.00006506   
  595     0.00006576   
  596     0.00003133   
  597     0.00004136   
  598     0.00006067   
  599     0.00000833   
  600     0.00000782   
  601     0.00001279   
  602     0.00000240   
  603     0.00000128   
  604     0.00000090   
  605     0.00000150   
