    1     0.00010253   
    2     0.00004468   
    3     0.00010991   
    4     0.00006426   
    5     0.00016217   
    6     0.00017792   
    7     0.00035639   
    8     0.00032246   
    9     0.00314167   
   10     0.00234899   
   11     0.00680452   
   12     0.00727626   
   13     0.00638110   
   14     0.00133206   
   15     0.00083050   
   16     0.00067680   
   17     0.00081102   
   18     0.00019141   
   19     0.00007388   
   20     0.00000796   
   21     0.00000617   
   22     0.00003036   
   23     0.00002065   
   24     0.00005515   
   25     0.00003376   
   26     0.00077853   
   27     0.00034390   
   28     0.00032831   
   29     0.00050320   
   30     0.00011993   
   31     0.00007583   
   32     0.00011726   
   33     0.00036740   
   34     0.00175355   
   35     0.00062067   
   36     0.00061488   
   37     0.00098405   
   38     0.00193819   
   39     0.00079234   
   40     0.00049347   
   41     0.00022605   
   42     0.00110559   
   43     0.00110886   
   44     0.00027913   
   45     0.00038222   
   46     0.00053658   
   47     0.00045086   
   48     0.00015986   
   49     0.00049620   
   50     0.00063073   
   51     0.00070803   
   52     0.00031199   
   53     0.00017325   
   54     0.00020329   
   55     0.00033758   
   56     0.00016059   
   57     0.00107538   
   58     0.00094629   
   59     0.02902256   
   60     0.00152338   
   61     0.00281455   
   62     0.00202356   
   63     0.00046126   
   64     0.00049591   
   65     0.00183184   
   66     0.00069501   
   67     0.00062966   
   68     0.00158931   
   69     0.00093198   
   70     0.00290335   
   71     0.00041816   
   72     0.00030138   
   73     0.00024876   
   74     0.00064162   
   75     0.00045086   
   76     0.00003872   
   77     0.00004566   
   78     0.00030952   
   79     0.00025218   
   80     0.00004076   
   81     0.00410526   
   82     0.00029458   
   83     0.00015015   
   84     0.00006544   
   85     0.00016395   
   86     0.00007074   
   87     0.00006057   
   88     0.00005128   
   89     0.00029348   
   90     0.00009563   
   91     0.00038390   
   92     0.00021460   
   93     0.00014817   
   94     0.00003920   
   95     0.00002614   
   96     0.00005640   
   97     0.00002292   
   98     0.00001779   
   99     0.00005566   
  100     0.00004265   
  101     0.00008519   
  102     0.00011198   
  103     0.00024521   
  104     0.00008887   
  105     0.00059462   
  106     0.00007274   
  107     0.00000884   
  108     0.00000938   
  109     0.00003081   
  110     0.00014825   
  111     0.00008346   
  112     0.00016579   
  113     0.00035656   
  114     0.00043591   
  115     0.00034188   
  116     0.00027889   
  117     0.00013049   
  118     0.00038047   
  119     0.00059643   
  120     0.00032753   
  121     0.00011845   
  122     0.00018842   
  123     0.00045169   
  124     0.00030224   
  125     0.00006392   
  126     0.00008370   
  127     0.00040814   
  128     0.00008943   
  129     0.00010508   
  130     0.00010128   
  131     0.00005641   
  132     0.00005569   
  133     0.00002820   
  134     0.00010098   
  135     0.00028416   
  136     0.00021004   
  137     0.00015283   
  138     0.00025866   
  139     0.00031172   
  140     0.00052916   
  141     0.00038743   
  142     0.00206134   
  143     0.00013158   
  144     0.00209644   
  145     0.00176816   
  146     0.00199304   
  147     0.00058485   
  148     0.00005857   
  149     0.00025999   
  150     0.00120230   
  151     0.00066625   
  152     0.00034129   
  153     0.00030927   
  154     0.00166323   
  155     0.00028686   
  156     0.00023700   
  157     0.00013800   
  158     0.00011162   
  159     0.00009049   
  160     0.00032427   
  161     0.00026778   
  162     0.00015125   
  163     0.00019517   
  164     0.00016224   
  165     0.00010898   
  166     0.00013865   
  167     0.00024210   
  168     0.00055594   
  169     0.00105865   
  170     0.00042981   
  171     0.00024072   
  172     0.00101636   
  173     0.00268746   
  174     0.00016895   
  175     0.00027267   
  176     0.00090218   
  177     0.00081192   
  178     0.00048586   
  179     0.00150001   
  180     0.00317957   
  181     0.00058899   
  182     0.00179189   
  183     0.00410535   
  184     0.00060882   
  185     0.00095664   
  186     0.00147652   
  187     0.00168324   
  188     0.00149496   
  189     0.00288550   
  190     0.00015186   
  191     0.00023254   
  192     0.00016985   
  193     0.00104775   
  194     0.00031186   
  195     0.00314780   
  196     0.00273621   
  197     0.01541658   
  198     0.01770000   
  199     0.00113538   
  200     0.00095130   
  201     0.00054677   
  202     0.00090932   
  203     0.00096560   
  204     0.00071329   
  205     0.00055658   
  206     0.00123633   
  207     0.00160779   
  208     0.00333717   
  209     0.00036116   
  210     0.00111236   
  211     0.00057186   
  212     0.00028320   
  213     0.00130201   
  214     0.00111947   
  215     0.00160054   
  216     0.00317915   
  217     0.00067190   
  218     0.00201101   
  219     0.00128525   
  220     0.00052104   
  221     0.00214043   
  222     0.00059157   
  223     0.00031623   
  224     0.00030359   
  225     0.00465563   
  226     0.00161658   
  227     0.00350759   
  228     0.00591384   
  229     0.03578672   
  230     0.00677036   
  231     0.00518870   
  232     0.01061277   
  233     0.01383082   
  234     0.01040365   
  235     0.00818539   
  236     0.00158847   
  237     0.00341160   
  238     0.00419213   
  239     0.00705980   
  240     0.00273216   
  241     0.00351105   
  242     0.00586863   
  243     0.00199482   
  244     0.00862222   
  245     0.00405146   
  246     0.00149634   
  247     0.00049391   
  248     0.01777868   
  249     0.00025087   
  250     0.01448296   
  251     0.00272485   
  252     0.00375880   
  253     0.00187885   
  254     0.00042958   
  255     0.00248829   
  256     0.00072332   
  257     0.03130641   
  258     0.00245614   
  259     0.00219762   
  260     0.00253156   
  261     0.00604799   
  262     0.00761013   
  263     0.01249278   
  264     0.00328346   
  265     0.01845577   
  266     0.00351040   
  267     0.02157948   
  268     0.00211195   
  269     0.00922832   
  270     0.00150236   
  271     0.00406573   
  272     0.00297587   
  273     0.00076385   
  274     0.00377404   
  275     0.00058614   
  276     0.00092171   
  277     0.00017160   
  278     0.00094004   
  279     0.00391380   
  280     0.00318453   
  281     0.01109840   
  282     0.00164144   
  283     0.01960080   
  284     0.00281621   
  285     0.02471878   
  286     0.02560513   
  287     0.01601399   
  288     0.01001486   
  289     0.04229779   
  290     0.00766360   
  291     0.02036322   
  292     0.02063157   
  293     0.05081689   
  294     0.04976822   
  295     0.00538399   
  296     0.00984623   
  297     0.00263889   
  298     0.00893217   
  299     0.00205759   
  300     0.00353031   
  301     0.00075770   
  302     0.00090789   
  303     0.00029034   
  304     0.00055526   
  305     0.00071070   
  306     0.00026739   
  307     0.00049368   
  308     0.00178819   
  309     0.00237588   
  310     0.00137869   
  311     0.00315268   
  312     0.00507989   
  313     0.00132165   
  314     0.00132478   
  315     0.00105735   
  316     0.00256215   
  317     0.00125968   
  318     0.00141222   
  319     0.00047581   
  320     0.00160282   
  321     0.00050437   
  322     0.00025876   
  323     0.00165958   
  324     0.00061716   
  325     0.00006569   
  326     0.00010313   
  327     0.00048597   
  328     0.00011468   
  329     0.00016265   
  330     0.00018947   
  331     0.00070405   
  332     0.00087540   
  333     0.00051556   
  334     0.00188044   
  335     0.00092588   
  336     0.00080328   
  337     0.00076942   
  338     0.00032834   
  339     0.00048479   
  340     0.00089905   
  341     0.00236935   
  342     0.00256511   
  343     0.00301993   
  344     0.00138204   
  345     0.00176804   
  346     0.00327138   
  347     0.00327779   
  348     0.00256576   
  349     0.00169373   
  350     0.00213660   
  351     0.00166934   
  352     0.00198965   
  353     0.00119785   
  354     0.00051651   
  355     0.00021429   
  356     0.00056650   
  357     0.00222813   
  358     0.00041433   
  359     0.00140094   
  360     0.00067641   
  361     0.00185483   
  362     0.00051352   
  363     0.00063185   
  364     0.00004109   
  365     0.00022022   
  366     0.00022050   
  367     0.00278056   
  368     0.00558239   
  369     0.00321659   
  370     0.00114338   
  371     0.00118262   
  372     0.00058444   
  373     0.00085966   
  374     0.00019725   
  375     0.00035285   
  376     0.00024792   
  377     0.00012890   
  378     0.00016751   
  379     0.00005187   
  380     0.00004127   
  381     0.00004723   
  382     0.00032238   
  383     0.00004730   
  384     0.00002977   
  385     0.00007092   
  386     0.00035393   
  387     0.00000670   
  388     0.00000819   
  389     0.00000415   
  390     0.00000507   
  391     0.00000277   
  392     0.00000170   
  393     0.00000211   
  394     0.00000129   
  395     0.00000383   
  396     0.00000981   
  397     0.00003413   
  398     0.00000550   
  399     0.00000767   
  400     0.00000340   
  401     0.00000686   
  402     0.00000677   
  403     0.00000340   
  404     0.00003409   
  405     0.00006842   
  406     0.00000146   
  407     0.00003118   
  408     0.00001103   
  409     0.00000340   
  410     0.00000524   
  411     0.00002156   
  412     0.00001393   
  413     0.00000436   
  414     0.00001592   
  415     0.00000636   
  416     0.00001125   
  417     0.00000740   
  418     0.00002135   
  419     0.00000551   
  420     0.00001153   
  421     0.00000300   
  422     0.00001413   
  423     0.00000851   
  424     0.00001381   
  425     0.00000730   
  426     0.00000395   
  427     0.00000185   
  428     0.00000308   
  429     0.00003119   
  430     0.00000125   
  431     0.00000230   
  432     0.00000043   
  433     0.00000355   
  434     0.00000141   
  435     0.00000168   
  436     0.00000423   
  437     0.00000541   
  438     0.00000763   
  439     0.00000140   
  440     0.00000183   
  441     0.00000254   
  442     0.00000486   
  443     0.00000592   
  444     0.00002561   
  445     0.00000288   
  446     0.00002298   
  447     0.00000184   
  448     0.00000303   
  449     0.00000129   
  450     0.00000042   
  451     0.00000646   
  452     0.00000592   
  453     0.00000360   
  454     0.00000410   
  455     0.00000152   
  456     0.00000152   
  457     0.00000393   
  458     0.00000370   
  459     0.00000464   
  460     0.00000341   
  461     0.00000050   
  462     0.00000179   
  463     0.00000059   
  464     0.00000030   
  465     0.00000113   
  466     0.00000035   
  467     0.00000162   
  468     0.00000098   
  469     0.00000048   
  470     0.00000473   
  471     0.00000536   
  472     0.00000236   
  473     0.00000522   
  474     0.00002046   
  475     0.00000165   
  476     0.00000505   
  477     0.00000236   
  478     0.00001072   
  479     0.00000412   
  480     0.00003108   
  481     0.00014207   
  482     0.00001535   
  483     0.00000862   
  484     0.00000664   
  485     0.00000905   
  486     0.00000191   
  487     0.00000340   
  488     0.00000240   
  489     0.00000144   
  490     0.00000276   
  491     0.00000131   
  492     0.00000163   
  493     0.00000092   
  494     0.00000019   
  495     0.00000269   
  496     0.00000246   
  497     0.00000575   
  498     0.00000893   
  499     0.00000324   
  500     0.00000500   
  501     0.00000260   
  502     0.00000212   
  503     0.00003576   
  504     0.00000195   
  505     0.00000619   
  506     0.00001876   
  507     0.00000507   
  508     0.00000075   
  509     0.00000034   
  510     0.00000204   
  511     0.00000368   
  512     0.00000746   
  513     0.00000183   
  514     0.00000444   
  515     0.00000711   
  516     0.00001596   
  517     0.00000783   
  518     0.00000497   
  519     0.00001134   
  520     0.00000606   
  521     0.00000208   
  522     0.00000492   
  523     0.00001469   
  524     0.00000569   
  525     0.00000401   
  526     0.00000937   
  527     0.00001362   
  528     0.00001457   
  529     0.00002517   
  530     0.00003294   
  531     0.00000355   
  532     0.00008682   
  533     0.00004139   
  534     0.00001280   
  535     0.00004864   
  536     0.00009670   
  537     0.00003334   
  538     0.00001515   
  539     0.00005917   
  540     0.00002703   
  541     0.00002783   
  542     0.00004759   
  543     0.00002817   
  544     0.00001925   
  545     0.00002482   
  546     0.00006558   
  547     0.00001439   
  548     0.00000737   
  549     0.00003549   
  550     0.00001738   
  551     0.00000829   
  552     0.00000186   
  553     0.00000531   
  554     0.00000244   
  555     0.00000006   
  556     0.00000159   
  557     0.00000410   
  558     0.00000139   
  559     0.00000072   
  560     0.00000076   
  561     0.00001709   
  562     0.00000360   
  563     0.00000337   
  564     0.00000629   
  565     0.00000378   
  566     0.00000346   
  567     0.00000748   
  568     0.00001160   
  569     0.00000751   
  570     0.00000478   
  571     0.00000905   
  572     0.00000348   
  573     0.00001018   
  574     0.00000526   
  575     0.00000302   
  576     0.00000533   
  577     0.00000146   
  578     0.00000143   
  579     0.00000237   
  580     0.00000220   
  581     0.00006116   
  582     0.00000078   
  583     0.00000306   
  584     0.00002256   
  585     0.00004037   
  586     0.00000541   
  587     0.00000688   
  588     0.00006895   
  589     0.00001109   
  590     0.00000741   
  591     0.00001091   
  592     0.00002160   
  593     0.00000836   
  594     0.00002249   
  595     0.00000401   
  596     0.00000697   
  597     0.00000547   
  598     0.00001804   
  599     0.00001587   
  600     0.00000363   
  601     0.00000624   
  602     0.00000550   
  603     0.00000176   
  604     0.00000395   
  605     0.00000193   
