    1     0.00053888   
    2     0.00008143   
    3     0.00073099   
    4     0.00007668   
    5     0.00023079   
    6     0.00013716   
    7     0.00025069   
    8     0.00130380   
    9     0.00369751   
   10     0.00162641   
   11     0.00781906   
   12     0.02218048   
   13     0.01178793   
   14     0.00466552   
   15     0.00225129   
   16     0.00105238   
   17     0.00274146   
   18     0.00101706   
   19     0.00127373   
   20     0.00004504   
   21     0.00015650   
   22     0.00040981   
   23     0.00010473   
   24     0.00020019   
   25     0.00042308   
   26     0.00339896   
   27     0.00046749   
   28     0.00058837   
   29     0.00106842   
   30     0.00008440   
   31     0.00007527   
   32     0.00002992   
   33     0.00168667   
   34     0.00169463   
   35     0.00370699   
   36     0.00587592   
   37     0.00156503   
   38     0.00133483   
   39     0.00152715   
   40     0.00024776   
   41     0.00025692   
   42     0.00023198   
   43     0.00007649   
   44     0.00002938   
   45     0.00003796   
   46     0.00005394   
   47     0.00005487   
   48     0.00005009   
   49     0.00016715   
   50     0.00046625   
   51     0.00142498   
   52     0.00155061   
   53     0.00007837   
   54     0.00023641   
   55     0.00023766   
   56     0.00009472   
   57     0.00015356   
   58     0.00003550   
   59     0.00028789   
   60     0.00000704   
   61     0.00002617   
   62     0.00004788   
   63     0.00001282   
   64     0.00009083   
   65     0.00040798   
   66     0.00054661   
   67     0.00114319   
   68     0.00081715   
   69     0.00203324   
   70     0.01001195   
   71     0.00035677   
   72     0.00049284   
   73     0.00070230   
   74     0.00439249   
   75     0.00181957   
   76     0.00011304   
   77     0.00012094   
   78     0.00029180   
   79     0.00026150   
   80     0.00002477   
   81     0.00231096   
   82     0.00035716   
   83     0.00010562   
   84     0.00005926   
   85     0.00007803   
   86     0.00006998   
   87     0.00003567   
   88     0.00001169   
   89     0.00005438   
   90     0.00004016   
   91     0.00006727   
   92     0.00001891   
   93     0.00010233   
   94     0.00004238   
   95     0.00007089   
   96     0.00016023   
   97     0.00001765   
   98     0.00001221   
   99     0.00002389   
  100     0.00028104   
  101     0.00071411   
  102     0.00065775   
  103     0.00034696   
  104     0.00006108   
  105     0.00007438   
  106     0.00005235   
  107     0.00001271   
  108     0.00001179   
  109     0.00005588   
  110     0.00031967   
  111     0.00049993   
  112     0.00069779   
  113     0.00095946   
  114     0.00091492   
  115     0.00075774   
  116     0.00014825   
  117     0.00031788   
  118     0.00067035   
  119     0.00093119   
  120     0.00017152   
  121     0.00014768   
  122     0.00069684   
  123     0.00080356   
  124     0.00017018   
  125     0.00004689   
  126     0.00010470   
  127     0.00070641   
  128     0.00002189   
  129     0.00013438   
  130     0.00013524   
  131     0.00002917   
  132     0.00002990   
  133     0.00001304   
  134     0.00003552   
  135     0.00007798   
  136     0.00008674   
  137     0.00005245   
  138     0.00013046   
  139     0.00068231   
  140     0.00064655   
  141     0.00191362   
  142     0.01222200   
  143     0.00736851   
  144     0.01601667   
  145     0.00303734   
  146     0.00780292   
  147     0.00231082   
  148     0.00082942   
  149     0.00061018   
  150     0.00849240   
  151     0.00125386   
  152     0.00079155   
  153     0.00120188   
  154     0.00605748   
  155     0.00041376   
  156     0.00009465   
  157     0.00013931   
  158     0.00010921   
  159     0.00008615   
  160     0.00040797   
  161     0.00040736   
  162     0.00013255   
  163     0.00011155   
  164     0.00009527   
  165     0.00003978   
  166     0.00022853   
  167     0.00190425   
  168     0.00115773   
  169     0.00796937   
  170     0.00411266   
  171     0.00268931   
  172     0.00632445   
  173     0.00630527   
  174     0.00529389   
  175     0.00137656   
  176     0.00633303   
  177     0.00424086   
  178     0.00419105   
  179     0.00578682   
  180     0.00085340   
  181     0.00131000   
  182     0.00071362   
  183     0.00013689   
  184     0.00001662   
  185     0.00002281   
  186     0.00004994   
  187     0.00005439   
  188     0.00033237   
  189     0.00089623   
  190     0.00061360   
  191     0.00090307   
  192     0.00167697   
  193     0.00225664   
  194     0.00203327   
  195     0.00212340   
  196     0.00522714   
  197     0.01927914   
  198     0.00919010   
  199     0.01600504   
  200     0.00378529   
  201     0.00677446   
  202     0.00431281   
  203     0.00304606   
  204     0.00185251   
  205     0.00456423   
  206     0.00201522   
  207     0.00131562   
  208     0.00028164   
  209     0.00005075   
  210     0.00007006   
  211     0.00003884   
  212     0.00000958   
  213     0.00004956   
  214     0.00008114   
  215     0.00029869   
  216     0.00091716   
  217     0.00072763   
  218     0.01144799   
  219     0.00115541   
  220     0.00154238   
  221     0.00210289   
  222     0.00290721   
  223     0.00695488   
  224     0.00682530   
  225     0.00335387   
  226     0.00407083   
  227     0.01172316   
  228     0.00521216   
  229     0.01428218   
  230     0.00461470   
  231     0.00949005   
  232     0.01160642   
  233     0.00689524   
  234     0.00676311   
  235     0.00335853   
  236     0.00238435   
  237     0.00493608   
  238     0.00357359   
  239     0.00281582   
  240     0.00372806   
  241     0.00226777   
  242     0.00135115   
  243     0.00051423   
  244     0.00472527   
  245     0.00079177   
  246     0.00016345   
  247     0.00007779   
  248     0.00254430   
  249     0.00005672   
  250     0.00074596   
  251     0.00083633   
  252     0.00114245   
  253     0.00129451   
  254     0.00007867   
  255     0.00014132   
  256     0.00007010   
  257     0.00036833   
  258     0.00038575   
  259     0.00130477   
  260     0.00025261   
  261     0.00113433   
  262     0.00265072   
  263     0.00270801   
  264     0.00046939   
  265     0.00354040   
  266     0.00729935   
  267     0.00789130   
  268     0.00423667   
  269     0.00980145   
  270     0.00660811   
  271     0.02771599   
  272     0.00438658   
  273     0.00173317   
  274     0.00139895   
  275     0.00295116   
  276     0.00101436   
  277     0.00024819   
  278     0.00139867   
  279     0.00482824   
  280     0.00268438   
  281     0.00518282   
  282     0.00074092   
  283     0.00088844   
  284     0.00006931   
  285     0.00050656   
  286     0.00029857   
  287     0.00101406   
  288     0.00027610   
  289     0.00144212   
  290     0.00015051   
  291     0.00013806   
  292     0.00029304   
  293     0.00098351   
  294     0.00252645   
  295     0.00076301   
  296     0.00328469   
  297     0.00127013   
  298     0.00508767   
  299     0.00024482   
  300     0.00063524   
  301     0.00035577   
  302     0.00100270   
  303     0.00006192   
  304     0.00042234   
  305     0.00214024   
  306     0.00061511   
  307     0.00017119   
  308     0.00408766   
  309     0.00462336   
  310     0.00385951   
  311     0.00548879   
  312     0.00960162   
  313     0.00289123   
  314     0.00434469   
  315     0.00639023   
  316     0.00753963   
  317     0.00479737   
  318     0.00313049   
  319     0.00374791   
  320     0.00255530   
  321     0.00066675   
  322     0.00059302   
  323     0.00178069   
  324     0.00131699   
  325     0.00030130   
  326     0.00018738   
  327     0.00108577   
  328     0.00044476   
  329     0.00111929   
  330     0.00053034   
  331     0.00071373   
  332     0.00013820   
  333     0.00027414   
  334     0.00094336   
  335     0.00040797   
  336     0.00110202   
  337     0.00099084   
  338     0.00228271   
  339     0.00190411   
  340     0.00082017   
  341     0.00231951   
  342     0.00276051   
  343     0.01592825   
  344     0.00369355   
  345     0.02612606   
  346     0.01186715   
  347     0.00630556   
  348     0.00192652   
  349     0.00209268   
  350     0.00858595   
  351     0.00287232   
  352     0.00342762   
  353     0.00131646   
  354     0.00135669   
  355     0.00055870   
  356     0.00124919   
  357     0.00086312   
  358     0.00064438   
  359     0.00052513   
  360     0.00201500   
  361     0.00331946   
  362     0.00199885   
  363     0.01413074   
  364     0.00133987   
  365     0.00456747   
  366     0.00484279   
  367     0.00690956   
  368     0.01109145   
  369     0.01193601   
  370     0.00362208   
  371     0.00069645   
  372     0.00114531   
  373     0.00632540   
  374     0.00357066   
  375     0.00289861   
  376     0.00104598   
  377     0.00332045   
  378     0.00401173   
  379     0.00030631   
  380     0.00131138   
  381     0.00200982   
  382     0.00447802   
  383     0.00445837   
  384     0.00382806   
  385     0.00220310   
  386     0.01090270   
  387     0.00513401   
  388     0.00311003   
  389     0.00072632   
  390     0.00023061   
  391     0.00004719   
  392     0.00013524   
  393     0.00005781   
  394     0.00003229   
  395     0.00001305   
  396     0.00009355   
  397     0.00018398   
  398     0.00004850   
  399     0.00004774   
  400     0.00005980   
  401     0.00005867   
  402     0.00023869   
  403     0.00015661   
  404     0.00066230   
  405     0.00342953   
  406     0.00030461   
  407     0.00020643   
  408     0.00013055   
  409     0.00015400   
  410     0.00014256   
  411     0.00050819   
  412     0.00047840   
  413     0.00009992   
  414     0.00009815   
  415     0.00007581   
  416     0.00013334   
  417     0.00009496   
  418     0.00053865   
  419     0.00069648   
  420     0.00105314   
  421     0.00036526   
  422     0.00031393   
  423     0.00024953   
  424     0.00030246   
  425     0.00009996   
  426     0.00018849   
  427     0.00003579   
  428     0.00006675   
  429     0.00008164   
  430     0.00000429   
  431     0.00000765   
  432     0.00000303   
  433     0.00001719   
  434     0.00000643   
  435     0.00000391   
  436     0.00008779   
  437     0.00003200   
  438     0.00002942   
  439     0.00003587   
  440     0.00000910   
  441     0.00004332   
  442     0.00020217   
  443     0.00005312   
  444     0.00007420   
  445     0.00001971   
  446     0.00046907   
  447     0.00024566   
  448     0.00008079   
  449     0.00004910   
  450     0.00001520   
  451     0.00002790   
  452     0.00022620   
  453     0.00017281   
  454     0.00016811   
  455     0.00017255   
  456     0.00002446   
  457     0.00006347   
  458     0.00001942   
  459     0.00000987   
  460     0.00000640   
  461     0.00000374   
  462     0.00000275   
  463     0.00000219   
  464     0.00000043   
  465     0.00000207   
  466     0.00000175   
  467     0.00001639   
  468     0.00003013   
  469     0.00000316   
  470     0.00001092   
  471     0.00000182   
  472     0.00000444   
  473     0.00013778   
  474     0.00016279   
  475     0.00015406   
  476     0.00020778   
  477     0.00061484   
  478     0.00057522   
  479     0.00123068   
  480     0.00550662   
  481     0.00365960   
  482     0.00009030   
  483     0.00026190   
  484     0.00016875   
  485     0.00019380   
  486     0.00003031   
  487     0.00007622   
  488     0.00003752   
  489     0.00005078   
  490     0.00001899   
  491     0.00000622   
  492     0.00000225   
  493     0.00000304   
  494     0.00000305   
  495     0.00000848   
  496     0.00001945   
  497     0.00001444   
  498     0.00002889   
  499     0.00008876   
  500     0.00001812   
  501     0.00029998   
  502     0.00005781   
  503     0.00205283   
  504     0.00007633   
  505     0.00029148   
  506     0.00100420   
  507     0.00010590   
  508     0.00005307   
  509     0.00001684   
  510     0.00002461   
  511     0.00001376   
  512     0.00014656   
  513     0.00000886   
  514     0.00003025   
  515     0.00003538   
  516     0.00002258   
  517     0.00003211   
  518     0.00002789   
  519     0.00004684   
  520     0.00004330   
  521     0.00004847   
  522     0.00010197   
  523     0.00012416   
  524     0.00002948   
  525     0.00030140   
  526     0.00021198   
  527     0.00033669   
  528     0.00048579   
  529     0.00093609   
  530     0.00212449   
  531     0.00195939   
  532     0.00217770   
  533     0.00093994   
  534     0.00223782   
  535     0.00252231   
  536     0.00526451   
  537     0.00113134   
  538     0.00095281   
  539     0.00054451   
  540     0.00057776   
  541     0.00008452   
  542     0.00026692   
  543     0.00025612   
  544     0.00009211   
  545     0.00005607   
  546     0.00021996   
  547     0.00007299   
  548     0.00004665   
  549     0.00008494   
  550     0.00005582   
  551     0.00002726   
  552     0.00000516   
  553     0.00001222   
  554     0.00000620   
  555     0.00000047   
  556     0.00000173   
  557     0.00000547   
  558     0.00000367   
  559     0.00000441   
  560     0.00000357   
  561     0.00005655   
  562     0.00001581   
  563     0.00002781   
  564     0.00003565   
  565     0.00001230   
  566     0.00002746   
  567     0.00008568   
  568     0.00008611   
  569     0.00004281   
  570     0.00005509   
  571     0.00013858   
  572     0.00007644   
  573     0.00018426   
  574     0.00005796   
  575     0.00009954   
  576     0.00130289   
  577     0.00001825   
  578     0.00005055   
  579     0.00046542   
  580     0.00020977   
  581     0.00134645   
  582     0.00000955   
  583     0.00008138   
  584     0.00069462   
  585     0.00083494   
  586     0.00004675   
  587     0.00009777   
  588     0.00045264   
  589     0.00004534   
  590     0.00008193   
  591     0.00005281   
  592     0.00010623   
  593     0.00006487   
  594     0.00010163   
  595     0.00002116   
  596     0.00002698   
  597     0.00000895   
  598     0.00005257   
  599     0.00004607   
  600     0.00001005   
  601     0.00000773   
  602     0.00001357   
  603     0.00000258   
  604     0.00000869   
  605     0.00000292   
