    1     0.00023936   
    2     0.00018529   
    3     0.00028083   
    4     0.00013263   
    5     0.00048567   
    6     0.00019019   
    7     0.00027494   
    8     0.00039179   
    9     0.00054871   
   10     0.00042287   
   11     0.00144666   
   12     0.00342700   
   13     0.00130331   
   14     0.00079132   
   15     0.00123337   
   16     0.00174789   
   17     0.00101181   
   18     0.00021583   
   19     0.00009954   
   20     0.00003094   
   21     0.00005199   
   22     0.00002917   
   23     0.00003811   
   24     0.00003887   
   25     0.00013543   
   26     0.00158145   
   27     0.00328147   
   28     0.00241364   
   29     0.00370890   
   30     0.00169424   
   31     0.00050302   
   32     0.00156229   
   33     0.00102894   
   34     0.00223825   
   35     0.00121354   
   36     0.00092543   
   37     0.00150653   
   38     0.00092928   
   39     0.00181442   
   40     0.00264635   
   41     0.00070281   
   42     0.00134313   
   43     0.00203793   
   44     0.00011376   
   45     0.00015190   
   46     0.00020307   
   47     0.00029506   
   48     0.00022350   
   49     0.00032197   
   50     0.00076777   
   51     0.00088084   
   52     0.00066806   
   53     0.00051614   
   54     0.00101220   
   55     0.00336069   
   56     0.00066697   
   57     0.00140952   
   58     0.00040403   
   59     0.00203733   
   60     0.00299058   
   61     0.00139007   
   62     0.00569125   
   63     0.00289679   
   64     0.00104277   
   65     0.00277090   
   66     0.00652413   
   67     0.00095988   
   68     0.00045421   
   69     0.00215477   
   70     0.00062278   
   71     0.00040151   
   72     0.00128140   
   73     0.00139409   
   74     0.00145751   
   75     0.00110150   
   76     0.00083190   
   77     0.00012900   
   78     0.00029357   
   79     0.00025361   
   80     0.00015988   
   81     0.00134400   
   82     0.00081482   
   83     0.00068487   
   84     0.00017318   
   85     0.00247944   
   86     0.00062018   
   87     0.00084692   
   88     0.00068014   
   89     0.00085575   
   90     0.00181813   
   91     0.00414349   
   92     0.00224278   
   93     0.00299212   
   94     0.00164104   
   95     0.00135359   
   96     0.00338826   
   97     0.00107423   
   98     0.00106424   
   99     0.00105821   
  100     0.00062260   
  101     0.00052986   
  102     0.00104427   
  103     0.00450412   
  104     0.00158303   
  105     0.00477044   
  106     0.00053830   
  107     0.00052557   
  108     0.00063952   
  109     0.00142441   
  110     0.00111928   
  111     0.00043411   
  112     0.00048879   
  113     0.00032076   
  114     0.00044014   
  115     0.00475396   
  116     0.00131714   
  117     0.00044767   
  118     0.00127990   
  119     0.00114330   
  120     0.00060360   
  121     0.00097885   
  122     0.00078112   
  123     0.00101135   
  124     0.00180008   
  125     0.00343334   
  126     0.00148291   
  127     0.00599595   
  128     0.00039133   
  129     0.00356381   
  130     0.00643868   
  131     0.00717348   
  132     0.00123768   
  133     0.00422765   
  134     0.00338077   
  135     0.00685696   
  136     0.00028785   
  137     0.00006115   
  138     0.00023193   
  139     0.00025197   
  140     0.00060651   
  141     0.00094400   
  142     0.00321365   
  143     0.00180389   
  144     0.00425129   
  145     0.00745582   
  146     0.00365006   
  147     0.00538927   
  148     0.00210763   
  149     0.00081136   
  150     0.00729882   
  151     0.00124679   
  152     0.00279622   
  153     0.00119280   
  154     0.00096874   
  155     0.00056354   
  156     0.00061568   
  157     0.00089510   
  158     0.00030479   
  159     0.00007219   
  160     0.00012486   
  161     0.00027679   
  162     0.00040516   
  163     0.00039721   
  164     0.00006400   
  165     0.00008745   
  166     0.00011441   
  167     0.00051623   
  168     0.00057113   
  169     0.00069256   
  170     0.00163076   
  171     0.00054141   
  172     0.00157098   
  173     0.00137889   
  174     0.00052334   
  175     0.00061213   
  176     0.00157866   
  177     0.00302235   
  178     0.00191102   
  179     0.00208488   
  180     0.00033477   
  181     0.01563003   
  182     0.00576637   
  183     0.01350935   
  184     0.01589198   
  185     0.00270630   
  186     0.00519381   
  187     0.00165552   
  188     0.00151936   
  189     0.00027506   
  190     0.00051639   
  191     0.00147107   
  192     0.00121176   
  193     0.00634730   
  194     0.00099342   
  195     0.00227353   
  196     0.00125623   
  197     0.00164280   
  198     0.00201067   
  199     0.00293780   
  200     0.00059147   
  201     0.00080309   
  202     0.00194889   
  203     0.00145938   
  204     0.00142436   
  205     0.00049006   
  206     0.00082894   
  207     0.00342840   
  208     0.00428832   
  209     0.00228075   
  210     0.00113229   
  211     0.00220905   
  212     0.00175471   
  213     0.00475359   
  214     0.00110835   
  215     0.00222284   
  216     0.00172018   
  217     0.00106730   
  218     0.00203835   
  219     0.00054062   
  220     0.00177164   
  221     0.00116901   
  222     0.00504096   
  223     0.00056694   
  224     0.00127866   
  225     0.00103828   
  226     0.00068030   
  227     0.00103616   
  228     0.00220315   
  229     0.00115162   
  230     0.00063564   
  231     0.00076489   
  232     0.00118712   
  233     0.00289685   
  234     0.00124549   
  235     0.00342420   
  236     0.00639737   
  237     0.00772610   
  238     0.00436933   
  239     0.00571657   
  240     0.01214055   
  241     0.00832672   
  242     0.00102000   
  243     0.00074938   
  244     0.01188438   
  245     0.00301003   
  246     0.00068461   
  247     0.00033569   
  248     0.00203584   
  249     0.00047365   
  250     0.00290968   
  251     0.00500456   
  252     0.00300323   
  253     0.00485654   
  254     0.00453302   
  255     0.00270004   
  256     0.00224095   
  257     0.00168548   
  258     0.00553527   
  259     0.01198464   
  260     0.00522540   
  261     0.00589962   
  262     0.01043731   
  263     0.00693304   
  264     0.00370676   
  265     0.00734912   
  266     0.00215678   
  267     0.00186924   
  268     0.00287346   
  269     0.00309191   
  270     0.00426046   
  271     0.00469448   
  272     0.00185278   
  273     0.00187036   
  274     0.00100932   
  275     0.00206017   
  276     0.00115837   
  277     0.00042237   
  278     0.00139395   
  279     0.00296112   
  280     0.00800148   
  281     0.01436976   
  282     0.00571297   
  283     0.01325956   
  284     0.00149078   
  285     0.00177011   
  286     0.00972977   
  287     0.00644720   
  288     0.00186643   
  289     0.00099331   
  290     0.00078976   
  291     0.00142267   
  292     0.00137667   
  293     0.00289823   
  294     0.01260511   
  295     0.00368285   
  296     0.01659712   
  297     0.00480841   
  298     0.01002249   
  299     0.00121154   
  300     0.00534010   
  301     0.00069787   
  302     0.00156332   
  303     0.00094976   
  304     0.00070320   
  305     0.00325674   
  306     0.00100220   
  307     0.00096588   
  308     0.00512925   
  309     0.00182582   
  310     0.00143097   
  311     0.00081488   
  312     0.00127392   
  313     0.00549925   
  314     0.00109654   
  315     0.00397312   
  316     0.01346761   
  317     0.02353616   
  318     0.00572735   
  319     0.00372253   
  320     0.00585392   
  321     0.00297817   
  322     0.00294405   
  323     0.00127099   
  324     0.00743428   
  325     0.00325483   
  326     0.00071215   
  327     0.00134059   
  328     0.00097589   
  329     0.00238782   
  330     0.00633409   
  331     0.01193884   
  332     0.00495607   
  333     0.00162490   
  334     0.00196690   
  335     0.00079403   
  336     0.00107649   
  337     0.00265927   
  338     0.00059339   
  339     0.00146705   
  340     0.00058856   
  341     0.00082465   
  342     0.00085897   
  343     0.00301772   
  344     0.00361829   
  345     0.00359208   
  346     0.00390989   
  347     0.00274992   
  348     0.00312245   
  349     0.00549609   
  350     0.00600665   
  351     0.00586470   
  352     0.00745701   
  353     0.01391190   
  354     0.00460539   
  355     0.00410515   
  356     0.02581591   
  357     0.01047821   
  358     0.00322909   
  359     0.00349120   
  360     0.00178475   
  361     0.00276191   
  362     0.00133362   
  363     0.00288573   
  364     0.00085641   
  365     0.00051627   
  366     0.00061469   
  367     0.00089754   
  368     0.00293776   
  369     0.00284671   
  370     0.00088081   
  371     0.00109172   
  372     0.00087011   
  373     0.00156637   
  374     0.00055505   
  375     0.00059502   
  376     0.00024854   
  377     0.00061419   
  378     0.00102071   
  379     0.00058521   
  380     0.00016634   
  381     0.00025033   
  382     0.00012587   
  383     0.00055391   
  384     0.00007980   
  385     0.00024473   
  386     0.00007927   
  387     0.00002687   
  388     0.00001854   
  389     0.00000980   
  390     0.00003454   
  391     0.00002683   
  392     0.00007410   
  393     0.00004825   
  394     0.00013484   
  395     0.00016711   
  396     0.00017430   
  397     0.00032961   
  398     0.00006014   
  399     0.00003188   
  400     0.00001969   
  401     0.00000694   
  402     0.00000520   
  403     0.00001173   
  404     0.00000995   
  405     0.00000433   
  406     0.00000683   
  407     0.00000562   
  408     0.00001397   
  409     0.00001395   
  410     0.00006629   
  411     0.00004496   
  412     0.00003497   
  413     0.00001525   
  414     0.00006047   
  415     0.00010146   
  416     0.00008430   
  417     0.00015426   
  418     0.00013360   
  419     0.00001251   
  420     0.00008995   
  421     0.00001784   
  422     0.00001270   
  423     0.00000786   
  424     0.00002048   
  425     0.00000684   
  426     0.00001628   
  427     0.00001156   
  428     0.00002858   
  429     0.00000385   
  430     0.00000040   
  431     0.00000036   
  432     0.00000045   
  433     0.00000428   
  434     0.00000347   
  435     0.00000542   
  436     0.00001211   
  437     0.00000834   
  438     0.00001861   
  439     0.00000332   
  440     0.00000976   
  441     0.00001183   
  442     0.00003459   
  443     0.00007531   
  444     0.00014693   
  445     0.00001979   
  446     0.00003127   
  447     0.00000840   
  448     0.00000439   
  449     0.00000994   
  450     0.00000892   
  451     0.00001879   
  452     0.00002992   
  453     0.00002047   
  454     0.00001878   
  455     0.00000965   
  456     0.00000627   
  457     0.00000515   
  458     0.00001178   
  459     0.00003510   
  460     0.00000985   
  461     0.00000236   
  462     0.00004651   
  463     0.00000486   
  464     0.00000054   
  465     0.00000327   
  466     0.00000109   
  467     0.00000138   
  468     0.00000794   
  469     0.00000434   
  470     0.00002031   
  471     0.00001929   
  472     0.00001651   
  473     0.00002664   
  474     0.00002448   
  475     0.00000594   
  476     0.00001132   
  477     0.00000978   
  478     0.00003333   
  479     0.00004538   
  480     0.00002127   
  481     0.00011154   
  482     0.00003195   
  483     0.00003665   
  484     0.00002563   
  485     0.00002820   
  486     0.00001634   
  487     0.00001223   
  488     0.00001777   
  489     0.00001948   
  490     0.00002796   
  491     0.00001120   
  492     0.00001223   
  493     0.00000505   
  494     0.00000094   
  495     0.00000961   
  496     0.00000874   
  497     0.00001219   
  498     0.00001610   
  499     0.00002008   
  500     0.00001706   
  501     0.00002420   
  502     0.00002124   
  503     0.00003433   
  504     0.00003354   
  505     0.00001671   
  506     0.00007320   
  507     0.00005269   
  508     0.00001169   
  509     0.00000982   
  510     0.00001080   
  511     0.00000615   
  512     0.00010291   
  513     0.00000506   
  514     0.00000699   
  515     0.00002976   
  516     0.00002581   
  517     0.00000475   
  518     0.00000422   
  519     0.00002402   
  520     0.00000742   
  521     0.00000374   
  522     0.00000279   
  523     0.00001128   
  524     0.00000224   
  525     0.00000314   
  526     0.00001754   
  527     0.00000332   
  528     0.00000206   
  529     0.00001157   
  530     0.00000719   
  531     0.00000456   
  532     0.00000821   
  533     0.00000537   
  534     0.00001135   
  535     0.00001434   
  536     0.00000594   
  537     0.00000769   
  538     0.00001570   
  539     0.00001791   
  540     0.00001701   
  541     0.00000995   
  542     0.00000138   
  543     0.00002041   
  544     0.00001025   
  545     0.00000396   
  546     0.00000478   
  547     0.00000674   
  548     0.00000575   
  549     0.00001324   
  550     0.00000764   
  551     0.00000217   
  552     0.00000119   
  553     0.00000345   
  554     0.00000318   
  555     0.00000222   
  556     0.00000547   
  557     0.00001080   
  558     0.00000429   
  559     0.00000659   
  560     0.00000405   
  561     0.00001161   
  562     0.00000604   
  563     0.00001375   
  564     0.00000347   
  565     0.00000284   
  566     0.00001096   
  567     0.00001518   
  568     0.00000755   
  569     0.00000648   
  570     0.00000674   
  571     0.00001175   
  572     0.00001240   
  573     0.00000719   
  574     0.00000680   
  575     0.00000478   
  576     0.00002292   
  577     0.00000766   
  578     0.00000435   
  579     0.00000454   
  580     0.00000127   
  581     0.00000734   
  582     0.00000109   
  583     0.00000184   
  584     0.00000497   
  585     0.00000354   
  586     0.00000036   
  587     0.00000275   
  588     0.00000542   
  589     0.00000039   
  590     0.00000092   
  591     0.00000096   
  592     0.00000212   
  593     0.00000130   
  594     0.00000188   
  595     0.00000267   
  596     0.00000029   
  597     0.00000460   
  598     0.00000496   
  599     0.00000601   
  600     0.00000658   
  601     0.00001465   
  602     0.00001270   
  603     0.00000720   
  604     0.00000365   
  605     0.00000787   
