    1     0.00027217   
    2     0.00049597   
    3     0.00043634   
    4     0.00054621   
    5     0.00046768   
    6     0.00026472   
    7     0.00113864   
    8     0.00101507   
    9     0.00358128   
   10     0.00285945   
   11     0.00124905   
   12     0.00599359   
   13     0.00674650   
   14     0.00484434   
   15     0.00123469   
   16     0.00078405   
   17     0.00056786   
   18     0.00059288   
   19     0.00091688   
   20     0.00015787   
   21     0.00038151   
   22     0.00120074   
   23     0.00043024   
   24     0.00123995   
   25     0.00008067   
   26     0.00082581   
   27     0.00060702   
   28     0.00409974   
   29     0.01103590   
   30     0.00273285   
   31     0.00330314   
   32     0.00621151   
   33     0.00215672   
   34     0.00197512   
   35     0.00233487   
   36     0.00909778   
   37     0.00894320   
   38     0.00537404   
   39     0.00341193   
   40     0.00661301   
   41     0.00293030   
   42     0.01171917   
   43     0.00944098   
   44     0.00751183   
   45     0.00491820   
   46     0.01055077   
   47     0.00591611   
   48     0.02143664   
   49     0.00646917   
   50     0.01387430   
   51     0.02213115   
   52     0.00365833   
   53     0.00177072   
   54     0.00146468   
   55     0.00683733   
   56     0.00214579   
   57     0.00443731   
   58     0.00275163   
   59     0.00243961   
   60     0.00026712   
   61     0.00435773   
   62     0.00586470   
   63     0.00504143   
   64     0.01251704   
   65     0.00259579   
   66     0.00322040   
   67     0.00109506   
   68     0.00204897   
   69     0.00105800   
   70     0.00316087   
   71     0.00234387   
   72     0.00344033   
   73     0.00105546   
   74     0.00190986   
   75     0.00306226   
   76     0.00099638   
   77     0.00019301   
   78     0.00020572   
   79     0.00014421   
   80     0.00014915   
   81     0.00098432   
   82     0.00100955   
   83     0.00056056   
   84     0.00072182   
   85     0.00280146   
   86     0.00112743   
   87     0.00129855   
   88     0.00117904   
   89     0.00182022   
   90     0.00650053   
   91     0.00261423   
   92     0.00158771   
   93     0.00095260   
   94     0.00034082   
   95     0.00050846   
   96     0.00145710   
   97     0.00051109   
   98     0.00057527   
   99     0.00017354   
  100     0.00109795   
  101     0.00077324   
  102     0.00102214   
  103     0.00133436   
  104     0.00059099   
  105     0.00336113   
  106     0.00318126   
  107     0.00015069   
  108     0.00049543   
  109     0.00157289   
  110     0.00087067   
  111     0.00075486   
  112     0.00075852   
  113     0.00049535   
  114     0.00036222   
  115     0.00197180   
  116     0.00157255   
  117     0.00094504   
  118     0.01628961   
  119     0.00947654   
  120     0.00164701   
  121     0.00110497   
  122     0.01285163   
  123     0.00400266   
  124     0.00336336   
  125     0.00294955   
  126     0.00092046   
  127     0.00053712   
  128     0.00041386   
  129     0.00105680   
  130     0.00029478   
  131     0.00024010   
  132     0.00044701   
  133     0.00059492   
  134     0.00080130   
  135     0.00175499   
  136     0.00088431   
  137     0.00076179   
  138     0.00081972   
  139     0.00079025   
  140     0.00132345   
  141     0.00227624   
  142     0.00954373   
  143     0.00180008   
  144     0.00675912   
  145     0.00793457   
  146     0.00418661   
  147     0.00495118   
  148     0.00191736   
  149     0.00088562   
  150     0.00916280   
  151     0.00108834   
  152     0.00217392   
  153     0.00120004   
  154     0.00261785   
  155     0.00053575   
  156     0.00055324   
  157     0.00041306   
  158     0.00066009   
  159     0.00024792   
  160     0.00026854   
  161     0.00128480   
  162     0.00076590   
  163     0.00090682   
  164     0.00061532   
  165     0.00030763   
  166     0.00062964   
  167     0.00017618   
  168     0.00088014   
  169     0.00257466   
  170     0.00217557   
  171     0.00090391   
  172     0.00288827   
  173     0.01295645   
  174     0.00101410   
  175     0.00137508   
  176     0.00320615   
  177     0.00173271   
  178     0.00090247   
  179     0.00274527   
  180     0.00047000   
  181     0.00555748   
  182     0.00053342   
  183     0.00281540   
  184     0.00336187   
  185     0.00412429   
  186     0.01013284   
  187     0.00311337   
  188     0.01518637   
  189     0.00551335   
  190     0.00287705   
  191     0.00245614   
  192     0.00125059   
  193     0.00090490   
  194     0.00134754   
  195     0.00112228   
  196     0.00476064   
  197     0.00152514   
  198     0.00338931   
  199     0.00224061   
  200     0.00263427   
  201     0.00159099   
  202     0.00127727   
  203     0.00200318   
  204     0.00325600   
  205     0.00284460   
  206     0.00332944   
  207     0.00484569   
  208     0.01255452   
  209     0.00709733   
  210     0.01044935   
  211     0.00580951   
  212     0.00238281   
  213     0.00344168   
  214     0.00362054   
  215     0.01682902   
  216     0.02187293   
  217     0.00329443   
  218     0.00174542   
  219     0.00140827   
  220     0.00158529   
  221     0.00228295   
  222     0.00682133   
  223     0.00407435   
  224     0.00415511   
  225     0.00084088   
  226     0.00215417   
  227     0.00733497   
  228     0.00271454   
  229     0.00304016   
  230     0.00348086   
  231     0.00241165   
  232     0.00411465   
  233     0.00477756   
  234     0.00190886   
  235     0.00421927   
  236     0.00380494   
  237     0.00047029   
  238     0.00222453   
  239     0.00567574   
  240     0.00304813   
  241     0.00267782   
  242     0.00168042   
  243     0.00158557   
  244     0.00228514   
  245     0.00252633   
  246     0.00058717   
  247     0.00027598   
  248     0.00024287   
  249     0.00080660   
  250     0.00109036   
  251     0.00168815   
  252     0.00226128   
  253     0.00088044   
  254     0.00011789   
  255     0.00113325   
  256     0.00021998   
  257     0.00062526   
  258     0.00027037   
  259     0.00021956   
  260     0.00032294   
  261     0.00057736   
  262     0.00046164   
  263     0.00109273   
  264     0.00035733   
  265     0.00074036   
  266     0.00065360   
  267     0.00118048   
  268     0.00028912   
  269     0.00080569   
  270     0.00041389   
  271     0.00342169   
  272     0.00139029   
  273     0.00185136   
  274     0.00198714   
  275     0.00092450   
  276     0.00093664   
  277     0.00067367   
  278     0.00115073   
  279     0.00135976   
  280     0.00060853   
  281     0.00041455   
  282     0.00051660   
  283     0.00118270   
  284     0.00057910   
  285     0.00038184   
  286     0.00113865   
  287     0.00200771   
  288     0.00086537   
  289     0.00105049   
  290     0.00066678   
  291     0.00336679   
  292     0.00152330   
  293     0.00112210   
  294     0.00457778   
  295     0.00074245   
  296     0.00107963   
  297     0.00031032   
  298     0.00253505   
  299     0.00102983   
  300     0.00267430   
  301     0.00061544   
  302     0.00095729   
  303     0.00036457   
  304     0.00041510   
  305     0.00233629   
  306     0.00054544   
  307     0.00096208   
  308     0.00421424   
  309     0.00283120   
  310     0.00089338   
  311     0.00268201   
  312     0.00268286   
  313     0.00427815   
  314     0.00047143   
  315     0.00305342   
  316     0.00190502   
  317     0.00110996   
  318     0.00031492   
  319     0.00176187   
  320     0.00060094   
  321     0.00083797   
  322     0.00085545   
  323     0.00241203   
  324     0.00180428   
  325     0.00121158   
  326     0.00054010   
  327     0.00130663   
  328     0.00119744   
  329     0.00235895   
  330     0.00250672   
  331     0.00136446   
  332     0.00131688   
  333     0.00187716   
  334     0.00764951   
  335     0.00277950   
  336     0.00178738   
  337     0.00150848   
  338     0.00192704   
  339     0.00127826   
  340     0.00085361   
  341     0.00089433   
  342     0.00024344   
  343     0.00276046   
  344     0.00168785   
  345     0.00187934   
  346     0.00185011   
  347     0.00041379   
  348     0.00048074   
  349     0.00123425   
  350     0.00072119   
  351     0.00023522   
  352     0.00167031   
  353     0.00085201   
  354     0.00032088   
  355     0.00044366   
  356     0.00007331   
  357     0.00221900   
  358     0.00087909   
  359     0.00126468   
  360     0.00054658   
  361     0.00101494   
  362     0.00191505   
  363     0.00150754   
  364     0.00008132   
  365     0.00057971   
  366     0.00053923   
  367     0.00114673   
  368     0.00556004   
  369     0.00188009   
  370     0.00061944   
  371     0.00076164   
  372     0.00134443   
  373     0.00142594   
  374     0.00096426   
  375     0.00146930   
  376     0.00025257   
  377     0.00162242   
  378     0.00082982   
  379     0.00048523   
  380     0.00060374   
  381     0.00064365   
  382     0.00037800   
  383     0.00144001   
  384     0.00029076   
  385     0.00042903   
  386     0.00095107   
  387     0.00046318   
  388     0.00030060   
  389     0.00033806   
  390     0.00015150   
  391     0.00012007   
  392     0.00040684   
  393     0.00024703   
  394     0.00020743   
  395     0.00026313   
  396     0.00029417   
  397     0.00036876   
  398     0.00010523   
  399     0.00014662   
  400     0.00012694   
  401     0.00012101   
  402     0.00066739   
  403     0.00046546   
  404     0.00039478   
  405     0.00018859   
  406     0.00028457   
  407     0.00017185   
  408     0.00008800   
  409     0.00023153   
  410     0.00037095   
  411     0.00105493   
  412     0.00038015   
  413     0.00063618   
  414     0.00025442   
  415     0.00030200   
  416     0.00052441   
  417     0.00028177   
  418     0.00136320   
  419     0.00018355   
  420     0.00054838   
  421     0.00032300   
  422     0.00022341   
  423     0.00017975   
  424     0.00015612   
  425     0.00025846   
  426     0.00092523   
  427     0.00022402   
  428     0.00034147   
  429     0.00022562   
  430     0.00001391   
  431     0.00002282   
  432     0.00002243   
  433     0.00015514   
  434     0.00010225   
  435     0.00009735   
  436     0.00092978   
  437     0.00055729   
  438     0.00095174   
  439     0.00006785   
  440     0.00021755   
  441     0.00021181   
  442     0.00014716   
  443     0.00018401   
  444     0.00009515   
  445     0.00004093   
  446     0.00003521   
  447     0.00005703   
  448     0.00025141   
  449     0.00017429   
  450     0.00005875   
  451     0.00012980   
  452     0.00018511   
  453     0.00015848   
  454     0.00013927   
  455     0.00025125   
  456     0.00016801   
  457     0.00036186   
  458     0.00042339   
  459     0.00033108   
  460     0.00015681   
  461     0.00007171   
  462     0.00007933   
  463     0.00007055   
  464     0.00001764   
  465     0.00010228   
  466     0.00001482   
  467     0.00002946   
  468     0.00004195   
  469     0.00003737   
  470     0.00021953   
  471     0.00034241   
  472     0.00014148   
  473     0.00010289   
  474     0.00129653   
  475     0.00056727   
  476     0.00051103   
  477     0.00019516   
  478     0.00018325   
  479     0.00013562   
  480     0.00035682   
  481     0.00070119   
  482     0.00016843   
  483     0.00003324   
  484     0.00008310   
  485     0.00006998   
  486     0.00014398   
  487     0.00029719   
  488     0.00032502   
  489     0.00011137   
  490     0.00014995   
  491     0.00006418   
  492     0.00006784   
  493     0.00002676   
  494     0.00002841   
  495     0.00002953   
  496     0.00006775   
  497     0.00005939   
  498     0.00008648   
  499     0.00013440   
  500     0.00002880   
  501     0.00018039   
  502     0.00003991   
  503     0.00013083   
  504     0.00002790   
  505     0.00004333   
  506     0.00012002   
  507     0.00011493   
  508     0.00001266   
  509     0.00001238   
  510     0.00003662   
  511     0.00005771   
  512     0.00019864   
  513     0.00002422   
  514     0.00003974   
  515     0.00006921   
  516     0.00006021   
  517     0.00004394   
  518     0.00003407   
  519     0.00005330   
  520     0.00004004   
  521     0.00004319   
  522     0.00007630   
  523     0.00008545   
  524     0.00007935   
  525     0.00007097   
  526     0.00011791   
  527     0.00026964   
  528     0.00026626   
  529     0.00016071   
  530     0.00012811   
  531     0.00036856   
  532     0.00049661   
  533     0.00019466   
  534     0.00020392   
  535     0.00031234   
  536     0.00051506   
  537     0.00039068   
  538     0.00018779   
  539     0.00015259   
  540     0.00052493   
  541     0.00050702   
  542     0.00014489   
  543     0.00018890   
  544     0.00036069   
  545     0.00040644   
  546     0.00023801   
  547     0.00020796   
  548     0.00024787   
  549     0.00017259   
  550     0.00053060   
  551     0.00015517   
  552     0.00004492   
  553     0.00018937   
  554     0.00019732   
  555     0.00007501   
  556     0.00017242   
  557     0.00044200   
  558     0.00008437   
  559     0.00003903   
  560     0.00001654   
  561     0.00050453   
  562     0.00009281   
  563     0.00005869   
  564     0.00002961   
  565     0.00020225   
  566     0.00022481   
  567     0.00008769   
  568     0.00006756   
  569     0.00020376   
  570     0.00008135   
  571     0.00003093   
  572     0.00003748   
  573     0.00008797   
  574     0.00002270   
  575     0.00005174   
  576     0.00006717   
  577     0.00002214   
  578     0.00000636   
  579     0.00002031   
  580     0.00001280   
  581     0.00004876   
  582     0.00003912   
  583     0.00008143   
  584     0.00008223   
  585     0.00007795   
  586     0.00017227   
  587     0.00016720   
  588     0.00005417   
  589     0.00029019   
  590     0.00030219   
  591     0.00014886   
  592     0.00027207   
  593     0.00031688   
  594     0.00046103   
  595     0.00057550   
  596     0.00022081   
  597     0.00037594   
  598     0.00049524   
  599     0.00009235   
  600     0.00007252   
  601     0.00012951   
  602     0.00008343   
  603     0.00003751   
  604     0.00002839   
  605     0.00004135   
