    1     0.00121668   
    2     0.00021570   
    3     0.00185848   
    4     0.00032517   
    5     0.00098363   
    6     0.00052475   
    7     0.00061975   
    8     0.00094900   
    9     0.00114495   
   10     0.00072371   
   11     0.00103437   
   12     0.00429035   
   13     0.00297200   
   14     0.00062174   
   15     0.00105335   
   16     0.00140728   
   17     0.00171867   
   18     0.00525247   
   19     0.00528581   
   20     0.00154887   
   21     0.00282739   
   22     0.00712258   
   23     0.00351183   
   24     0.00681650   
   25     0.00060635   
   26     0.00137201   
   27     0.00376127   
   28     0.00120412   
   29     0.00060992   
   30     0.00090491   
   31     0.00024347   
   32     0.00011622   
   33     0.00085742   
   34     0.00144220   
   35     0.00099522   
   36     0.00097998   
   37     0.00109845   
   38     0.00138077   
   39     0.00108364   
   40     0.00098229   
   41     0.00040962   
   42     0.00124705   
   43     0.00181237   
   44     0.00103161   
   45     0.00071838   
   46     0.00136523   
   47     0.00091871   
   48     0.00297249   
   49     0.00048865   
   50     0.00156536   
   51     0.00140097   
   52     0.00097526   
   53     0.00029939   
   54     0.00018695   
   55     0.00065527   
   56     0.00029550   
   57     0.00068250   
   58     0.00033792   
   59     0.00017726   
   60     0.00006721   
   61     0.00062274   
   62     0.00070251   
   63     0.00037379   
   64     0.00103930   
   65     0.00066827   
   66     0.00065418   
   67     0.00061807   
   68     0.00050057   
   69     0.00129345   
   70     0.00261799   
   71     0.00077478   
   72     0.00086790   
   73     0.00080399   
   74     0.00544099   
   75     0.00186779   
   76     0.00083741   
   77     0.00047031   
   78     0.00048659   
   79     0.00011241   
   80     0.00007729   
   81     0.00061789   
   82     0.00023325   
   83     0.00007731   
   84     0.00006454   
   85     0.00025751   
   86     0.00016189   
   87     0.00006696   
   88     0.00015510   
   89     0.00056039   
   90     0.00061221   
   91     0.00032321   
   92     0.00055774   
   93     0.00082038   
   94     0.00128562   
   95     0.00256305   
   96     0.00158713   
   97     0.00191436   
   98     0.00163817   
   99     0.00103944   
  100     0.00416337   
  101     0.00088735   
  102     0.00047024   
  103     0.00038773   
  104     0.00051814   
  105     0.00035245   
  106     0.00029215   
  107     0.00018497   
  108     0.00021267   
  109     0.00039339   
  110     0.00020032   
  111     0.00080785   
  112     0.00040983   
  113     0.00060807   
  114     0.00039016   
  115     0.00031445   
  116     0.00066474   
  117     0.00022121   
  118     0.00257554   
  119     0.00065576   
  120     0.00080353   
  121     0.00084640   
  122     0.00148167   
  123     0.00115211   
  124     0.00201531   
  125     0.00429357   
  126     0.00074701   
  127     0.01065551   
  128     0.00149677   
  129     0.00600019   
  130     0.00554127   
  131     0.00423815   
  132     0.00375634   
  133     0.00230712   
  134     0.00361631   
  135     0.00407531   
  136     0.00098228   
  137     0.00027762   
  138     0.00030027   
  139     0.00039391   
  140     0.00058636   
  141     0.00064099   
  142     0.00155288   
  143     0.00044152   
  144     0.00234448   
  145     0.00130149   
  146     0.00075671   
  147     0.00062947   
  148     0.00017284   
  149     0.00008087   
  150     0.00292851   
  151     0.00185389   
  152     0.00031491   
  153     0.00023101   
  154     0.00209497   
  155     0.00034759   
  156     0.00007313   
  157     0.00021310   
  158     0.00018642   
  159     0.00005972   
  160     0.00049224   
  161     0.00037390   
  162     0.00043441   
  163     0.00055408   
  164     0.00024280   
  165     0.00005393   
  166     0.00006158   
  167     0.00057744   
  168     0.00133395   
  169     0.00043008   
  170     0.00034346   
  171     0.00104073   
  172     0.00177918   
  173     0.00292914   
  174     0.00167149   
  175     0.00108588   
  176     0.00230000   
  177     0.00183232   
  178     0.00047704   
  179     0.00116565   
  180     0.00031196   
  181     0.00037689   
  182     0.00043950   
  183     0.00024596   
  184     0.00032097   
  185     0.00054018   
  186     0.00050729   
  187     0.00031094   
  188     0.00264313   
  189     0.00054278   
  190     0.00025672   
  191     0.00027992   
  192     0.00103383   
  193     0.00032592   
  194     0.00046128   
  195     0.00125767   
  196     0.00315590   
  197     0.00148410   
  198     0.00088013   
  199     0.00269400   
  200     0.00077529   
  201     0.00029161   
  202     0.00059863   
  203     0.00040672   
  204     0.00072239   
  205     0.00094670   
  206     0.00051723   
  207     0.00136489   
  208     0.00120970   
  209     0.00058302   
  210     0.00037545   
  211     0.00030786   
  212     0.00023553   
  213     0.00005544   
  214     0.00012300   
  215     0.00167372   
  216     0.00348759   
  217     0.00072103   
  218     0.00295108   
  219     0.00004445   
  220     0.00029332   
  221     0.00101324   
  222     0.00035813   
  223     0.00057333   
  224     0.00076827   
  225     0.00073865   
  226     0.00024061   
  227     0.00069177   
  228     0.00084228   
  229     0.00065466   
  230     0.00016371   
  231     0.00023984   
  232     0.00051465   
  233     0.00035509   
  234     0.00033922   
  235     0.00064542   
  236     0.00087393   
  237     0.00016857   
  238     0.00027674   
  239     0.00039731   
  240     0.00098167   
  241     0.00023385   
  242     0.00018392   
  243     0.00008161   
  244     0.00009626   
  245     0.00029925   
  246     0.00008004   
  247     0.00003235   
  248     0.00008020   
  249     0.00007804   
  250     0.00050791   
  251     0.00024827   
  252     0.00020627   
  253     0.00014350   
  254     0.00004372   
  255     0.00009165   
  256     0.00001298   
  257     0.00013876   
  258     0.00022047   
  259     0.00007462   
  260     0.00005947   
  261     0.00059027   
  262     0.00042524   
  263     0.00018780   
  264     0.00016858   
  265     0.00124614   
  266     0.00044390   
  267     0.00044077   
  268     0.00048354   
  269     0.00095922   
  270     0.00098280   
  271     0.00040107   
  272     0.00036680   
  273     0.00119151   
  274     0.00172231   
  275     0.00028626   
  276     0.00033139   
  277     0.00044868   
  278     0.00036627   
  279     0.00092261   
  280     0.00103268   
  281     0.00166087   
  282     0.00059095   
  283     0.00108118   
  284     0.00013281   
  285     0.00018396   
  286     0.00063527   
  287     0.00043499   
  288     0.00037746   
  289     0.00047516   
  290     0.00005805   
  291     0.00048067   
  292     0.00059251   
  293     0.00038966   
  294     0.00150048   
  295     0.00034176   
  296     0.00053490   
  297     0.00038925   
  298     0.00055875   
  299     0.00013803   
  300     0.00132075   
  301     0.00036083   
  302     0.00108530   
  303     0.00063966   
  304     0.00064981   
  305     0.00108012   
  306     0.00076341   
  307     0.00100966   
  308     0.00091308   
  309     0.00089457   
  310     0.00047182   
  311     0.00028747   
  312     0.00048576   
  313     0.00123932   
  314     0.00014595   
  315     0.00078185   
  316     0.00084254   
  317     0.00059951   
  318     0.00052658   
  319     0.00073728   
  320     0.00041642   
  321     0.00025821   
  322     0.00010578   
  323     0.00069084   
  324     0.00076053   
  325     0.00011056   
  326     0.00006303   
  327     0.00011147   
  328     0.00016012   
  329     0.00059468   
  330     0.00040097   
  331     0.00018216   
  332     0.00019360   
  333     0.00038779   
  334     0.00216815   
  335     0.00064319   
  336     0.00016389   
  337     0.00018288   
  338     0.00070265   
  339     0.00030204   
  340     0.00164561   
  341     0.00070656   
  342     0.00054631   
  343     0.00092927   
  344     0.00069990   
  345     0.00091802   
  346     0.00073236   
  347     0.00136520   
  348     0.00109792   
  349     0.00110121   
  350     0.00064266   
  351     0.00034405   
  352     0.00065845   
  353     0.00035824   
  354     0.00008361   
  355     0.00006906   
  356     0.00019868   
  357     0.00089212   
  358     0.00011645   
  359     0.00013221   
  360     0.00003892   
  361     0.00014667   
  362     0.00019867   
  363     0.00036818   
  364     0.00000925   
  365     0.00012957   
  366     0.00021409   
  367     0.00175601   
  368     0.00318114   
  369     0.00073737   
  370     0.00053698   
  371     0.00111965   
  372     0.00084326   
  373     0.00600964   
  374     0.00108737   
  375     0.00140452   
  376     0.00062615   
  377     0.01185690   
  378     0.00141830   
  379     0.00077552   
  380     0.00166274   
  381     0.00191495   
  382     0.00043031   
  383     0.00187998   
  384     0.00132993   
  385     0.00078947   
  386     0.00252231   
  387     0.00172729   
  388     0.00170529   
  389     0.00187066   
  390     0.00165131   
  391     0.00080791   
  392     0.00294982   
  393     0.00143058   
  394     0.00363690   
  395     0.00420074   
  396     0.02297931   
  397     0.01605572   
  398     0.00216477   
  399     0.00232677   
  400     0.00130473   
  401     0.00132695   
  402     0.00317975   
  403     0.01087874   
  404     0.00367518   
  405     0.00184981   
  406     0.00190916   
  407     0.00257925   
  408     0.00208856   
  409     0.00052284   
  410     0.00295092   
  411     0.00765267   
  412     0.00299334   
  413     0.00408302   
  414     0.00309570   
  415     0.00633613   
  416     0.00682865   
  417     0.00102257   
  418     0.00501216   
  419     0.00050326   
  420     0.00261028   
  421     0.00154491   
  422     0.00104681   
  423     0.00211171   
  424     0.00359391   
  425     0.00131093   
  426     0.01378425   
  427     0.00105072   
  428     0.00217540   
  429     0.00357420   
  430     0.00026629   
  431     0.00033684   
  432     0.00028182   
  433     0.00074763   
  434     0.00067276   
  435     0.00164228   
  436     0.00166684   
  437     0.00441644   
  438     0.00482682   
  439     0.00303802   
  440     0.00283840   
  441     0.00078813   
  442     0.00379599   
  443     0.00691697   
  444     0.00576092   
  445     0.00140986   
  446     0.00328441   
  447     0.01359848   
  448     0.00381411   
  449     0.00302331   
  450     0.00091175   
  451     0.00251593   
  452     0.00375260   
  453     0.00265373   
  454     0.00104145   
  455     0.00207657   
  456     0.00123236   
  457     0.00136492   
  458     0.00120001   
  459     0.00241906   
  460     0.00186394   
  461     0.00096925   
  462     0.00248710   
  463     0.00061778   
  464     0.00025751   
  465     0.00074160   
  466     0.00021788   
  467     0.00030219   
  468     0.00038596   
  469     0.00014039   
  470     0.00222434   
  471     0.00209029   
  472     0.00054570   
  473     0.00534319   
  474     0.00371098   
  475     0.00457282   
  476     0.00366075   
  477     0.00130987   
  478     0.00119942   
  479     0.00153198   
  480     0.00223537   
  481     0.00151786   
  482     0.00086464   
  483     0.00148149   
  484     0.00206018   
  485     0.00057911   
  486     0.00177716   
  487     0.00263031   
  488     0.00142533   
  489     0.00422401   
  490     0.00272382   
  491     0.00174532   
  492     0.00100986   
  493     0.00095219   
  494     0.00033894   
  495     0.00290063   
  496     0.00100174   
  497     0.00089619   
  498     0.00033376   
  499     0.00206349   
  500     0.00083904   
  501     0.00235249   
  502     0.00087736   
  503     0.00135783   
  504     0.00449895   
  505     0.00228011   
  506     0.00510486   
  507     0.01099677   
  508     0.00644767   
  509     0.01072587   
  510     0.02014368   
  511     0.01439439   
  512     0.05458171   
  513     0.00900501   
  514     0.02535307   
  515     0.01559904   
  516     0.02066671   
  517     0.00304612   
  518     0.01519601   
  519     0.00417585   
  520     0.00709623   
  521     0.00329548   
  522     0.00370803   
  523     0.00189932   
  524     0.00272111   
  525     0.00229759   
  526     0.00831355   
  527     0.00213530   
  528     0.00437449   
  529     0.00519937   
  530     0.00284484   
  531     0.00576623   
  532     0.00049046   
  533     0.00163277   
  534     0.00206602   
  535     0.00139232   
  536     0.00063865   
  537     0.00100925   
  538     0.00043898   
  539     0.00016088   
  540     0.00092349   
  541     0.00023323   
  542     0.00029519   
  543     0.00039889   
  544     0.00055441   
  545     0.00030843   
  546     0.00055246   
  547     0.00022137   
  548     0.00011200   
  549     0.00017778   
  550     0.00034385   
  551     0.00003985   
  552     0.00002791   
  553     0.00021939   
  554     0.00013286   
  555     0.00004869   
  556     0.00015800   
  557     0.00030250   
  558     0.00004494   
  559     0.00006981   
  560     0.00006041   
  561     0.00016953   
  562     0.00018990   
  563     0.00007100   
  564     0.00007888   
  565     0.00011555   
  566     0.00027468   
  567     0.00006225   
  568     0.00008901   
  569     0.00005252   
  570     0.00003247   
  571     0.00007152   
  572     0.00002642   
  573     0.00005044   
  574     0.00003785   
  575     0.00008194   
  576     0.00020266   
  577     0.00003589   
  578     0.00004772   
  579     0.00016397   
  580     0.00005915   
  581     0.00154466   
  582     0.00009725   
  583     0.00015718   
  584     0.00008072   
  585     0.00025876   
  586     0.00024094   
  587     0.00021338   
  588     0.00019129   
  589     0.00028264   
  590     0.00050773   
  591     0.00016322   
  592     0.00049288   
  593     0.00068712   
  594     0.00043696   
  595     0.00097725   
  596     0.00041214   
  597     0.00020752   
  598     0.00049594   
  599     0.00034867   
  600     0.00018490   
  601     0.00021664   
  602     0.00002638   
  603     0.00002300   
  604     0.00002833   
  605     0.00002475   
