    1     0.00071875   
    2     0.00066019   
    3     0.00077654   
    4     0.00060174   
    5     0.00110775   
    6     0.00056324   
    7     0.00183773   
    8     0.00094064   
    9     0.00441393   
   10     0.00116999   
   11     0.00015870   
   12     0.00020006   
   13     0.00184365   
   14     0.00253815   
   15     0.00112980   
   16     0.00106331   
   17     0.00059442   
   18     0.00108897   
   19     0.00105036   
   20     0.00052742   
   21     0.00161632   
   22     0.00102286   
   23     0.00031719   
   24     0.00036419   
   25     0.00045631   
   26     0.00108820   
   27     0.00071560   
   28     0.00183019   
   29     0.00161658   
   30     0.00430439   
   31     0.00548652   
   32     0.00175653   
   33     0.00242745   
   34     0.00086457   
   35     0.00071485   
   36     0.00153926   
   37     0.00124010   
   38     0.00131887   
   39     0.00110335   
   40     0.00150569   
   41     0.00051407   
   42     0.00378692   
   43     0.00188262   
   44     0.00050416   
   45     0.00011050   
   46     0.00095963   
   47     0.00168417   
   48     0.00070436   
   49     0.00110201   
   50     0.00047662   
   51     0.00031379   
   52     0.00540605   
   53     0.00010345   
   54     0.00056346   
   55     0.00221233   
   56     0.00063846   
   57     0.00099617   
   58     0.00049766   
   59     0.00086917   
   60     0.00071438   
   61     0.00055473   
   62     0.00062885   
   63     0.00082500   
   64     0.00212562   
   65     0.00144128   
   66     0.00297394   
   67     0.00105789   
   68     0.00031526   
   69     0.00081787   
   70     0.00089724   
   71     0.00033408   
   72     0.00108390   
   73     0.00108594   
   74     0.00231992   
   75     0.00187245   
   76     0.00047348   
   77     0.00082136   
   78     0.00039535   
   79     0.00022514   
   80     0.00025871   
   81     0.00086455   
   82     0.00186381   
   83     0.00107817   
   84     0.00037183   
   85     0.00161816   
   86     0.00113805   
   87     0.00065699   
   88     0.00023623   
   89     0.00100401   
   90     0.00086978   
   91     0.00211864   
   92     0.00168707   
   93     0.00115759   
   94     0.00290837   
   95     0.00145063   
   96     0.00075169   
   97     0.00229726   
   98     0.00037735   
   99     0.00046577   
  100     0.00117576   
  101     0.00140392   
  102     0.00203474   
  103     0.00383688   
  104     0.00567358   
  105     0.00228060   
  106     0.00248596   
  107     0.00303327   
  108     0.00103092   
  109     0.00146441   
  110     0.00286246   
  111     0.00108350   
  112     0.00121077   
  113     0.00144135   
  114     0.00304384   
  115     0.00358177   
  116     0.00348720   
  117     0.00104327   
  118     0.00160444   
  119     0.00407300   
  120     0.00318593   
  121     0.00126820   
  122     0.00113539   
  123     0.00118925   
  124     0.00243724   
  125     0.00343872   
  126     0.00123444   
  127     0.00401007   
  128     0.00044876   
  129     0.00113715   
  130     0.00128986   
  131     0.00174805   
  132     0.00037670   
  133     0.00100283   
  134     0.00141012   
  135     0.00276291   
  136     0.00079748   
  137     0.00058158   
  138     0.00192772   
  139     0.00090843   
  140     0.00188420   
  141     0.00205360   
  142     0.00355068   
  143     0.00438008   
  144     0.01665242   
  145     0.02225744   
  146     0.00606642   
  147     0.01650475   
  148     0.00585619   
  149     0.00658281   
  150     0.00966328   
  151     0.00680047   
  152     0.00567454   
  153     0.00115103   
  154     0.00473697   
  155     0.00479282   
  156     0.00220223   
  157     0.00174631   
  158     0.00335065   
  159     0.00043856   
  160     0.00096555   
  161     0.00121134   
  162     0.00045039   
  163     0.00208652   
  164     0.00082349   
  165     0.00075116   
  166     0.00064375   
  167     0.00151970   
  168     0.00252456   
  169     0.00219318   
  170     0.00167310   
  171     0.00105955   
  172     0.00245798   
  173     0.00127707   
  174     0.00055174   
  175     0.00161040   
  176     0.00069710   
  177     0.00185374   
  178     0.00166845   
  179     0.00149531   
  180     0.00017534   
  181     0.00633645   
  182     0.00392978   
  183     0.01043924   
  184     0.00758964   
  185     0.00193589   
  186     0.00352377   
  187     0.00147563   
  188     0.00219581   
  189     0.00144825   
  190     0.00060647   
  191     0.00100440   
  192     0.00113715   
  193     0.00271912   
  194     0.00110703   
  195     0.00189174   
  196     0.00117549   
  197     0.00078229   
  198     0.00105926   
  199     0.00035270   
  200     0.00056846   
  201     0.00119142   
  202     0.00083498   
  203     0.00151257   
  204     0.00197759   
  205     0.00113807   
  206     0.00142895   
  207     0.00192001   
  208     0.00178873   
  209     0.00206644   
  210     0.00036882   
  211     0.00111784   
  212     0.00190407   
  213     0.00381770   
  214     0.00054446   
  215     0.00078553   
  216     0.00025560   
  217     0.00036538   
  218     0.00291741   
  219     0.00016679   
  220     0.00021925   
  221     0.00380097   
  222     0.00603120   
  223     0.00035649   
  224     0.00032405   
  225     0.00029167   
  226     0.00047249   
  227     0.00090916   
  228     0.00099288   
  229     0.00289015   
  230     0.00081231   
  231     0.00079805   
  232     0.00166143   
  233     0.00179388   
  234     0.00085396   
  235     0.00205844   
  236     0.00257895   
  237     0.00176557   
  238     0.00161957   
  239     0.00073645   
  240     0.00337794   
  241     0.00135973   
  242     0.00046827   
  243     0.00053291   
  244     0.00536164   
  245     0.00057081   
  246     0.00027030   
  247     0.00022085   
  248     0.00311312   
  249     0.00013510   
  250     0.00167723   
  251     0.00182090   
  252     0.00133551   
  253     0.00358884   
  254     0.00282265   
  255     0.00282718   
  256     0.00060520   
  257     0.00112568   
  258     0.00226420   
  259     0.00106178   
  260     0.00151221   
  261     0.00306717   
  262     0.00281396   
  263     0.00199202   
  264     0.00096801   
  265     0.00240921   
  266     0.00042940   
  267     0.00167493   
  268     0.00097890   
  269     0.00167339   
  270     0.00350526   
  271     0.00315126   
  272     0.00361239   
  273     0.00108019   
  274     0.00506716   
  275     0.00277326   
  276     0.00112596   
  277     0.00042716   
  278     0.00108056   
  279     0.00210202   
  280     0.00219347   
  281     0.00378663   
  282     0.00108089   
  283     0.00390317   
  284     0.00081184   
  285     0.00065676   
  286     0.00571720   
  287     0.00520084   
  288     0.00116093   
  289     0.00070163   
  290     0.00010989   
  291     0.00175788   
  292     0.00082986   
  293     0.00141698   
  294     0.00664481   
  295     0.00138059   
  296     0.00605699   
  297     0.00195650   
  298     0.00425184   
  299     0.00080137   
  300     0.00246635   
  301     0.00046090   
  302     0.00497984   
  303     0.00142712   
  304     0.00116636   
  305     0.00109399   
  306     0.00135325   
  307     0.00234565   
  308     0.00154759   
  309     0.00173031   
  310     0.00227679   
  311     0.00047371   
  312     0.00079138   
  313     0.00150350   
  314     0.00037100   
  315     0.00038450   
  316     0.00149951   
  317     0.00119015   
  318     0.00099952   
  319     0.00165885   
  320     0.00110012   
  321     0.00057433   
  322     0.00109375   
  323     0.00052259   
  324     0.00021555   
  325     0.00026468   
  326     0.00023184   
  327     0.00076657   
  328     0.00032916   
  329     0.00052468   
  330     0.00035999   
  331     0.00051399   
  332     0.00102066   
  333     0.00037721   
  334     0.00205174   
  335     0.00075855   
  336     0.00109634   
  337     0.00079171   
  338     0.00105772   
  339     0.00254093   
  340     0.00150110   
  341     0.00177246   
  342     0.00177896   
  343     0.00283586   
  344     0.00426703   
  345     0.00385407   
  346     0.00397922   
  347     0.00382715   
  348     0.00405373   
  349     0.00331373   
  350     0.00248145   
  351     0.00152496   
  352     0.00125961   
  353     0.00130264   
  354     0.00046882   
  355     0.00048304   
  356     0.00031931   
  357     0.00206812   
  358     0.00025064   
  359     0.00161291   
  360     0.00090487   
  361     0.00268363   
  362     0.00230806   
  363     0.00298980   
  364     0.00066422   
  365     0.00158694   
  366     0.00078390   
  367     0.00508695   
  368     0.00376355   
  369     0.00358023   
  370     0.00259725   
  371     0.00254796   
  372     0.00169770   
  373     0.00197957   
  374     0.00128285   
  375     0.00167364   
  376     0.00080095   
  377     0.00202846   
  378     0.00368190   
  379     0.00172406   
  380     0.00059467   
  381     0.01006523   
  382     0.00301905   
  383     0.01354378   
  384     0.00306405   
  385     0.01967491   
  386     0.00157095   
  387     0.00118540   
  388     0.00393436   
  389     0.00113466   
  390     0.00519795   
  391     0.00116899   
  392     0.00205505   
  393     0.00061793   
  394     0.00109099   
  395     0.00063281   
  396     0.00087131   
  397     0.00088519   
  398     0.00070334   
  399     0.00059656   
  400     0.00066988   
  401     0.00024304   
  402     0.00119243   
  403     0.00073078   
  404     0.00113040   
  405     0.00165005   
  406     0.00097682   
  407     0.00164667   
  408     0.00071023   
  409     0.00038779   
  410     0.00124535   
  411     0.00069605   
  412     0.00435409   
  413     0.00239380   
  414     0.00048419   
  415     0.00097649   
  416     0.00915174   
  417     0.00630025   
  418     0.00672739   
  419     0.00128672   
  420     0.00623741   
  421     0.00122356   
  422     0.00047289   
  423     0.00018396   
  424     0.00010182   
  425     0.00010686   
  426     0.00013852   
  427     0.00026051   
  428     0.00071494   
  429     0.00038067   
  430     0.00005206   
  431     0.00006315   
  432     0.00009230   
  433     0.00080204   
  434     0.00054268   
  435     0.00036482   
  436     0.00133230   
  437     0.00045081   
  438     0.00048574   
  439     0.00048150   
  440     0.00054479   
  441     0.00029552   
  442     0.00106570   
  443     0.00076062   
  444     0.00043557   
  445     0.00025307   
  446     0.00034622   
  447     0.00007739   
  448     0.00087364   
  449     0.00051205   
  450     0.00001582   
  451     0.00006768   
  452     0.00024543   
  453     0.00068816   
  454     0.00154436   
  455     0.00086494   
  456     0.00126043   
  457     0.00121256   
  458     0.00103202   
  459     0.00096754   
  460     0.00048672   
  461     0.00021338   
  462     0.00103168   
  463     0.00023505   
  464     0.00011196   
  465     0.00028999   
  466     0.00005035   
  467     0.00007603   
  468     0.00012018   
  469     0.00009842   
  470     0.00071782   
  471     0.00025432   
  472     0.00019289   
  473     0.00021750   
  474     0.00010950   
  475     0.00027564   
  476     0.00192400   
  477     0.00084748   
  478     0.00150495   
  479     0.00301695   
  480     0.00154103   
  481     0.00404530   
  482     0.00112753   
  483     0.00121860   
  484     0.00193724   
  485     0.00118614   
  486     0.00183452   
  487     0.00049929   
  488     0.00031336   
  489     0.00024410   
  490     0.00039451   
  491     0.00008611   
  492     0.00034256   
  493     0.00022897   
  494     0.00004422   
  495     0.00046367   
  496     0.00037318   
  497     0.00056222   
  498     0.00050214   
  499     0.00082675   
  500     0.00061157   
  501     0.00207584   
  502     0.00075468   
  503     0.00090997   
  504     0.00096316   
  505     0.00097083   
  506     0.00152558   
  507     0.00181931   
  508     0.00070231   
  509     0.00038187   
  510     0.00043248   
  511     0.00060142   
  512     0.00115915   
  513     0.00022053   
  514     0.00103268   
  515     0.00074702   
  516     0.00051012   
  517     0.00102538   
  518     0.00029854   
  519     0.00046218   
  520     0.00083173   
  521     0.00084465   
  522     0.00068588   
  523     0.00053448   
  524     0.00082771   
  525     0.00138164   
  526     0.00092354   
  527     0.00039443   
  528     0.00118726   
  529     0.00060297   
  530     0.00115239   
  531     0.00104159   
  532     0.00146789   
  533     0.00164778   
  534     0.00085560   
  535     0.00070578   
  536     0.00286273   
  537     0.00068189   
  538     0.00137116   
  539     0.00194156   
  540     0.00201395   
  541     0.00188778   
  542     0.00102117   
  543     0.00198255   
  544     0.00160933   
  545     0.00106602   
  546     0.00112314   
  547     0.00098082   
  548     0.00116550   
  549     0.00192088   
  550     0.00120072   
  551     0.00040581   
  552     0.00029383   
  553     0.00105748   
  554     0.00052634   
  555     0.00025087   
  556     0.00051954   
  557     0.00038872   
  558     0.00007668   
  559     0.00040511   
  560     0.00020421   
  561     0.00010698   
  562     0.00066294   
  563     0.00029583   
  564     0.00017577   
  565     0.00033365   
  566     0.00051358   
  567     0.00021552   
  568     0.00078496   
  569     0.00091396   
  570     0.00032794   
  571     0.00141651   
  572     0.00059560   
  573     0.00169652   
  574     0.00312786   
  575     0.00113971   
  576     0.00686262   
  577     0.00431785   
  578     0.00090952   
  579     0.00156491   
  580     0.00065739   
  581     0.00195290   
  582     0.00100946   
  583     0.00091943   
  584     0.00090715   
  585     0.00123693   
  586     0.00042480   
  587     0.00095010   
  588     0.00155099   
  589     0.00069582   
  590     0.00109818   
  591     0.00058438   
  592     0.00023755   
  593     0.00092413   
  594     0.00113985   
  595     0.00069499   
  596     0.00064204   
  597     0.00033837   
  598     0.00111009   
  599     0.00087036   
  600     0.00090821   
  601     0.00078110   
  602     0.00152584   
  603     0.00056817   
  604     0.00032663   
  605     0.00056183   
