    1     0.00016116   
    2     0.00016115   
    3     0.00022621   
    4     0.00020108   
    5     0.00033219   
    6     0.00017457   
    7     0.00015102   
    8     0.00022677   
    9     0.00162105   
   10     0.00054532   
   11     0.00184484   
   12     0.00090888   
   13     0.00069926   
   14     0.00097117   
   15     0.00058843   
   16     0.00061072   
   17     0.00046995   
   18     0.00046025   
   19     0.00063126   
   20     0.00010934   
   21     0.00018129   
   22     0.00060256   
   23     0.00030646   
   24     0.00071813   
   25     0.00009248   
   26     0.00023823   
   27     0.00132902   
   28     0.00046430   
   29     0.00060799   
   30     0.00038520   
   31     0.00023788   
   32     0.00025859   
   33     0.00062684   
   34     0.00019610   
   35     0.00055631   
   36     0.00076373   
   37     0.00186741   
   38     0.00134030   
   39     0.00072209   
   40     0.00138548   
   41     0.00108547   
   42     0.01401396   
   43     0.00850646   
   44     0.00442791   
   45     0.00764401   
   46     0.00961312   
   47     0.00719515   
   48     0.00448847   
   49     0.00435921   
   50     0.00129443   
   51     0.00099554   
   52     0.00091695   
   53     0.00043666   
   54     0.00188268   
   55     0.00099365   
   56     0.00022990   
   57     0.00142194   
   58     0.00010642   
   59     0.00293154   
   60     0.00043587   
   61     0.00131807   
   62     0.00196297   
   63     0.00025343   
   64     0.00090172   
   65     0.00128908   
   66     0.00234322   
   67     0.00149702   
   68     0.00069835   
   69     0.00068097   
   70     0.00312789   
   71     0.00290660   
   72     0.00076450   
   73     0.00061623   
   74     0.00074948   
   75     0.00022935   
   76     0.00013565   
   77     0.00049134   
   78     0.00058133   
   79     0.00010844   
   80     0.00019645   
   81     0.00194406   
   82     0.00065086   
   83     0.00015611   
   84     0.00024324   
   85     0.00045184   
   86     0.00109959   
   87     0.00044056   
   88     0.00027742   
   89     0.00121136   
   90     0.00113949   
   91     0.00129315   
   92     0.00121792   
   93     0.00091167   
   94     0.00063650   
   95     0.00132310   
   96     0.00178981   
   97     0.00129579   
   98     0.00061633   
   99     0.00109264   
  100     0.00119206   
  101     0.00055556   
  102     0.00045070   
  103     0.00019522   
  104     0.00047366   
  105     0.00329713   
  106     0.00164432   
  107     0.00005531   
  108     0.00002989   
  109     0.00019020   
  110     0.00064609   
  111     0.00215009   
  112     0.00063135   
  113     0.00033245   
  114     0.00167611   
  115     0.00081799   
  116     0.00043538   
  117     0.00057584   
  118     0.00457709   
  119     0.00065253   
  120     0.00046677   
  121     0.00058245   
  122     0.00169108   
  123     0.00054484   
  124     0.00122459   
  125     0.00240454   
  126     0.00046971   
  127     0.00221038   
  128     0.00103144   
  129     0.00220891   
  130     0.00226381   
  131     0.00091241   
  132     0.00139997   
  133     0.00102877   
  134     0.00169988   
  135     0.00131781   
  136     0.00019273   
  137     0.00026859   
  138     0.00023727   
  139     0.00008713   
  140     0.00007133   
  141     0.00013836   
  142     0.00062937   
  143     0.00019663   
  144     0.00016341   
  145     0.00053770   
  146     0.00022177   
  147     0.00059794   
  148     0.00006983   
  149     0.00013042   
  150     0.00037957   
  151     0.00020095   
  152     0.00013529   
  153     0.00010800   
  154     0.00047444   
  155     0.00009431   
  156     0.00005278   
  157     0.00035670   
  158     0.00017358   
  159     0.00006765   
  160     0.00023901   
  161     0.00050774   
  162     0.00021384   
  163     0.00030415   
  164     0.00013777   
  165     0.00006222   
  166     0.00009768   
  167     0.00006455   
  168     0.00011367   
  169     0.00026199   
  170     0.00013595   
  171     0.00018112   
  172     0.00087832   
  173     0.00073088   
  174     0.00041683   
  175     0.00070766   
  176     0.00140691   
  177     0.00209039   
  178     0.00068028   
  179     0.00104527   
  180     0.00027665   
  181     0.00109902   
  182     0.00056811   
  183     0.00023869   
  184     0.00016148   
  185     0.00045810   
  186     0.00024091   
  187     0.00013155   
  188     0.00033105   
  189     0.00008184   
  190     0.00068321   
  191     0.00011765   
  192     0.00048760   
  193     0.00040162   
  194     0.00016996   
  195     0.00064769   
  196     0.00030403   
  197     0.00063800   
  198     0.00161422   
  199     0.00048593   
  200     0.00017271   
  201     0.00026010   
  202     0.00030369   
  203     0.00031142   
  204     0.00020964   
  205     0.00039104   
  206     0.00004678   
  207     0.00023389   
  208     0.00018218   
  209     0.00030565   
  210     0.00224593   
  211     0.00014088   
  212     0.00015963   
  213     0.00036556   
  214     0.00025313   
  215     0.00027694   
  216     0.00013307   
  217     0.00004468   
  218     0.00022078   
  219     0.00016845   
  220     0.00017647   
  221     0.00020415   
  222     0.00029973   
  223     0.00009496   
  224     0.00013567   
  225     0.00105973   
  226     0.00023707   
  227     0.00067761   
  228     0.00070764   
  229     0.00060868   
  230     0.00031797   
  231     0.00017646   
  232     0.00033780   
  233     0.00028930   
  234     0.00082210   
  235     0.00014821   
  236     0.00026272   
  237     0.00056896   
  238     0.00061399   
  239     0.00045989   
  240     0.00085643   
  241     0.00029095   
  242     0.00023382   
  243     0.00014103   
  244     0.00076702   
  245     0.00009181   
  246     0.00010361   
  247     0.00006130   
  248     0.00135555   
  249     0.00010037   
  250     0.00211931   
  251     0.00026014   
  252     0.00083128   
  253     0.00027630   
  254     0.00019498   
  255     0.00083545   
  256     0.00015100   
  257     0.00291864   
  258     0.00114681   
  259     0.00048210   
  260     0.00017735   
  261     0.00029201   
  262     0.00031404   
  263     0.00020848   
  264     0.00015604   
  265     0.00042352   
  266     0.00029987   
  267     0.00029742   
  268     0.00044475   
  269     0.00036452   
  270     0.00023740   
  271     0.00149463   
  272     0.00014097   
  273     0.00008330   
  274     0.00028015   
  275     0.00056212   
  276     0.00010064   
  277     0.00013049   
  278     0.00017242   
  279     0.00008688   
  280     0.00017333   
  281     0.00056579   
  282     0.00050331   
  283     0.00118042   
  284     0.00072906   
  285     0.00031435   
  286     0.00232461   
  287     0.00456761   
  288     0.00284975   
  289     0.00343317   
  290     0.00181943   
  291     0.00557210   
  292     0.00084802   
  293     0.00130781   
  294     0.00835514   
  295     0.00210836   
  296     0.00262585   
  297     0.00046284   
  298     0.00093486   
  299     0.00012053   
  300     0.00073249   
  301     0.00007949   
  302     0.00009253   
  303     0.00003312   
  304     0.00002090   
  305     0.00034794   
  306     0.00007082   
  307     0.00005293   
  308     0.00039384   
  309     0.00017636   
  310     0.00007782   
  311     0.00009734   
  312     0.00021317   
  313     0.00014930   
  314     0.00004624   
  315     0.00005225   
  316     0.00038470   
  317     0.00011064   
  318     0.00005186   
  319     0.00023924   
  320     0.00009933   
  321     0.00001410   
  322     0.00006532   
  323     0.00004931   
  324     0.00006433   
  325     0.00004757   
  326     0.00007078   
  327     0.00005949   
  328     0.00002965   
  329     0.00010252   
  330     0.00001843   
  331     0.00005249   
  332     0.00004273   
  333     0.00003159   
  334     0.00019258   
  335     0.00001851   
  336     0.00007843   
  337     0.00017825   
  338     0.00032115   
  339     0.00017766   
  340     0.00024162   
  341     0.00007661   
  342     0.00015321   
  343     0.00109047   
  344     0.00025978   
  345     0.00098205   
  346     0.00091701   
  347     0.00041027   
  348     0.00006766   
  349     0.00040557   
  350     0.00016058   
  351     0.00006285   
  352     0.00011115   
  353     0.00009544   
  354     0.00002321   
  355     0.00001209   
  356     0.00000729   
  357     0.00004531   
  358     0.00002274   
  359     0.00003362   
  360     0.00011535   
  361     0.00023543   
  362     0.00039638   
  363     0.00025364   
  364     0.00003172   
  365     0.00040173   
  366     0.00004406   
  367     0.00008738   
  368     0.00043727   
  369     0.00034815   
  370     0.00040752   
  371     0.00014012   
  372     0.00031060   
  373     0.00141612   
  374     0.00075743   
  375     0.00028117   
  376     0.00026928   
  377     0.00136138   
  378     0.00025645   
  379     0.00021099   
  380     0.00033140   
  381     0.00030640   
  382     0.00024768   
  383     0.00022117   
  384     0.00014465   
  385     0.00016482   
  386     0.00053281   
  387     0.00019794   
  388     0.00052361   
  389     0.00031566   
  390     0.00051646   
  391     0.00032920   
  392     0.00055933   
  393     0.00034507   
  394     0.00030989   
  395     0.00017436   
  396     0.00095029   
  397     0.00102330   
  398     0.00008530   
  399     0.00022770   
  400     0.00021073   
  401     0.00008745   
  402     0.00058221   
  403     0.00016024   
  404     0.00124737   
  405     0.00034947   
  406     0.00026490   
  407     0.00028799   
  408     0.00009217   
  409     0.00025133   
  410     0.00028466   
  411     0.00111303   
  412     0.00037353   
  413     0.00033158   
  414     0.00048109   
  415     0.00042286   
  416     0.00057097   
  417     0.00061878   
  418     0.00156405   
  419     0.00095506   
  420     0.00038886   
  421     0.00017228   
  422     0.00060276   
  423     0.00037827   
  424     0.00084831   
  425     0.00041889   
  426     0.00023401   
  427     0.00007673   
  428     0.00005801   
  429     0.00118430   
  430     0.00005361   
  431     0.00009913   
  432     0.00002314   
  433     0.00011479   
  434     0.00018458   
  435     0.00012129   
  436     0.00041743   
  437     0.00026252   
  438     0.00043997   
  439     0.00025073   
  440     0.00021063   
  441     0.00010888   
  442     0.00035854   
  443     0.00017057   
  444     0.00044073   
  445     0.00022343   
  446     0.00017995   
  447     0.00030947   
  448     0.00016492   
  449     0.00013334   
  450     0.00004828   
  451     0.00017954   
  452     0.00005303   
  453     0.00026327   
  454     0.00072675   
  455     0.00015710   
  456     0.00023432   
  457     0.00036846   
  458     0.00014025   
  459     0.00050331   
  460     0.00022657   
  461     0.00009791   
  462     0.00008277   
  463     0.00009136   
  464     0.00002477   
  465     0.00013835   
  466     0.00001964   
  467     0.00010103   
  468     0.00011579   
  469     0.00005216   
  470     0.00043150   
  471     0.00039577   
  472     0.00011141   
  473     0.00032661   
  474     0.00081696   
  475     0.00006239   
  476     0.00050649   
  477     0.00012683   
  478     0.00066686   
  479     0.00032610   
  480     0.00034428   
  481     0.00077214   
  482     0.00118161   
  483     0.00059957   
  484     0.00024957   
  485     0.00056028   
  486     0.00021675   
  487     0.00032898   
  488     0.00027565   
  489     0.00014151   
  490     0.00020811   
  491     0.00010765   
  492     0.00015705   
  493     0.00007819   
  494     0.00002263   
  495     0.00016862   
  496     0.00014032   
  497     0.00043144   
  498     0.00063763   
  499     0.00021658   
  500     0.00024604   
  501     0.00018287   
  502     0.00021125   
  503     0.00042771   
  504     0.00018947   
  505     0.00016670   
  506     0.00060753   
  507     0.00072740   
  508     0.00013432   
  509     0.00022267   
  510     0.00061243   
  511     0.00041237   
  512     0.00243582   
  513     0.00014645   
  514     0.00052024   
  515     0.00071225   
  516     0.00031811   
  517     0.00012564   
  518     0.00020983   
  519     0.00009482   
  520     0.00007589   
  521     0.00008482   
  522     0.00007937   
  523     0.00007885   
  524     0.00002801   
  525     0.00010308   
  526     0.00018493   
  527     0.00005417   
  528     0.00012711   
  529     0.00012566   
  530     0.00020648   
  531     0.00021496   
  532     0.00001337   
  533     0.00013522   
  534     0.00019185   
  535     0.00007705   
  536     0.00012748   
  537     0.00010492   
  538     0.00002510   
  539     0.00006518   
  540     0.00007338   
  541     0.00001843   
  542     0.00008909   
  543     0.00005556   
  544     0.00004925   
  545     0.00005150   
  546     0.00008197   
  547     0.00005636   
  548     0.00003085   
  549     0.00001577   
  550     0.00009550   
  551     0.00000899   
  552     0.00000648   
  553     0.00001896   
  554     0.00001528   
  555     0.00000698   
  556     0.00001369   
  557     0.00005247   
  558     0.00000730   
  559     0.00001869   
  560     0.00001456   
  561     0.00003678   
  562     0.00005241   
  563     0.00001666   
  564     0.00002377   
  565     0.00001995   
  566     0.00008692   
  567     0.00001588   
  568     0.00004594   
  569     0.00002823   
  570     0.00000858   
  571     0.00001787   
  572     0.00001239   
  573     0.00001642   
  574     0.00000951   
  575     0.00001185   
  576     0.00003736   
  577     0.00000721   
  578     0.00000460   
  579     0.00000775   
  580     0.00000352   
  581     0.00008628   
  582     0.00000840   
  583     0.00001530   
  584     0.00002451   
  585     0.00002842   
  586     0.00002136   
  587     0.00003858   
  588     0.00007320   
  589     0.00002461   
  590     0.00004638   
  591     0.00002838   
  592     0.00008278   
  593     0.00008169   
  594     0.00007352   
  595     0.00012094   
  596     0.00004796   
  597     0.00001696   
  598     0.00004203   
  599     0.00005714   
  600     0.00002709   
  601     0.00002758   
  602     0.00000737   
  603     0.00000364   
  604     0.00000472   
  605     0.00000369   
    1     0.00001850   
    2     0.00001202   
    3     0.00001050   
    4     0.00000818   
    5     0.00001303   
    6     0.00000370   
    7     0.00004540   
    8     0.00001841   
    9     0.00007463   
   10     0.00004761   
   11     0.00004312   
   12     0.00001295   
   13     0.00006680   
   14     0.00014890   
   15     0.00002374   
   16     0.00004067   
   17     0.00023307   
   18     0.00004395   
   19     0.00005299   
   20     0.00005108   
   21     0.00010029   
   22     0.00003768   
   23     0.00014613   
   24     0.00032443   
   25     0.00009170   
   26     0.00014161   
   27     0.00030725   
   28     0.00025412   
   29     0.00010901   
   30     0.00036428   
   31     0.00008343   
   32     0.00005350   
   33     0.00008545   
   34     0.00014003   
   35     0.00004725   
   36     0.00005867   
   37     0.00013509   
   38     0.00005767   
   39     0.00004117   
   40     0.00004995   
   41     0.00004928   
   42     0.00003350   
   43     0.00002498   
   44     0.00024075   
   45     0.00003652   
   46     0.00004851   
   47     0.00026231   
   48     0.00049793   
   49     0.00005127   
   50     0.00013444   
   51     0.00020808   
   52     0.00009598   
   53     0.00001903   
   54     0.00002223   
   55     0.00002044   
   56     0.00003291   
   57     0.00017799   
   58     0.00001224   
   59     0.00001605   
   60     0.00002816   
   61     0.00001803   
   62     0.00003344   
   63     0.00015104   
   64     0.00003607   
   65     0.00002295   
   66     0.00005008   
   67     0.00004220   
   68     0.00003069   
   69     0.00005660   
   70     0.00000799   
   71     0.00003232   
   72     0.00001203   
   73     0.00001694   
   74     0.00002411   
   75     0.00003324   
   76     0.00002688   
   77     0.00002983   
   78     0.00002742   
   79     0.00004316   
   80     0.00002948   
   81     0.00005761   
   82     0.00002024   
   83     0.00006532   
   84     0.00004013   
   85     0.00010384   
   86     0.00009270   
   87     0.00006778   
   88     0.00002029   
   89     0.00005257   
   90     0.00007471   
   91     0.00003917   
   92     0.00002586   
   93     0.00010118   
   94     0.00004585   
   95     0.00007027   
   96     0.00013815   
   97     0.00003181   
   98     0.00027137   
   99     0.00011354   
  100     0.00003831   
  101     0.00002378   
  102     0.00004422   
  103     0.00002953   
  104     0.00001035   
  105     0.00001140   
  106     0.00000860   
  107     0.00001109   
  108     0.00000228   
  109     0.00000454   
  110     0.00000562   
  111     0.00000683   
  112     0.00000990   
  113     0.00001795   
  114     0.00002144   
  115     0.00003087   
  116     0.00000837   
  117     0.00003698   
  118     0.00004693   
  119     0.00000864   
  120     0.00005626   
  121     0.00003702   
  122     0.00013767   
  123     0.00007792   
  124     0.00001376   
  125     0.00009029   
  126     0.00005050   
  127     0.00004357   
  128     0.00011991   
  129     0.00013483   
  130     0.00004856   
  131     0.00011270   
  132     0.00023529   
  133     0.00015394   
  134     0.00003468   
  135     0.00009473   
  136     0.00012714   
  137     0.00009526   
  138     0.00003244   
  139     0.00001012   
  140     0.00000692   
  141     0.00001342   
  142     0.00001315   
  143     0.00001415   
  144     0.00002385   
  145     0.00002538   
  146     0.00001789   
  147     0.00000353   
  148     0.00000531   
  149     0.00000670   
  150     0.00004428   
  151     0.00001544   
  152     0.00001712   
  153     0.00001115   
  154     0.00001326   
  155     0.00001982   
  156     0.00002868   
  157     0.00007932   
  158     0.00031256   
  159     0.00008156   
  160     0.00009436   
  161     0.00000564   
  162     0.00002016   
  163     0.00000703   
  164     0.00000973   
  165     0.00001609   
  166     0.00001067   
  167     0.00001942   
  168     0.00000523   
  169     0.00003149   
  170     0.00000590   
  171     0.00003474   
  172     0.00002864   
  173     0.00001526   
  174     0.00003247   
  175     0.00002669   
  176     0.00001702   
  177     0.00005267   
  178     0.00001669   
  179     0.00007635   
  180     0.00005010   
  181     0.00000884   
  182     0.00000322   
  183     0.00000210   
  184     0.00002026   
  185     0.00000929   
  186     0.00000513   
  187     0.00010851   
  188     0.00003479   
  189     0.00003026   
  190     0.00001455   
  191     0.00001056   
  192     0.00001497   
  193     0.00004783   
  194     0.00003239   
  195     0.00001411   
  196     0.00005787   
  197     0.00012956   
  198     0.00007913   
  199     0.00000525   
  200     0.00039515   
  201     0.00013338   
  202     0.00035426   
  203     0.00019135   
  204     0.00021935   
  205     0.00000419   
  206     0.00006520   
  207     0.00005768   
  208     0.00010897   
  209     0.00008704   
  210     0.00010901   
  211     0.00006264   
  212     0.00002768   
  213     0.00001307   
  214     0.00002878   
  215     0.00001033   
  216     0.00001575   
  217     0.00001248   
  218     0.00001149   
  219     0.00003176   
  220     0.00007193   
  221     0.00006422   
  222     0.00013300   
  223     0.00009111   
  224     0.00014750   
  225     0.00011357   
  226     0.00014630   
  227     0.00009277   
  228     0.00020550   
  229     0.00007499   
  230     0.00004734   
  231     0.00002793   
  232     0.00003532   
  233     0.00003911   
  234     0.00027805   
  235     0.00014544   
  236     0.00040165   
  237     0.00015967   
  238     0.00015228   
  239     0.00021027   
  240     0.00004063   
  241     0.00007555   
  242     0.00002581   
  243     0.00004341   
  244     0.00002739   
  245     0.00005877   
  246     0.00009194   
  247     0.00011411   
  248     0.00031459   
  249     0.00023781   
  250     0.00037047   
  251     0.00009804   
  252     0.00034332   
  253     0.00013544   
  254     0.00013318   
  255     0.00003673   
  256     0.00003672   
  257     0.00003015   
  258     0.00005558   
  259     0.00005178   
  260     0.00014129   
  261     0.00045923   
  262     0.00016312   
  263     0.00006222   
  264     0.00015878   
  265     0.00013018   
  266     0.00023691   
  267     0.00011349   
  268     0.00006676   
  269     0.00015200   
  270     0.00030562   
  271     0.00010826   
  272     0.00031566   
  273     0.00004818   
  274     0.00005486   
  275     0.00005260   
  276     0.00006974   
  277     0.00007180   
  278     0.00021670   
  279     0.00014014   
  280     0.00014786   
  281     0.00183875   
  282     0.00012147   
  283     0.00049263   
  284     0.00637479   
  285     0.00423751   
  286     0.00255339   
  287     0.00336707   
  288     0.00913141   
  289     0.00124759   
  290     0.00224277   
  291     0.00596477   
  292     0.00253606   
  293     0.00414912   
  294     0.00205702   
  295     0.00010312   
  296     0.00012992   
  297     0.00007327   
  298     0.00021652   
  299     0.00019714   
  300     0.00004878   
  301     0.00008021   
  302     0.00008001   
  303     0.00004676   
  304     0.00028545   
  305     0.00015919   
  306     0.00012359   
  307     0.00032239   
  308     0.00002130   
  309     0.00069058   
  310     0.00018877   
  311     0.00073581   
  312     0.00038591   
  313     0.00028030   
  314     0.00018122   
  315     0.00048539   
  316     0.00023752   
  317     0.00040593   
  318     0.00019469   
  319     0.00122574   
  320     0.00096057   
  321     0.00007632   
  322     0.00003827   
  323     0.00006396   
  324     0.00010812   
  325     0.00005713   
  326     0.00008339   
  327     0.00007557   
  328     0.00005351   
  329     0.00014332   
  330     0.00014914   
  331     0.00020681   
  332     0.00024334   
  333     0.00028107   
  334     0.00013700   
  335     0.00003663   
  336     0.00001664   
  337     0.00000380   
  338     0.00016228   
  339     0.00020100   
  340     0.00042065   
  341     0.00004554   
  342     0.00041960   
  343     0.00040011   
  344     0.00058217   
  345     0.00032746   
  346     0.00015711   
  347     0.00009972   
  348     0.00024180   
  349     0.00035356   
  350     0.00016870   
  351     0.00009884   
  352     0.00015926   
  353     0.00017036   
  354     0.00015402   
  355     0.00015507   
  356     0.00009539   
  357     0.00031752   
  358     0.00001768   
  359     0.00001724   
  360     0.00007166   
  361     0.00016182   
  362     0.00009022   
  363     0.00022951   
  364     0.00006595   
  365     0.00003414   
  366     0.00003520   
  367     0.00003887   
  368     0.00022272   
  369     0.00006769   
  370     0.00023762   
  371     0.00040825   
  372     0.00022815   
  373     0.00020633   
  374     0.00032775   
  375     0.00067647   
  376     0.00020278   
  377     0.00068823   
  378     0.00242167   
  379     0.00045362   
  380     0.00049395   
  381     0.00031660   
  382     0.00048695   
  383     0.00040625   
  384     0.00016711   
  385     0.00016585   
  386     0.00069351   
  387     0.00038724   
  388     0.00011417   
  389     0.00007954   
  390     0.00052699   
  391     0.00096928   
  392     0.00145644   
  393     0.00025352   
  394     0.00043989   
  395     0.00012996   
  396     0.00011661   
  397     0.00037774   
  398     0.00033432   
  399     0.00090229   
  400     0.00034472   
  401     0.00063162   
  402     0.00019579   
  403     0.00022245   
  404     0.00008979   
  405     0.00008975   
  406     0.00003939   
  407     0.00004796   
  408     0.00001753   
  409     0.00003983   
  410     0.00007324   
  411     0.00005003   
  412     0.00031312   
  413     0.00039916   
  414     0.00007259   
  415     0.00019589   
  416     0.00027191   
  417     0.00001753   
  418     0.00003883   
  419     0.00009527   
  420     0.00014534   
  421     0.00004556   
  422     0.00005778   
  423     0.00040352   
  424     0.00023126   
  425     0.00021586   
  426     0.00041782   
  427     0.00058595   
  428     0.00086616   
  429     0.00219708   
  430     0.00082917   
  431     0.00027493   
  432     0.00028582   
  433     0.00036234   
  434     0.00121530   
  435     0.00109375   
  436     0.00031873   
  437     0.00020376   
  438     0.00015565   
  439     0.00041662   
  440     0.00016193   
  441     0.00041867   
  442     0.00029253   
  443     0.00035308   
  444     0.00065164   
  445     0.00092506   
  446     0.00038637   
  447     0.00075068   
  448     0.00036898   
  449     0.00042307   
  450     0.00027131   
  451     0.00016000   
  452     0.00017379   
  453     0.00014532   
  454     0.00012941   
  455     0.00022820   
  456     0.00022086   
  457     0.00014260   
  458     0.00022129   
  459     0.00011893   
  460     0.00039684   
  461     0.00036031   
  462     0.00038338   
  463     0.00144939   
  464     0.00056168   
  465     0.00019116   
  466     0.00296821   
  467     0.00017007   
  468     0.00035875   
  469     0.00034158   
  470     0.00008669   
  471     0.00028418   
  472     0.00110405   
  473     0.00034230   
  474     0.00011311   
  475     0.00091247   
  476     0.00028429   
  477     0.00019670   
  478     0.00087479   
  479     0.00018247   
  480     0.00101246   
  481     0.00151509   
  482     0.00014616   
  483     0.00015527   
  484     0.00104154   
  485     0.00033221   
  486     0.00061014   
  487     0.00152628   
  488     0.00050265   
  489     0.00376818   
  490     0.00042847   
  491     0.00034653   
  492     0.00125900   
  493     0.00108124   
  494     0.00013984   
  495     0.00077961   
  496     0.00038814   
  497     0.00016677   
  498     0.00047996   
  499     0.00045769   
  500     0.00027033   
  501     0.00101062   
  502     0.00068857   
  503     0.00031618   
  504     0.00020960   
  505     0.00066853   
  506     0.00047193   
  507     0.00040648   
  508     0.00239682   
  509     0.00016517   
  510     0.00016303   
  511     0.00048926   
  512     0.00025424   
  513     0.00010661   
  514     0.00007900   
  515     0.00010970   
  516     0.00020568   
  517     0.00004699   
  518     0.00011435   
  519     0.00115328   
  520     0.00003153   
  521     0.00002830   
  522     0.00024723   
  523     0.00022923   
  524     0.00018752   
  525     0.00028189   
  526     0.00025206   
  527     0.00043440   
  528     0.00025580   
  529     0.00009096   
  530     0.00165737   
  531     0.00055425   
  532     0.00119733   
  533     0.00115802   
  534     0.00113923   
  535     0.00081518   
  536     0.00023604   
  537     0.00021655   
  538     0.00028484   
  539     0.00046580   
  540     0.00039064   
  541     0.00036008   
  542     0.00111146   
  543     0.00103348   
  544     0.00036789   
  545     0.00147712   
  546     0.00072456   
  547     0.00051561   
  548     0.00085755   
  549     0.00439765   
  550     0.00023097   
  551     0.00241603   
  552     0.00136872   
  553     0.00373808   
  554     0.00045467   
  555     0.00058030   
  556     0.00042700   
  557     0.00022961   
  558     0.00026591   
  559     0.00005476   
  560     0.00033218   
  561     0.00124809   
  562     0.00175017   
  563     0.00101301   
  564     0.00206474   
  565     0.00031080   
  566     0.00020248   
  567     0.00082344   
  568     0.00012085   
  569     0.00011402   
  570     0.00024396   
  571     0.00024366   
  572     0.00084576   
  573     0.00034147   
  574     0.00110158   
  575     0.00034499   
  576     0.00037958   
  577     0.00034947   
  578     0.00025542   
  579     0.00170802   
  580     0.00016468   
  581     0.00310387   
  582     0.00049085   
  583     0.00180046   
  584     0.00114280   
  585     0.00082268   
  586     0.00053687   
  587     0.00015130   
  588     0.00201490   
  589     0.00048403   
  590     0.00181715   
  591     0.00053439   
  592     0.00035579   
  593     0.00059880   
  594     0.00108641   
  595     0.00069097   
  596     0.00030257   
  597     0.00019381   
  598     0.00045564   
  599     0.00049519   
  600     0.00018319   
  601     0.00011913   
  602     0.00038532   
  603     0.00055840   
  604     0.00067837   
  605     0.00138534   
  606     0.00021712   
  607     0.00007527   
  608     0.00031684   
  609     0.00013929   
  610     0.00025540   
  611     0.00018456   
  612     0.00027147   
  613     0.00017758   
  614     0.00049629   
  615     0.00049861   
  616     0.00062847   
  617     0.00098331   
  618     0.00112653   
  619     0.00147418   
  620     0.00049547   
  621     0.00305944   
  622     0.00058457   
  623     0.00081609   
  624     0.00018998   
    1     0.00000717   
    2     0.00000819   
    3     0.00002145   
    4     0.00000772   
    5     0.00003229   
    6     0.00001405   
    7     0.00007288   
    8     0.00009219   
    9     0.00018082   
   10     0.00006403   
   11     0.00004077   
   12     0.00001614   
   13     0.00013887   
   14     0.00031878   
   15     0.00003968   
   16     0.00009027   
   17     0.00011304   
   18     0.00003556   
   19     0.00008580   
   20     0.00007823   
   21     0.00004676   
   22     0.00002790   
   23     0.00016601   
   24     0.00014397   
   25     0.00002895   
   26     0.00007954   
   27     0.00030149   
   28     0.00012947   
   29     0.00165428   
   30     0.00066002   
   31     0.00025056   
   32     0.00030555   
   33     0.00027771   
   34     0.00041066   
   35     0.00040342   
   36     0.00041026   
   37     0.00144733   
   38     0.00014317   
   39     0.00017392   
   40     0.00038545   
   41     0.00038623   
   42     0.00029953   
   43     0.00042205   
   44     0.00123755   
   45     0.00099777   
   46     0.00068153   
   47     0.00090103   
   48     0.00056684   
   49     0.00026867   
   50     0.00011089   
   51     0.00022813   
   52     0.00002075   
   53     0.00001767   
   54     0.00004497   
   55     0.00000847   
   56     0.00035955   
   57     0.00025652   
   58     0.00021796   
   59     0.00004879   
   60     0.00014698   
   61     0.00001927   
   62     0.00016124   
   63     0.00030565   
   64     0.00025354   
   65     0.00013989   
   66     0.00051801   
   67     0.00043922   
   68     0.00025835   
   69     0.00059051   
   70     0.00011842   
   71     0.00050676   
   72     0.00026312   
   73     0.00024519   
   74     0.00045658   
   75     0.00029763   
   76     0.00048233   
   77     0.00046175   
   78     0.00021512   
   79     0.00052181   
   80     0.00033767   
   81     0.00077518   
   82     0.00049825   
   83     0.00057875   
   84     0.00021120   
   85     0.00002396   
   86     0.00012027   
   87     0.00003856   
   88     0.00003534   
   89     0.00005377   
   90     0.00021482   
   91     0.00024747   
   92     0.00012207   
   93     0.00006235   
   94     0.00044469   
   95     0.00035762   
   96     0.00035248   
   97     0.00018116   
   98     0.00081454   
   99     0.00028548   
  100     0.00078659   
  101     0.00018540   
  102     0.00010799   
  103     0.00021556   
  104     0.00018885   
  105     0.00012008   
  106     0.00005568   
  107     0.00004884   
  108     0.00016586   
  109     0.00007988   
  110     0.00007758   
  111     0.00012127   
  112     0.00029599   
  113     0.00007665   
  114     0.00037113   
  115     0.00017838   
  116     0.00020862   
  117     0.00040409   
  118     0.00152305   
  119     0.00010424   
  120     0.00015772   
  121     0.00034873   
  122     0.00081817   
  123     0.00020586   
  124     0.00010265   
  125     0.00054995   
  126     0.00029857   
  127     0.00026877   
  128     0.00031895   
  129     0.00020634   
  130     0.00041756   
  131     0.00039964   
  132     0.00030346   
  133     0.00077997   
  134     0.00004083   
  135     0.00009161   
  136     0.00047827   
  137     0.00026025   
  138     0.00048441   
  139     0.00008773   
  140     0.00036134   
  141     0.00018049   
  142     0.00009364   
  143     0.00003859   
  144     0.00026573   
  145     0.00011534   
  146     0.00002965   
  147     0.00001664   
  148     0.00003926   
  149     0.00003072   
  150     0.00004860   
  151     0.00004160   
  152     0.00007400   
  153     0.00010119   
  154     0.00049620   
  155     0.00012930   
  156     0.00021741   
  157     0.00018916   
  158     0.00108551   
  159     0.00025244   
  160     0.00022482   
  161     0.00016707   
  162     0.00016941   
  163     0.00014902   
  164     0.00006505   
  165     0.00004139   
  166     0.00001771   
  167     0.00003230   
  168     0.00004488   
  169     0.00007499   
  170     0.00004769   
  171     0.00015410   
  172     0.00048258   
  173     0.00026387   
  174     0.00030474   
  175     0.00045238   
  176     0.00026356   
  177     0.00070140   
  178     0.00029296   
  179     0.00051196   
  180     0.00059902   
  181     0.00037569   
  182     0.00004508   
  183     0.00014055   
  184     0.00040823   
  185     0.00015493   
  186     0.00007936   
  187     0.00192353   
  188     0.00063948   
  189     0.00041935   
  190     0.00010570   
  191     0.00013821   
  192     0.00024350   
  193     0.00051214   
  194     0.00017838   
  195     0.00005663   
  196     0.00051743   
  197     0.00047461   
  198     0.00005986   
  199     0.00004782   
  200     0.00047711   
  201     0.00021934   
  202     0.00144377   
  203     0.00071445   
  204     0.00101698   
  205     0.00037398   
  206     0.00060123   
  207     0.00020598   
  208     0.00033182   
  209     0.00028129   
  210     0.00065812   
  211     0.00057092   
  212     0.00072646   
  213     0.00084722   
  214     0.00020679   
  215     0.00050543   
  216     0.00026067   
  217     0.00018025   
  218     0.00007335   
  219     0.00049513   
  220     0.00010828   
  221     0.00099650   
  222     0.00049277   
  223     0.00049619   
  224     0.00026790   
  225     0.00020440   
  226     0.00006096   
  227     0.00025535   
  228     0.00010628   
  229     0.00025267   
  230     0.00017077   
  231     0.00015765   
  232     0.00071860   
  233     0.00066243   
  234     0.00045649   
  235     0.00020767   
  236     0.00002619   
  237     0.00015249   
  238     0.00115000   
  239     0.00018155   
  240     0.00015973   
  241     0.00072163   
  242     0.00091575   
  243     0.00035474   
  244     0.00036665   
  245     0.00252969   
  246     0.00128065   
  247     0.00048995   
  248     0.00124425   
  249     0.00051050   
  250     0.00077757   
  251     0.00074624   
  252     0.00186424   
  253     0.00068299   
  254     0.00034879   
  255     0.00161253   
  256     0.00049446   
  257     0.00039684   
  258     0.00011179   
  259     0.00010336   
  260     0.00041610   
  261     0.00105365   
  262     0.00028613   
  263     0.00105093   
  264     0.00027279   
  265     0.00019591   
  266     0.00166487   
  267     0.00007459   
  268     0.00055827   
  269     0.00009676   
  270     0.00053911   
  271     0.00018183   
  272     0.00049765   
  273     0.00049938   
  274     0.00045430   
  275     0.00007700   
  276     0.00065022   
  277     0.00007748   
  278     0.00013210   
  279     0.00011615   
  280     0.00007726   
  281     0.00188062   
  282     0.00017995   
  283     0.00075177   
  284     0.00841197   
  285     0.00480503   
  286     0.00325444   
  287     0.00416948   
  288     0.01136973   
  289     0.00173228   
  290     0.00316839   
  291     0.00794132   
  292     0.00276756   
  293     0.00513487   
  294     0.00255128   
  295     0.00010878   
  296     0.00027890   
  297     0.00010003   
  298     0.00080281   
  299     0.00069541   
  300     0.00025354   
  301     0.00043713   
  302     0.00033980   
  303     0.00056091   
  304     0.00052290   
  305     0.00161770   
  306     0.00068197   
  307     0.00035714   
  308     0.00006405   
  309     0.00101085   
  310     0.00022207   
  311     0.00063508   
  312     0.00010754   
  313     0.00032973   
  314     0.00025847   
  315     0.00058888   
  316     0.00037524   
  317     0.00055526   
  318     0.00036320   
  319     0.00175936   
  320     0.00100756   
  321     0.00009781   
  322     0.00017702   
  323     0.00028864   
  324     0.00005596   
  325     0.00025151   
  326     0.00043114   
  327     0.00017194   
  328     0.00020165   
  329     0.00015821   
  330     0.00006116   
  331     0.00002552   
  332     0.00027414   
  333     0.00002847   
  334     0.00003466   
  335     0.00001015   
  336     0.00014281   
  337     0.00000955   
  338     0.00000908   
  339     0.00004066   
  340     0.00008834   
  341     0.00000771   
  342     0.00001682   
  343     0.00000683   
  344     0.00003129   
  345     0.00006616   
  346     0.00003408   
  347     0.00004782   
  348     0.00044636   
  349     0.00007561   
  350     0.00007687   
  351     0.00007356   
  352     0.00032709   
  353     0.00024720   
  354     0.00060586   
  355     0.00097616   
  356     0.00037202   
  357     0.00049718   
  358     0.00024811   
  359     0.00026341   
  360     0.00003830   
  361     0.00039374   
  362     0.00007087   
  363     0.00076021   
  364     0.00011719   
  365     0.00011786   
  366     0.00009078   
  367     0.00006831   
  368     0.00015409   
  369     0.00011835   
  370     0.00038680   
  371     0.00035735   
  372     0.00055625   
  373     0.00038545   
  374     0.00037621   
  375     0.00183674   
  376     0.00029398   
  377     0.00116968   
  378     0.00335019   
  379     0.00113635   
  380     0.00061719   
  381     0.00040995   
  382     0.00078992   
  383     0.00022804   
  384     0.00011467   
  385     0.00029314   
  386     0.00037118   
  387     0.00019006   
  388     0.00027410   
  389     0.00025977   
  390     0.00014022   
  391     0.00011424   
  392     0.00057560   
  393     0.00015718   
  394     0.00038877   
  395     0.00032003   
  396     0.00027494   
  397     0.00071520   
  398     0.00103732   
  399     0.00147913   
  400     0.00083456   
  401     0.00172206   
  402     0.00022058   
  403     0.00022592   
  404     0.00016184   
  405     0.00017762   
  406     0.00014523   
  407     0.00003646   
  408     0.00004815   
  409     0.00003993   
  410     0.00014053   
  411     0.00004834   
  412     0.00034977   
  413     0.00072343   
  414     0.00061756   
  415     0.00072099   
  416     0.00084490   
  417     0.00006867   
  418     0.00048463   
  419     0.00114460   
  420     0.00068098   
  421     0.00026968   
  422     0.00055313   
  423     0.00401336   
  424     0.00099950   
  425     0.00358545   
  426     0.00461654   
  427     0.00581660   
  428     0.00361402   
  429     0.00608084   
  430     0.00231329   
  431     0.00029506   
  432     0.00037732   
  433     0.00035703   
  434     0.00058615   
  435     0.00100090   
  436     0.00046592   
  437     0.00013386   
  438     0.00015245   
  439     0.00032930   
  440     0.00004342   
  441     0.00030026   
  442     0.00027887   
  443     0.00014969   
  444     0.00051292   
  445     0.00053190   
  446     0.00044176   
  447     0.00044594   
  448     0.00027366   
  449     0.00030875   
  450     0.00123335   
  451     0.00026329   
  452     0.00021479   
  453     0.00008825   
  454     0.00004137   
  455     0.00131704   
  456     0.00063593   
  457     0.00015165   
  458     0.00012590   
  459     0.00007840   
  460     0.00010738   
  461     0.00016188   
  462     0.00022191   
  463     0.00076740   
  464     0.00018448   
  465     0.00010193   
  466     0.00124511   
  467     0.00024145   
  468     0.00017632   
  469     0.00011185   
  470     0.00009781   
  471     0.00009520   
  472     0.00075502   
  473     0.00024262   
  474     0.00024414   
  475     0.00196525   
  476     0.00064977   
  477     0.00047985   
  478     0.00192955   
  479     0.00039800   
  480     0.00121246   
  481     0.00487822   
  482     0.00049897   
  483     0.00021845   
  484     0.00060361   
  485     0.00061824   
  486     0.00095492   
  487     0.00045647   
  488     0.00086158   
  489     0.00890964   
  490     0.00164082   
  491     0.00174052   
  492     0.00459091   
  493     0.00140629   
  494     0.00049773   
  495     0.00387565   
  496     0.00159088   
  497     0.00071814   
  498     0.00198796   
  499     0.00125435   
  500     0.00119069   
  501     0.00245573   
  502     0.00211854   
  503     0.00151589   
  504     0.00077898   
  505     0.00370474   
  506     0.00138494   
  507     0.00139011   
  508     0.00521322   
  509     0.00084918   
  510     0.00021103   
  511     0.00078832   
  512     0.00018516   
  513     0.00028247   
  514     0.00020562   
  515     0.00033080   
  516     0.00016700   
  517     0.00009880   
  518     0.00012225   
  519     0.00060204   
  520     0.00013446   
  521     0.00003347   
  522     0.00036112   
  523     0.00046239   
  524     0.00024539   
  525     0.00063301   
  526     0.00035391   
  527     0.00257066   
  528     0.00124254   
  529     0.00015843   
  530     0.00402515   
  531     0.00119437   
  532     0.00038791   
  533     0.00038048   
  534     0.00048464   
  535     0.00029909   
  536     0.00051574   
  537     0.00013660   
  538     0.00028246   
  539     0.00055416   
  540     0.00167353   
  541     0.00083221   
  542     0.00019032   
  543     0.00027880   
  544     0.00003530   
  545     0.00010298   
  546     0.00106388   
  547     0.00041960   
  548     0.00032162   
  549     0.00279442   
  550     0.00022492   
  551     0.00022483   
  552     0.00034259   
  553     0.00070903   
  554     0.00082163   
  555     0.00006558   
  556     0.00012717   
  557     0.00011514   
  558     0.00006754   
  559     0.00021046   
  560     0.00014424   
  561     0.00016852   
  562     0.00052901   
  563     0.00056812   
  564     0.00136039   
  565     0.00092899   
  566     0.00200885   
  567     0.00195526   
  568     0.00080366   
  569     0.00055765   
  570     0.00032930   
  571     0.00045322   
  572     0.00179284   
  573     0.00024725   
  574     0.00034255   
  575     0.00057257   
  576     0.00063393   
  577     0.00124404   
  578     0.00098539   
  579     0.00202748   
  580     0.00076733   
  581     0.00551652   
  582     0.00079261   
  583     0.00225828   
  584     0.00162928   
  585     0.00130547   
  586     0.00124683   
  587     0.00033148   
  588     0.00477529   
  589     0.00126769   
  590     0.00164720   
  591     0.00186764   
  592     0.00111616   
  593     0.00100404   
  594     0.00087500   
  595     0.00115484   
  596     0.00030937   
  597     0.00038906   
  598     0.00029975   
  599     0.00027437   
  600     0.00017609   
  601     0.00009358   
  602     0.00026021   
  603     0.00019071   
  604     0.00033257   
  605     0.00032252   
  606     0.00007341   
  607     0.00008677   
  608     0.00038352   
  609     0.00019135   
  610     0.00062446   
  611     0.00013682   
  612     0.00027609   
  613     0.00018327   
  614     0.00052054   
  615     0.00111376   
  616     0.00117990   
  617     0.00325483   
  618     0.00215788   
  619     0.00332771   
  620     0.00122699   
  621     0.00680270   
  622     0.00116667   
  623     0.00180344   
  624     0.00036231   
