    1     0.00037802   
    2     0.00010580   
    3     0.00048380   
    4     0.00007462   
    5     0.00025585   
    6     0.00008468   
    7     0.00012349   
    8     0.00006540   
    9     0.00036752   
   10     0.00033690   
   11     0.00190526   
   12     0.00216625   
   13     0.00109492   
   14     0.00035529   
   15     0.00043807   
   16     0.00055006   
   17     0.00059511   
   18     0.00047300   
   19     0.00046914   
   20     0.00002886   
   21     0.00006767   
   22     0.00037500   
   23     0.00005954   
   24     0.00011658   
   25     0.00015669   
   26     0.00061320   
   27     0.00053988   
   28     0.00051312   
   29     0.00033001   
   30     0.00004384   
   31     0.00015817   
   32     0.00010815   
   33     0.00051029   
   34     0.00110178   
   35     0.00043272   
   36     0.00030743   
   37     0.00053134   
   38     0.00037115   
   39     0.00073368   
   40     0.00022938   
   41     0.00018791   
   42     0.00005587   
   43     0.00018048   
   44     0.00004445   
   45     0.00002568   
   46     0.00004737   
   47     0.00012601   
   48     0.00060094   
   49     0.00018788   
   50     0.00075815   
   51     0.00018625   
   52     0.00040771   
   53     0.00011892   
   54     0.00022617   
   55     0.00033114   
   56     0.00005830   
   57     0.00005503   
   58     0.00003399   
   59     0.00010608   
   60     0.00001518   
   61     0.00002473   
   62     0.00006566   
   63     0.00000799   
   64     0.00004435   
   65     0.00034052   
   66     0.00018256   
   67     0.00076940   
   68     0.00018621   
   69     0.00023675   
   70     0.00057833   
   71     0.00008524   
   72     0.00023445   
   73     0.00010230   
   74     0.00076129   
   75     0.00098063   
   76     0.00017136   
   77     0.00014446   
   78     0.00058317   
   79     0.00050071   
   80     0.00004799   
   81     0.00444820   
   82     0.00061887   
   83     0.00018442   
   84     0.00007307   
   85     0.00019644   
   86     0.00008236   
   87     0.00006383   
   88     0.00006019   
   89     0.00020955   
   90     0.00004966   
   91     0.00006718   
   92     0.00000995   
   93     0.00012631   
   94     0.00001662   
   95     0.00006692   
   96     0.00005310   
   97     0.00003549   
   98     0.00002653   
   99     0.00010425   
  100     0.00003895   
  101     0.00018341   
  102     0.00003669   
  103     0.00005881   
  104     0.00001170   
  105     0.00003073   
  106     0.00002834   
  107     0.00000143   
  108     0.00001153   
  109     0.00002326   
  110     0.00002048   
  111     0.00005961   
  112     0.00004688   
  113     0.00011478   
  114     0.00002734   
  115     0.00009687   
  116     0.00013829   
  117     0.00010333   
  118     0.00094254   
  119     0.00031077   
  120     0.00015428   
  121     0.00013144   
  122     0.00089902   
  123     0.00027941   
  124     0.00043235   
  125     0.00014124   
  126     0.00007884   
  127     0.00083341   
  128     0.00001400   
  129     0.00007322   
  130     0.00014310   
  131     0.00000835   
  132     0.00001588   
  133     0.00001192   
  134     0.00003928   
  135     0.00015046   
  136     0.00003271   
  137     0.00004112   
  138     0.00013224   
  139     0.00039187   
  140     0.00034928   
  141     0.00009633   
  142     0.00060152   
  143     0.00101412   
  144     0.00053398   
  145     0.00135097   
  146     0.00059218   
  147     0.00128130   
  148     0.00022338   
  149     0.00030957   
  150     0.00049134   
  151     0.00079673   
  152     0.00052468   
  153     0.00029813   
  154     0.00032605   
  155     0.00061406   
  156     0.00017575   
  157     0.00017764   
  158     0.00004720   
  159     0.00001791   
  160     0.00001568   
  161     0.00007565   
  162     0.00004792   
  163     0.00007195   
  164     0.00013165   
  165     0.00037153   
  166     0.00020949   
  167     0.00095107   
  168     0.00106707   
  169     0.00152759   
  170     0.00054368   
  171     0.00028842   
  172     0.00093015   
  173     0.00040820   
  174     0.00012291   
  175     0.00030954   
  176     0.00028873   
  177     0.00019459   
  178     0.00003715   
  179     0.00032211   
  180     0.00003139   
  181     0.00008544   
  182     0.00003509   
  183     0.00002931   
  184     0.00001098   
  185     0.00001061   
  186     0.00014529   
  187     0.00003893   
  188     0.00023970   
  189     0.00025977   
  190     0.00020698   
  191     0.00010193   
  192     0.00039271   
  193     0.00086339   
  194     0.00093964   
  195     0.00072216   
  196     0.00285919   
  197     0.00094425   
  198     0.00215705   
  199     0.00116623   
  200     0.00109542   
  201     0.00154552   
  202     0.00062605   
  203     0.00066874   
  204     0.00032559   
  205     0.00036806   
  206     0.00061934   
  207     0.00042819   
  208     0.00006989   
  209     0.00006116   
  210     0.00034970   
  211     0.00015853   
  212     0.00008046   
  213     0.00008351   
  214     0.00009024   
  215     0.00018599   
  216     0.00034101   
  217     0.00025169   
  218     0.00020748   
  219     0.00030693   
  220     0.00062448   
  221     0.00109669   
  222     0.00142969   
  223     0.00177023   
  224     0.00145214   
  225     0.00503859   
  226     0.00181373   
  227     0.00323223   
  228     0.00047764   
  229     0.00043165   
  230     0.00185466   
  231     0.00221604   
  232     0.00160245   
  233     0.00089327   
  234     0.00162608   
  235     0.00228725   
  236     0.00186180   
  237     0.00124120   
  238     0.00122587   
  239     0.00123428   
  240     0.00328042   
  241     0.00022541   
  242     0.00030843   
  243     0.00034139   
  244     0.00154373   
  245     0.00007240   
  246     0.00009327   
  247     0.00006513   
  248     0.00036300   
  249     0.00006989   
  250     0.00005786   
  251     0.00017206   
  252     0.00017742   
  253     0.00057040   
  254     0.00020486   
  255     0.00015695   
  256     0.00010899   
  257     0.00019146   
  258     0.00013076   
  259     0.00163627   
  260     0.00060735   
  261     0.00079966   
  262     0.00028807   
  263     0.00159371   
  264     0.00189401   
  265     0.00122619   
  266     0.00047175   
  267     0.00094027   
  268     0.00262593   
  269     0.00095778   
  270     0.00149677   
  271     0.00330530   
  272     0.00283825   
  273     0.00130345   
  274     0.00504054   
  275     0.00791281   
  276     0.00046667   
  277     0.00059435   
  278     0.00059301   
  279     0.00043325   
  280     0.00055601   
  281     0.00053749   
  282     0.00055283   
  283     0.00044667   
  284     0.00021453   
  285     0.00011950   
  286     0.00026036   
  287     0.00007946   
  288     0.00006182   
  289     0.00005278   
  290     0.00001911   
  291     0.00003331   
  292     0.00001765   
  293     0.00002414   
  294     0.00021335   
  295     0.00004471   
  296     0.00063714   
  297     0.00011885   
  298     0.00255146   
  299     0.00032602   
  300     0.00367251   
  301     0.00136859   
  302     0.00345721   
  303     0.00070513   
  304     0.00245515   
  305     0.00267547   
  306     0.00123101   
  307     0.00164719   
  308     0.00106951   
  309     0.00318144   
  310     0.00280379   
  311     0.00403292   
  312     0.00275643   
  313     0.00624837   
  314     0.00102974   
  315     0.00379715   
  316     0.00290690   
  317     0.00247006   
  318     0.00052018   
  319     0.00232877   
  320     0.00045279   
  321     0.00008288   
  322     0.00022349   
  323     0.00065999   
  324     0.00050064   
  325     0.00037459   
  326     0.00091567   
  327     0.00040921   
  328     0.00280759   
  329     0.00030413   
  330     0.00026243   
  331     0.00028578   
  332     0.00008053   
  333     0.00017290   
  334     0.00035403   
  335     0.00003007   
  336     0.00014113   
  337     0.00016435   
  338     0.00014074   
  339     0.00042357   
  340     0.00123716   
  341     0.00127229   
  342     0.00202361   
  343     0.00148467   
  344     0.00114097   
  345     0.00970078   
  346     0.00172443   
  347     0.00104398   
  348     0.00390316   
  349     0.00388747   
  350     0.00014792   
  351     0.00058695   
  352     0.00450066   
  353     0.00084224   
  354     0.00031970   
  355     0.00024047   
  356     0.00074387   
  357     0.00037711   
  358     0.00014919   
  359     0.00009412   
  360     0.00021273   
  361     0.00061470   
  362     0.00041261   
  363     0.00150662   
  364     0.00002577   
  365     0.00019534   
  366     0.00015501   
  367     0.00569217   
  368     0.00306576   
  369     0.00154980   
  370     0.00063994   
  371     0.00048736   
  372     0.00023620   
  373     0.00040030   
  374     0.00011406   
  375     0.00039479   
  376     0.00020024   
  377     0.00056637   
  378     0.00014664   
  379     0.00018135   
  380     0.00055326   
  381     0.00181641   
  382     0.00173673   
  383     0.00114571   
  384     0.00246943   
  385     0.00718751   
  386     0.00305065   
  387     0.00104014   
  388     0.00036577   
  389     0.00040940   
  390     0.00075221   
  391     0.00159089   
  392     0.00241044   
  393     0.00227090   
  394     0.00026699   
  395     0.00047356   
  396     0.00122962   
  397     0.00203630   
  398     0.00031787   
  399     0.00016175   
  400     0.00014905   
  401     0.00008907   
  402     0.00016685   
  403     0.00018725   
  404     0.00031250   
  405     0.00039126   
  406     0.00036534   
  407     0.00022836   
  408     0.00026030   
  409     0.00021837   
  410     0.00012813   
  411     0.00060129   
  412     0.00024706   
  413     0.00007605   
  414     0.00092891   
  415     0.00051770   
  416     0.00215420   
  417     0.00070927   
  418     0.00110996   
  419     0.00055311   
  420     0.00017574   
  421     0.00012496   
  422     0.00021647   
  423     0.00014904   
  424     0.00019897   
  425     0.00007393   
  426     0.00020815   
  427     0.00001194   
  428     0.00000711   
  429     0.00012166   
  430     0.00000716   
  431     0.00001425   
  432     0.00000333   
  433     0.00001359   
  434     0.00002410   
  435     0.00002382   
  436     0.00002025   
  437     0.00006154   
  438     0.00010081   
  439     0.00005389   
  440     0.00010366   
  441     0.00008831   
  442     0.00012073   
  443     0.00024384   
  444     0.00076744   
  445     0.00018337   
  446     0.00019513   
  447     0.00031849   
  448     0.00031947   
  449     0.00017936   
  450     0.00004110   
  451     0.00027571   
  452     0.00021962   
  453     0.00009091   
  454     0.00014411   
  455     0.00002207   
  456     0.00001065   
  457     0.00003991   
  458     0.00002441   
  459     0.00014750   
  460     0.00006804   
  461     0.00001855   
  462     0.00002334   
  463     0.00000320   
  464     0.00000225   
  465     0.00000151   
  466     0.00000252   
  467     0.00001078   
  468     0.00002496   
  469     0.00000137   
  470     0.00001373   
  471     0.00002261   
  472     0.00001729   
  473     0.00014029   
  474     0.00023772   
  475     0.00025833   
  476     0.00036065   
  477     0.00056948   
  478     0.00048305   
  479     0.00106173   
  480     0.00186464   
  481     0.00687225   
  482     0.00023293   
  483     0.00031465   
  484     0.00027891   
  485     0.00053608   
  486     0.00019716   
  487     0.00028361   
  488     0.00019873   
  489     0.00011514   
  490     0.00005425   
  491     0.00000361   
  492     0.00000735   
  493     0.00001804   
  494     0.00000561   
  495     0.00006317   
  496     0.00005972   
  497     0.00014095   
  498     0.00021768   
  499     0.00006509   
  500     0.00010166   
  501     0.00011506   
  502     0.00003862   
  503     0.00067570   
  504     0.00006104   
  505     0.00019726   
  506     0.00033754   
  507     0.00029812   
  508     0.00004521   
  509     0.00003102   
  510     0.00017787   
  511     0.00042766   
  512     0.00136795   
  513     0.00005845   
  514     0.00025952   
  515     0.00047347   
  516     0.00080764   
  517     0.00028392   
  518     0.00016792   
  519     0.00020544   
  520     0.00020526   
  521     0.00006533   
  522     0.00020948   
  523     0.00017013   
  524     0.00020056   
  525     0.00020268   
  526     0.00014575   
  527     0.00042166   
  528     0.00050011   
  529     0.00041005   
  530     0.00102890   
  531     0.00056790   
  532     0.00154068   
  533     0.00024795   
  534     0.00094843   
  535     0.00065524   
  536     0.00068081   
  537     0.00060079   
  538     0.00043949   
  539     0.00020161   
  540     0.00018712   
  541     0.00032996   
  542     0.00040956   
  543     0.00024734   
  544     0.00008836   
  545     0.00028244   
  546     0.00053414   
  547     0.00020290   
  548     0.00004025   
  549     0.00030377   
  550     0.00026851   
  551     0.00006877   
  552     0.00002088   
  553     0.00004386   
  554     0.00002644   
  555     0.00000509   
  556     0.00002272   
  557     0.00013050   
  558     0.00002617   
  559     0.00001401   
  560     0.00000773   
  561     0.00009855   
  562     0.00017709   
  563     0.00004487   
  564     0.00003581   
  565     0.00003620   
  566     0.00012345   
  567     0.00015049   
  568     0.00007102   
  569     0.00012266   
  570     0.00012435   
  571     0.00025512   
  572     0.00005216   
  573     0.00005884   
  574     0.00008678   
  575     0.00019216   
  576     0.00040868   
  577     0.00002268   
  578     0.00008066   
  579     0.00048421   
  580     0.00016554   
  581     0.00026032   
  582     0.00001813   
  583     0.00008929   
  584     0.00008101   
  585     0.00020377   
  586     0.00003830   
  587     0.00007123   
  588     0.00052078   
  589     0.00008976   
  590     0.00005816   
  591     0.00007336   
  592     0.00015567   
  593     0.00003687   
  594     0.00010858   
  595     0.00004157   
  596     0.00005848   
  597     0.00005795   
  598     0.00015591   
  599     0.00009212   
  600     0.00002596   
  601     0.00007175   
  602     0.00002650   
  603     0.00001312   
  604     0.00002260   
  605     0.00001456   
    1     0.00019379   
    2     0.00008685   
    3     0.00006270   
    4     0.00017725   
    5     0.00014502   
    6     0.00021095   
    7     0.00026681   
    8     0.00019472   
    9     0.00006130   
   10     0.00002037   
   11     0.00008931   
   12     0.00010976   
   13     0.00024318   
   14     0.00118016   
   15     0.00038754   
   16     0.00048647   
   17     0.00045576   
   18     0.00014952   
   19     0.00027300   
   20     0.00085429   
   21     0.00043847   
   22     0.00008503   
   23     0.00040011   
   24     0.00059757   
   25     0.00008776   
   26     0.00014041   
   27     0.00054108   
   28     0.00038468   
   29     0.00211973   
   30     0.00259199   
   31     0.00093808   
   32     0.00181479   
   33     0.00077107   
   34     0.00119087   
   35     0.00053564   
   36     0.00075550   
   37     0.00161358   
   38     0.00376813   
   39     0.00110986   
   40     0.00092531   
   41     0.00120101   
   42     0.00088656   
   43     0.00103283   
   44     0.00238284   
   45     0.00124406   
   46     0.00268344   
   47     0.00199915   
   48     0.00251657   
   49     0.00114758   
   50     0.00049257   
   51     0.00140566   
   52     0.00111869   
   53     0.00032406   
   54     0.00008612   
   55     0.00012856   
   56     0.00248366   
   57     0.00092777   
   58     0.00216014   
   59     0.00056890   
   60     0.00017039   
   61     0.00008167   
   62     0.00008410   
   63     0.00034426   
   64     0.00043749   
   65     0.00027373   
   66     0.00067603   
   67     0.00039949   
   68     0.00045470   
   69     0.00078764   
   70     0.00008282   
   71     0.00016920   
   72     0.00001260   
   73     0.00005168   
   74     0.00021847   
   75     0.00022732   
   76     0.00008756   
   77     0.00032478   
   78     0.00104888   
   79     0.00059088   
   80     0.00037212   
   81     0.00086317   
   82     0.00038758   
   83     0.00228541   
   84     0.00026997   
   85     0.00117974   
   86     0.00108332   
   87     0.00033288   
   88     0.00007819   
   89     0.00030116   
   90     0.00068309   
   91     0.00048799   
   92     0.00034399   
   93     0.00123659   
   94     0.00072896   
   95     0.00059215   
   96     0.00180803   
   97     0.00044797   
   98     0.00047003   
   99     0.00044810   
  100     0.00078612   
  101     0.00035441   
  102     0.00048170   
  103     0.00041529   
  104     0.00015434   
  105     0.00019316   
  106     0.00025132   
  107     0.00013021   
  108     0.00003685   
  109     0.00003346   
  110     0.00004153   
  111     0.00002366   
  112     0.00018689   
  113     0.00009669   
  114     0.00009649   
  115     0.00021330   
  116     0.00048254   
  117     0.00050300   
  118     0.00113598   
  119     0.00053953   
  120     0.00037173   
  121     0.00202312   
  122     0.00810696   
  123     0.00172046   
  124     0.00054374   
  125     0.00192531   
  126     0.00171279   
  127     0.00061066   
  128     0.00017089   
  129     0.00046564   
  130     0.00143436   
  131     0.00037148   
  132     0.00139655   
  133     0.00122135   
  134     0.00072301   
  135     0.00062008   
  136     0.00018093   
  137     0.00056972   
  138     0.00048376   
  139     0.00030474   
  140     0.00070029   
  141     0.00051154   
  142     0.00071168   
  143     0.00069646   
  144     0.00256083   
  145     0.00176117   
  146     0.00050954   
  147     0.00034730   
  148     0.00063817   
  149     0.00020977   
  150     0.00045474   
  151     0.00032120   
  152     0.00028739   
  153     0.00048542   
  154     0.00029484   
  155     0.00046987   
  156     0.00019286   
  157     0.00035537   
  158     0.00061926   
  159     0.00078183   
  160     0.00017376   
  161     0.00019900   
  162     0.00050633   
  163     0.00022833   
  164     0.00048335   
  165     0.00024140   
  166     0.00040325   
  167     0.00021509   
  168     0.00005362   
  169     0.00021756   
  170     0.00006671   
  171     0.00070042   
  172     0.00194097   
  173     0.00030573   
  174     0.00038142   
  175     0.00065101   
  176     0.00064884   
  177     0.00061685   
  178     0.00069316   
  179     0.00035194   
  180     0.00020868   
  181     0.00041982   
  182     0.00009700   
  183     0.00012871   
  184     0.00031160   
  185     0.00018859   
  186     0.00025595   
  187     0.00130931   
  188     0.00065598   
  189     0.00028686   
  190     0.00010067   
  191     0.00010516   
  192     0.00088075   
  193     0.00309461   
  194     0.00043572   
  195     0.00133760   
  196     0.00298535   
  197     0.00160216   
  198     0.00130175   
  199     0.00030089   
  200     0.00476692   
  201     0.00068812   
  202     0.00214044   
  203     0.00633686   
  204     0.00250272   
  205     0.00063427   
  206     0.00055840   
  207     0.00020813   
  208     0.00024510   
  209     0.00018913   
  210     0.00046022   
  211     0.00018627   
  212     0.00022330   
  213     0.00022720   
  214     0.00003485   
  215     0.00006686   
  216     0.00001392   
  217     0.00000804   
  218     0.00002211   
  219     0.00007104   
  220     0.00007621   
  221     0.00020977   
  222     0.00011128   
  223     0.00022439   
  224     0.00030085   
  225     0.00011297   
  226     0.00025789   
  227     0.00044658   
  228     0.00032158   
  229     0.00113804   
  230     0.00051287   
  231     0.00124007   
  232     0.00401139   
  233     0.00482433   
  234     0.00248298   
  235     0.00339460   
  236     0.00126263   
  237     0.00106948   
  238     0.00070247   
  239     0.00100886   
  240     0.00030211   
  241     0.00075867   
  242     0.00036706   
  243     0.00119246   
  244     0.00048721   
  245     0.00197454   
  246     0.00191350   
  247     0.00059069   
  248     0.00435405   
  249     0.00153573   
  250     0.00105285   
  251     0.00028188   
  252     0.00040433   
  253     0.00795746   
  254     0.00387068   
  255     0.00240610   
  256     0.00075601   
  257     0.00018424   
  258     0.00112350   
  259     0.00120633   
  260     0.00241394   
  261     0.00309288   
  262     0.00038795   
  263     0.00078004   
  264     0.00098934   
  265     0.00058499   
  266     0.00099052   
  267     0.00203731   
  268     0.00030166   
  269     0.00080685   
  270     0.00046654   
  271     0.00016592   
  272     0.00060711   
  273     0.00035520   
  274     0.00056134   
  275     0.00080229   
  276     0.00086024   
  277     0.00055854   
  278     0.00155504   
  279     0.00058630   
  280     0.00028895   
  281     0.00169543   
  282     0.00178253   
  283     0.00123186   
  284     0.00044013   
  285     0.00041728   
  286     0.00011599   
  287     0.00017290   
  288     0.00068441   
  289     0.00002194   
  290     0.00007888   
  291     0.00004797   
  292     0.00008400   
  293     0.00028967   
  294     0.00024940   
  295     0.00010005   
  296     0.00043007   
  297     0.00067440   
  298     0.00441875   
  299     0.00075194   
  300     0.00040518   
  301     0.00045598   
  302     0.00016753   
  303     0.00267819   
  304     0.00128142   
  305     0.00191403   
  306     0.00112037   
  307     0.00042977   
  308     0.00003259   
  309     0.00016426   
  310     0.00090377   
  311     0.00050270   
  312     0.00080423   
  313     0.00038660   
  314     0.00046188   
  315     0.00075868   
  316     0.00036998   
  317     0.00019169   
  318     0.00051859   
  319     0.00057233   
  320     0.00075737   
  321     0.00077650   
  322     0.00101879   
  323     0.00343202   
  324     0.00045172   
  325     0.00085673   
  326     0.00100592   
  327     0.00022267   
  328     0.00020720   
  329     0.00041803   
  330     0.00038467   
  331     0.00020982   
  332     0.00158663   
  333     0.00209432   
  334     0.00152239   
  335     0.00026140   
  336     0.00048859   
  337     0.00008054   
  338     0.00133291   
  339     0.00040664   
  340     0.00093733   
  341     0.00010261   
  342     0.00052755   
  343     0.00006931   
  344     0.00062147   
  345     0.00024720   
  346     0.00030033   
  347     0.00021230   
  348     0.00016846   
  349     0.00024244   
  350     0.00039041   
  351     0.00017977   
  352     0.00042635   
  353     0.00028822   
  354     0.00042457   
  355     0.00065470   
  356     0.00076788   
  357     0.00031045   
  358     0.00017841   
  359     0.00066889   
  360     0.00061956   
  361     0.00130993   
  362     0.00209803   
  363     0.00101888   
  364     0.00034974   
  365     0.00012443   
  366     0.00005830   
  367     0.00008027   
  368     0.00066006   
  369     0.00012735   
  370     0.00137551   
  371     0.00123015   
  372     0.00238304   
  373     0.00137742   
  374     0.00182596   
  375     0.00095573   
  376     0.00033568   
  377     0.00162332   
  378     0.00191172   
  379     0.00043985   
  380     0.00196630   
  381     0.00081991   
  382     0.00041674   
  383     0.00094576   
  384     0.00012648   
  385     0.00019162   
  386     0.00007429   
  387     0.00032383   
  388     0.00020294   
  389     0.00024968   
  390     0.00011956   
  391     0.00001387   
  392     0.00022395   
  393     0.00005582   
  394     0.00014264   
  395     0.00023599   
  396     0.00026025   
  397     0.00063804   
  398     0.00065515   
  399     0.00101394   
  400     0.00030792   
  401     0.00138287   
  402     0.00074742   
  403     0.00082483   
  404     0.00085207   
  405     0.00035018   
  406     0.00007056   
  407     0.00027640   
  408     0.00002772   
  409     0.00001712   
  410     0.00015648   
  411     0.00003251   
  412     0.00150128   
  413     0.00214740   
  414     0.00048994   
  415     0.00027874   
  416     0.00087775   
  417     0.00000886   
  418     0.00001095   
  419     0.00030307   
  420     0.00007108   
  421     0.00000798   
  422     0.00001846   
  423     0.00012250   
  424     0.00002905   
  425     0.00000352   
  426     0.00000817   
  427     0.00005390   
  428     0.00021537   
  429     0.00123124   
  430     0.00075934   
  431     0.00017212   
  432     0.00038230   
  433     0.00079063   
  434     0.00067756   
  435     0.00033476   
  436     0.00055285   
  437     0.00069093   
  438     0.00013737   
  439     0.00032579   
  440     0.00014148   
  441     0.00028349   
  442     0.00021930   
  443     0.00008915   
  444     0.00016851   
  445     0.00005684   
  446     0.00062165   
  447     0.00042398   
  448     0.00005993   
  449     0.00043528   
  450     0.00097671   
  451     0.00024827   
  452     0.00003969   
  453     0.00001754   
  454     0.00001480   
  455     0.00019396   
  456     0.00027063   
  457     0.00049080   
  458     0.00062346   
  459     0.00031703   
  460     0.00048372   
  461     0.00042232   
  462     0.00082060   
  463     0.00166160   
  464     0.00132796   
  465     0.00102618   
  466     0.00176013   
  467     0.00051810   
  468     0.00040324   
  469     0.00005481   
  470     0.00009068   
  471     0.00010842   
  472     0.00028997   
  473     0.00008323   
  474     0.00009133   
  475     0.00076351   
  476     0.00008591   
  477     0.00004948   
  478     0.00028676   
  479     0.00015869   
  480     0.00061942   
  481     0.00188789   
  482     0.00022624   
  483     0.00020025   
  484     0.00075682   
  485     0.00070606   
  486     0.00044444   
  487     0.00044641   
  488     0.00228178   
  489     0.00241906   
  490     0.00134202   
  491     0.00078352   
  492     0.00214443   
  493     0.00070761   
  494     0.00043474   
  495     0.00015413   
  496     0.00021277   
  497     0.00020309   
  498     0.00032835   
  499     0.00065253   
  500     0.00043307   
  501     0.00074983   
  502     0.00116752   
  503     0.00036095   
  504     0.00047272   
  505     0.00139469   
  506     0.00064351   
  507     0.00021023   
  508     0.00050342   
  509     0.00094772   
  510     0.00046258   
  511     0.00046814   
  512     0.00038582   
  513     0.00038675   
  514     0.00024200   
  515     0.00127514   
  516     0.00017690   
  517     0.00004942   
  518     0.00007168   
  519     0.00099250   
  520     0.00006961   
  521     0.00000952   
  522     0.00001811   
  523     0.00028369   
  524     0.00005444   
  525     0.00014704   
  526     0.00024750   
  527     0.00042299   
  528     0.00063464   
  529     0.00044996   
  530     0.00133808   
  531     0.00091455   
  532     0.00039825   
  533     0.00015824   
  534     0.00023111   
  535     0.00009462   
  536     0.00003242   
  537     0.00013278   
  538     0.00017456   
  539     0.00013788   
  540     0.00115367   
  541     0.00025983   
  542     0.00009478   
  543     0.00010715   
  544     0.00007513   
  545     0.00015234   
  546     0.00034348   
  547     0.00030144   
  548     0.00031775   
  549     0.00083291   
  550     0.00098149   
  551     0.00026283   
  552     0.00008978   
  553     0.00104107   
  554     0.00016107   
  555     0.00003204   
  556     0.00003425   
  557     0.00001129   
  558     0.00001192   
  559     0.00002387   
  560     0.00003793   
  561     0.00009418   
  562     0.00019718   
  563     0.00001878   
  564     0.00006467   
  565     0.00005319   
  566     0.00016873   
  567     0.00087623   
  568     0.00034600   
  569     0.00020651   
  570     0.00013915   
  571     0.00014225   
  572     0.00022932   
  573     0.00003615   
  574     0.00003414   
  575     0.00004768   
  576     0.00003555   
  577     0.00022568   
  578     0.00010310   
  579     0.00009776   
  580     0.00055051   
  581     0.00053250   
  582     0.00006627   
  583     0.00006043   
  584     0.00007125   
  585     0.00015675   
  586     0.00006464   
  587     0.00002157   
  588     0.00027000   
  589     0.00038529   
  590     0.00086721   
  591     0.00037549   
  592     0.00105491   
  593     0.00108405   
  594     0.00063221   
  595     0.00048862   
  596     0.00006970   
  597     0.00030768   
  598     0.00014874   
  599     0.00053892   
  600     0.00011865   
  601     0.00018119   
  602     0.00019997   
  603     0.00017276   
  604     0.00022818   
  605     0.00025625   
  606     0.00014477   
  607     0.00020534   
  608     0.00062698   
  609     0.00013691   
  610     0.00086611   
  611     0.00022555   
  612     0.00053585   
  613     0.00027278   
  614     0.00106746   
  615     0.00029768   
  616     0.00129355   
  617     0.00117647   
  618     0.00030635   
  619     0.00155052   
  620     0.00032329   
  621     0.00078419   
  622     0.00005602   
  623     0.00030652   
  624     0.00004873   
    1     0.00006738   
    2     0.00001579   
    3     0.00001606   
    4     0.00010934   
    5     0.00011056   
    6     0.00012526   
    7     0.00054779   
    8     0.00009306   
    9     0.00009347   
   10     0.00001477   
   11     0.00001574   
   12     0.00000510   
   13     0.00003757   
   14     0.00013237   
   15     0.00006069   
   16     0.00011128   
   17     0.00010935   
   18     0.00005587   
   19     0.00010721   
   20     0.00018860   
   21     0.00011683   
   22     0.00002153   
   23     0.00006034   
   24     0.00015054   
   25     0.00001310   
   26     0.00001563   
   27     0.00001752   
   28     0.00005575   
   29     0.00023468   
   30     0.00006389   
   31     0.00005539   
   32     0.00023776   
   33     0.00011982   
   34     0.00046105   
   35     0.00016763   
   36     0.00041909   
   37     0.00156666   
   38     0.00176261   
   39     0.00055354   
   40     0.00045786   
   41     0.00046620   
   42     0.00039965   
   43     0.00039466   
   44     0.00104628   
   45     0.00038529   
   46     0.00046288   
   47     0.00134004   
   48     0.00295530   
   49     0.00025335   
   50     0.00059644   
   51     0.00043401   
   52     0.00048998   
   53     0.00007439   
   54     0.00008131   
   55     0.00003873   
   56     0.00023578   
   57     0.00034008   
   58     0.00041803   
   59     0.00015621   
   60     0.00006787   
   61     0.00004603   
   62     0.00000473   
   63     0.00043826   
   64     0.00016339   
   65     0.00010410   
   66     0.00010192   
   67     0.00005076   
   68     0.00006233   
   69     0.00008647   
   70     0.00001612   
   71     0.00000478   
   72     0.00000131   
   73     0.00000313   
   74     0.00002127   
   75     0.00004023   
   76     0.00003934   
   77     0.00003027   
   78     0.00014251   
   79     0.00006349   
   80     0.00009688   
   81     0.00010614   
   82     0.00013071   
   83     0.00053859   
   84     0.00012233   
   85     0.00085726   
   86     0.00037058   
   87     0.00003977   
   88     0.00002363   
   89     0.00011912   
   90     0.00032355   
   91     0.00044889   
   92     0.00010914   
   93     0.00060255   
   94     0.00011764   
   95     0.00067828   
   96     0.00044635   
   97     0.00025897   
   98     0.00022194   
   99     0.00017205   
  100     0.00009632   
  101     0.00011046   
  102     0.00014663   
  103     0.00007948   
  104     0.00003080   
  105     0.00004362   
  106     0.00004221   
  107     0.00003303   
  108     0.00000752   
  109     0.00000860   
  110     0.00000931   
  111     0.00000704   
  112     0.00003104   
  113     0.00002845   
  114     0.00002833   
  115     0.00012162   
  116     0.00009858   
  117     0.00019019   
  118     0.00057715   
  119     0.00010496   
  120     0.00036430   
  121     0.00012864   
  122     0.00124989   
  123     0.00121570   
  124     0.00015255   
  125     0.00018769   
  126     0.00046172   
  127     0.00046915   
  128     0.00013296   
  129     0.00014990   
  130     0.00006011   
  131     0.00007568   
  132     0.00013237   
  133     0.00006752   
  134     0.00003054   
  135     0.00011874   
  136     0.00006956   
  137     0.00001158   
  138     0.00004084   
  139     0.00002640   
  140     0.00003996   
  141     0.00006633   
  142     0.00006319   
  143     0.00011042   
  144     0.00050618   
  145     0.00039020   
  146     0.00005418   
  147     0.00005605   
  148     0.00011826   
  149     0.00002962   
  150     0.00002804   
  151     0.00008551   
  152     0.00005017   
  153     0.00005272   
  154     0.00006855   
  155     0.00004673   
  156     0.00000950   
  157     0.00006193   
  158     0.00023875   
  159     0.00004078   
  160     0.00008830   
  161     0.00002062   
  162     0.00007268   
  163     0.00006721   
  164     0.00012308   
  165     0.00002159   
  166     0.00007776   
  167     0.00006496   
  168     0.00003995   
  169     0.00016370   
  170     0.00003028   
  171     0.00018854   
  172     0.00052198   
  173     0.00003960   
  174     0.00012185   
  175     0.00005215   
  176     0.00001998   
  177     0.00004485   
  178     0.00003848   
  179     0.00003320   
  180     0.00004903   
  181     0.00005498   
  182     0.00001022   
  183     0.00000411   
  184     0.00001604   
  185     0.00001100   
  186     0.00000372   
  187     0.00001860   
  188     0.00002060   
  189     0.00001333   
  190     0.00001682   
  191     0.00000598   
  192     0.00000503   
  193     0.00003682   
  194     0.00005379   
  195     0.00001536   
  196     0.00021785   
  197     0.00013625   
  198     0.00007360   
  199     0.00000755   
  200     0.00058186   
  201     0.00012443   
  202     0.00023726   
  203     0.00023156   
  204     0.00049889   
  205     0.00003619   
  206     0.00038735   
  207     0.00007961   
  208     0.00025978   
  209     0.00011286   
  210     0.00008352   
  211     0.00016716   
  212     0.00002989   
  213     0.00009904   
  214     0.00003107   
  215     0.00001229   
  216     0.00001328   
  217     0.00000453   
  218     0.00000531   
  219     0.00000191   
  220     0.00005560   
  221     0.00002880   
  222     0.00013750   
  223     0.00001798   
  224     0.00007674   
  225     0.00002862   
  226     0.00011699   
  227     0.00006400   
  228     0.00011036   
  229     0.00012021   
  230     0.00008411   
  231     0.00039764   
  232     0.00035171   
  233     0.00023194   
  234     0.00122414   
  235     0.00023884   
  236     0.00009119   
  237     0.00001185   
  238     0.00005436   
  239     0.00001339   
  240     0.00001327   
  241     0.00010157   
  242     0.00002636   
  243     0.00001050   
  244     0.00002441   
  245     0.00019481   
  246     0.00066170   
  247     0.00030536   
  248     0.00067446   
  249     0.00057094   
  250     0.00119551   
  251     0.00040386   
  252     0.00151785   
  253     0.00108310   
  254     0.00052081   
  255     0.00020569   
  256     0.00138596   
  257     0.00007902   
  258     0.00057425   
  259     0.00091106   
  260     0.00144078   
  261     0.00250296   
  262     0.00095639   
  263     0.00094670   
  264     0.00153224   
  265     0.00048176   
  266     0.00110986   
  267     0.00011440   
  268     0.00016140   
  269     0.00002801   
  270     0.00007605   
  271     0.00005292   
  272     0.00034005   
  273     0.00011900   
  274     0.00002811   
  275     0.00011650   
  276     0.00061487   
  277     0.00041623   
  278     0.00096633   
  279     0.00029692   
  280     0.00039160   
  281     0.00173505   
  282     0.00070729   
  283     0.00050786   
  284     0.00059053   
  285     0.00044428   
  286     0.00016129   
  287     0.00021381   
  288     0.00087508   
  289     0.00001682   
  290     0.00022564   
  291     0.00024064   
  292     0.00013401   
  293     0.00040343   
  294     0.00036418   
  295     0.00006655   
  296     0.00029967   
  297     0.00028917   
  298     0.00111288   
  299     0.00048084   
  300     0.00017589   
  301     0.00013451   
  302     0.00017595   
  303     0.00013774   
  304     0.00087458   
  305     0.00114424   
  306     0.00062623   
  307     0.00215063   
  308     0.00015382   
  309     0.00021508   
  310     0.00060060   
  311     0.00021457   
  312     0.00008079   
  313     0.00028835   
  314     0.00042006   
  315     0.00037658   
  316     0.00006079   
  317     0.00018726   
  318     0.00037301   
  319     0.00036735   
  320     0.00038963   
  321     0.00030452   
  322     0.00022042   
  323     0.00029804   
  324     0.00017899   
  325     0.00020224   
  326     0.00027596   
  327     0.00002312   
  328     0.00008339   
  329     0.00007637   
  330     0.00015372   
  331     0.00007404   
  332     0.00035268   
  333     0.00009376   
  334     0.00054721   
  335     0.00003810   
  336     0.00013366   
  337     0.00000712   
  338     0.00004602   
  339     0.00019421   
  340     0.00016660   
  341     0.00004779   
  342     0.00010235   
  343     0.00003219   
  344     0.00018726   
  345     0.00025631   
  346     0.00005483   
  347     0.00006548   
  348     0.00043085   
  349     0.00005517   
  350     0.00008524   
  351     0.00021162   
  352     0.00056437   
  353     0.00076424   
  354     0.00053047   
  355     0.00109927   
  356     0.00053053   
  357     0.00241756   
  358     0.00063864   
  359     0.00180020   
  360     0.00105399   
  361     0.00123039   
  362     0.00009601   
  363     0.00072338   
  364     0.00031143   
  365     0.00003758   
  366     0.00011651   
  367     0.00014855   
  368     0.00135532   
  369     0.00014318   
  370     0.00151768   
  371     0.00201266   
  372     0.00188423   
  373     0.00080939   
  374     0.00147767   
  375     0.00069697   
  376     0.00012429   
  377     0.00076396   
  378     0.00039101   
  379     0.00017558   
  380     0.00079653   
  381     0.00021918   
  382     0.00017788   
  383     0.00044163   
  384     0.00003778   
  385     0.00017305   
  386     0.00011347   
  387     0.00002446   
  388     0.00001485   
  389     0.00007546   
  390     0.00000973   
  391     0.00001206   
  392     0.00118749   
  393     0.00015883   
  394     0.00092187   
  395     0.00122434   
  396     0.00037362   
  397     0.00027041   
  398     0.00129644   
  399     0.00301237   
  400     0.00027545   
  401     0.00131870   
  402     0.00110441   
  403     0.00095537   
  404     0.00118204   
  405     0.00063955   
  406     0.00009974   
  407     0.00037269   
  408     0.00005985   
  409     0.00004861   
  410     0.00036153   
  411     0.00005668   
  412     0.00139855   
  413     0.00279055   
  414     0.00027018   
  415     0.00045023   
  416     0.00105300   
  417     0.00012412   
  418     0.00002426   
  419     0.00040005   
  420     0.00011559   
  421     0.00000918   
  422     0.00001925   
  423     0.00009331   
  424     0.00000876   
  425     0.00000800   
  426     0.00000792   
  427     0.00002728   
  428     0.00017025   
  429     0.00046880   
  430     0.00069211   
  431     0.00008861   
  432     0.00013286   
  433     0.00038049   
  434     0.00040292   
  435     0.00027638   
  436     0.00007686   
  437     0.00019521   
  438     0.00030847   
  439     0.00092298   
  440     0.00045840   
  441     0.00036693   
  442     0.00058779   
  443     0.00057390   
  444     0.00035040   
  445     0.00043738   
  446     0.00046248   
  447     0.00077401   
  448     0.00048825   
  449     0.00045965   
  450     0.00132343   
  451     0.00037444   
  452     0.00005977   
  453     0.00001803   
  454     0.00002500   
  455     0.00016608   
  456     0.00037814   
  457     0.00049059   
  458     0.00033546   
  459     0.00054954   
  460     0.00027440   
  461     0.00008787   
  462     0.00043078   
  463     0.00023025   
  464     0.00032406   
  465     0.00053799   
  466     0.00176633   
  467     0.00009183   
  468     0.00034764   
  469     0.00016879   
  470     0.00005162   
  471     0.00002120   
  472     0.00034735   
  473     0.00011509   
  474     0.00009826   
  475     0.00126515   
  476     0.00023697   
  477     0.00004973   
  478     0.00038407   
  479     0.00015610   
  480     0.00054553   
  481     0.00166296   
  482     0.00021505   
  483     0.00029188   
  484     0.00078146   
  485     0.00045207   
  486     0.00049671   
  487     0.00044966   
  488     0.00409786   
  489     0.00122941   
  490     0.00193854   
  491     0.00095340   
  492     0.00323746   
  493     0.00077809   
  494     0.00128426   
  495     0.00045806   
  496     0.00022777   
  497     0.00084525   
  498     0.00015524   
  499     0.00112375   
  500     0.00180369   
  501     0.00231895   
  502     0.00204937   
  503     0.00139042   
  504     0.00223080   
  505     0.00218568   
  506     0.00194372   
  507     0.00025444   
  508     0.00070306   
  509     0.00129448   
  510     0.00068062   
  511     0.00029494   
  512     0.00042046   
  513     0.00043059   
  514     0.00025873   
  515     0.00098593   
  516     0.00012066   
  517     0.00003606   
  518     0.00006033   
  519     0.00127991   
  520     0.00004195   
  521     0.00000575   
  522     0.00001676   
  523     0.00010660   
  524     0.00001809   
  525     0.00007504   
  526     0.00011065   
  527     0.00082779   
  528     0.00069085   
  529     0.00042919   
  530     0.00295293   
  531     0.00124950   
  532     0.00068579   
  533     0.00011907   
  534     0.00045856   
  535     0.00074051   
  536     0.00016425   
  537     0.00016024   
  538     0.00017248   
  539     0.00028351   
  540     0.00041825   
  541     0.00007193   
  542     0.00005385   
  543     0.00003514   
  544     0.00005902   
  545     0.00005157   
  546     0.00010925   
  547     0.00011845   
  548     0.00009006   
  549     0.00133450   
  550     0.00038090   
  551     0.00009788   
  552     0.00008505   
  553     0.00014496   
  554     0.00007366   
  555     0.00000654   
  556     0.00000927   
  557     0.00000595   
  558     0.00000329   
  559     0.00000377   
  560     0.00000781   
  561     0.00003032   
  562     0.00004780   
  563     0.00000178   
  564     0.00006153   
  565     0.00004596   
  566     0.00004709   
  567     0.00020141   
  568     0.00021088   
  569     0.00014339   
  570     0.00013607   
  571     0.00030911   
  572     0.00179229   
  573     0.00014422   
  574     0.00011592   
  575     0.00003293   
  576     0.00004179   
  577     0.00014389   
  578     0.00006722   
  579     0.00005321   
  580     0.00010183   
  581     0.00028363   
  582     0.00003835   
  583     0.00003689   
  584     0.00005500   
  585     0.00004276   
  586     0.00002870   
  587     0.00000751   
  588     0.00009863   
  589     0.00013390   
  590     0.00081456   
  591     0.00026300   
  592     0.00007703   
  593     0.00061830   
  594     0.00102112   
  595     0.00013997   
  596     0.00007982   
  597     0.00017135   
  598     0.00005073   
  599     0.00048655   
  600     0.00012925   
  601     0.00011827   
  602     0.00016030   
  603     0.00011100   
  604     0.00030848   
  605     0.00046056   
  606     0.00018588   
  607     0.00017730   
  608     0.00057238   
  609     0.00015084   
  610     0.00089329   
  611     0.00007857   
  612     0.00025218   
  613     0.00036782   
  614     0.00078732   
  615     0.00029354   
  616     0.00019052   
  617     0.00050496   
  618     0.00013031   
  619     0.00022479   
  620     0.00003392   
  621     0.00030332   
  622     0.00004226   
  623     0.00023882   
  624     0.00002856   
