    1     0.00000583   
    2     0.00002247   
    3     0.00002019   
    4     0.00002513   
    5     0.00002410   
    6     0.00000802   
    7     0.00014022   
    8     0.00010731   
    9     0.00060904   
   10     0.00020753   
   11     0.00056844   
   12     0.00040657   
   13     0.00016016   
   14     0.00015187   
   15     0.00007062   
   16     0.00006177   
   17     0.00001255   
   18     0.00001284   
   19     0.00000806   
   20     0.00000208   
   21     0.00000261   
   22     0.00000397   
   23     0.00000162   
   24     0.00000416   
   25     0.00000529   
   26     0.00000818   
   27     0.00001863   
   28     0.00001605   
   29     0.00000820   
   30     0.00000277   
   31     0.00000562   
   32     0.00000210   
   33     0.00001378   
   34     0.00000987   
   35     0.00000419   
   36     0.00003708   
   37     0.00004125   
   38     0.00019203   
   39     0.00002906   
   40     0.00003010   
   41     0.00001405   
   42     0.00002148   
   43     0.00001031   
   44     0.00000544   
   45     0.00000259   
   46     0.00000584   
   47     0.00000602   
   48     0.00002469   
   49     0.00001246   
   50     0.00002187   
   51     0.00001848   
   52     0.00002035   
   53     0.00000336   
   54     0.00001358   
   55     0.00001296   
   56     0.00000282   
   57     0.00000776   
   58     0.00000182   
   59     0.00000181   
   60     0.00000064   
   61     0.00000823   
   62     0.00000976   
   63     0.00000497   
   64     0.00001585   
   65     0.00002899   
   66     0.00006649   
   67     0.00009159   
   68     0.00013640   
   69     0.00020109   
   70     0.00091652   
   71     0.00003383   
   72     0.00003503   
   73     0.00011108   
   74     0.00042927   
   75     0.00013468   
   76     0.00000726   
   77     0.00000482   
   78     0.00000497   
   79     0.00000396   
   80     0.00000092   
   81     0.00005006   
   82     0.00000824   
   83     0.00000379   
   84     0.00000300   
   85     0.00001587   
   86     0.00000662   
   87     0.00000776   
   88     0.00000375   
   89     0.00000771   
   90     0.00001375   
   91     0.00001853   
   92     0.00000240   
   93     0.00000667   
   94     0.00000792   
   95     0.00000692   
   96     0.00001628   
   97     0.00000309   
   98     0.00000277   
   99     0.00000357   
  100     0.00003222   
  101     0.00007590   
  102     0.00008713   
  103     0.00003140   
  104     0.00000710   
  105     0.00000666   
  106     0.00000533   
  107     0.00000083   
  108     0.00000306   
  109     0.00000984   
  110     0.00003989   
  111     0.00005927   
  112     0.00009601   
  113     0.00014255   
  114     0.00006970   
  115     0.00007195   
  116     0.00008828   
  117     0.00004512   
  118     0.00007967   
  119     0.00009666   
  120     0.00004769   
  121     0.00001325   
  122     0.00003169   
  123     0.00004409   
  124     0.00003839   
  125     0.00003290   
  126     0.00001724   
  127     0.00002786   
  128     0.00001134   
  129     0.00001236   
  130     0.00000973   
  131     0.00000200   
  132     0.00000707   
  133     0.00000585   
  134     0.00001111   
  135     0.00002971   
  136     0.00001617   
  137     0.00001689   
  138     0.00004781   
  139     0.00010539   
  140     0.00044260   
  141     0.00075508   
  142     0.00162577   
  143     0.00008736   
  144     0.00081901   
  145     0.00011265   
  146     0.00025783   
  147     0.00202144   
  148     0.00010123   
  149     0.00011467   
  150     0.00125206   
  151     0.00017301   
  152     0.00009944   
  153     0.00017678   
  154     0.00058239   
  155     0.00011217   
  156     0.00001170   
  157     0.00003320   
  158     0.00005543   
  159     0.00000999   
  160     0.00004580   
  161     0.00003517   
  162     0.00002345   
  163     0.00002052   
  164     0.00000917   
  165     0.00001180   
  166     0.00002635   
  167     0.00011009   
  168     0.00039494   
  169     0.00397617   
  170     0.00111498   
  171     0.00011503   
  172     0.00019761   
  173     0.00043430   
  174     0.00005575   
  175     0.00010186   
  176     0.00034214   
  177     0.00016875   
  178     0.00005547   
  179     0.00041328   
  180     0.00001639   
  181     0.00014376   
  182     0.00006794   
  183     0.00007185   
  184     0.00000487   
  185     0.00007931   
  186     0.00018583   
  187     0.00009671   
  188     0.00028965   
  189     0.00040692   
  190     0.00033276   
  191     0.00019803   
  192     0.00007091   
  193     0.00022725   
  194     0.00004160   
  195     0.00009571   
  196     0.00035858   
  197     0.00059839   
  198     0.00136239   
  199     0.00011519   
  200     0.00031958   
  201     0.00014041   
  202     0.00023102   
  203     0.00033800   
  204     0.00017865   
  205     0.00029965   
  206     0.00077215   
  207     0.00047021   
  208     0.00055617   
  209     0.00044194   
  210     0.00561650   
  211     0.00034538   
  212     0.00018937   
  213     0.00032113   
  214     0.00116808   
  215     0.00190094   
  216     0.00079481   
  217     0.00018159   
  218     0.00069526   
  219     0.00030572   
  220     0.00064122   
  221     0.00054634   
  222     0.00096875   
  223     0.00116773   
  224     0.00102488   
  225     0.00017722   
  226     0.00078192   
  227     0.00245575   
  228     0.00138630   
  229     0.00235230   
  230     0.00088774   
  231     0.00138941   
  232     0.00236776   
  233     0.00176180   
  234     0.00126804   
  235     0.00040264   
  236     0.00032007   
  237     0.00158001   
  238     0.00103632   
  239     0.00007013   
  240     0.00050571   
  241     0.00063089   
  242     0.00020230   
  243     0.00008093   
  244     0.00060703   
  245     0.00015277   
  246     0.00002410   
  247     0.00001385   
  248     0.00026037   
  249     0.00000961   
  250     0.00008809   
  251     0.00016114   
  252     0.00021623   
  253     0.00029309   
  254     0.00002183   
  255     0.00002737   
  256     0.00004427   
  257     0.00003728   
  258     0.00023233   
  259     0.00028362   
  260     0.00008404   
  261     0.00026974   
  262     0.00061017   
  263     0.00106305   
  264     0.00008652   
  265     0.00047663   
  266     0.00059509   
  267     0.00172219   
  268     0.00040750   
  269     0.00083631   
  270     0.00032883   
  271     0.00113000   
  272     0.00080545   
  273     0.00046963   
  274     0.00102144   
  275     0.00096524   
  276     0.00045855   
  277     0.00016022   
  278     0.00036500   
  279     0.00081667   
  280     0.00061417   
  281     0.00052088   
  282     0.00028076   
  283     0.00007530   
  284     0.00002125   
  285     0.00008716   
  286     0.00027408   
  287     0.00033309   
  288     0.00009952   
  289     0.00027344   
  290     0.00002884   
  291     0.00002603   
  292     0.00003896   
  293     0.00021473   
  294     0.00046917   
  295     0.00028723   
  296     0.00053301   
  297     0.00036977   
  298     0.00066538   
  299     0.00010208   
  300     0.00010410   
  301     0.00006651   
  302     0.00034333   
  303     0.00006137   
  304     0.00010562   
  305     0.00019247   
  306     0.00010591   
  307     0.00010331   
  308     0.00015074   
  309     0.00044322   
  310     0.00039475   
  311     0.00073137   
  312     0.00173663   
  313     0.00042378   
  314     0.00031594   
  315     0.00066579   
  316     0.00112701   
  317     0.00076817   
  318     0.00033914   
  319     0.00041758   
  320     0.00029275   
  321     0.00015730   
  322     0.00008843   
  323     0.00070129   
  324     0.00111760   
  325     0.00040686   
  326     0.00020762   
  327     0.00045826   
  328     0.00347088   
  329     0.00048496   
  330     0.00009217   
  331     0.00018852   
  332     0.00003431   
  333     0.00005939   
  334     0.00031012   
  335     0.00011708   
  336     0.00026181   
  337     0.00020730   
  338     0.00024488   
  339     0.00008338   
  340     0.00003739   
  341     0.00007180   
  342     0.00010346   
  343     0.00055689   
  344     0.00016339   
  345     0.00058701   
  346     0.00050253   
  347     0.00132347   
  348     0.00087521   
  349     0.00072042   
  350     0.00118850   
  351     0.00070412   
  352     0.00067814   
  353     0.00029640   
  354     0.00041425   
  355     0.00020753   
  356     0.00036747   
  357     0.00033120   
  358     0.00018403   
  359     0.00016465   
  360     0.00053465   
  361     0.00067623   
  362     0.00051107   
  363     0.00032876   
  364     0.00002624   
  365     0.00014605   
  366     0.00001440   
  367     0.00010787   
  368     0.00009160   
  369     0.00001774   
  370     0.00005296   
  371     0.00008948   
  372     0.00003911   
  373     0.00006549   
  374     0.00006510   
  375     0.00012429   
  376     0.00001094   
  377     0.00004583   
  378     0.00019516   
  379     0.00002135   
  380     0.00004419   
  381     0.00007823   
  382     0.00021779   
  383     0.00022547   
  384     0.00005363   
  385     0.00082825   
  386     0.00035645   
  387     0.00043178   
  388     0.00120725   
  389     0.00074470   
  390     0.00190808   
  391     0.00178923   
  392     0.00179654   
  393     0.00145829   
  394     0.00040287   
  395     0.00021330   
  396     0.00040388   
  397     0.00110563   
  398     0.00098613   
  399     0.00060071   
  400     0.00045522   
  401     0.00026081   
  402     0.00142057   
  403     0.00107260   
  404     0.00065724   
  405     0.01018076   
  406     0.00142966   
  407     0.00270178   
  408     0.00333418   
  409     0.00195033   
  410     0.00241115   
  411     0.00168110   
  412     0.00304319   
  413     0.00147406   
  414     0.00505030   
  415     0.00023373   
  416     0.00591762   
  417     0.00138532   
  418     0.00130909   
  419     0.00055291   
  420     0.00392033   
  421     0.00009747   
  422     0.00067908   
  423     0.00025232   
  424     0.00032559   
  425     0.00006310   
  426     0.00028778   
  427     0.00000892   
  428     0.00001028   
  429     0.00017056   
  430     0.00000719   
  431     0.00001415   
  432     0.00000342   
  433     0.00002666   
  434     0.00000629   
  435     0.00001411   
  436     0.00001779   
  437     0.00018544   
  438     0.00012823   
  439     0.00033111   
  440     0.00031035   
  441     0.00034532   
  442     0.00051055   
  443     0.00068077   
  444     0.00594846   
  445     0.00070583   
  446     0.00251904   
  447     0.00398604   
  448     0.00121849   
  449     0.00175681   
  450     0.00054692   
  451     0.00067693   
  452     0.00038650   
  453     0.00126273   
  454     0.00079278   
  455     0.00050235   
  456     0.00015260   
  457     0.00014397   
  458     0.00009409   
  459     0.00005173   
  460     0.00003760   
  461     0.00001032   
  462     0.00001837   
  463     0.00000956   
  464     0.00000298   
  465     0.00000188   
  466     0.00000426   
  467     0.00001088   
  468     0.00002925   
  469     0.00000161   
  470     0.00002193   
  471     0.00004752   
  472     0.00002433   
  473     0.00010985   
  474     0.00014997   
  475     0.00005349   
  476     0.00054779   
  477     0.00014973   
  478     0.00011906   
  479     0.00054081   
  480     0.00093454   
  481     0.00170976   
  482     0.00014190   
  483     0.00102282   
  484     0.00023072   
  485     0.00060613   
  486     0.00037127   
  487     0.00009447   
  488     0.00006235   
  489     0.00001271   
  490     0.00002869   
  491     0.00001356   
  492     0.00000562   
  493     0.00001165   
  494     0.00000221   
  495     0.00003734   
  496     0.00000781   
  497     0.00004496   
  498     0.00005786   
  499     0.00022281   
  500     0.00032055   
  501     0.00097337   
  502     0.00018639   
  503     0.00035380   
  504     0.00010290   
  505     0.00047431   
  506     0.00068185   
  507     0.00037577   
  508     0.00013426   
  509     0.00002850   
  510     0.00008612   
  511     0.00011738   
  512     0.00063964   
  513     0.00007290   
  514     0.00018387   
  515     0.00056913   
  516     0.00077579   
  517     0.00013503   
  518     0.00051144   
  519     0.00109532   
  520     0.00047726   
  521     0.00009499   
  522     0.00019497   
  523     0.00047366   
  524     0.00015778   
  525     0.00004026   
  526     0.00114583   
  527     0.00050380   
  528     0.00036262   
  529     0.00195674   
  530     0.00321664   
  531     0.00196296   
  532     0.00606030   
  533     0.00342456   
  534     0.00544632   
  535     0.00535435   
  536     0.01404218   
  537     0.00329474   
  538     0.00241267   
  539     0.00130755   
  540     0.00185885   
  541     0.00030511   
  542     0.00075981   
  543     0.00083398   
  544     0.00033155   
  545     0.00020996   
  546     0.00067491   
  547     0.00031354   
  548     0.00018464   
  549     0.00028979   
  550     0.00021614   
  551     0.00012527   
  552     0.00003462   
  553     0.00006080   
  554     0.00003187   
  555     0.00000453   
  556     0.00001478   
  557     0.00004366   
  558     0.00002590   
  559     0.00002142   
  560     0.00001596   
  561     0.00019327   
  562     0.00010288   
  563     0.00014532   
  564     0.00012690   
  565     0.00005509   
  566     0.00013268   
  567     0.00041485   
  568     0.00029030   
  569     0.00014598   
  570     0.00025592   
  571     0.00059832   
  572     0.00030325   
  573     0.00065900   
  574     0.00021886   
  575     0.00037263   
  576     0.00462857   
  577     0.00007730   
  578     0.00019260   
  579     0.00185924   
  580     0.00074889   
  581     0.00249673   
  582     0.00004681   
  583     0.00029172   
  584     0.00170852   
  585     0.00178346   
  586     0.00017379   
  587     0.00032257   
  588     0.00123643   
  589     0.00013619   
  590     0.00029443   
  591     0.00013305   
  592     0.00029799   
  593     0.00021406   
  594     0.00033309   
  595     0.00007651   
  596     0.00010197   
  597     0.00005407   
  598     0.00018707   
  599     0.00015040   
  600     0.00004782   
  601     0.00005088   
  602     0.00003636   
  603     0.00001465   
  604     0.00002969   
  605     0.00001669   
    1     0.00002525   
    2     0.00000351   
    3     0.00000492   
    4     0.00002388   
    5     0.00001711   
    6     0.00002015   
    7     0.00004583   
    8     0.00000898   
    9     0.00003218   
   10     0.00001691   
   11     0.00002155   
   12     0.00001010   
   13     0.00004209   
   14     0.00014245   
   15     0.00009122   
   16     0.00014680   
   17     0.00025465   
   18     0.00007675   
   19     0.00010257   
   20     0.00022781   
   21     0.00019126   
   22     0.00003978   
   23     0.00023391   
   24     0.00044500   
   25     0.00002113   
   26     0.00008841   
   27     0.00028422   
   28     0.00016069   
   29     0.00276338   
   30     0.00076005   
   31     0.00024909   
   32     0.00025050   
   33     0.00012126   
   34     0.00022503   
   35     0.00018108   
   36     0.00030084   
   37     0.00028504   
   38     0.00075441   
   39     0.00047708   
   40     0.00029752   
   41     0.00014141   
   42     0.00049233   
   43     0.00024364   
   44     0.00093795   
   45     0.00090912   
   46     0.00019410   
   47     0.00071232   
   48     0.00131634   
   49     0.00028114   
   50     0.00042938   
   51     0.00093260   
   52     0.00082581   
   53     0.00005852   
   54     0.00016056   
   55     0.00002651   
   56     0.00015535   
   57     0.00045957   
   58     0.00017855   
   59     0.00009125   
   60     0.00008927   
   61     0.00006492   
   62     0.00005550   
   63     0.00047404   
   64     0.00052299   
   65     0.00103448   
   66     0.00818227   
   67     0.00256877   
   68     0.00188700   
   69     0.00898953   
   70     0.00010901   
   71     0.00007169   
   72     0.00001877   
   73     0.00004027   
   74     0.00025626   
   75     0.00022858   
   76     0.00061866   
   77     0.00052340   
   78     0.00076912   
   79     0.00089707   
   80     0.00072388   
   81     0.00028311   
   82     0.00022431   
   83     0.00069337   
   84     0.00017201   
   85     0.00025734   
   86     0.00001997   
   87     0.00003920   
   88     0.00001953   
   89     0.00002886   
   90     0.00007218   
   91     0.00006135   
   92     0.00003284   
   93     0.00012141   
   94     0.00006588   
   95     0.00005964   
   96     0.00010599   
   97     0.00009453   
   98     0.00023412   
   99     0.00003321   
  100     0.00004465   
  101     0.00006870   
  102     0.00016533   
  103     0.00009121   
  104     0.00002809   
  105     0.00003986   
  106     0.00004181   
  107     0.00003680   
  108     0.00000869   
  109     0.00000566   
  110     0.00000980   
  111     0.00000570   
  112     0.00002543   
  113     0.00002090   
  114     0.00001702   
  115     0.00005258   
  116     0.00024429   
  117     0.00013429   
  118     0.00017658   
  119     0.00032311   
  120     0.00029070   
  121     0.00070874   
  122     0.00649534   
  123     0.00063414   
  124     0.00045820   
  125     0.00068956   
  126     0.00050136   
  127     0.00012993   
  128     0.00020302   
  129     0.00031321   
  130     0.00021693   
  131     0.00017231   
  132     0.00023462   
  133     0.00078997   
  134     0.00025681   
  135     0.00097188   
  136     0.00027469   
  137     0.00007724   
  138     0.00010640   
  139     0.00008376   
  140     0.00018530   
  141     0.00014077   
  142     0.00007600   
  143     0.00001615   
  144     0.00014362   
  145     0.00009920   
  146     0.00001792   
  147     0.00003210   
  148     0.00006557   
  149     0.00001766   
  150     0.00002766   
  151     0.00007089   
  152     0.00004471   
  153     0.00006768   
  154     0.00010772   
  155     0.00006559   
  156     0.00008792   
  157     0.00024269   
  158     0.00058253   
  159     0.00006408   
  160     0.00010593   
  161     0.00003379   
  162     0.00002457   
  163     0.00005272   
  164     0.00005062   
  165     0.00002971   
  166     0.00005572   
  167     0.00001678   
  168     0.00001726   
  169     0.00009692   
  170     0.00001009   
  171     0.00015397   
  172     0.00023209   
  173     0.00013443   
  174     0.00031003   
  175     0.00032088   
  176     0.00012470   
  177     0.00026231   
  178     0.00032941   
  179     0.00008239   
  180     0.00099981   
  181     0.00088613   
  182     0.00018838   
  183     0.00015838   
  184     0.00090269   
  185     0.00117969   
  186     0.00136675   
  187     0.00403542   
  188     0.00153134   
  189     0.00651787   
  190     0.03874333   
  191     0.00192827   
  192     0.00250853   
  193     0.00367063   
  194     0.00346575   
  195     0.00068321   
  196     0.00181585   
  197     0.00168635   
  198     0.00053640   
  199     0.00029842   
  200     0.00049764   
  201     0.00033188   
  202     0.00129603   
  203     0.00143121   
  204     0.00086124   
  205     0.00010098   
  206     0.00040631   
  207     0.00030383   
  208     0.00289716   
  209     0.00977306   
  210     0.01759897   
  211     0.02314503   
  212     0.05647738   
  213     0.03104278   
  214     0.00415910   
  215     0.00968929   
  216     0.00385109   
  217     0.00156390   
  218     0.00174988   
  219     0.00391715   
  220     0.00666614   
  221     0.02831571   
  222     0.00762380   
  223     0.05107747   
  224     0.03963312   
  225     0.00389902   
  226     0.01000011   
  227     0.00491440   
  228     0.00128620   
  229     0.00076443   
  230     0.00056142   
  231     0.00160651   
  232     0.00138240   
  233     0.00063175   
  234     0.00180230   
  235     0.00356741   
  236     0.00017522   
  237     0.00048163   
  238     0.00074405   
  239     0.00024634   
  240     0.00009573   
  241     0.00012042   
  242     0.00008326   
  243     0.00013602   
  244     0.00011606   
  245     0.00027444   
  246     0.00059335   
  247     0.00069466   
  248     0.00177668   
  249     0.00082656   
  250     0.00147270   
  251     0.00075585   
  252     0.00206085   
  253     0.00240458   
  254     0.00435531   
  255     0.00069256   
  256     0.00045409   
  257     0.00036474   
  258     0.00035224   
  259     0.00117639   
  260     0.00147711   
  261     0.00127642   
  262     0.00047404   
  263     0.00085638   
  264     0.00098268   
  265     0.00066115   
  266     0.00124054   
  267     0.00121980   
  268     0.00040301   
  269     0.00222173   
  270     0.00279340   
  271     0.00037591   
  272     0.00096508   
  273     0.00017762   
  274     0.00033517   
  275     0.00033870   
  276     0.00033237   
  277     0.00016628   
  278     0.00047249   
  279     0.00027986   
  280     0.00021146   
  281     0.00074649   
  282     0.00069259   
  283     0.00035337   
  284     0.00011812   
  285     0.00016657   
  286     0.00002573   
  287     0.00003947   
  288     0.00006717   
  289     0.00000457   
  290     0.00001526   
  291     0.00001515   
  292     0.00001093   
  293     0.00004986   
  294     0.00005060   
  295     0.00007306   
  296     0.00014073   
  297     0.00004279   
  298     0.00008152   
  299     0.00007137   
  300     0.00010570   
  301     0.00038179   
  302     0.00019073   
  303     0.00108756   
  304     0.00050851   
  305     0.00034242   
  306     0.00088785   
  307     0.00076933   
  308     0.00009370   
  309     0.00010950   
  310     0.00048226   
  311     0.00051916   
  312     0.00018635   
  313     0.00008385   
  314     0.00017508   
  315     0.00068735   
  316     0.00074317   
  317     0.00051203   
  318     0.00047047   
  319     0.00030072   
  320     0.00012308   
  321     0.00034260   
  322     0.00084124   
  323     0.00121895   
  324     0.00009285   
  325     0.00009073   
  326     0.00033818   
  327     0.00018104   
  328     0.00014607   
  329     0.00039540   
  330     0.00043595   
  331     0.00070289   
  332     0.00046417   
  333     0.00217307   
  334     0.00071370   
  335     0.00026383   
  336     0.00030607   
  337     0.00007287   
  338     0.00017425   
  339     0.00026855   
  340     0.00033896   
  341     0.00003250   
  342     0.00020252   
  343     0.00013631   
  344     0.00049901   
  345     0.00022797   
  346     0.00028808   
  347     0.00034501   
  348     0.00025329   
  349     0.00019320   
  350     0.00051387   
  351     0.00050326   
  352     0.00020140   
  353     0.00031221   
  354     0.00066275   
  355     0.00094619   
  356     0.00026893   
  357     0.00082644   
  358     0.00086940   
  359     0.00123667   
  360     0.00082325   
  361     0.00227818   
  362     0.00274089   
  363     0.00114538   
  364     0.00043593   
  365     0.00012292   
  366     0.00002063   
  367     0.00002816   
  368     0.00026373   
  369     0.00006085   
  370     0.00066194   
  371     0.00091748   
  372     0.00114646   
  373     0.00055121   
  374     0.00088398   
  375     0.00050299   
  376     0.00012400   
  377     0.00036299   
  378     0.00035568   
  379     0.00013992   
  380     0.00141441   
  381     0.00039360   
  382     0.00031039   
  383     0.00083594   
  384     0.00066526   
  385     0.00053974   
  386     0.00138820   
  387     0.00155716   
  388     0.00024943   
  389     0.00069383   
  390     0.00221167   
  391     0.00350106   
  392     0.00306511   
  393     0.00114761   
  394     0.00128080   
  395     0.00088789   
  396     0.00061113   
  397     0.00087567   
  398     0.00149502   
  399     0.00147602   
  400     0.00030345   
  401     0.00103566   
  402     0.00078318   
  403     0.00034896   
  404     0.00040533   
  405     0.00014991   
  406     0.00003223   
  407     0.00019173   
  408     0.00000548   
  409     0.00002127   
  410     0.00002508   
  411     0.00000991   
  412     0.00048987   
  413     0.00115701   
  414     0.00034747   
  415     0.00028861   
  416     0.00094940   
  417     0.00004501   
  418     0.00002419   
  419     0.00016929   
  420     0.00014337   
  421     0.00002725   
  422     0.00011892   
  423     0.00010435   
  424     0.00003688   
  425     0.00001162   
  426     0.00001005   
  427     0.00005108   
  428     0.00004188   
  429     0.00017687   
  430     0.00061714   
  431     0.00008766   
  432     0.00013294   
  433     0.00021845   
  434     0.00054425   
  435     0.00075566   
  436     0.00053920   
  437     0.00021472   
  438     0.00007358   
  439     0.00005075   
  440     0.00030832   
  441     0.00029583   
  442     0.00011769   
  443     0.00050158   
  444     0.00024125   
  445     0.00014016   
  446     0.00027549   
  447     0.00020989   
  448     0.00013463   
  449     0.00004731   
  450     0.00022035   
  451     0.00013985   
  452     0.00013169   
  453     0.00003044   
  454     0.00005163   
  455     0.00014362   
  456     0.00007257   
  457     0.00014922   
  458     0.00023212   
  459     0.00028071   
  460     0.00029435   
  461     0.00015859   
  462     0.00115003   
  463     0.00071790   
  464     0.00117222   
  465     0.00100627   
  466     0.00404665   
  467     0.00064834   
  468     0.00161548   
  469     0.00060386   
  470     0.00032437   
  471     0.00077685   
  472     0.00192880   
  473     0.00022862   
  474     0.00030206   
  475     0.00175662   
  476     0.00013364   
  477     0.00006801   
  478     0.00024367   
  479     0.00035255   
  480     0.00089775   
  481     0.00097077   
  482     0.00038004   
  483     0.00015828   
  484     0.00084967   
  485     0.00078310   
  486     0.00033749   
  487     0.00019442   
  488     0.00036904   
  489     0.00020484   
  490     0.00027557   
  491     0.00004799   
  492     0.00031846   
  493     0.00007252   
  494     0.00007559   
  495     0.00001082   
  496     0.00002008   
  497     0.00003534   
  498     0.00002607   
  499     0.00007638   
  500     0.00007294   
  501     0.00014260   
  502     0.00014028   
  503     0.00006442   
  504     0.00005864   
  505     0.00021302   
  506     0.00007574   
  507     0.00002393   
  508     0.00004422   
  509     0.00013372   
  510     0.00005029   
  511     0.00006774   
  512     0.00006326   
  513     0.00005584   
  514     0.00004581   
  515     0.00016527   
  516     0.00002976   
  517     0.00001035   
  518     0.00002339   
  519     0.00060452   
  520     0.00001366   
  521     0.00001041   
  522     0.00003009   
  523     0.00011895   
  524     0.00004347   
  525     0.00003153   
  526     0.00003502   
  527     0.00009197   
  528     0.00011339   
  529     0.00010321   
  530     0.00023729   
  531     0.00025505   
  532     0.00014567   
  533     0.00011227   
  534     0.00006404   
  535     0.00026419   
  536     0.00002355   
  537     0.00018192   
  538     0.00027653   
  539     0.00045014   
  540     0.00093528   
  541     0.00018244   
  542     0.00011215   
  543     0.00004942   
  544     0.00004277   
  545     0.00005730   
  546     0.00013485   
  547     0.00027561   
  548     0.00033304   
  549     0.00189393   
  550     0.00083451   
  551     0.00035518   
  552     0.00021905   
  553     0.00017130   
  554     0.00008211   
  555     0.00006137   
  556     0.00001523   
  557     0.00000830   
  558     0.00000781   
  559     0.00001380   
  560     0.00001243   
  561     0.00009401   
  562     0.00004818   
  563     0.00001411   
  564     0.00013772   
  565     0.00008178   
  566     0.00016410   
  567     0.00028914   
  568     0.00022547   
  569     0.00008099   
  570     0.00005964   
  571     0.00003823   
  572     0.00006231   
  573     0.00001495   
  574     0.00001936   
  575     0.00000919   
  576     0.00001531   
  577     0.00005656   
  578     0.00002120   
  579     0.00002216   
  580     0.00016026   
  581     0.00007601   
  582     0.00002295   
  583     0.00002304   
  584     0.00003376   
  585     0.00001188   
  586     0.00001539   
  587     0.00000656   
  588     0.00014656   
  589     0.00006529   
  590     0.00030650   
  591     0.00030908   
  592     0.00039824   
  593     0.00023698   
  594     0.00068989   
  595     0.00053359   
  596     0.00017486   
  597     0.00031144   
  598     0.00008941   
  599     0.00054795   
  600     0.00025226   
  601     0.00043172   
  602     0.00009518   
  603     0.00013619   
  604     0.00068127   
  605     0.00071348   
  606     0.00030414   
  607     0.00050906   
  608     0.00049996   
  609     0.00005298   
  610     0.00014034   
  611     0.00026662   
  612     0.00013068   
  613     0.00018755   
  614     0.00091061   
  615     0.00041690   
  616     0.00033073   
  617     0.00078394   
  618     0.00017463   
  619     0.00025108   
  620     0.00004169   
  621     0.00051580   
  622     0.00003545   
  623     0.00001476   
  624     0.00001278   
    1     0.00000562   
    2     0.00000095   
    3     0.00000060   
    4     0.00000403   
    5     0.00000369   
    6     0.00000402   
    7     0.00003651   
    8     0.00000444   
    9     0.00001303   
   10     0.00000757   
   11     0.00000272   
   12     0.00000256   
   13     0.00000365   
   14     0.00001477   
   15     0.00001079   
   16     0.00001325   
   17     0.00002373   
   18     0.00001091   
   19     0.00001525   
   20     0.00001456   
   21     0.00002561   
   22     0.00000373   
   23     0.00002452   
   24     0.00003141   
   25     0.00000381   
   26     0.00000342   
   27     0.00000629   
   28     0.00000714   
   29     0.00003185   
   30     0.00003239   
   31     0.00000811   
   32     0.00002956   
   33     0.00002324   
   34     0.00007974   
   35     0.00001355   
   36     0.00003432   
   37     0.00014641   
   38     0.00005415   
   39     0.00007971   
   40     0.00005719   
   41     0.00002558   
   42     0.00007677   
   43     0.00003038   
   44     0.00027193   
   45     0.00025058   
   46     0.00005444   
   47     0.00011330   
   48     0.00026021   
   49     0.00012215   
   50     0.00006643   
   51     0.00012637   
   52     0.00014833   
   53     0.00002061   
   54     0.00001611   
   55     0.00000456   
   56     0.00009332   
   57     0.00005917   
   58     0.00001621   
   59     0.00001525   
   60     0.00001850   
   61     0.00000406   
   62     0.00000755   
   63     0.00005856   
   64     0.00001464   
   65     0.00002524   
   66     0.00015035   
   67     0.00007078   
   68     0.00005993   
   69     0.00019318   
   70     0.00000213   
   71     0.00000215   
   72     0.00000014   
   73     0.00000093   
   74     0.00000987   
   75     0.00001344   
   76     0.00003227   
   77     0.00002967   
   78     0.00003629   
   79     0.00003460   
   80     0.00005998   
   81     0.00003746   
   82     0.00005889   
   83     0.00024772   
   84     0.00005903   
   85     0.00010131   
   86     0.00001270   
   87     0.00003311   
   88     0.00001116   
   89     0.00001722   
   90     0.00003281   
   91     0.00003584   
   92     0.00001219   
   93     0.00002635   
   94     0.00002456   
   95     0.00005177   
   96     0.00003422   
   97     0.00006977   
   98     0.00004982   
   99     0.00001025   
  100     0.00000688   
  101     0.00003359   
  102     0.00002059   
  103     0.00001048   
  104     0.00000221   
  105     0.00000491   
  106     0.00000267   
  107     0.00000223   
  108     0.00000060   
  109     0.00000034   
  110     0.00000037   
  111     0.00000038   
  112     0.00000133   
  113     0.00000269   
  114     0.00000671   
  115     0.00002749   
  116     0.00003057   
  117     0.00004955   
  118     0.00024103   
  119     0.00003234   
  120     0.00005740   
  121     0.00005678   
  122     0.00060405   
  123     0.00007696   
  124     0.00002258   
  125     0.00008909   
  126     0.00002417   
  127     0.00005420   
  128     0.00003104   
  129     0.00002955   
  130     0.00000960   
  131     0.00000963   
  132     0.00000817   
  133     0.00000644   
  134     0.00000413   
  135     0.00005221   
  136     0.00002680   
  137     0.00000236   
  138     0.00000377   
  139     0.00000654   
  140     0.00000705   
  141     0.00001703   
  142     0.00002402   
  143     0.00001584   
  144     0.00002596   
  145     0.00001174   
  146     0.00000154   
  147     0.00000030   
  148     0.00000204   
  149     0.00000123   
  150     0.00001279   
  151     0.00001274   
  152     0.00001830   
  153     0.00000647   
  154     0.00001861   
  155     0.00000136   
  156     0.00000545   
  157     0.00002502   
  158     0.00005303   
  159     0.00001782   
  160     0.00001736   
  161     0.00000540   
  162     0.00001612   
  163     0.00001048   
  164     0.00000347   
  165     0.00000208   
  166     0.00000416   
  167     0.00000445   
  168     0.00000352   
  169     0.00001697   
  170     0.00000417   
  171     0.00003177   
  172     0.00001743   
  173     0.00000975   
  174     0.00004915   
  175     0.00002512   
  176     0.00001146   
  177     0.00001487   
  178     0.00001557   
  179     0.00001284   
  180     0.00003691   
  181     0.00002226   
  182     0.00000990   
  183     0.00000285   
  184     0.00001044   
  185     0.00002592   
  186     0.00001702   
  187     0.00003784   
  188     0.00004254   
  189     0.00010680   
  190     0.00060595   
  191     0.00002482   
  192     0.00003325   
  193     0.00008843   
  194     0.00003346   
  195     0.00001501   
  196     0.00003853   
  197     0.00004010   
  198     0.00001991   
  199     0.00000981   
  200     0.00006091   
  201     0.00002289   
  202     0.00008917   
  203     0.00015725   
  204     0.00005298   
  205     0.00002135   
  206     0.00001854   
  207     0.00001290   
  208     0.00008229   
  209     0.00014927   
  210     0.00034277   
  211     0.00047476   
  212     0.00085869   
  213     0.00050890   
  214     0.00009753   
  215     0.00012562   
  216     0.00007026   
  217     0.00001663   
  218     0.00001700   
  219     0.00008347   
  220     0.00009717   
  221     0.00057919   
  222     0.00013619   
  223     0.00097018   
  224     0.00066125   
  225     0.00007466   
  226     0.00017981   
  227     0.00011788   
  228     0.00007182   
  229     0.00011198   
  230     0.00003364   
  231     0.00017303   
  232     0.00028171   
  233     0.00006044   
  234     0.00012669   
  235     0.00026537   
  236     0.00001807   
  237     0.00000448   
  238     0.00000441   
  239     0.00000049   
  240     0.00000108   
  241     0.00001252   
  242     0.00000097   
  243     0.00000160   
  244     0.00000497   
  245     0.00003315   
  246     0.00002328   
  247     0.00002588   
  248     0.00005663   
  249     0.00007339   
  250     0.00006660   
  251     0.00006247   
  252     0.00014979   
  253     0.00037360   
  254     0.00030472   
  255     0.00008550   
  256     0.00042153   
  257     0.00003299   
  258     0.00022863   
  259     0.00024151   
  260     0.00006201   
  261     0.00023535   
  262     0.00012065   
  263     0.00005449   
  264     0.00007901   
  265     0.00002295   
  266     0.00002557   
  267     0.00013928   
  268     0.00015839   
  269     0.00003177   
  270     0.00000184   
  271     0.00001291   
  272     0.00038944   
  273     0.00002166   
  274     0.00008415   
  275     0.00016901   
  276     0.00007082   
  277     0.00001770   
  278     0.00019514   
  279     0.00005290   
  280     0.00004747   
  281     0.00043197   
  282     0.00007914   
  283     0.00009435   
  284     0.00009344   
  285     0.00022999   
  286     0.00003423   
  287     0.00004851   
  288     0.00006505   
  289     0.00000958   
  290     0.00001477   
  291     0.00001285   
  292     0.00001020   
  293     0.00005508   
  294     0.00005363   
  295     0.00007902   
  296     0.00012172   
  297     0.00003498   
  298     0.00011849   
  299     0.00009459   
  300     0.00003485   
  301     0.00007252   
  302     0.00002382   
  303     0.00023313   
  304     0.00008933   
  305     0.00011747   
  306     0.00043518   
  307     0.00011798   
  308     0.00004267   
  309     0.00003996   
  310     0.00009729   
  311     0.00005695   
  312     0.00001399   
  313     0.00007038   
  314     0.00004330   
  315     0.00015584   
  316     0.00003841   
  317     0.00002428   
  318     0.00012081   
  319     0.00014833   
  320     0.00021669   
  321     0.00013577   
  322     0.00026887   
  323     0.00012010   
  324     0.00003228   
  325     0.00004860   
  326     0.00010975   
  327     0.00002222   
  328     0.00002755   
  329     0.00002707   
  330     0.00018201   
  331     0.00004352   
  332     0.00011692   
  333     0.00011160   
  334     0.00005890   
  335     0.00003792   
  336     0.00012679   
  337     0.00000741   
  338     0.00002462   
  339     0.00009685   
  340     0.00003630   
  341     0.00002722   
  342     0.00003493   
  343     0.00001001   
  344     0.00031018   
  345     0.00015770   
  346     0.00001210   
  347     0.00006035   
  348     0.00022243   
  349     0.00004568   
  350     0.00007811   
  351     0.00006083   
  352     0.00004979   
  353     0.00024795   
  354     0.00014533   
  355     0.00006156   
  356     0.00014970   
  357     0.00020052   
  358     0.00002340   
  359     0.00011252   
  360     0.00003274   
  361     0.00007894   
  362     0.00001997   
  363     0.00010405   
  364     0.00005223   
  365     0.00000601   
  366     0.00000575   
  367     0.00000644   
  368     0.00002462   
  369     0.00001207   
  370     0.00007413   
  371     0.00004487   
  372     0.00021846   
  373     0.00009506   
  374     0.00007874   
  375     0.00008832   
  376     0.00001390   
  377     0.00005820   
  378     0.00012663   
  379     0.00007685   
  380     0.00007807   
  381     0.00010571   
  382     0.00002617   
  383     0.00002641   
  384     0.00004863   
  385     0.00002628   
  386     0.00001240   
  387     0.00001487   
  388     0.00000767   
  389     0.00005631   
  390     0.00000981   
  391     0.00000333   
  392     0.00017848   
  393     0.00002295   
  394     0.00004217   
  395     0.00010388   
  396     0.00002099   
  397     0.00003369   
  398     0.00005824   
  399     0.00012700   
  400     0.00003888   
  401     0.00016601   
  402     0.00001603   
  403     0.00001674   
  404     0.00005005   
  405     0.00009305   
  406     0.00000447   
  407     0.00001564   
  408     0.00000550   
  409     0.00001643   
  410     0.00000196   
  411     0.00000144   
  412     0.00001819   
  413     0.00016486   
  414     0.00003987   
  415     0.00006832   
  416     0.00007358   
  417     0.00001647   
  418     0.00000975   
  419     0.00003230   
  420     0.00002316   
  421     0.00000389   
  422     0.00000417   
  423     0.00001948   
  424     0.00000693   
  425     0.00000384   
  426     0.00000406   
  427     0.00000789   
  428     0.00001681   
  429     0.00001766   
  430     0.00002704   
  431     0.00000787   
  432     0.00001453   
  433     0.00003621   
  434     0.00008240   
  435     0.00002769   
  436     0.00012449   
  437     0.00001124   
  438     0.00002745   
  439     0.00004486   
  440     0.00005060   
  441     0.00004349   
  442     0.00025275   
  443     0.00040873   
  444     0.00009348   
  445     0.00011451   
  446     0.00009363   
  447     0.00017026   
  448     0.00005143   
  449     0.00005084   
  450     0.00004341   
  451     0.00002786   
  452     0.00001132   
  453     0.00000751   
  454     0.00000291   
  455     0.00002031   
  456     0.00000981   
  457     0.00000718   
  458     0.00001775   
  459     0.00001533   
  460     0.00003178   
  461     0.00000976   
  462     0.00003875   
  463     0.00006202   
  464     0.00002963   
  465     0.00003296   
  466     0.00007592   
  467     0.00001309   
  468     0.00001047   
  469     0.00001271   
  470     0.00000513   
  471     0.00000669   
  472     0.00001956   
  473     0.00000574   
  474     0.00000841   
  475     0.00003196   
  476     0.00004049   
  477     0.00000359   
  478     0.00000720   
  479     0.00000733   
  480     0.00000925   
  481     0.00006655   
  482     0.00003401   
  483     0.00004946   
  484     0.00016007   
  485     0.00021432   
  486     0.00006110   
  487     0.00004302   
  488     0.00023471   
  489     0.00008550   
  490     0.00013351   
  491     0.00008132   
  492     0.00024712   
  493     0.00002207   
  494     0.00006665   
  495     0.00002017   
  496     0.00000935   
  497     0.00003287   
  498     0.00000694   
  499     0.00004500   
  500     0.00008834   
  501     0.00003722   
  502     0.00009025   
  503     0.00006690   
  504     0.00017581   
  505     0.00010972   
  506     0.00008421   
  507     0.00004952   
  508     0.00020804   
  509     0.00007113   
  510     0.00003338   
  511     0.00005261   
  512     0.00004893   
  513     0.00002891   
  514     0.00002616   
  515     0.00001920   
  516     0.00002250   
  517     0.00002359   
  518     0.00002041   
  519     0.00032213   
  520     0.00001611   
  521     0.00001796   
  522     0.00001068   
  523     0.00002952   
  524     0.00005106   
  525     0.00002942   
  526     0.00002315   
  527     0.00004794   
  528     0.00002093   
  529     0.00004932   
  530     0.00008814   
  531     0.00004451   
  532     0.00008970   
  533     0.00006225   
  534     0.00004356   
  535     0.00025612   
  536     0.00033730   
  537     0.00044788   
  538     0.00025648   
  539     0.00016563   
  540     0.00024743   
  541     0.00007156   
  542     0.00002303   
  543     0.00002946   
  544     0.00003326   
  545     0.00004660   
  546     0.00008217   
  547     0.00028798   
  548     0.00044284   
  549     0.00019381   
  550     0.00008558   
  551     0.00016033   
  552     0.00030241   
  553     0.00006267   
  554     0.00006321   
  555     0.00003328   
  556     0.00001584   
  557     0.00001483   
  558     0.00000518   
  559     0.00000550   
  560     0.00001005   
  561     0.00003123   
  562     0.00005118   
  563     0.00001061   
  564     0.00008222   
  565     0.00005339   
  566     0.00004143   
  567     0.00009342   
  568     0.00008791   
  569     0.00007458   
  570     0.00006368   
  571     0.00005409   
  572     0.00013236   
  573     0.00002049   
  574     0.00004821   
  575     0.00001103   
  576     0.00002740   
  577     0.00011136   
  578     0.00007310   
  579     0.00005300   
  580     0.00064791   
  581     0.00012881   
  582     0.00009127   
  583     0.00005598   
  584     0.00005351   
  585     0.00002712   
  586     0.00001322   
  587     0.00001383   
  588     0.00012076   
  589     0.00007141   
  590     0.00009129   
  591     0.00044008   
  592     0.00114823   
  593     0.00016940   
  594     0.00043432   
  595     0.00067101   
  596     0.00070306   
  597     0.00008917   
  598     0.00019529   
  599     0.00142667   
  600     0.00015559   
  601     0.00014805   
  602     0.00023744   
  603     0.00030746   
  604     0.00029610   
  605     0.00075808   
  606     0.00105855   
  607     0.00050008   
  608     0.00035770   
  609     0.00020426   
  610     0.00038344   
  611     0.00016514   
  612     0.00066911   
  613     0.00039918   
  614     0.00153555   
  615     0.00035882   
  616     0.00030541   
  617     0.00159557   
  618     0.00020507   
  619     0.00030500   
  620     0.00008032   
  621     0.00058657   
  622     0.00007739   
  623     0.00007656   
  624     0.00001139   
