    1     0.00001858   
    2     0.00016481   
    3     0.00003022   
    4     0.00017634   
    5     0.00003637   
    6     0.00003383   
    7     0.00004789   
    8     0.00004909   
    9     0.00008681   
   10     0.00013603   
   11     0.00015217   
   12     0.00059238   
   13     0.00020194   
   14     0.00009057   
   15     0.00009496   
   16     0.00006791   
   17     0.00010086   
   18     0.00004501   
   19     0.00003897   
   20     0.00000123   
   21     0.00000036   
   22     0.00001289   
   23     0.00000258   
   24     0.00000427   
   25     0.00000887   
   26     0.00008375   
   27     0.00001519   
   28     0.00001667   
   29     0.00001701   
   30     0.00000155   
   31     0.00000060   
   32     0.00000032   
   33     0.00000172   
   34     0.00004186   
   35     0.00003153   
   36     0.00006217   
   37     0.00007111   
   38     0.00008426   
   39     0.00008882   
   40     0.00002755   
   41     0.00001716   
   42     0.00000673   
   43     0.00001767   
   44     0.00000432   
   45     0.00000066   
   46     0.00000167   
   47     0.00000675   
   48     0.00004540   
   49     0.00001244   
   50     0.00002869   
   51     0.00002013   
   52     0.00000291   
   53     0.00000570   
   54     0.00001401   
   55     0.00001454   
   56     0.00000196   
   57     0.00000772   
   58     0.00000595   
   59     0.00012101   
   60     0.00000929   
   61     0.00001615   
   62     0.00000837   
   63     0.00000396   
   64     0.00000446   
   65     0.00001858   
   66     0.00003757   
   67     0.00007511   
   68     0.00003813   
   69     0.00002136   
   70     0.00002782   
   71     0.00000991   
   72     0.00000832   
   73     0.00001557   
   74     0.00000710   
   75     0.00000458   
   76     0.00000013   
   77     0.00000024   
   78     0.00000042   
   79     0.00000028   
   80     0.00000004   
   81     0.00000852   
   82     0.00000080   
   83     0.00000027   
   84     0.00000016   
   85     0.00000242   
   86     0.00000053   
   87     0.00000027   
   88     0.00000013   
   89     0.00000127   
   90     0.00000061   
   91     0.00001115   
   92     0.00000295   
   93     0.00000055   
   94     0.00000076   
   95     0.00000015   
   96     0.00000071   
   97     0.00000006   
   98     0.00000003   
   99     0.00000003   
  100     0.00000026   
  101     0.00000063   
  102     0.00000126   
  103     0.00001468   
  104     0.00000111   
  105     0.00001434   
  106     0.00000246   
  107     0.00000066   
  108     0.00000258   
  109     0.00000082   
  110     0.00001551   
  111     0.00000526   
  112     0.00000820   
  113     0.00000824   
  114     0.00001424   
  115     0.00001365   
  116     0.00001950   
  117     0.00000981   
  118     0.00005839   
  119     0.00005067   
  120     0.00001759   
  121     0.00000667   
  122     0.00002010   
  123     0.00003179   
  124     0.00001289   
  125     0.00000136   
  126     0.00000354   
  127     0.00002460   
  128     0.00000131   
  129     0.00000311   
  130     0.00000259   
  131     0.00000167   
  132     0.00000091   
  133     0.00000031   
  134     0.00000137   
  135     0.00001869   
  136     0.00000878   
  137     0.00000369   
  138     0.00001333   
  139     0.00009123   
  140     0.00023097   
  141     0.00032389   
  142     0.00029328   
  143     0.00014098   
  144     0.00015272   
  145     0.00039685   
  146     0.00011447   
  147     0.00031028   
  148     0.00000934   
  149     0.00002093   
  150     0.00007950   
  151     0.00003056   
  152     0.00001159   
  153     0.00000137   
  154     0.00002951   
  155     0.00001346   
  156     0.00000769   
  157     0.00000541   
  158     0.00001399   
  159     0.00000306   
  160     0.00000658   
  161     0.00000758   
  162     0.00000272   
  163     0.00001070   
  164     0.00000433   
  165     0.00000364   
  166     0.00003519   
  167     0.00004673   
  168     0.00007428   
  169     0.00199085   
  170     0.00044082   
  171     0.00022152   
  172     0.00051244   
  173     0.00172214   
  174     0.00013589   
  175     0.00023406   
  176     0.00020016   
  177     0.00010122   
  178     0.00008632   
  179     0.00002512   
  180     0.00007388   
  181     0.00004866   
  182     0.00006329   
  183     0.00008251   
  184     0.00000899   
  185     0.00004356   
  186     0.00008392   
  187     0.00010515   
  188     0.00015880   
  189     0.00007398   
  190     0.00005953   
  191     0.00005115   
  192     0.00004208   
  193     0.00018036   
  194     0.00026527   
  195     0.00012699   
  196     0.00017506   
  197     0.00013638   
  198     0.00015913   
  199     0.00053833   
  200     0.00016300   
  201     0.00018361   
  202     0.00026031   
  203     0.00015700   
  204     0.00019729   
  205     0.00015780   
  206     0.00004982   
  207     0.00023312   
  208     0.00063738   
  209     0.00048438   
  210     0.00606183   
  211     0.00032911   
  212     0.00014233   
  213     0.00024464   
  214     0.00080062   
  215     0.00127283   
  216     0.00041939   
  217     0.00017012   
  218     0.00033109   
  219     0.00011250   
  220     0.00009491   
  221     0.00035128   
  222     0.00091120   
  223     0.00048025   
  224     0.00051388   
  225     0.00003772   
  226     0.00003463   
  227     0.00029900   
  228     0.00011194   
  229     0.00002923   
  230     0.00002944   
  231     0.00002074   
  232     0.00006062   
  233     0.00000906   
  234     0.00000669   
  235     0.00001426   
  236     0.00000993   
  237     0.00000162   
  238     0.00000191   
  239     0.00001552   
  240     0.00000164   
  241     0.00000395   
  242     0.00000199   
  243     0.00000070   
  244     0.00000289   
  245     0.00000437   
  246     0.00000040   
  247     0.00000022   
  248     0.00000168   
  249     0.00000054   
  250     0.00000472   
  251     0.00000381   
  252     0.00001677   
  253     0.00000113   
  254     0.00000024   
  255     0.00000613   
  256     0.00000076   
  257     0.00012327   
  258     0.00000754   
  259     0.00000120   
  260     0.00000214   
  261     0.00000072   
  262     0.00000275   
  263     0.00000154   
  264     0.00000044   
  265     0.00000168   
  266     0.00000249   
  267     0.00001459   
  268     0.00000140   
  269     0.00000785   
  270     0.00001144   
  271     0.00005182   
  272     0.00000970   
  273     0.00002843   
  274     0.00004777   
  275     0.00000271   
  276     0.00000451   
  277     0.00000588   
  278     0.00000236   
  279     0.00000489   
  280     0.00000095   
  281     0.00000334   
  282     0.00000072   
  283     0.00000130   
  284     0.00000027   
  285     0.00000145   
  286     0.00001916   
  287     0.00000485   
  288     0.00000214   
  289     0.00000259   
  290     0.00000125   
  291     0.00000328   
  292     0.00000192   
  293     0.00000297   
  294     0.00000746   
  295     0.00000459   
  296     0.00000746   
  297     0.00000234   
  298     0.00000211   
  299     0.00000119   
  300     0.00000435   
  301     0.00000098   
  302     0.00000744   
  303     0.00000077   
  304     0.00000135   
  305     0.00000434   
  306     0.00000396   
  307     0.00000309   
  308     0.00003370   
  309     0.00004132   
  310     0.00002117   
  311     0.00001900   
  312     0.00005925   
  313     0.00009844   
  314     0.00003403   
  315     0.00017298   
  316     0.00056413   
  317     0.00031325   
  318     0.00029265   
  319     0.00114099   
  320     0.00077307   
  321     0.00050632   
  322     0.00023802   
  323     0.00094400   
  324     0.00151343   
  325     0.00083291   
  326     0.00026339   
  327     0.00055036   
  328     0.00472592   
  329     0.00246555   
  330     0.00049116   
  331     0.00048462   
  332     0.00005877   
  333     0.00002915   
  334     0.00015979   
  335     0.00004294   
  336     0.00007622   
  337     0.00006926   
  338     0.00003776   
  339     0.00005572   
  340     0.00018879   
  341     0.00007265   
  342     0.00002903   
  343     0.00010713   
  344     0.00007054   
  345     0.00002095   
  346     0.00003256   
  347     0.00008486   
  348     0.00003633   
  349     0.00005209   
  350     0.00006754   
  351     0.00006742   
  352     0.00013655   
  353     0.00011357   
  354     0.00005582   
  355     0.00003970   
  356     0.00011823   
  357     0.00023264   
  358     0.00001099   
  359     0.00002737   
  360     0.00002821   
  361     0.00003315   
  362     0.00001138   
  363     0.00002666   
  364     0.00000024   
  365     0.00001710   
  366     0.00000673   
  367     0.00007161   
  368     0.00014400   
  369     0.00020894   
  370     0.00005753   
  371     0.00026283   
  372     0.00006654   
  373     0.00013978   
  374     0.00012240   
  375     0.00008437   
  376     0.00005659   
  377     0.00012041   
  378     0.00014166   
  379     0.00025247   
  380     0.00018650   
  381     0.00030595   
  382     0.00091730   
  383     0.00185811   
  384     0.00033892   
  385     0.00635247   
  386     0.00375669   
  387     0.00106169   
  388     0.01128099   
  389     0.00338011   
  390     0.00661083   
  391     0.01029608   
  392     0.01462338   
  393     0.00454228   
  394     0.00231281   
  395     0.00106999   
  396     0.00235650   
  397     0.00467881   
  398     0.00080008   
  399     0.00094642   
  400     0.00044724   
  401     0.00074075   
  402     0.00355487   
  403     0.00148136   
  404     0.01065838   
  405     0.00125155   
  406     0.00503910   
  407     0.00352311   
  408     0.00071973   
  409     0.00103884   
  410     0.00196600   
  411     0.00258877   
  412     0.00260501   
  413     0.00240439   
  414     0.00188729   
  415     0.00346626   
  416     0.00250758   
  417     0.00417954   
  418     0.01615577   
  419     0.01759923   
  420     0.01592907   
  421     0.00107727   
  422     0.00265558   
  423     0.00100789   
  424     0.00110099   
  425     0.00037215   
  426     0.00058099   
  427     0.00010899   
  428     0.00013389   
  429     0.00045036   
  430     0.00002668   
  431     0.00003966   
  432     0.00001324   
  433     0.00008625   
  434     0.00004798   
  435     0.00003392   
  436     0.00020778   
  437     0.00003335   
  438     0.00055392   
  439     0.00015474   
  440     0.00018650   
  441     0.00063419   
  442     0.00167718   
  443     0.00096019   
  444     0.00068603   
  445     0.00077467   
  446     0.00230387   
  447     0.00459135   
  448     0.00116581   
  449     0.00086147   
  450     0.00032297   
  451     0.00064259   
  452     0.00072693   
  453     0.00076523   
  454     0.00022857   
  455     0.00030001   
  456     0.00019472   
  457     0.00038423   
  458     0.00026160   
  459     0.00026098   
  460     0.00003825   
  461     0.00002090   
  462     0.00003540   
  463     0.00001698   
  464     0.00000413   
  465     0.00002210   
  466     0.00000545   
  467     0.00003856   
  468     0.00001504   
  469     0.00000714   
  470     0.00011713   
  471     0.00024164   
  472     0.00012707   
  473     0.00047530   
  474     0.00096949   
  475     0.00053677   
  476     0.00341067   
  477     0.00525817   
  478     0.00357240   
  479     0.00979545   
  480     0.00312237   
  481     0.01146408   
  482     0.00561761   
  483     0.00268194   
  484     0.00170288   
  485     0.00384497   
  486     0.00078748   
  487     0.00046045   
  488     0.00051965   
  489     0.00019689   
  490     0.00020087   
  491     0.00003902   
  492     0.00004066   
  493     0.00002371   
  494     0.00000989   
  495     0.00004109   
  496     0.00005730   
  497     0.00015289   
  498     0.00058022   
  499     0.00034913   
  500     0.00071969   
  501     0.00041216   
  502     0.00068114   
  503     0.00647850   
  504     0.00089852   
  505     0.00063027   
  506     0.00438576   
  507     0.00111989   
  508     0.00051170   
  509     0.00001822   
  510     0.00010000   
  511     0.00018698   
  512     0.00017445   
  513     0.00009822   
  514     0.00022347   
  515     0.00057326   
  516     0.00037554   
  517     0.00041955   
  518     0.00072527   
  519     0.00044875   
  520     0.00004198   
  521     0.00044329   
  522     0.00107816   
  523     0.00018252   
  524     0.00037265   
  525     0.00182322   
  526     0.00138268   
  527     0.00041327   
  528     0.00281423   
  529     0.00921400   
  530     0.00461092   
  531     0.00273552   
  532     0.01303505   
  533     0.00438962   
  534     0.00388626   
  535     0.00640817   
  536     0.00172755   
  537     0.00889398   
  538     0.00237102   
  539     0.00156916   
  540     0.00048491   
  541     0.00071751   
  542     0.00095720   
  543     0.00012806   
  544     0.00013405   
  545     0.00010282   
  546     0.00013820   
  547     0.00011088   
  548     0.00004967   
  549     0.00006464   
  550     0.00012538   
  551     0.00004291   
  552     0.00005291   
  553     0.00006323   
  554     0.00003324   
  555     0.00001746   
  556     0.00001558   
  557     0.00005441   
  558     0.00002951   
  559     0.00001405   
  560     0.00001361   
  561     0.00004701   
  562     0.00002275   
  563     0.00001689   
  564     0.00002556   
  565     0.00009721   
  566     0.00002724   
  567     0.00002743   
  568     0.00008842   
  569     0.00006431   
  570     0.00002296   
  571     0.00002787   
  572     0.00006319   
  573     0.00008914   
  574     0.00003856   
  575     0.00007694   
  576     0.00016448   
  577     0.00006614   
  578     0.00010624   
  579     0.00096422   
  580     0.00009519   
  581     0.00583607   
  582     0.00017706   
  583     0.00019683   
  584     0.00039082   
  585     0.00058118   
  586     0.00056364   
  587     0.00028640   
  588     0.00059158   
  589     0.00029713   
  590     0.00043524   
  591     0.00015826   
  592     0.00024883   
  593     0.00030262   
  594     0.00027573   
  595     0.00026718   
  596     0.00012032   
  597     0.00006050   
  598     0.00024303   
  599     0.00008181   
  600     0.00006845   
  601     0.00004743   
  602     0.00002697   
  603     0.00001127   
  604     0.00002686   
  605     0.00001516   
    1     0.00000045   
    2     0.00000002   
    3     0.00000003   
    4     0.00000041   
    5     0.00000030   
    6     0.00000087   
    7     0.00000141   
    8     0.00000092   
    9     0.00000049   
   10     0.00000007   
   11     0.00000027   
   12     0.00000036   
   13     0.00000069   
   14     0.00000114   
   15     0.00000047   
   16     0.00000054   
   17     0.00000182   
   18     0.00000014   
   19     0.00000013   
   20     0.00000057   
   21     0.00000058   
   22     0.00000010   
   23     0.00000185   
   24     0.00000121   
   25     0.00000005   
   26     0.00000008   
   27     0.00000028   
   28     0.00000058   
   29     0.00000672   
   30     0.00001331   
   31     0.00000426   
   32     0.00000794   
   33     0.00001569   
   34     0.00001419   
   35     0.00000783   
   36     0.00004391   
   37     0.00008949   
   38     0.00003451   
   39     0.00004343   
   40     0.00008130   
   41     0.00003932   
   42     0.00004143   
   43     0.00002720   
   44     0.00012363   
   45     0.00002440   
   46     0.00001393   
   47     0.00003666   
   48     0.00005935   
   49     0.00002057   
   50     0.00002160   
   51     0.00004949   
   52     0.00025633   
   53     0.00000727   
   54     0.00001115   
   55     0.00000304   
   56     0.00001637   
   57     0.00000986   
   58     0.00000833   
   59     0.00000418   
   60     0.00000171   
   61     0.00000086   
   62     0.00000013   
   63     0.00001351   
   64     0.00001797   
   65     0.00002418   
   66     0.00001638   
   67     0.00000671   
   68     0.00000453   
   69     0.00000945   
   70     0.00000036   
   71     0.00000058   
   72     0.00000005   
   73     0.00000011   
   74     0.00000072   
   75     0.00000040   
   76     0.00000149   
   77     0.00000211   
   78     0.00000991   
   79     0.00000503   
   80     0.00000412   
   81     0.00000393   
   82     0.00000715   
   83     0.00001387   
   84     0.00000440   
   85     0.00000789   
   86     0.00001180   
   87     0.00000065   
   88     0.00000038   
   89     0.00000170   
   90     0.00000574   
   91     0.00000286   
   92     0.00000082   
   93     0.00000450   
   94     0.00000245   
   95     0.00000274   
   96     0.00000404   
   97     0.00000322   
   98     0.00000334   
   99     0.00000190   
  100     0.00000102   
  101     0.00000130   
  102     0.00000063   
  103     0.00000058   
  104     0.00000022   
  105     0.00000043   
  106     0.00000029   
  107     0.00000011   
  108     0.00000010   
  109     0.00000005   
  110     0.00000006   
  111     0.00000005   
  112     0.00000018   
  113     0.00000015   
  114     0.00000084   
  115     0.00000110   
  116     0.00000200   
  117     0.00000128   
  118     0.00001088   
  119     0.00000429   
  120     0.00000949   
  121     0.00002735   
  122     0.00013403   
  123     0.00001846   
  124     0.00001197   
  125     0.00000871   
  126     0.00001986   
  127     0.00000789   
  128     0.00000328   
  129     0.00000453   
  130     0.00000528   
  131     0.00000108   
  132     0.00000061   
  133     0.00000151   
  134     0.00000139   
  135     0.00000088   
  136     0.00000035   
  137     0.00000097   
  138     0.00000034   
  139     0.00000061   
  140     0.00000050   
  141     0.00000347   
  142     0.00000095   
  143     0.00000154   
  144     0.00000671   
  145     0.00001093   
  146     0.00000124   
  147     0.00000062   
  148     0.00000197   
  149     0.00000052   
  150     0.00000060   
  151     0.00000119   
  152     0.00000104   
  153     0.00000034   
  154     0.00000049   
  155     0.00000049   
  156     0.00000016   
  157     0.00000049   
  158     0.00000123   
  159     0.00000131   
  160     0.00000058   
  161     0.00000040   
  162     0.00000079   
  163     0.00000051   
  164     0.00000115   
  165     0.00000020   
  166     0.00000070   
  167     0.00000112   
  168     0.00000060   
  169     0.00000251   
  170     0.00000034   
  171     0.00000517   
  172     0.00001204   
  173     0.00000113   
  174     0.00000721   
  175     0.00000162   
  176     0.00000185   
  177     0.00000119   
  178     0.00000275   
  179     0.00000039   
  180     0.00000078   
  181     0.00000032   
  182     0.00000018   
  183     0.00000013   
  184     0.00000044   
  185     0.00000112   
  186     0.00000044   
  187     0.00000077   
  188     0.00000196   
  189     0.00000270   
  190     0.00001229   
  191     0.00000135   
  192     0.00000237   
  193     0.00000856   
  194     0.00000987   
  195     0.00000629   
  196     0.00002118   
  197     0.00003364   
  198     0.00001226   
  199     0.00000204   
  200     0.00012289   
  201     0.00002262   
  202     0.00005429   
  203     0.00006357   
  204     0.00014389   
  205     0.00011847   
  206     0.00015697   
  207     0.00002776   
  208     0.00001870   
  209     0.00000979   
  210     0.00002651   
  211     0.00000930   
  212     0.00002009   
  213     0.00000596   
  214     0.00000123   
  215     0.00000145   
  216     0.00000066   
  217     0.00000014   
  218     0.00000012   
  219     0.00000074   
  220     0.00000089   
  221     0.00000610   
  222     0.00000298   
  223     0.00001169   
  224     0.00001677   
  225     0.00000288   
  226     0.00001435   
  227     0.00001600   
  228     0.00002709   
  229     0.00000597   
  230     0.00007801   
  231     0.00043707   
  232     0.00012807   
  233     0.00018100   
  234     0.00028225   
  235     0.00090005   
  236     0.00051165   
  237     0.00098877   
  238     0.00012524   
  239     0.00046123   
  240     0.00002527   
  241     0.00010766   
  242     0.00005355   
  243     0.00007484   
  244     0.00001897   
  245     0.00002041   
  246     0.00014789   
  247     0.00016741   
  248     0.00026720   
  249     0.00004739   
  250     0.00010776   
  251     0.00006069   
  252     0.00014789   
  253     0.00002442   
  254     0.00011854   
  255     0.00003450   
  256     0.00003817   
  257     0.00003840   
  258     0.00013957   
  259     0.00038106   
  260     0.00044423   
  261     0.00084398   
  262     0.00042101   
  263     0.00022933   
  264     0.00047455   
  265     0.00016197   
  266     0.00014109   
  267     0.00024058   
  268     0.00011208   
  269     0.00222957   
  270     0.00206381   
  271     0.00069383   
  272     0.00106516   
  273     0.00058216   
  274     0.00060159   
  275     0.00019718   
  276     0.00021215   
  277     0.00005058   
  278     0.00020512   
  279     0.00013081   
  280     0.00016158   
  281     0.00014160   
  282     0.00037519   
  283     0.00045772   
  284     0.00028501   
  285     0.00006446   
  286     0.00000279   
  287     0.00001237   
  288     0.00003921   
  289     0.00000058   
  290     0.00000093   
  291     0.00000135   
  292     0.00000017   
  293     0.00001278   
  294     0.00006950   
  295     0.00006410   
  296     0.00013001   
  297     0.00010505   
  298     0.00009690   
  299     0.00016516   
  300     0.00009194   
  301     0.00038341   
  302     0.00026997   
  303     0.00018388   
  304     0.00012505   
  305     0.00007475   
  306     0.00074579   
  307     0.00010877   
  308     0.00009248   
  309     0.00000446   
  310     0.00093165   
  311     0.00020098   
  312     0.00106026   
  313     0.00142759   
  314     0.00067425   
  315     0.00147982   
  316     0.00075692   
  317     0.00060404   
  318     0.00038018   
  319     0.00013319   
  320     0.00048352   
  321     0.00009295   
  322     0.00009153   
  323     0.00008993   
  324     0.00023508   
  325     0.00010915   
  326     0.00025383   
  327     0.00033977   
  328     0.00055613   
  329     0.00405455   
  330     0.00120980   
  331     0.00210968   
  332     0.00056153   
  333     0.00371948   
  334     0.00178836   
  335     0.00029881   
  336     0.00108524   
  337     0.00034165   
  338     0.00722756   
  339     0.00081818   
  340     0.00235065   
  341     0.00071085   
  342     0.00815479   
  343     0.00485061   
  344     0.00231270   
  345     0.00177332   
  346     0.00169725   
  347     0.00046768   
  348     0.00056909   
  349     0.00130075   
  350     0.00073186   
  351     0.00020270   
  352     0.00017719   
  353     0.00082481   
  354     0.00065597   
  355     0.00026054   
  356     0.00043746   
  357     0.00031190   
  358     0.00044205   
  359     0.00077775   
  360     0.00064836   
  361     0.00097876   
  362     0.00330966   
  363     0.00470394   
  364     0.00101045   
  365     0.00030102   
  366     0.00031023   
  367     0.00057088   
  368     0.00317025   
  369     0.00032755   
  370     0.00075276   
  371     0.00372520   
  372     0.00337417   
  373     0.00037400   
  374     0.00081041   
  375     0.00047291   
  376     0.00031632   
  377     0.00121102   
  378     0.00127521   
  379     0.00095990   
  380     0.00197850   
  381     0.00072489   
  382     0.00032980   
  383     0.00101956   
  384     0.00153135   
  385     0.00031705   
  386     0.00080703   
  387     0.00252531   
  388     0.00057379   
  389     0.00035881   
  390     0.00334855   
  391     0.00419837   
  392     0.00312696   
  393     0.00128408   
  394     0.00128549   
  395     0.00051914   
  396     0.00017295   
  397     0.00025339   
  398     0.00117532   
  399     0.00265582   
  400     0.00054599   
  401     0.00153470   
  402     0.00075997   
  403     0.00171396   
  404     0.00139111   
  405     0.00063767   
  406     0.00003993   
  407     0.00028643   
  408     0.00023215   
  409     0.00018320   
  410     0.00305245   
  411     0.00067783   
  412     0.00335464   
  413     0.00455939   
  414     0.00024095   
  415     0.00093205   
  416     0.00034105   
  417     0.00010801   
  418     0.00005356   
  419     0.00031944   
  420     0.00025846   
  421     0.00002848   
  422     0.00008398   
  423     0.00011182   
  424     0.00001816   
  425     0.00000611   
  426     0.00000592   
  427     0.00013296   
  428     0.00005389   
  429     0.00013512   
  430     0.00045195   
  431     0.00010686   
  432     0.00007242   
  433     0.00005318   
  434     0.00035534   
  435     0.00071502   
  436     0.00041798   
  437     0.00014345   
  438     0.00115986   
  439     0.00256217   
  440     0.00019152   
  441     0.00018577   
  442     0.00148923   
  443     0.00018949   
  444     0.00040459   
  445     0.00018958   
  446     0.00008259   
  447     0.00043618   
  448     0.00009615   
  449     0.00008422   
  450     0.00005565   
  451     0.00016520   
  452     0.00016412   
  453     0.00000668   
  454     0.00001960   
  455     0.00008155   
  456     0.00008206   
  457     0.00012259   
  458     0.00005769   
  459     0.00112644   
  460     0.00064860   
  461     0.00034317   
  462     0.00022039   
  463     0.00050582   
  464     0.00218672   
  465     0.00050740   
  466     0.00350900   
  467     0.00246933   
  468     0.00187513   
  469     0.00060184   
  470     0.00065672   
  471     0.00139192   
  472     0.00154114   
  473     0.00040111   
  474     0.00035637   
  475     0.00130474   
  476     0.00025703   
  477     0.00009743   
  478     0.00034913   
  479     0.00052748   
  480     0.00136399   
  481     0.00136376   
  482     0.00048270   
  483     0.00016221   
  484     0.00042432   
  485     0.00042926   
  486     0.00035696   
  487     0.00016408   
  488     0.00010729   
  489     0.00018250   
  490     0.00011134   
  491     0.00007140   
  492     0.00009243   
  493     0.00002707   
  494     0.00001850   
  495     0.00000476   
  496     0.00000478   
  497     0.00000432   
  498     0.00001247   
  499     0.00000317   
  500     0.00000889   
  501     0.00001351   
  502     0.00000958   
  503     0.00000866   
  504     0.00000762   
  505     0.00004460   
  506     0.00000573   
  507     0.00000560   
  508     0.00001843   
  509     0.00001540   
  510     0.00001010   
  511     0.00001490   
  512     0.00003150   
  513     0.00000924   
  514     0.00000926   
  515     0.00003423   
  516     0.00000232   
  517     0.00000770   
  518     0.00004326   
  519     0.00019083   
  520     0.00001537   
  521     0.00003429   
  522     0.00008090   
  523     0.00012325   
  524     0.00005593   
  525     0.00002695   
  526     0.00000994   
  527     0.00006378   
  528     0.00004620   
  529     0.00003080   
  530     0.00009383   
  531     0.00002903   
  532     0.00017363   
  533     0.00022401   
  534     0.00021338   
  535     0.00025902   
  536     0.00033183   
  537     0.00022992   
  538     0.00027109   
  539     0.00033570   
  540     0.00042652   
  541     0.00011092   
  542     0.00006272   
  543     0.00001503   
  544     0.00002835   
  545     0.00001747   
  546     0.00006140   
  547     0.00021022   
  548     0.00015846   
  549     0.00107436   
  550     0.00028527   
  551     0.00004515   
  552     0.00011426   
  553     0.00033189   
  554     0.00001983   
  555     0.00000299   
  556     0.00000378   
  557     0.00000176   
  558     0.00000063   
  559     0.00000025   
  560     0.00000016   
  561     0.00001538   
  562     0.00000066   
  563     0.00000136   
  564     0.00006667   
  565     0.00013658   
  566     0.00005280   
  567     0.00015502   
  568     0.00012692   
  569     0.00000966   
  570     0.00003718   
  571     0.00005011   
  572     0.00002284   
  573     0.00004703   
  574     0.00005753   
  575     0.00002277   
  576     0.00001563   
  577     0.00004331   
  578     0.00002463   
  579     0.00001712   
  580     0.00011709   
  581     0.00001427   
  582     0.00002778   
  583     0.00000272   
  584     0.00002414   
  585     0.00000150   
  586     0.00001133   
  587     0.00001722   
  588     0.00011731   
  589     0.00003461   
  590     0.00029592   
  591     0.00024336   
  592     0.00031331   
  593     0.00006986   
  594     0.00020292   
  595     0.00063861   
  596     0.00047533   
  597     0.00039053   
  598     0.00039242   
  599     0.00096887   
  600     0.00015709   
  601     0.00021315   
  602     0.00041641   
  603     0.00049847   
  604     0.00030335   
  605     0.00054066   
  606     0.00060562   
  607     0.00042731   
  608     0.00102468   
  609     0.00067825   
  610     0.00230923   
  611     0.00031862   
  612     0.00160613   
  613     0.00060693   
  614     0.00178906   
  615     0.00086815   
  616     0.00035010   
  617     0.00063985   
  618     0.00029250   
  619     0.00059476   
  620     0.00014259   
  621     0.00101278   
  622     0.00015938   
  623     0.00070481   
  624     0.00009772   
    1     0.00000360   
    2     0.00000064   
    3     0.00000062   
    4     0.00000753   
    5     0.00000950   
    6     0.00001104   
    7     0.00006881   
    8     0.00000620   
    9     0.00000580   
   10     0.00000076   
   11     0.00000272   
   12     0.00000201   
   13     0.00000657   
   14     0.00000348   
   15     0.00000172   
   16     0.00000371   
   17     0.00002609   
   18     0.00000106   
   19     0.00001054   
   20     0.00002225   
   21     0.00000281   
   22     0.00000256   
   23     0.00000190   
   24     0.00000249   
   25     0.00000050   
   26     0.00000102   
   27     0.00000091   
   28     0.00000427   
   29     0.00001533   
   30     0.00002308   
   31     0.00003329   
   32     0.00005337   
   33     0.00009518   
   34     0.00018983   
   35     0.00011287   
   36     0.00021492   
   37     0.00081899   
   38     0.00010739   
   39     0.00014296   
   40     0.00013145   
   41     0.00001866   
   42     0.00004740   
   43     0.00007452   
   44     0.00070418   
   45     0.00057403   
   46     0.00008021   
   47     0.00061057   
   48     0.00097477   
   49     0.00005900   
   50     0.00015759   
   51     0.00070788   
   52     0.00002082   
   53     0.00001213   
   54     0.00005871   
   55     0.00000542   
   56     0.00016314   
   57     0.00002118   
   58     0.00000438   
   59     0.00000276   
   60     0.00000576   
   61     0.00000010   
   62     0.00000062   
   63     0.00007180   
   64     0.00010867   
   65     0.00018682   
   66     0.00005603   
   67     0.00007340   
   68     0.00002485   
   69     0.00003777   
   70     0.00000167   
   71     0.00000066   
   72     0.00000049   
   73     0.00000042   
   74     0.00000399   
   75     0.00000201   
   76     0.00001117   
   77     0.00002563   
   78     0.00005570   
   79     0.00005879   
   80     0.00004317   
   81     0.00003722   
   82     0.00004910   
   83     0.00013343   
   84     0.00001513   
   85     0.00008163   
   86     0.00001750   
   87     0.00000913   
   88     0.00000412   
   89     0.00001271   
   90     0.00003026   
   91     0.00005247   
   92     0.00000822   
   93     0.00004413   
   94     0.00002641   
   95     0.00009977   
   96     0.00004631   
   97     0.00019052   
   98     0.00013405   
   99     0.00002560   
  100     0.00001668   
  101     0.00002428   
  102     0.00000779   
  103     0.00001103   
  104     0.00000322   
  105     0.00000329   
  106     0.00000170   
  107     0.00000075   
  108     0.00000086   
  109     0.00000067   
  110     0.00000070   
  111     0.00000044   
  112     0.00000246   
  113     0.00000136   
  114     0.00000504   
  115     0.00001401   
  116     0.00008288   
  117     0.00003370   
  118     0.00010963   
  119     0.00020504   
  120     0.00037202   
  121     0.00065365   
  122     0.00625240   
  123     0.00064749   
  124     0.00052991   
  125     0.00025438   
  126     0.00051074   
  127     0.00019150   
  128     0.00009579   
  129     0.00005364   
  130     0.00009065   
  131     0.00002661   
  132     0.00000635   
  133     0.00002162   
  134     0.00001273   
  135     0.00000976   
  136     0.00000592   
  137     0.00002837   
  138     0.00000861   
  139     0.00000849   
  140     0.00000556   
  141     0.00001008   
  142     0.00000415   
  143     0.00000897   
  144     0.00005293   
  145     0.00003091   
  146     0.00000152   
  147     0.00000032   
  148     0.00000046   
  149     0.00000053   
  150     0.00000372   
  151     0.00000229   
  152     0.00000666   
  153     0.00000519   
  154     0.00002315   
  155     0.00000351   
  156     0.00000617   
  157     0.00000511   
  158     0.00002984   
  159     0.00000651   
  160     0.00002094   
  161     0.00000330   
  162     0.00001414   
  163     0.00000952   
  164     0.00000531   
  165     0.00000118   
  166     0.00000114   
  167     0.00000171   
  168     0.00000090   
  169     0.00000096   
  170     0.00000048   
  171     0.00000196   
  172     0.00001019   
  173     0.00000965   
  174     0.00001291   
  175     0.00002050   
  176     0.00003399   
  177     0.00002043   
  178     0.00002970   
  179     0.00000503   
  180     0.00001018   
  181     0.00000449   
  182     0.00000098   
  183     0.00000145   
  184     0.00000770   
  185     0.00000401   
  186     0.00000482   
  187     0.00001735   
  188     0.00000298   
  189     0.00000749   
  190     0.00001642   
  191     0.00000508   
  192     0.00001387   
  193     0.00003236   
  194     0.00009645   
  195     0.00001683   
  196     0.00005571   
  197     0.00027005   
  198     0.00012899   
  199     0.00002003   
  200     0.00060169   
  201     0.00020918   
  202     0.00094730   
  203     0.00128577   
  204     0.00144692   
  205     0.00025198   
  206     0.00071054   
  207     0.00025356   
  208     0.00019899   
  209     0.00005183   
  210     0.00016389   
  211     0.00025915   
  212     0.00008408   
  213     0.00017271   
  214     0.00005899   
  215     0.00001465   
  216     0.00001601   
  217     0.00000204   
  218     0.00000221   
  219     0.00000899   
  220     0.00002556   
  221     0.00012110   
  222     0.00009838   
  223     0.00021709   
  224     0.00011717   
  225     0.00004259   
  226     0.00022515   
  227     0.00015432   
  228     0.00059569   
  229     0.00054298   
  230     0.00111435   
  231     0.00298290   
  232     0.00106579   
  233     0.00090554   
  234     0.00383865   
  235     0.00181631   
  236     0.00043901   
  237     0.00026972   
  238     0.00061467   
  239     0.00001631   
  240     0.00003922   
  241     0.00024662   
  242     0.00005481   
  243     0.00007190   
  244     0.00004590   
  245     0.00055547   
  246     0.00072719   
  247     0.00049229   
  248     0.00151846   
  249     0.00055852   
  250     0.00102480   
  251     0.00092383   
  252     0.00327442   
  253     0.00105740   
  254     0.00624896   
  255     0.00075059   
  256     0.00153317   
  257     0.00085374   
  258     0.00242683   
  259     0.00156900   
  260     0.00117633   
  261     0.00121247   
  262     0.00033264   
  263     0.00096667   
  264     0.00293575   
  265     0.00140360   
  266     0.00543369   
  267     0.00048461   
  268     0.00014176   
  269     0.00007022   
  270     0.00001036   
  271     0.00000514   
  272     0.00033104   
  273     0.00002943   
  274     0.00023901   
  275     0.00013691   
  276     0.00194120   
  277     0.00080555   
  278     0.00144699   
  279     0.00022918   
  280     0.00029418   
  281     0.00566797   
  282     0.00245360   
  283     0.00220071   
  284     0.00039069   
  285     0.00027391   
  286     0.00002472   
  287     0.00006131   
  288     0.00014712   
  289     0.00000430   
  290     0.00001619   
  291     0.00001210   
  292     0.00000182   
  293     0.00021440   
  294     0.00018462   
  295     0.00061458   
  296     0.00096500   
  297     0.00014270   
  298     0.00017146   
  299     0.00025965   
  300     0.00013951   
  301     0.00032156   
  302     0.00015959   
  303     0.00051069   
  304     0.00095907   
  305     0.00069415   
  306     0.00117760   
  307     0.00150281   
  308     0.00043539   
  309     0.00039899   
  310     0.00050646   
  311     0.00096124   
  312     0.00019838   
  313     0.00045961   
  314     0.00063860   
  315     0.00096927   
  316     0.00201174   
  317     0.00328233   
  318     0.00121145   
  319     0.00249637   
  320     0.00307089   
  321     0.00068139   
  322     0.00230917   
  323     0.00032368   
  324     0.00043668   
  325     0.00016225   
  326     0.00057038   
  327     0.00003413   
  328     0.00005724   
  329     0.00006152   
  330     0.00009814   
  331     0.00003580   
  332     0.00071210   
  333     0.00006823   
  334     0.00009370   
  335     0.00003500   
  336     0.00021584   
  337     0.00000680   
  338     0.00000530   
  339     0.00005469   
  340     0.00010515   
  341     0.00006276   
  342     0.00004086   
  343     0.00003538   
  344     0.00020976   
  345     0.00029464   
  346     0.00022613   
  347     0.00008300   
  348     0.00061654   
  349     0.00005740   
  350     0.00019802   
  351     0.00032878   
  352     0.00213981   
  353     0.00345709   
  354     0.00207500   
  355     0.00497374   
  356     0.00129933   
  357     0.00458171   
  358     0.00247424   
  359     0.00200264   
  360     0.00055764   
  361     0.00303949   
  362     0.00023544   
  363     0.00024248   
  364     0.00006932   
  365     0.00002040   
  366     0.00003159   
  367     0.00004741   
  368     0.00014733   
  369     0.00021182   
  370     0.00065511   
  371     0.00041016   
  372     0.00535169   
  373     0.00165163   
  374     0.00298694   
  375     0.00174801   
  376     0.00048683   
  377     0.00327714   
  378     0.00404324   
  379     0.00074519   
  380     0.01690030   
  381     0.00659077   
  382     0.00041992   
  383     0.00144011   
  384     0.00516694   
  385     0.00043482   
  386     0.00075277   
  387     0.00092711   
  388     0.00052221   
  389     0.00064218   
  390     0.00055199   
  391     0.00004906   
  392     0.00629523   
  393     0.00134596   
  394     0.00703062   
  395     0.00523288   
  396     0.00081362   
  397     0.00133210   
  398     0.00544881   
  399     0.00255530   
  400     0.00032662   
  401     0.00175857   
  402     0.00027951   
  403     0.00114153   
  404     0.00080231   
  405     0.00076814   
  406     0.00003059   
  407     0.00035562   
  408     0.00021270   
  409     0.00025380   
  410     0.00181846   
  411     0.00025457   
  412     0.00414248   
  413     0.00071253   
  414     0.00032252   
  415     0.00038903   
  416     0.00242252   
  417     0.00079254   
  418     0.00008681   
  419     0.00047953   
  420     0.00077648   
  421     0.00006479   
  422     0.00026075   
  423     0.00034373   
  424     0.00007375   
  425     0.00000371   
  426     0.00000690   
  427     0.00002480   
  428     0.00049313   
  429     0.00093819   
  430     0.00147598   
  431     0.00046867   
  432     0.00010622   
  433     0.00026336   
  434     0.00126098   
  435     0.00161894   
  436     0.00242694   
  437     0.00144225   
  438     0.00057785   
  439     0.00160431   
  440     0.00055075   
  441     0.00036468   
  442     0.00052010   
  443     0.00012815   
  444     0.00065758   
  445     0.00073724   
  446     0.00022779   
  447     0.00045536   
  448     0.00017172   
  449     0.00032918   
  450     0.00049274   
  451     0.00038370   
  452     0.00014024   
  453     0.00005078   
  454     0.00005040   
  455     0.00055451   
  456     0.00037380   
  457     0.00014494   
  458     0.00014743   
  459     0.00049735   
  460     0.00065851   
  461     0.00068427   
  462     0.01272296   
  463     0.00198775   
  464     0.00241650   
  465     0.00235568   
  466     0.00176463   
  467     0.00078019   
  468     0.00143842   
  469     0.00135519   
  470     0.00100782   
  471     0.00057690   
  472     0.00319711   
  473     0.00113841   
  474     0.00070466   
  475     0.00637164   
  476     0.00170046   
  477     0.00024014   
  478     0.00191773   
  479     0.00116832   
  480     0.00350831   
  481     0.00229240   
  482     0.00056355   
  483     0.00066590   
  484     0.00064108   
  485     0.00044130   
  486     0.00067581   
  487     0.00027928   
  488     0.00042247   
  489     0.00160379   
  490     0.00115705   
  491     0.00096986   
  492     0.00034447   
  493     0.00034867   
  494     0.00009117   
  495     0.00001463   
  496     0.00001403   
  497     0.00004041   
  498     0.00011538   
  499     0.00004249   
  500     0.00003989   
  501     0.00004529   
  502     0.00003012   
  503     0.00009652   
  504     0.00002435   
  505     0.00011901   
  506     0.00001139   
  507     0.00006110   
  508     0.00004332   
  509     0.00002511   
  510     0.00002308   
  511     0.00001331   
  512     0.00001553   
  513     0.00000446   
  514     0.00000625   
  515     0.00006760   
  516     0.00000400   
  517     0.00000286   
  518     0.00004449   
  519     0.00010492   
  520     0.00000270   
  521     0.00000849   
  522     0.00003114   
  523     0.00010122   
  524     0.00005195   
  525     0.00004675   
  526     0.00002288   
  527     0.00006769   
  528     0.00003464   
  529     0.00001837   
  530     0.00093769   
  531     0.00020120   
  532     0.00029718   
  533     0.00035460   
  534     0.00059969   
  535     0.00032786   
  536     0.00002880   
  537     0.00014020   
  538     0.00018562   
  539     0.00026135   
  540     0.00073436   
  541     0.00012869   
  542     0.00005613   
  543     0.00006732   
  544     0.00004217   
  545     0.00004479   
  546     0.00005456   
  547     0.00009922   
  548     0.00006814   
  549     0.00060538   
  550     0.00004301   
  551     0.00005389   
  552     0.00003452   
  553     0.00041268   
  554     0.00004819   
  555     0.00000475   
  556     0.00000189   
  557     0.00000035   
  558     0.00000062   
  559     0.00000511   
  560     0.00000047   
  561     0.00002686   
  562     0.00001545   
  563     0.00001593   
  564     0.00015192   
  565     0.00012813   
  566     0.00013699   
  567     0.00029195   
  568     0.00017671   
  569     0.00003578   
  570     0.00003181   
  571     0.00008626   
  572     0.00014349   
  573     0.00002075   
  574     0.00000754   
  575     0.00000920   
  576     0.00001154   
  577     0.00004468   
  578     0.00003311   
  579     0.00001161   
  580     0.00001835   
  581     0.00003246   
  582     0.00000351   
  583     0.00000866   
  584     0.00000290   
  585     0.00000214   
  586     0.00000285   
  587     0.00001219   
  588     0.00009600   
  589     0.00001676   
  590     0.00024462   
  591     0.00013364   
  592     0.00002712   
  593     0.00012138   
  594     0.00029526   
  595     0.00024750   
  596     0.00014372   
  597     0.00029991   
  598     0.00023972   
  599     0.00085196   
  600     0.00012405   
  601     0.00017625   
  602     0.00040274   
  603     0.00057508   
  604     0.00016360   
  605     0.00016929   
  606     0.00018733   
  607     0.00031394   
  608     0.00034966   
  609     0.00000734   
  610     0.00027898   
  611     0.00023364   
  612     0.00078983   
  613     0.00030557   
  614     0.00033508   
  615     0.00047204   
  616     0.00050269   
  617     0.00011125   
  618     0.00013153   
  619     0.00042684   
  620     0.00002643   
  621     0.00021395   
  622     0.00002674   
  623     0.00004568   
  624     0.00000376   
