    1     0.00021990   
    2     0.00028065   
    3     0.00024000   
    4     0.00037305   
    5     0.00097511   
    6     0.00040740   
    7     0.00036788   
    8     0.00036735   
    9     0.00302454   
   10     0.00093873   
   11     0.00299845   
   12     0.00182993   
   13     0.00129186   
   14     0.00076098   
   15     0.00079008   
   16     0.00291250   
   17     0.00238565   
   18     0.00161162   
   19     0.00098289   
   20     0.00020418   
   21     0.00031248   
   22     0.00122715   
   23     0.00050877   
   24     0.00088072   
   25     0.00014122   
   26     0.00140670   
   27     0.00581451   
   28     0.00188787   
   29     0.00184930   
   30     0.00136106   
   31     0.00124698   
   32     0.00097836   
   33     0.00052487   
   34     0.00082433   
   35     0.00071935   
   36     0.00057566   
   37     0.00137862   
   38     0.00166074   
   39     0.00102530   
   40     0.00137151   
   41     0.00117743   
   42     0.01732585   
   43     0.00936305   
   44     0.00543274   
   45     0.00804795   
   46     0.01069474   
   47     0.00817959   
   48     0.00556316   
   49     0.00457128   
   50     0.00244179   
   51     0.00123757   
   52     0.00057357   
   53     0.00056555   
   54     0.00163542   
   55     0.00106877   
   56     0.00027145   
   57     0.00122638   
   58     0.00016922   
   59     0.00243038   
   60     0.00065725   
   61     0.00262612   
   62     0.00341817   
   63     0.00030629   
   64     0.00139754   
   65     0.00155943   
   66     0.00268096   
   67     0.00144668   
   68     0.00085919   
   69     0.00109867   
   70     0.00472079   
   71     0.00461104   
   72     0.00116397   
   73     0.00131883   
   74     0.00142331   
   75     0.00075932   
   76     0.00032299   
   77     0.00076222   
   78     0.00104100   
   79     0.00027705   
   80     0.00033224   
   81     0.00446420   
   82     0.00098286   
   83     0.00030464   
   84     0.00032806   
   85     0.00036223   
   86     0.00153520   
   87     0.00053150   
   88     0.00027764   
   89     0.00114446   
   90     0.00192423   
   91     0.00144166   
   92     0.00155279   
   93     0.00106790   
   94     0.00064938   
   95     0.00142453   
   96     0.00301018   
   97     0.00182062   
   98     0.00068640   
   99     0.00179026   
  100     0.00132658   
  101     0.00135927   
  102     0.00113695   
  103     0.00031934   
  104     0.00087047   
  105     0.00521811   
  106     0.00204655   
  107     0.00007712   
  108     0.00016877   
  109     0.00033603   
  110     0.00133658   
  111     0.00441148   
  112     0.00178030   
  113     0.00058308   
  114     0.00319560   
  115     0.00285128   
  116     0.00106498   
  117     0.00161051   
  118     0.00680282   
  119     0.00147893   
  120     0.00120951   
  121     0.00266348   
  122     0.00595824   
  123     0.00149840   
  124     0.00390534   
  125     0.00995336   
  126     0.00195321   
  127     0.00944119   
  128     0.00407883   
  129     0.00888016   
  130     0.00893081   
  131     0.00387859   
  132     0.00537411   
  133     0.00362642   
  134     0.00643524   
  135     0.00415563   
  136     0.00050115   
  137     0.00040788   
  138     0.00041809   
  139     0.00017381   
  140     0.00032987   
  141     0.00041640   
  142     0.00148005   
  143     0.00035281   
  144     0.00107206   
  145     0.00159786   
  146     0.00083032   
  147     0.00200270   
  148     0.00016065   
  149     0.00035738   
  150     0.00113459   
  151     0.00145527   
  152     0.00045122   
  153     0.00037108   
  154     0.00140511   
  155     0.00062557   
  156     0.00021774   
  157     0.00049698   
  158     0.00016422   
  159     0.00005186   
  160     0.00041764   
  161     0.00091138   
  162     0.00038021   
  163     0.00045480   
  164     0.00018741   
  165     0.00025318   
  166     0.00014044   
  167     0.00029767   
  168     0.00118750   
  169     0.00062638   
  170     0.00063146   
  171     0.00054993   
  172     0.00187258   
  173     0.00075958   
  174     0.00107824   
  175     0.00120890   
  176     0.00254932   
  177     0.00495179   
  178     0.00170168   
  179     0.00165115   
  180     0.00091011   
  181     0.00386156   
  182     0.00149901   
  183     0.00059975   
  184     0.00060401   
  185     0.00279737   
  186     0.00065471   
  187     0.00049877   
  188     0.00172358   
  189     0.00068231   
  190     0.00085976   
  191     0.00015254   
  192     0.00086835   
  193     0.00052772   
  194     0.00031612   
  195     0.00094989   
  196     0.00061073   
  197     0.00086130   
  198     0.00197901   
  199     0.00104790   
  200     0.00039655   
  201     0.00044610   
  202     0.00069235   
  203     0.00075740   
  204     0.00034787   
  205     0.00060908   
  206     0.00048651   
  207     0.00077702   
  208     0.00043349   
  209     0.00074205   
  210     0.00101602   
  211     0.00025585   
  212     0.00067971   
  213     0.00092076   
  214     0.00138006   
  215     0.00088761   
  216     0.00053829   
  217     0.00004954   
  218     0.00087610   
  219     0.00057863   
  220     0.00041948   
  221     0.00075691   
  222     0.00063662   
  223     0.00022464   
  224     0.00034709   
  225     0.00336987   
  226     0.00051901   
  227     0.00116080   
  228     0.00069857   
  229     0.00068028   
  230     0.00031398   
  231     0.00010828   
  232     0.00015245   
  233     0.00021355   
  234     0.00064588   
  235     0.00016755   
  236     0.00029182   
  237     0.00050463   
  238     0.00050189   
  239     0.00060671   
  240     0.00075062   
  241     0.00025777   
  242     0.00017408   
  243     0.00011783   
  244     0.00061862   
  245     0.00007401   
  246     0.00008989   
  247     0.00005413   
  248     0.00114046   
  249     0.00009496   
  250     0.00167143   
  251     0.00023210   
  252     0.00074751   
  253     0.00029879   
  254     0.00017525   
  255     0.00072072   
  256     0.00013466   
  257     0.00235286   
  258     0.00094745   
  259     0.00052506   
  260     0.00016432   
  261     0.00025442   
  262     0.00026282   
  263     0.00020296   
  264     0.00017448   
  265     0.00039115   
  266     0.00025411   
  267     0.00030017   
  268     0.00042371   
  269     0.00029943   
  270     0.00017231   
  271     0.00133441   
  272     0.00015310   
  273     0.00013812   
  274     0.00037055   
  275     0.00056821   
  276     0.00010849   
  277     0.00015489   
  278     0.00018268   
  279     0.00008993   
  280     0.00015246   
  281     0.00046997   
  282     0.00043429   
  283     0.00099829   
  284     0.00062976   
  285     0.00022154   
  286     0.00193776   
  287     0.00377614   
  288     0.00241376   
  289     0.00282313   
  290     0.00168898   
  291     0.00511830   
  292     0.00086011   
  293     0.00105576   
  294     0.00733446   
  295     0.00178004   
  296     0.00227773   
  297     0.00038573   
  298     0.00078770   
  299     0.00012222   
  300     0.00067141   
  301     0.00009037   
  302     0.00015487   
  303     0.00004207   
  304     0.00002593   
  305     0.00030958   
  306     0.00012644   
  307     0.00007211   
  308     0.00059676   
  309     0.00029948   
  310     0.00018076   
  311     0.00011794   
  312     0.00016665   
  313     0.00026295   
  314     0.00007917   
  315     0.00013331   
  316     0.00049820   
  317     0.00012874   
  318     0.00009295   
  319     0.00040349   
  320     0.00016761   
  321     0.00003299   
  322     0.00017161   
  323     0.00030713   
  324     0.00020013   
  325     0.00022821   
  326     0.00023541   
  327     0.00028737   
  328     0.00123942   
  329     0.00127598   
  330     0.00009220   
  331     0.00015132   
  332     0.00012642   
  333     0.00015866   
  334     0.00041457   
  335     0.00009780   
  336     0.00013572   
  337     0.00029554   
  338     0.00043738   
  339     0.00026532   
  340     0.00049139   
  341     0.00014327   
  342     0.00015164   
  343     0.00110568   
  344     0.00033770   
  345     0.00088893   
  346     0.00081565   
  347     0.00036271   
  348     0.00003783   
  349     0.00046845   
  350     0.00013644   
  351     0.00003178   
  352     0.00010834   
  353     0.00009994   
  354     0.00003699   
  355     0.00001091   
  356     0.00001169   
  357     0.00011178   
  358     0.00005489   
  359     0.00006673   
  360     0.00008781   
  361     0.00024274   
  362     0.00037829   
  363     0.00024185   
  364     0.00006138   
  365     0.00068570   
  366     0.00010480   
  367     0.00013818   
  368     0.00051897   
  369     0.00079400   
  370     0.00063771   
  371     0.00020490   
  372     0.00047405   
  373     0.00325230   
  374     0.00177299   
  375     0.00082800   
  376     0.00079430   
  377     0.00321500   
  378     0.00082093   
  379     0.00058561   
  380     0.00050292   
  381     0.00038145   
  382     0.00018135   
  383     0.00130393   
  384     0.00006853   
  385     0.00137286   
  386     0.00144305   
  387     0.00087924   
  388     0.00245028   
  389     0.00135489   
  390     0.00206536   
  391     0.00112098   
  392     0.00308821   
  393     0.00108393   
  394     0.00142551   
  395     0.00074071   
  396     0.00174029   
  397     0.00315088   
  398     0.00027763   
  399     0.00071268   
  400     0.00074287   
  401     0.00035111   
  402     0.00253086   
  403     0.00081430   
  404     0.00702472   
  405     0.00155248   
  406     0.00114546   
  407     0.00150219   
  408     0.00038672   
  409     0.00095376   
  410     0.00106610   
  411     0.00415383   
  412     0.00135108   
  413     0.00114512   
  414     0.00193640   
  415     0.00115280   
  416     0.00208793   
  417     0.00254562   
  418     0.00623219   
  419     0.00460679   
  420     0.00162428   
  421     0.00078442   
  422     0.00236701   
  423     0.00141513   
  424     0.00342036   
  425     0.00164675   
  426     0.00116161   
  427     0.00028131   
  428     0.00030028   
  429     0.00679089   
  430     0.00030912   
  431     0.00054586   
  432     0.00010316   
  433     0.00060670   
  434     0.00077488   
  435     0.00050345   
  436     0.00222896   
  437     0.00141968   
  438     0.00204563   
  439     0.00114948   
  440     0.00083428   
  441     0.00040044   
  442     0.00129853   
  443     0.00039865   
  444     0.00177583   
  445     0.00068422   
  446     0.00075507   
  447     0.00102556   
  448     0.00064332   
  449     0.00047291   
  450     0.00019702   
  451     0.00049137   
  452     0.00017772   
  453     0.00089522   
  454     0.00244504   
  455     0.00061781   
  456     0.00103777   
  457     0.00119138   
  458     0.00056533   
  459     0.00197762   
  460     0.00096295   
  461     0.00046800   
  462     0.00035781   
  463     0.00039487   
  464     0.00010781   
  465     0.00056360   
  466     0.00008909   
  467     0.00058416   
  468     0.00060319   
  469     0.00023169   
  470     0.00173992   
  471     0.00153755   
  472     0.00050443   
  473     0.00121702   
  474     0.00352115   
  475     0.00029829   
  476     0.00186171   
  477     0.00044351   
  478     0.00280655   
  479     0.00146631   
  480     0.00154375   
  481     0.00340182   
  482     0.00465137   
  483     0.00188853   
  484     0.00090597   
  485     0.00192603   
  486     0.00087864   
  487     0.00143172   
  488     0.00112853   
  489     0.00064535   
  490     0.00083414   
  491     0.00042618   
  492     0.00065185   
  493     0.00037464   
  494     0.00009822   
  495     0.00077231   
  496     0.00068004   
  497     0.00164136   
  498     0.00240030   
  499     0.00052123   
  500     0.00079570   
  501     0.00058830   
  502     0.00088040   
  503     0.00230944   
  504     0.00080345   
  505     0.00061035   
  506     0.00261121   
  507     0.00224767   
  508     0.00029557   
  509     0.00045441   
  510     0.00121261   
  511     0.00083540   
  512     0.00441209   
  513     0.00028636   
  514     0.00105131   
  515     0.00161039   
  516     0.00080881   
  517     0.00030325   
  518     0.00047745   
  519     0.00024374   
  520     0.00019938   
  521     0.00024331   
  522     0.00019943   
  523     0.00018970   
  524     0.00007922   
  525     0.00029466   
  526     0.00050945   
  527     0.00015455   
  528     0.00038606   
  529     0.00038373   
  530     0.00075883   
  531     0.00071289   
  532     0.00004024   
  533     0.00065250   
  534     0.00060904   
  535     0.00024829   
  536     0.00041446   
  537     0.00038243   
  538     0.00009113   
  539     0.00020266   
  540     0.00031424   
  541     0.00008141   
  542     0.00036180   
  543     0.00025197   
  544     0.00023034   
  545     0.00022026   
  546     0.00038570   
  547     0.00020990   
  548     0.00012325   
  549     0.00011988   
  550     0.00030616   
  551     0.00004127   
  552     0.00002042   
  553     0.00006943   
  554     0.00004124   
  555     0.00001784   
  556     0.00003038   
  557     0.00011541   
  558     0.00001500   
  559     0.00005211   
  560     0.00004305   
  561     0.00013668   
  562     0.00011790   
  563     0.00005906   
  564     0.00008701   
  565     0.00006542   
  566     0.00029488   
  567     0.00006600   
  568     0.00015057   
  569     0.00011755   
  570     0.00003577   
  571     0.00006616   
  572     0.00004173   
  573     0.00009100   
  574     0.00004281   
  575     0.00003877   
  576     0.00013938   
  577     0.00003299   
  578     0.00002034   
  579     0.00003121   
  580     0.00001184   
  581     0.00029563   
  582     0.00002895   
  583     0.00005196   
  584     0.00007901   
  585     0.00009433   
  586     0.00007601   
  587     0.00012637   
  588     0.00029099   
  589     0.00008860   
  590     0.00018305   
  591     0.00008967   
  592     0.00027826   
  593     0.00029892   
  594     0.00029381   
  595     0.00034048   
  596     0.00016199   
  597     0.00003686   
  598     0.00015730   
  599     0.00021598   
  600     0.00009362   
  601     0.00006707   
  602     0.00004850   
  603     0.00001128   
  604     0.00002528   
  605     0.00001155   
    1     0.00003173   
    2     0.00001215   
    3     0.00002366   
    4     0.00001845   
    5     0.00002351   
    6     0.00001035   
    7     0.00011544   
    8     0.00002485   
    9     0.00001642   
   10     0.00000237   
   11     0.00000284   
   12     0.00000410   
   13     0.00001556   
   14     0.00001311   
   15     0.00000360   
   16     0.00000641   
   17     0.00000986   
   18     0.00000128   
   19     0.00002910   
   20     0.00006092   
   21     0.00001440   
   22     0.00000481   
   23     0.00003043   
   24     0.00004535   
   25     0.00000552   
   26     0.00002631   
   27     0.00002746   
   28     0.00004498   
   29     0.00025731   
   30     0.00008814   
   31     0.00004209   
   32     0.00005318   
   33     0.00004075   
   34     0.00004445   
   35     0.00015376   
   36     0.00011303   
   37     0.00019961   
   38     0.00006074   
   39     0.00008834   
   40     0.00004560   
   41     0.00006201   
   42     0.00009873   
   43     0.00010580   
   44     0.00022369   
   45     0.00021592   
   46     0.00008148   
   47     0.00054049   
   48     0.00044285   
   49     0.00030296   
   50     0.00034440   
   51     0.00069383   
   52     0.00108543   
   53     0.00016517   
   54     0.00031147   
   55     0.00026514   
   56     0.00099038   
   57     0.00088788   
   58     0.00006951   
   59     0.00007664   
   60     0.00004991   
   61     0.00008548   
   62     0.00018786   
   63     0.00092615   
   64     0.00031828   
   65     0.00008944   
   66     0.00015793   
   67     0.00015667   
   68     0.00023673   
   69     0.00033027   
   70     0.00003224   
   71     0.00010447   
   72     0.00004815   
   73     0.00003793   
   74     0.00010560   
   75     0.00010292   
   76     0.00022049   
   77     0.00016968   
   78     0.00012078   
   79     0.00011840   
   80     0.00010326   
   81     0.00019421   
   82     0.00005976   
   83     0.00009024   
   84     0.00002986   
   85     0.00013531   
   86     0.00032374   
   87     0.00008613   
   88     0.00003359   
   89     0.00009798   
   90     0.00012840   
   91     0.00012131   
   92     0.00006336   
   93     0.00015041   
   94     0.00010254   
   95     0.00017207   
   96     0.00009267   
   97     0.00010999   
   98     0.00013404   
   99     0.00005137   
  100     0.00001721   
  101     0.00005362   
  102     0.00001657   
  103     0.00001047   
  104     0.00000215   
  105     0.00000201   
  106     0.00000119   
  107     0.00000091   
  108     0.00000049   
  109     0.00000021   
  110     0.00000066   
  111     0.00000044   
  112     0.00000208   
  113     0.00000115   
  114     0.00000947   
  115     0.00002938   
  116     0.00000477   
  117     0.00005039   
  118     0.00017908   
  119     0.00001672   
  120     0.00007852   
  121     0.00009951   
  122     0.00011386   
  123     0.00006189   
  124     0.00003603   
  125     0.00011809   
  126     0.00003309   
  127     0.00003975   
  128     0.00004402   
  129     0.00009847   
  130     0.00008359   
  131     0.00009075   
  132     0.00015072   
  133     0.00022356   
  134     0.00003488   
  135     0.00005108   
  136     0.00005382   
  137     0.00015603   
  138     0.00015095   
  139     0.00001817   
  140     0.00023989   
  141     0.00005907   
  142     0.00007118   
  143     0.00003680   
  144     0.00043485   
  145     0.00041844   
  146     0.00006527   
  147     0.00002248   
  148     0.00004726   
  149     0.00002514   
  150     0.00007030   
  151     0.00005864   
  152     0.00003372   
  153     0.00009787   
  154     0.00011616   
  155     0.00008045   
  156     0.00000791   
  157     0.00002802   
  158     0.00007021   
  159     0.00000984   
  160     0.00005728   
  161     0.00002108   
  162     0.00003839   
  163     0.00002802   
  164     0.00007735   
  165     0.00002017   
  166     0.00004161   
  167     0.00003621   
  168     0.00003066   
  169     0.00006350   
  170     0.00001609   
  171     0.00004910   
  172     0.00016862   
  173     0.00008153   
  174     0.00011189   
  175     0.00009838   
  176     0.00018911   
  177     0.00019324   
  178     0.00016459   
  179     0.00006089   
  180     0.00016564   
  181     0.00012236   
  182     0.00000625   
  183     0.00003458   
  184     0.00010538   
  185     0.00002389   
  186     0.00002209   
  187     0.00031031   
  188     0.00015045   
  189     0.00010754   
  190     0.00002352   
  191     0.00003323   
  192     0.00005805   
  193     0.00013994   
  194     0.00006428   
  195     0.00001798   
  196     0.00010323   
  197     0.00015996   
  198     0.00004349   
  199     0.00003774   
  200     0.00013368   
  201     0.00005742   
  202     0.00015634   
  203     0.00036924   
  204     0.00025062   
  205     0.00012324   
  206     0.00034508   
  207     0.00022769   
  208     0.00018671   
  209     0.00009132   
  210     0.00025714   
  211     0.00039434   
  212     0.00040578   
  213     0.00064724   
  214     0.00021360   
  215     0.00033861   
  216     0.00027918   
  217     0.00017509   
  218     0.00008329   
  219     0.00027729   
  220     0.00024402   
  221     0.00053007   
  222     0.00029300   
  223     0.00038977   
  224     0.00009995   
  225     0.00011374   
  226     0.00005493   
  227     0.00009341   
  228     0.00002298   
  229     0.00003562   
  230     0.00006413   
  231     0.00005134   
  232     0.00005536   
  233     0.00015745   
  234     0.00050662   
  235     0.00035668   
  236     0.00121701   
  237     0.00050883   
  238     0.00025829   
  239     0.00039645   
  240     0.00008054   
  241     0.00012628   
  242     0.00001942   
  243     0.00002699   
  244     0.00003472   
  245     0.00005076   
  246     0.00007521   
  247     0.00012672   
  248     0.00022145   
  249     0.00016566   
  250     0.00023568   
  251     0.00005524   
  252     0.00020707   
  253     0.00007410   
  254     0.00005773   
  255     0.00014266   
  256     0.00018964   
  257     0.00005170   
  258     0.00013397   
  259     0.00012938   
  260     0.00022239   
  261     0.00122518   
  262     0.00031815   
  263     0.00013699   
  264     0.00038543   
  265     0.00031358   
  266     0.00039242   
  267     0.00019433   
  268     0.00025229   
  269     0.00029638   
  270     0.00064663   
  271     0.00130723   
  272     0.00167752   
  273     0.00013725   
  274     0.00012606   
  275     0.00015010   
  276     0.00020072   
  277     0.00025777   
  278     0.00046578   
  279     0.00030859   
  280     0.00041695   
  281     0.00521218   
  282     0.00028898   
  283     0.00108081   
  284     0.01723491   
  285     0.01135463   
  286     0.00917086   
  287     0.01015157   
  288     0.02463753   
  289     0.00526571   
  290     0.00624538   
  291     0.01561209   
  292     0.00533475   
  293     0.01168505   
  294     0.00790050   
  295     0.00049342   
  296     0.00092580   
  297     0.00021803   
  298     0.00019094   
  299     0.00014650   
  300     0.00012186   
  301     0.00031020   
  302     0.00007814   
  303     0.00008624   
  304     0.00040845   
  305     0.00011697   
  306     0.00056260   
  307     0.00015464   
  308     0.00012718   
  309     0.00326504   
  310     0.00063640   
  311     0.00258083   
  312     0.00084799   
  313     0.00063442   
  314     0.00046772   
  315     0.00070350   
  316     0.00068814   
  317     0.00062983   
  318     0.00031870   
  319     0.00594679   
  320     0.00226364   
  321     0.00015130   
  322     0.00035923   
  323     0.00028985   
  324     0.00050851   
  325     0.00025757   
  326     0.00020383   
  327     0.00019487   
  328     0.00021682   
  329     0.00073396   
  330     0.00052341   
  331     0.00101601   
  332     0.00057212   
  333     0.00121513   
  334     0.00096229   
  335     0.00007123   
  336     0.00036507   
  337     0.00004588   
  338     0.00134870   
  339     0.00089591   
  340     0.00115970   
  341     0.00029567   
  342     0.00212436   
  343     0.00163298   
  344     0.00194134   
  345     0.00090923   
  346     0.00092460   
  347     0.00064581   
  348     0.00027056   
  349     0.00049598   
  350     0.00021170   
  351     0.00025744   
  352     0.00035837   
  353     0.00039708   
  354     0.00016999   
  355     0.00012541   
  356     0.00025974   
  357     0.00025839   
  358     0.00007499   
  359     0.00020429   
  360     0.00016234   
  361     0.00016562   
  362     0.00101810   
  363     0.00181452   
  364     0.00022423   
  365     0.00007257   
  366     0.00013426   
  367     0.00011940   
  368     0.00061175   
  369     0.00017858   
  370     0.00074773   
  371     0.00039341   
  372     0.00034073   
  373     0.00070055   
  374     0.00126789   
  375     0.00098111   
  376     0.00048323   
  377     0.00166599   
  378     0.00590551   
  379     0.00092797   
  380     0.00082413   
  381     0.00083121   
  382     0.00092839   
  383     0.00053529   
  384     0.00003974   
  385     0.00033264   
  386     0.00016751   
  387     0.00009120   
  388     0.00004819   
  389     0.00009459   
  390     0.00013248   
  391     0.00021853   
  392     0.00057034   
  393     0.00005950   
  394     0.00009659   
  395     0.00022331   
  396     0.00010156   
  397     0.00034725   
  398     0.00047098   
  399     0.00058894   
  400     0.00027643   
  401     0.00060798   
  402     0.00022778   
  403     0.00024338   
  404     0.00004909   
  405     0.00015281   
  406     0.00000464   
  407     0.00001254   
  408     0.00000754   
  409     0.00003889   
  410     0.00023031   
  411     0.00005841   
  412     0.00017585   
  413     0.00061711   
  414     0.00012414   
  415     0.00033020   
  416     0.00029825   
  417     0.00010057   
  418     0.00003141   
  419     0.00018946   
  420     0.00011817   
  421     0.00002829   
  422     0.00003007   
  423     0.00018668   
  424     0.00007494   
  425     0.00004648   
  426     0.00001152   
  427     0.00003777   
  428     0.00019082   
  429     0.00039116   
  430     0.00025722   
  431     0.00005485   
  432     0.00006052   
  433     0.00003965   
  434     0.00023030   
  435     0.00029797   
  436     0.00014192   
  437     0.00002916   
  438     0.00010245   
  439     0.00016439   
  440     0.00003456   
  441     0.00004293   
  442     0.00009490   
  443     0.00006514   
  444     0.00008119   
  445     0.00007925   
  446     0.00004045   
  447     0.00006800   
  448     0.00005301   
  449     0.00005512   
  450     0.00005974   
  451     0.00012044   
  452     0.00009651   
  453     0.00013279   
  454     0.00009460   
  455     0.00006868   
  456     0.00002085   
  457     0.00002756   
  458     0.00010333   
  459     0.00011939   
  460     0.00023876   
  461     0.00010756   
  462     0.00046289   
  463     0.00126042   
  464     0.00046355   
  465     0.00021220   
  466     0.00062856   
  467     0.00016065   
  468     0.00006649   
  469     0.00013856   
  470     0.00005154   
  471     0.00007141   
  472     0.00024958   
  473     0.00011018   
  474     0.00007583   
  475     0.00047120   
  476     0.00018089   
  477     0.00005298   
  478     0.00020517   
  479     0.00006518   
  480     0.00031584   
  481     0.00030833   
  482     0.00008121   
  483     0.00003104   
  484     0.00012355   
  485     0.00012930   
  486     0.00026880   
  487     0.00037620   
  488     0.00013044   
  489     0.00079967   
  490     0.00018906   
  491     0.00006857   
  492     0.00029468   
  493     0.00029561   
  494     0.00008906   
  495     0.00014835   
  496     0.00010353   
  497     0.00003850   
  498     0.00010987   
  499     0.00008689   
  500     0.00009528   
  501     0.00018021   
  502     0.00011134   
  503     0.00008079   
  504     0.00006660   
  505     0.00015143   
  506     0.00010383   
  507     0.00006667   
  508     0.00045549   
  509     0.00005214   
  510     0.00002546   
  511     0.00003218   
  512     0.00002651   
  513     0.00001317   
  514     0.00001133   
  515     0.00003908   
  516     0.00006658   
  517     0.00001429   
  518     0.00003718   
  519     0.00021604   
  520     0.00002142   
  521     0.00003002   
  522     0.00007021   
  523     0.00011228   
  524     0.00010056   
  525     0.00017935   
  526     0.00013666   
  527     0.00016960   
  528     0.00013055   
  529     0.00003656   
  530     0.00032923   
  531     0.00008113   
  532     0.00008981   
  533     0.00014467   
  534     0.00009717   
  535     0.00013056   
  536     0.00005827   
  537     0.00002344   
  538     0.00007345   
  539     0.00021556   
  540     0.00034520   
  541     0.00019862   
  542     0.00020184   
  543     0.00020135   
  544     0.00004692   
  545     0.00017617   
  546     0.00014079   
  547     0.00013750   
  548     0.00015277   
  549     0.00080608   
  550     0.00013130   
  551     0.00031634   
  552     0.00008445   
  553     0.00113364   
  554     0.00009416   
  555     0.00008151   
  556     0.00003317   
  557     0.00001909   
  558     0.00005628   
  559     0.00005617   
  560     0.00007691   
  561     0.00019072   
  562     0.00023144   
  563     0.00014446   
  564     0.00030586   
  565     0.00018310   
  566     0.00016972   
  567     0.00059654   
  568     0.00018508   
  569     0.00010984   
  570     0.00006500   
  571     0.00004249   
  572     0.00014747   
  573     0.00004395   
  574     0.00013906   
  575     0.00010489   
  576     0.00009577   
  577     0.00013345   
  578     0.00006799   
  579     0.00034540   
  580     0.00004363   
  581     0.00054271   
  582     0.00009540   
  583     0.00032885   
  584     0.00021339   
  585     0.00018433   
  586     0.00014045   
  587     0.00004895   
  588     0.00049276   
  589     0.00008767   
  590     0.00042151   
  591     0.00018047   
  592     0.00003703   
  593     0.00010963   
  594     0.00011459   
  595     0.00013807   
  596     0.00003917   
  597     0.00009605   
  598     0.00003791   
  599     0.00006699   
  600     0.00002180   
  601     0.00003524   
  602     0.00004811   
  603     0.00019502   
  604     0.00016499   
  605     0.00009018   
  606     0.00003227   
  607     0.00000892   
  608     0.00002113   
  609     0.00000197   
  610     0.00000242   
  611     0.00002406   
  612     0.00002324   
  613     0.00001498   
  614     0.00006425   
  615     0.00003568   
  616     0.00015779   
  617     0.00018892   
  618     0.00029589   
  619     0.00027854   
  620     0.00020948   
  621     0.00049481   
  622     0.00012471   
  623     0.00011207   
  624     0.00002336   
    1     0.00000152   
    2     0.00000059   
    3     0.00000054   
    4     0.00000077   
    5     0.00000030   
    6     0.00000183   
    7     0.00000786   
    8     0.00000227   
    9     0.00000216   
   10     0.00000138   
   11     0.00000109   
   12     0.00000046   
   13     0.00000145   
   14     0.00000378   
   15     0.00000015   
   16     0.00000059   
   17     0.00000203   
   18     0.00000044   
   19     0.00000178   
   20     0.00000287   
   21     0.00000164   
   22     0.00000057   
   23     0.00000253   
   24     0.00000578   
   25     0.00000149   
   26     0.00000278   
   27     0.00000441   
   28     0.00000644   
   29     0.00000179   
   30     0.00000308   
   31     0.00000172   
   32     0.00000077   
   33     0.00000181   
   34     0.00000507   
   35     0.00000342   
   36     0.00000368   
   37     0.00000287   
   38     0.00000446   
   39     0.00001097   
   40     0.00001319   
   41     0.00000219   
   42     0.00000787   
   43     0.00002486   
   44     0.00005253   
   45     0.00001991   
   46     0.00000745   
   47     0.00003899   
   48     0.00004839   
   49     0.00003149   
   50     0.00004171   
   51     0.00008996   
   52     0.00012703   
   53     0.00001533   
   54     0.00003808   
   55     0.00002539   
   56     0.00014161   
   57     0.00007289   
   58     0.00001151   
   59     0.00000844   
   60     0.00000102   
   61     0.00000686   
   62     0.00001034   
   63     0.00006821   
   64     0.00001775   
   65     0.00000633   
   66     0.00000534   
   67     0.00000506   
   68     0.00001316   
   69     0.00001142   
   70     0.00000028   
   71     0.00000032   
   72     0.00000009   
   73     0.00000047   
   74     0.00000166   
   75     0.00000384   
   76     0.00000594   
   77     0.00000477   
   78     0.00000638   
   79     0.00000246   
   80     0.00000497   
   81     0.00000498   
   82     0.00000949   
   83     0.00001485   
   84     0.00000514   
   85     0.00000816   
   86     0.00002006   
   87     0.00000137   
   88     0.00000086   
   89     0.00000353   
   90     0.00000782   
   91     0.00000709   
   92     0.00000163   
   93     0.00000688   
   94     0.00000287   
   95     0.00000780   
   96     0.00000405   
   97     0.00000393   
   98     0.00001892   
   99     0.00000295   
  100     0.00000258   
  101     0.00000235   
  102     0.00000130   
  103     0.00000146   
  104     0.00000053   
  105     0.00000065   
  106     0.00000009   
  107     0.00000031   
  108     0.00000025   
  109     0.00000028   
  110     0.00000036   
  111     0.00000051   
  112     0.00000092   
  113     0.00000023   
  114     0.00000233   
  115     0.00000212   
  116     0.00000104   
  117     0.00000260   
  118     0.00001879   
  119     0.00000092   
  120     0.00000239   
  121     0.00000603   
  122     0.00000488   
  123     0.00000257   
  124     0.00000186   
  125     0.00000256   
  126     0.00000204   
  127     0.00000108   
  128     0.00000863   
  129     0.00000337   
  130     0.00000284   
  131     0.00001123   
  132     0.00000695   
  133     0.00000602   
  134     0.00000236   
  135     0.00000838   
  136     0.00001024   
  137     0.00000853   
  138     0.00000272   
  139     0.00000119   
  140     0.00000566   
  141     0.00000163   
  142     0.00000461   
  143     0.00000385   
  144     0.00005649   
  145     0.00004847   
  146     0.00000407   
  147     0.00000143   
  148     0.00000248   
  149     0.00000060   
  150     0.00000161   
  151     0.00000169   
  152     0.00000210   
  153     0.00000238   
  154     0.00000273   
  155     0.00000242   
  156     0.00000163   
  157     0.00000772   
  158     0.00002362   
  159     0.00000357   
  160     0.00001016   
  161     0.00000076   
  162     0.00000147   
  163     0.00000090   
  164     0.00000312   
  165     0.00000076   
  166     0.00000165   
  167     0.00000150   
  168     0.00000079   
  169     0.00000293   
  170     0.00000046   
  171     0.00000170   
  172     0.00001190   
  173     0.00000194   
  174     0.00000957   
  175     0.00000132   
  176     0.00000573   
  177     0.00000298   
  178     0.00000598   
  179     0.00000405   
  180     0.00000440   
  181     0.00000225   
  182     0.00000047   
  183     0.00000023   
  184     0.00000122   
  185     0.00000101   
  186     0.00000078   
  187     0.00000200   
  188     0.00000163   
  189     0.00000093   
  190     0.00000111   
  191     0.00000061   
  192     0.00000066   
  193     0.00000206   
  194     0.00000227   
  195     0.00000030   
  196     0.00000086   
  197     0.00000487   
  198     0.00000093   
  199     0.00000113   
  200     0.00000264   
  201     0.00000362   
  202     0.00001223   
  203     0.00001115   
  204     0.00001089   
  205     0.00001241   
  206     0.00003775   
  207     0.00001382   
  208     0.00000676   
  209     0.00000459   
  210     0.00000759   
  211     0.00001972   
  212     0.00002456   
  213     0.00003060   
  214     0.00002193   
  215     0.00001502   
  216     0.00001890   
  217     0.00001039   
  218     0.00000541   
  219     0.00000995   
  220     0.00002221   
  221     0.00001977   
  222     0.00002232   
  223     0.00002208   
  224     0.00001129   
  225     0.00000895   
  226     0.00000823   
  227     0.00000570   
  228     0.00000249   
  229     0.00000176   
  230     0.00001261   
  231     0.00004931   
  232     0.00000791   
  233     0.00001899   
  234     0.00001788   
  235     0.00001226   
  236     0.00004089   
  237     0.00000657   
  238     0.00002109   
  239     0.00001135   
  240     0.00000521   
  241     0.00001350   
  242     0.00000260   
  243     0.00000338   
  244     0.00000047   
  245     0.00001400   
  246     0.00001414   
  247     0.00000923   
  248     0.00000170   
  249     0.00000239   
  250     0.00001172   
  251     0.00000389   
  252     0.00000409   
  253     0.00000255   
  254     0.00000385   
  255     0.00001898   
  256     0.00000595   
  257     0.00000241   
  258     0.00000830   
  259     0.00000531   
  260     0.00001115   
  261     0.00002617   
  262     0.00001986   
  263     0.00001656   
  264     0.00000551   
  265     0.00001935   
  266     0.00000775   
  267     0.00001040   
  268     0.00003194   
  269     0.00001604   
  270     0.00004394   
  271     0.00000934   
  272     0.00005736   
  273     0.00004411   
  274     0.00000255   
  275     0.00000547   
  276     0.00001500   
  277     0.00000340   
  278     0.00000595   
  279     0.00001833   
  280     0.00002020   
  281     0.00027245   
  282     0.00001369   
  283     0.00005349   
  284     0.00083173   
  285     0.00059391   
  286     0.00033710   
  287     0.00039825   
  288     0.00125190   
  289     0.00019610   
  290     0.00029763   
  291     0.00080843   
  292     0.00029671   
  293     0.00057080   
  294     0.00025387   
  295     0.00000888   
  296     0.00002310   
  297     0.00000416   
  298     0.00000773   
  299     0.00001684   
  300     0.00000736   
  301     0.00001604   
  302     0.00000595   
  303     0.00001105   
  304     0.00003135   
  305     0.00001818   
  306     0.00004516   
  307     0.00001663   
  308     0.00000406   
  309     0.00012167   
  310     0.00003392   
  311     0.00007231   
  312     0.00002076   
  313     0.00001908   
  314     0.00001633   
  315     0.00003585   
  316     0.00003121   
  317     0.00002045   
  318     0.00001661   
  319     0.00020601   
  320     0.00011729   
  321     0.00000785   
  322     0.00000823   
  323     0.00000531   
  324     0.00000614   
  325     0.00000339   
  326     0.00000794   
  327     0.00000497   
  328     0.00001440   
  329     0.00000631   
  330     0.00002388   
  331     0.00000582   
  332     0.00003168   
  333     0.00010044   
  334     0.00011223   
  335     0.00000748   
  336     0.00003979   
  337     0.00000476   
  338     0.00001116   
  339     0.00003193   
  340     0.00002310   
  341     0.00000243   
  342     0.00000201   
  343     0.00000209   
  344     0.00001449   
  345     0.00000461   
  346     0.00001010   
  347     0.00000916   
  348     0.00000454   
  349     0.00000629   
  350     0.00000904   
  351     0.00000638   
  352     0.00000731   
  353     0.00003535   
  354     0.00001428   
  355     0.00000400   
  356     0.00002353   
  357     0.00003844   
  358     0.00000363   
  359     0.00000618   
  360     0.00000493   
  361     0.00001895   
  362     0.00000379   
  363     0.00000941   
  364     0.00001254   
  365     0.00000200   
  366     0.00000336   
  367     0.00000213   
  368     0.00002081   
  369     0.00000230   
  370     0.00001174   
  371     0.00000856   
  372     0.00000946   
  373     0.00001685   
  374     0.00002698   
  375     0.00005423   
  376     0.00001073   
  377     0.00005888   
  378     0.00023777   
  379     0.00004913   
  380     0.00002456   
  381     0.00001884   
  382     0.00005372   
  383     0.00001847   
  384     0.00000828   
  385     0.00002674   
  386     0.00005140   
  387     0.00004741   
  388     0.00002026   
  389     0.00002913   
  390     0.00000660   
  391     0.00000287   
  392     0.00003276   
  393     0.00001633   
  394     0.00003228   
  395     0.00002755   
  396     0.00001313   
  397     0.00003588   
  398     0.00000661   
  399     0.00004214   
  400     0.00002759   
  401     0.00003647   
  402     0.00001666   
  403     0.00002201   
  404     0.00001780   
  405     0.00006715   
  406     0.00002077   
  407     0.00000394   
  408     0.00000296   
  409     0.00001125   
  410     0.00000961   
  411     0.00000238   
  412     0.00001008   
  413     0.00002398   
  414     0.00001655   
  415     0.00002132   
  416     0.00002113   
  417     0.00000246   
  418     0.00003174   
  419     0.00007516   
  420     0.00002727   
  421     0.00001345   
  422     0.00006332   
  423     0.00049360   
  424     0.00029602   
  425     0.00057285   
  426     0.00066912   
  427     0.00081647   
  428     0.00045836   
  429     0.00039426   
  430     0.00017485   
  431     0.00004445   
  432     0.00001808   
  433     0.00001523   
  434     0.00001855   
  435     0.00006733   
  436     0.00003778   
  437     0.00000717   
  438     0.00002375   
  439     0.00004116   
  440     0.00001776   
  441     0.00002557   
  442     0.00005734   
  443     0.00002817   
  444     0.00004234   
  445     0.00003589   
  446     0.00004561   
  447     0.00009422   
  448     0.00007615   
  449     0.00012092   
  450     0.00044277   
  451     0.00016765   
  452     0.00012068   
  453     0.00004890   
  454     0.00007550   
  455     0.00036273   
  456     0.00008627   
  457     0.00003955   
  458     0.00000647   
  459     0.00001155   
  460     0.00001835   
  461     0.00001979   
  462     0.00001595   
  463     0.00009841   
  464     0.00002383   
  465     0.00000280   
  466     0.00006286   
  467     0.00000785   
  468     0.00001381   
  469     0.00000846   
  470     0.00000260   
  471     0.00001499   
  472     0.00008614   
  473     0.00001150   
  474     0.00003026   
  475     0.00005835   
  476     0.00003502   
  477     0.00003473   
  478     0.00013872   
  479     0.00004304   
  480     0.00003597   
  481     0.00033997   
  482     0.00002346   
  483     0.00003825   
  484     0.00002690   
  485     0.00002980   
  486     0.00008059   
  487     0.00001391   
  488     0.00019234   
  489     0.00059695   
  490     0.00077149   
  491     0.00051883   
  492     0.00118077   
  493     0.00023169   
  494     0.00023755   
  495     0.00081338   
  496     0.00032534   
  497     0.00019831   
  498     0.00044997   
  499     0.00018749   
  500     0.00031325   
  501     0.00033915   
  502     0.00046153   
  503     0.00047635   
  504     0.00029081   
  505     0.00090669   
  506     0.00030716   
  507     0.00029252   
  508     0.00067083   
  509     0.00023754   
  510     0.00002390   
  511     0.00017785   
  512     0.00008163   
  513     0.00009894   
  514     0.00004725   
  515     0.00009076   
  516     0.00001846   
  517     0.00002126   
  518     0.00001135   
  519     0.00005733   
  520     0.00002272   
  521     0.00001061   
  522     0.00004005   
  523     0.00006311   
  524     0.00004112   
  525     0.00008323   
  526     0.00004192   
  527     0.00060533   
  528     0.00029267   
  529     0.00002626   
  530     0.00049358   
  531     0.00018119   
  532     0.00002508   
  533     0.00010021   
  534     0.00003057   
  535     0.00000915   
  536     0.00008460   
  537     0.00001765   
  538     0.00004291   
  539     0.00007582   
  540     0.00014638   
  541     0.00010901   
  542     0.00002686   
  543     0.00000274   
  544     0.00000646   
  545     0.00002042   
  546     0.00010213   
  547     0.00002231   
  548     0.00002690   
  549     0.00015109   
  550     0.00005100   
  551     0.00003342   
  552     0.00002845   
  553     0.00009010   
  554     0.00008305   
  555     0.00000416   
  556     0.00001096   
  557     0.00001474   
  558     0.00000460   
  559     0.00003497   
  560     0.00003883   
  561     0.00003410   
  562     0.00008992   
  563     0.00012083   
  564     0.00025135   
  565     0.00014717   
  566     0.00030137   
  567     0.00023796   
  568     0.00014943   
  569     0.00009388   
  570     0.00005398   
  571     0.00004887   
  572     0.00034306   
  573     0.00003815   
  574     0.00005635   
  575     0.00006342   
  576     0.00006781   
  577     0.00020045   
  578     0.00015682   
  579     0.00018329   
  580     0.00017537   
  581     0.00069317   
  582     0.00008969   
  583     0.00023519   
  584     0.00018843   
  585     0.00014911   
  586     0.00014286   
  587     0.00002860   
  588     0.00054008   
  589     0.00022384   
  590     0.00019320   
  591     0.00030452   
  592     0.00025955   
  593     0.00019438   
  594     0.00012643   
  595     0.00014423   
  596     0.00003258   
  597     0.00011923   
  598     0.00003214   
  599     0.00001853   
  600     0.00001564   
  601     0.00001265   
  602     0.00002011   
  603     0.00002116   
  604     0.00002258   
  605     0.00001352   
  606     0.00002666   
  607     0.00002840   
  608     0.00004842   
  609     0.00002012   
  610     0.00008869   
  611     0.00002683   
  612     0.00012305   
  613     0.00004003   
  614     0.00008562   
  615     0.00019658   
  616     0.00013101   
  617     0.00055099   
  618     0.00021627   
  619     0.00039284   
  620     0.00009901   
  621     0.00082111   
  622     0.00010404   
  623     0.00016439   
  624     0.00003824   
