    1     0.00001350   
    2     0.00000976   
    3     0.00001778   
    4     0.00000902   
    5     0.00003133   
    6     0.00000784   
    7     0.00006404   
    8     0.00004106   
    9     0.00009073   
   10     0.00004701   
   11     0.00028947   
   12     0.00074968   
   13     0.00016671   
   14     0.00010112   
   15     0.00003691   
   16     0.00004789   
   17     0.00001658   
   18     0.00001786   
   19     0.00001564   
   20     0.00000115   
   21     0.00000193   
   22     0.00001632   
   23     0.00000270   
   24     0.00000364   
   25     0.00000529   
   26     0.00001173   
   27     0.00001893   
   28     0.00001952   
   29     0.00002584   
   30     0.00000216   
   31     0.00000666   
   32     0.00000278   
   33     0.00000985   
   34     0.00004336   
   35     0.00005854   
   36     0.00002592   
   37     0.00014731   
   38     0.00012802   
   39     0.00022130   
   40     0.00013765   
   41     0.00009499   
   42     0.00004573   
   43     0.00008381   
   44     0.00001204   
   45     0.00000905   
   46     0.00001879   
   47     0.00004590   
   48     0.00026934   
   49     0.00006360   
   50     0.00018616   
   51     0.00002133   
   52     0.00001820   
   53     0.00002470   
   54     0.00007262   
   55     0.00011369   
   56     0.00000632   
   57     0.00001926   
   58     0.00000837   
   59     0.00000938   
   60     0.00000373   
   61     0.00001748   
   62     0.00001340   
   63     0.00001108   
   64     0.00003241   
   65     0.00011058   
   66     0.00028376   
   67     0.00038519   
   68     0.00050781   
   69     0.00016881   
   70     0.00009143   
   71     0.00007930   
   72     0.00004387   
   73     0.00003476   
   74     0.00004062   
   75     0.00006231   
   76     0.00000244   
   77     0.00000584   
   78     0.00000206   
   79     0.00000165   
   80     0.00000131   
   81     0.00008029   
   82     0.00001009   
   83     0.00000802   
   84     0.00000518   
   85     0.00004806   
   86     0.00001026   
   87     0.00001625   
   88     0.00000797   
   89     0.00001812   
   90     0.00001243   
   91     0.00010773   
   92     0.00001976   
   93     0.00000940   
   94     0.00001487   
   95     0.00000088   
   96     0.00001051   
   97     0.00000055   
   98     0.00000082   
   99     0.00000078   
  100     0.00000159   
  101     0.00001895   
  102     0.00002384   
  103     0.00010445   
  104     0.00001511   
  105     0.00009554   
  106     0.00001081   
  107     0.00000770   
  108     0.00002714   
  109     0.00001145   
  110     0.00013434   
  111     0.00003918   
  112     0.00006892   
  113     0.00008123   
  114     0.00008099   
  115     0.00010836   
  116     0.00008250   
  117     0.00005130   
  118     0.00037699   
  119     0.00009425   
  120     0.00008640   
  121     0.00004808   
  122     0.00018380   
  123     0.00008106   
  124     0.00008214   
  125     0.00002260   
  126     0.00001068   
  127     0.00006585   
  128     0.00000285   
  129     0.00000541   
  130     0.00001616   
  131     0.00000104   
  132     0.00000205   
  133     0.00000152   
  134     0.00000494   
  135     0.00001392   
  136     0.00000686   
  137     0.00000610   
  138     0.00002167   
  139     0.00001444   
  140     0.00003089   
  141     0.00003021   
  142     0.00006758   
  143     0.00002756   
  144     0.00004885   
  145     0.00005670   
  146     0.00001038   
  147     0.00017204   
  148     0.00000682   
  149     0.00003236   
  150     0.00006836   
  151     0.00003304   
  152     0.00003284   
  153     0.00004603   
  154     0.00009138   
  155     0.00003592   
  156     0.00001247   
  157     0.00004205   
  158     0.00001599   
  159     0.00000712   
  160     0.00001636   
  161     0.00004439   
  162     0.00001549   
  163     0.00002638   
  164     0.00001052   
  165     0.00000969   
  166     0.00000564   
  167     0.00002861   
  168     0.00003761   
  169     0.00005514   
  170     0.00001768   
  171     0.00001576   
  172     0.00011389   
  173     0.00008903   
  174     0.00000405   
  175     0.00003610   
  176     0.00004019   
  177     0.00005698   
  178     0.00003230   
  179     0.00004754   
  180     0.00000885   
  181     0.00002202   
  182     0.00000693   
  183     0.00000891   
  184     0.00000520   
  185     0.00003740   
  186     0.00000720   
  187     0.00008663   
  188     0.00028570   
  189     0.00022563   
  190     0.00008609   
  191     0.00004111   
  192     0.00003258   
  193     0.00007714   
  194     0.00006804   
  195     0.00014737   
  196     0.00078608   
  197     0.00059468   
  198     0.00056174   
  199     0.00005075   
  200     0.00029649   
  201     0.00006045   
  202     0.00015949   
  203     0.00012017   
  204     0.00004856   
  205     0.00010817   
  206     0.00012683   
  207     0.00018182   
  208     0.00026949   
  209     0.00004605   
  210     0.00074119   
  211     0.00036246   
  212     0.00008870   
  213     0.00001413   
  214     0.00012522   
  215     0.00021252   
  216     0.00011603   
  217     0.00008668   
  218     0.00012010   
  219     0.00024078   
  220     0.00025508   
  221     0.00013843   
  222     0.00046518   
  223     0.00061908   
  224     0.00038358   
  225     0.00008234   
  226     0.00009577   
  227     0.00096064   
  228     0.00098531   
  229     0.00048582   
  230     0.00021822   
  231     0.00021696   
  232     0.00084997   
  233     0.00077758   
  234     0.00069309   
  235     0.00019561   
  236     0.00011551   
  237     0.00073353   
  238     0.00063075   
  239     0.00015219   
  240     0.00050905   
  241     0.00034980   
  242     0.00016334   
  243     0.00008003   
  244     0.00031531   
  245     0.00005139   
  246     0.00001842   
  247     0.00000767   
  248     0.00005247   
  249     0.00000366   
  250     0.00001968   
  251     0.00007172   
  252     0.00011005   
  253     0.00006164   
  254     0.00004211   
  255     0.00002692   
  256     0.00002631   
  257     0.00006607   
  258     0.00031592   
  259     0.00016084   
  260     0.00008409   
  261     0.00032393   
  262     0.00074842   
  263     0.00055958   
  264     0.00026984   
  265     0.00037463   
  266     0.00031327   
  267     0.00074874   
  268     0.00064754   
  269     0.00027750   
  270     0.00032062   
  271     0.00153489   
  272     0.00027212   
  273     0.00007330   
  274     0.00053289   
  275     0.00080365   
  276     0.00005369   
  277     0.00009777   
  278     0.00011591   
  279     0.00004127   
  280     0.00002784   
  281     0.00039357   
  282     0.00002046   
  283     0.00031086   
  284     0.00001131   
  285     0.00003677   
  286     0.00053818   
  287     0.00031525   
  288     0.00011825   
  289     0.00010437   
  290     0.00001213   
  291     0.00002474   
  292     0.00001067   
  293     0.00004413   
  294     0.00012386   
  295     0.00007836   
  296     0.00020912   
  297     0.00013697   
  298     0.00052988   
  299     0.00017281   
  300     0.00038383   
  301     0.00010901   
  302     0.00024707   
  303     0.00004708   
  304     0.00007205   
  305     0.00010045   
  306     0.00003721   
  307     0.00007006   
  308     0.00012362   
  309     0.00030998   
  310     0.00013059   
  311     0.00042616   
  312     0.00062354   
  313     0.00040868   
  314     0.00023949   
  315     0.00084415   
  316     0.00074300   
  317     0.00042381   
  318     0.00042322   
  319     0.00064891   
  320     0.00040001   
  321     0.00025665   
  322     0.00021959   
  323     0.00030050   
  324     0.00023698   
  325     0.00034075   
  326     0.00026353   
  327     0.00043029   
  328     0.00081716   
  329     0.00031608   
  330     0.00014330   
  331     0.00014824   
  332     0.00002955   
  333     0.00006422   
  334     0.00021818   
  335     0.00010177   
  336     0.00015844   
  337     0.00015193   
  338     0.00003042   
  339     0.00009874   
  340     0.00009284   
  341     0.00006593   
  342     0.00031309   
  343     0.00057700   
  344     0.00027203   
  345     0.00104531   
  346     0.00092752   
  347     0.00060524   
  348     0.00037707   
  349     0.00023666   
  350     0.00037544   
  351     0.00030028   
  352     0.00027049   
  353     0.00015942   
  354     0.00010915   
  355     0.00005464   
  356     0.00015078   
  357     0.00022675   
  358     0.00002307   
  359     0.00010794   
  360     0.00012828   
  361     0.00026931   
  362     0.00009205   
  363     0.00021021   
  364     0.00002060   
  365     0.00006317   
  366     0.00010341   
  367     0.00028450   
  368     0.00046935   
  369     0.00013043   
  370     0.00003657   
  371     0.00003368   
  372     0.00001609   
  373     0.00001000   
  374     0.00000875   
  375     0.00001659   
  376     0.00000801   
  377     0.00005912   
  378     0.00004888   
  379     0.00001806   
  380     0.00002010   
  381     0.00007644   
  382     0.00010683   
  383     0.00005955   
  384     0.00006243   
  385     0.00046652   
  386     0.00014765   
  387     0.00004940   
  388     0.00015076   
  389     0.00035001   
  390     0.00094414   
  391     0.00245346   
  392     0.00405000   
  393     0.00252721   
  394     0.00042324   
  395     0.00084459   
  396     0.00205057   
  397     0.00480522   
  398     0.00067971   
  399     0.00049119   
  400     0.00016993   
  401     0.00020857   
  402     0.00089410   
  403     0.00119585   
  404     0.00053220   
  405     0.00176195   
  406     0.00157330   
  407     0.00067658   
  408     0.00045957   
  409     0.00020162   
  410     0.00017252   
  411     0.00043354   
  412     0.00063644   
  413     0.00013546   
  414     0.00222665   
  415     0.00074285   
  416     0.00428879   
  417     0.00102204   
  418     0.00084412   
  419     0.00027590   
  420     0.00054804   
  421     0.00005613   
  422     0.00021845   
  423     0.00012129   
  424     0.00017957   
  425     0.00021075   
  426     0.00128902   
  427     0.00011130   
  428     0.00020681   
  429     0.00008174   
  430     0.00001025   
  431     0.00001425   
  432     0.00001418   
  433     0.00005092   
  434     0.00003002   
  435     0.00002231   
  436     0.00011113   
  437     0.00010908   
  438     0.00017414   
  439     0.00018859   
  440     0.00008469   
  441     0.00028450   
  442     0.00040683   
  443     0.00060747   
  444     0.00264036   
  445     0.00081144   
  446     0.00055227   
  447     0.00141211   
  448     0.00133651   
  449     0.00064232   
  450     0.00008645   
  451     0.00093061   
  452     0.00087218   
  453     0.00031855   
  454     0.00050937   
  455     0.00008837   
  456     0.00013117   
  457     0.00011115   
  458     0.00006897   
  459     0.00007169   
  460     0.00006331   
  461     0.00000990   
  462     0.00002304   
  463     0.00000328   
  464     0.00000195   
  465     0.00000344   
  466     0.00000345   
  467     0.00002102   
  468     0.00002266   
  469     0.00000624   
  470     0.00006803   
  471     0.00026029   
  472     0.00005585   
  473     0.00007056   
  474     0.00030019   
  475     0.00003156   
  476     0.00021527   
  477     0.00006821   
  478     0.00010092   
  479     0.00024499   
  480     0.00020142   
  481     0.00075267   
  482     0.00023734   
  483     0.00010479   
  484     0.00012287   
  485     0.00022357   
  486     0.00007793   
  487     0.00012529   
  488     0.00008501   
  489     0.00003732   
  490     0.00002831   
  491     0.00001020   
  492     0.00001724   
  493     0.00001271   
  494     0.00000494   
  495     0.00004614   
  496     0.00004332   
  497     0.00011265   
  498     0.00016151   
  499     0.00007284   
  500     0.00006173   
  501     0.00021824   
  502     0.00003601   
  503     0.00031064   
  504     0.00016484   
  505     0.00025685   
  506     0.00058225   
  507     0.00111765   
  508     0.00009429   
  509     0.00004663   
  510     0.00027282   
  511     0.00105465   
  512     0.00204897   
  513     0.00015736   
  514     0.00071012   
  515     0.00157083   
  516     0.00259933   
  517     0.00120586   
  518     0.00063806   
  519     0.00098817   
  520     0.00081261   
  521     0.00032321   
  522     0.00086177   
  523     0.00066456   
  524     0.00069836   
  525     0.00085681   
  526     0.00109264   
  527     0.00132744   
  528     0.00182458   
  529     0.00128539   
  530     0.00278813   
  531     0.00250105   
  532     0.00377431   
  533     0.00131029   
  534     0.00257353   
  535     0.00208393   
  536     0.00230746   
  537     0.00198480   
  538     0.00162172   
  539     0.00129535   
  540     0.00086190   
  541     0.00142509   
  542     0.00200705   
  543     0.00123398   
  544     0.00046822   
  545     0.00123454   
  546     0.00257955   
  547     0.00089322   
  548     0.00022517   
  549     0.00142210   
  550     0.00112649   
  551     0.00034329   
  552     0.00009651   
  553     0.00020786   
  554     0.00011694   
  555     0.00001829   
  556     0.00011135   
  557     0.00053983   
  558     0.00011876   
  559     0.00005670   
  560     0.00003159   
  561     0.00059764   
  562     0.00071382   
  563     0.00021119   
  564     0.00019379   
  565     0.00016349   
  566     0.00048632   
  567     0.00066611   
  568     0.00035373   
  569     0.00050007   
  570     0.00057217   
  571     0.00108064   
  572     0.00019867   
  573     0.00031216   
  574     0.00043195   
  575     0.00071257   
  576     0.00154872   
  577     0.00010873   
  578     0.00034824   
  579     0.00214443   
  580     0.00046721   
  581     0.00064636   
  582     0.00004351   
  583     0.00030047   
  584     0.00042797   
  585     0.00140497   
  586     0.00015012   
  587     0.00026617   
  588     0.00272897   
  589     0.00055699   
  590     0.00024705   
  591     0.00039730   
  592     0.00079396   
  593     0.00019388   
  594     0.00064140   
  595     0.00020057   
  596     0.00029734   
  597     0.00030135   
  598     0.00073943   
  599     0.00046682   
  600     0.00013009   
  601     0.00034598   
  602     0.00013490   
  603     0.00006631   
  604     0.00011594   
  605     0.00007337   
    1     0.00002408   
    2     0.00001714   
    3     0.00001080   
    4     0.00003280   
    5     0.00005116   
    6     0.00002538   
    7     0.00017889   
    8     0.00002564   
    9     0.00003043   
   10     0.00000560   
   11     0.00000731   
   12     0.00000430   
   13     0.00003824   
   14     0.00002761   
   15     0.00000761   
   16     0.00000645   
   17     0.00002250   
   18     0.00000727   
   19     0.00002369   
   20     0.00003546   
   21     0.00002175   
   22     0.00000585   
   23     0.00011581   
   24     0.00002102   
   25     0.00000355   
   26     0.00000658   
   27     0.00001789   
   28     0.00000525   
   29     0.00005821   
   30     0.00016505   
   31     0.00001121   
   32     0.00009778   
   33     0.00005620   
   34     0.00014772   
   35     0.00002588   
   36     0.00013777   
   37     0.00011187   
   38     0.00005523   
   39     0.00006412   
   40     0.00015424   
   41     0.00004185   
   42     0.00008043   
   43     0.00013748   
   44     0.00051509   
   45     0.00044749   
   46     0.00012093   
   47     0.00037248   
   48     0.00067306   
   49     0.00021116   
   50     0.00011014   
   51     0.00070954   
   52     0.00008948   
   53     0.00005428   
   54     0.00005630   
   55     0.00003763   
   56     0.00012284   
   57     0.00029025   
   58     0.00007677   
   59     0.00004134   
   60     0.00013992   
   61     0.00001526   
   62     0.00006791   
   63     0.00032359   
   64     0.00009729   
   65     0.00009025   
   66     0.00008137   
   67     0.00010744   
   68     0.00009237   
   69     0.00010303   
   70     0.00000983   
   71     0.00002467   
   72     0.00000310   
   73     0.00001064   
   74     0.00002009   
   75     0.00004931   
   76     0.00007141   
   77     0.00011022   
   78     0.00006513   
   79     0.00012108   
   80     0.00008569   
   81     0.00030044   
   82     0.00008773   
   83     0.00043967   
   84     0.00012689   
   85     0.00018198   
   86     0.00008901   
   87     0.00002866   
   88     0.00000847   
   89     0.00002585   
   90     0.00004873   
   91     0.00009889   
   92     0.00002239   
   93     0.00014680   
   94     0.00004559   
   95     0.00032029   
   96     0.00026764   
   97     0.00032564   
   98     0.00024892   
   99     0.00014565   
  100     0.00013231   
  101     0.00027360   
  102     0.00002851   
  103     0.00006426   
  104     0.00001779   
  105     0.00005907   
  106     0.00000805   
  107     0.00001141   
  108     0.00002261   
  109     0.00001563   
  110     0.00001581   
  111     0.00001928   
  112     0.00003571   
  113     0.00000950   
  114     0.00018763   
  115     0.00022674   
  116     0.00014262   
  117     0.00011509   
  118     0.00253434   
  119     0.00011736   
  120     0.00044910   
  121     0.00023292   
  122     0.00151167   
  123     0.00020533   
  124     0.00021269   
  125     0.00015182   
  126     0.00010142   
  127     0.00007093   
  128     0.00007245   
  129     0.00002129   
  130     0.00004184   
  131     0.00002642   
  132     0.00004105   
  133     0.00001266   
  134     0.00000880   
  135     0.00002695   
  136     0.00007866   
  137     0.00006558   
  138     0.00006719   
  139     0.00003778   
  140     0.00005853   
  141     0.00005355   
  142     0.00008067   
  143     0.00009803   
  144     0.00007555   
  145     0.00005365   
  146     0.00002409   
  147     0.00000896   
  148     0.00001940   
  149     0.00001142   
  150     0.00002401   
  151     0.00001953   
  152     0.00002787   
  153     0.00002996   
  154     0.00003427   
  155     0.00002753   
  156     0.00002844   
  157     0.00003913   
  158     0.00011426   
  159     0.00002021   
  160     0.00007274   
  161     0.00001320   
  162     0.00002731   
  163     0.00001574   
  164     0.00002625   
  165     0.00002171   
  166     0.00001819   
  167     0.00002820   
  168     0.00000654   
  169     0.00004550   
  170     0.00001634   
  171     0.00015195   
  172     0.00008517   
  173     0.00005196   
  174     0.00006531   
  175     0.00012092   
  176     0.00004607   
  177     0.00010523   
  178     0.00004776   
  179     0.00006923   
  180     0.00002028   
  181     0.00001040   
  182     0.00000503   
  183     0.00000426   
  184     0.00000329   
  185     0.00001672   
  186     0.00001754   
  187     0.00005851   
  188     0.00005797   
  189     0.00004941   
  190     0.00002913   
  191     0.00001407   
  192     0.00005782   
  193     0.00024532   
  194     0.00015609   
  195     0.00010114   
  196     0.00013125   
  197     0.00024352   
  198     0.00030199   
  199     0.00003446   
  200     0.00059587   
  201     0.00011574   
  202     0.00073441   
  203     0.00062954   
  204     0.00020109   
  205     0.00017580   
  206     0.00027177   
  207     0.00014953   
  208     0.00026575   
  209     0.00012126   
  210     0.00029323   
  211     0.00025970   
  212     0.00008179   
  213     0.00016497   
  214     0.00003881   
  215     0.00002293   
  216     0.00001718   
  217     0.00000349   
  218     0.00001074   
  219     0.00000713   
  220     0.00008166   
  221     0.00006344   
  222     0.00021279   
  223     0.00002164   
  224     0.00008311   
  225     0.00008979   
  226     0.00037093   
  227     0.00032145   
  228     0.00032973   
  229     0.00079958   
  230     0.00073020   
  231     0.00154532   
  232     0.00143490   
  233     0.00087648   
  234     0.00186005   
  235     0.00101971   
  236     0.00025256   
  237     0.00010753   
  238     0.00029726   
  239     0.00065689   
  240     0.00028345   
  241     0.00071676   
  242     0.00033417   
  243     0.00009311   
  244     0.00008580   
  245     0.00045345   
  246     0.00119861   
  247     0.00040283   
  248     0.00103169   
  249     0.00081298   
  250     0.00184829   
  251     0.00089520   
  252     0.00034340   
  253     0.00091642   
  254     0.00082405   
  255     0.00172748   
  256     0.00140448   
  257     0.00030590   
  258     0.00035196   
  259     0.00053617   
  260     0.00028730   
  261     0.00074430   
  262     0.00038548   
  263     0.00076626   
  264     0.00074017   
  265     0.00045329   
  266     0.00054961   
  267     0.00052747   
  268     0.00012314   
  269     0.00014012   
  270     0.00009136   
  271     0.00009179   
  272     0.00052971   
  273     0.00010257   
  274     0.00026742   
  275     0.00035638   
  276     0.00067117   
  277     0.00028261   
  278     0.00041823   
  279     0.00018276   
  280     0.00049824   
  281     0.00110307   
  282     0.00015996   
  283     0.00031770   
  284     0.00022373   
  285     0.00056961   
  286     0.00017346   
  287     0.00020227   
  288     0.00067212   
  289     0.00002202   
  290     0.00014342   
  291     0.00010348   
  292     0.00011479   
  293     0.00035788   
  294     0.00051490   
  295     0.00033767   
  296     0.00076624   
  297     0.00025445   
  298     0.00033283   
  299     0.00052776   
  300     0.00012317   
  301     0.00032877   
  302     0.00010716   
  303     0.00074461   
  304     0.00048084   
  305     0.00040277   
  306     0.00129101   
  307     0.00057772   
  308     0.00017244   
  309     0.00014997   
  310     0.00242315   
  311     0.00190906   
  312     0.00217417   
  313     0.00128788   
  314     0.00053771   
  315     0.00223896   
  316     0.00178502   
  317     0.00086339   
  318     0.00080136   
  319     0.00152639   
  320     0.00080890   
  321     0.00015708   
  322     0.00084233   
  323     0.00055191   
  324     0.00014645   
  325     0.00019499   
  326     0.00040767   
  327     0.00019015   
  328     0.00004768   
  329     0.00019678   
  330     0.00052312   
  331     0.00022937   
  332     0.00073220   
  333     0.00230194   
  334     0.00164844   
  335     0.00040570   
  336     0.00124538   
  337     0.00017328   
  338     0.00268462   
  339     0.00094194   
  340     0.00316438   
  341     0.00020799   
  342     0.00100141   
  343     0.00022708   
  344     0.00132843   
  345     0.00099616   
  346     0.00049085   
  347     0.00037657   
  348     0.00048915   
  349     0.00095913   
  350     0.00076693   
  351     0.00033553   
  352     0.00047581   
  353     0.00167934   
  354     0.00105946   
  355     0.00044366   
  356     0.00050568   
  357     0.00334043   
  358     0.00035539   
  359     0.00107425   
  360     0.00062419   
  361     0.00133926   
  362     0.00063635   
  363     0.00117409   
  364     0.00079104   
  365     0.00004355   
  366     0.00007856   
  367     0.00009445   
  368     0.00020391   
  369     0.00006304   
  370     0.00029595   
  371     0.00145648   
  372     0.00164839   
  373     0.00041862   
  374     0.00063644   
  375     0.00075509   
  376     0.00000586   
  377     0.00040098   
  378     0.00067232   
  379     0.00050460   
  380     0.00170991   
  381     0.00069699   
  382     0.00091699   
  383     0.00036584   
  384     0.00084981   
  385     0.00157980   
  386     0.00104381   
  387     0.00116147   
  388     0.00048844   
  389     0.00091606   
  390     0.00058449   
  391     0.00062690   
  392     0.00230598   
  393     0.00054185   
  394     0.00093835   
  395     0.00156414   
  396     0.00052246   
  397     0.00115774   
  398     0.00052418   
  399     0.00276456   
  400     0.00086781   
  401     0.00123351   
  402     0.00088847   
  403     0.00127471   
  404     0.00205629   
  405     0.00335114   
  406     0.00064783   
  407     0.00082520   
  408     0.00027385   
  409     0.00010091   
  410     0.00002801   
  411     0.00002673   
  412     0.00144548   
  413     0.00162848   
  414     0.00115490   
  415     0.00045302   
  416     0.00082568   
  417     0.00036074   
  418     0.00019531   
  419     0.00213213   
  420     0.00013668   
  421     0.00009931   
  422     0.00027259   
  423     0.00041708   
  424     0.00003087   
  425     0.00002496   
  426     0.00001599   
  427     0.00025178   
  428     0.00094929   
  429     0.00110729   
  430     0.00076765   
  431     0.00022574   
  432     0.00037731   
  433     0.00159207   
  434     0.00068357   
  435     0.00049731   
  436     0.00034609   
  437     0.00047050   
  438     0.00019993   
  439     0.00031947   
  440     0.00018142   
  441     0.00104588   
  442     0.00085660   
  443     0.00065487   
  444     0.00061454   
  445     0.00132062   
  446     0.00164722   
  447     0.00331082   
  448     0.00122857   
  449     0.00348830   
  450     0.00657291   
  451     0.00270377   
  452     0.00044297   
  453     0.00016856   
  454     0.00022842   
  455     0.00127960   
  456     0.00218511   
  457     0.00144233   
  458     0.00096396   
  459     0.00047598   
  460     0.00054727   
  461     0.00034392   
  462     0.00117014   
  463     0.00016023   
  464     0.00023349   
  465     0.00069741   
  466     0.00165329   
  467     0.00014714   
  468     0.00049985   
  469     0.00021865   
  470     0.00027678   
  471     0.00032226   
  472     0.00193215   
  473     0.00011929   
  474     0.00016836   
  475     0.00049133   
  476     0.00032217   
  477     0.00017053   
  478     0.00069503   
  479     0.00020682   
  480     0.00025248   
  481     0.00766038   
  482     0.00036445   
  483     0.00087417   
  484     0.00075366   
  485     0.00132265   
  486     0.00133700   
  487     0.00241390   
  488     0.02326477   
  489     0.00556963   
  490     0.00890131   
  491     0.00734150   
  492     0.01805982   
  493     0.00540198   
  494     0.00819295   
  495     0.00290492   
  496     0.00143383   
  497     0.00554429   
  498     0.00077501   
  499     0.00685401   
  500     0.01155747   
  501     0.01263541   
  502     0.01177439   
  503     0.00945761   
  504     0.01265961   
  505     0.01274718   
  506     0.01042473   
  507     0.00143078   
  508     0.00363843   
  509     0.00639074   
  510     0.00326060   
  511     0.00108871   
  512     0.00241775   
  513     0.00184959   
  514     0.00096827   
  515     0.00345491   
  516     0.00051889   
  517     0.00015816   
  518     0.00030865   
  519     0.00602969   
  520     0.00018895   
  521     0.00004822   
  522     0.00026892   
  523     0.00062896   
  524     0.00055489   
  525     0.00047038   
  526     0.00045504   
  527     0.00566903   
  528     0.00418850   
  529     0.00267972   
  530     0.01804890   
  531     0.00645632   
  532     0.00261040   
  533     0.00040694   
  534     0.00121885   
  535     0.00072128   
  536     0.00099868   
  537     0.00049542   
  538     0.00039286   
  539     0.00129812   
  540     0.00058748   
  541     0.00035637   
  542     0.00024810   
  543     0.00029413   
  544     0.00043059   
  545     0.00087980   
  546     0.00063372   
  547     0.00070515   
  548     0.00021230   
  549     0.00124463   
  550     0.00042715   
  551     0.00075685   
  552     0.00121319   
  553     0.00113089   
  554     0.00062719   
  555     0.00032085   
  556     0.00023548   
  557     0.00015500   
  558     0.00009849   
  559     0.00009657   
  560     0.00019510   
  561     0.00022060   
  562     0.00092203   
  563     0.00009155   
  564     0.00062971   
  565     0.00106610   
  566     0.00014573   
  567     0.00099753   
  568     0.00089452   
  569     0.00114273   
  570     0.00079969   
  571     0.00128166   
  572     0.00950798   
  573     0.00062354   
  574     0.00071147   
  575     0.00024200   
  576     0.00038191   
  577     0.00100163   
  578     0.00047905   
  579     0.00039018   
  580     0.00055800   
  581     0.00093441   
  582     0.00019274   
  583     0.00018109   
  584     0.00018937   
  585     0.00015043   
  586     0.00016432   
  587     0.00001557   
  588     0.00030207   
  589     0.00053083   
  590     0.00356924   
  591     0.00061406   
  592     0.00057347   
  593     0.00240834   
  594     0.00380474   
  595     0.00095715   
  596     0.00015421   
  597     0.00075611   
  598     0.00051130   
  599     0.00159041   
  600     0.00062891   
  601     0.00033828   
  602     0.00042972   
  603     0.00063322   
  604     0.00056664   
  605     0.00120401   
  606     0.00072600   
  607     0.00041055   
  608     0.00189915   
  609     0.00044911   
  610     0.00200343   
  611     0.00019829   
  612     0.00055592   
  613     0.00061169   
  614     0.00214359   
  615     0.00086991   
  616     0.00163573   
  617     0.00138767   
  618     0.00063478   
  619     0.00230854   
  620     0.00063236   
  621     0.00118977   
  622     0.00013074   
  623     0.00078686   
  624     0.00012228   
    1     0.00002628   
    2     0.00000887   
    3     0.00000638   
    4     0.00001200   
    5     0.00000785   
    6     0.00001566   
    7     0.00009919   
    8     0.00001456   
    9     0.00002771   
   10     0.00001912   
   11     0.00001702   
   12     0.00002779   
   13     0.00003788   
   14     0.00020837   
   15     0.00005007   
   16     0.00004328   
   17     0.00004244   
   18     0.00000905   
   19     0.00001642   
   20     0.00007793   
   21     0.00006778   
   22     0.00000960   
   23     0.00004523   
   24     0.00015123   
   25     0.00002157   
   26     0.00003062   
   27     0.00012332   
   28     0.00008079   
   29     0.00027340   
   30     0.00065603   
   31     0.00015353   
   32     0.00042517   
   33     0.00027372   
   34     0.00043717   
   35     0.00016750   
   36     0.00012771   
   37     0.00067172   
   38     0.00017781   
   39     0.00020571   
   40     0.00010260   
   41     0.00003482   
   42     0.00010249   
   43     0.00012251   
   44     0.00024468   
   45     0.00014388   
   46     0.00038250   
   47     0.00062428   
   48     0.00050005   
   49     0.00039149   
   50     0.00006103   
   51     0.00072076   
   52     0.00016283   
   53     0.00004599   
   54     0.00005844   
   55     0.00000848   
   56     0.00060911   
   57     0.00013084   
   58     0.00013252   
   59     0.00005351   
   60     0.00001913   
   61     0.00000432   
   62     0.00001430   
   63     0.00016042   
   64     0.00009803   
   65     0.00005134   
   66     0.00005577   
   67     0.00003184   
   68     0.00005791   
   69     0.00011515   
   70     0.00000870   
   71     0.00002909   
   72     0.00000188   
   73     0.00001060   
   74     0.00003850   
   75     0.00002939   
   76     0.00002016   
   77     0.00005149   
   78     0.00008995   
   79     0.00005195   
   80     0.00007508   
   81     0.00009944   
   82     0.00005821   
   83     0.00068700   
   84     0.00015993   
   85     0.00026738   
   86     0.00006534   
   87     0.00019890   
   88     0.00005697   
   89     0.00008802   
   90     0.00016412   
   91     0.00015527   
   92     0.00008084   
   93     0.00009650   
   94     0.00024703   
   95     0.00024417   
   96     0.00031009   
   97     0.00042389   
   98     0.00022584   
   99     0.00006894   
  100     0.00011219   
  101     0.00014128   
  102     0.00004045   
  103     0.00005152   
  104     0.00001216   
  105     0.00002324   
  106     0.00002533   
  107     0.00000743   
  108     0.00000387   
  109     0.00000324   
  110     0.00000316   
  111     0.00000161   
  112     0.00001656   
  113     0.00000999   
  114     0.00003137   
  115     0.00007131   
  116     0.00007784   
  117     0.00001575   
  118     0.00070906   
  119     0.00011859   
  120     0.00019282   
  121     0.00037019   
  122     0.00182560   
  123     0.00052997   
  124     0.00026099   
  125     0.00029993   
  126     0.00033968   
  127     0.00023069   
  128     0.00006408   
  129     0.00005990   
  130     0.00026570   
  131     0.00003667   
  132     0.00026256   
  133     0.00020469   
  134     0.00011410   
  135     0.00012527   
  136     0.00005136   
  137     0.00010687   
  138     0.00005833   
  139     0.00003954   
  140     0.00007918   
  141     0.00006891   
  142     0.00011686   
  143     0.00010467   
  144     0.00029817   
  145     0.00018801   
  146     0.00005549   
  147     0.00002188   
  148     0.00003856   
  149     0.00001741   
  150     0.00011728   
  151     0.00005048   
  152     0.00011409   
  153     0.00007798   
  154     0.00015191   
  155     0.00005571   
  156     0.00003560   
  157     0.00007222   
  158     0.00006981   
  159     0.00020488   
  160     0.00003561   
  161     0.00004527   
  162     0.00015546   
  163     0.00007343   
  164     0.00003599   
  165     0.00003377   
  166     0.00003632   
  167     0.00001661   
  168     0.00000659   
  169     0.00001939   
  170     0.00001271   
  171     0.00006213   
  172     0.00008230   
  173     0.00003655   
  174     0.00009394   
  175     0.00008337   
  176     0.00016028   
  177     0.00008765   
  178     0.00011597   
  179     0.00008567   
  180     0.00003880   
  181     0.00005464   
  182     0.00002785   
  183     0.00001877   
  184     0.00005407   
  185     0.00005040   
  186     0.00005657   
  187     0.00025098   
  188     0.00012166   
  189     0.00004944   
  190     0.00001681   
  191     0.00002351   
  192     0.00016138   
  193     0.00065366   
  194     0.00008392   
  195     0.00025899   
  196     0.00046510   
  197     0.00032666   
  198     0.00027818   
  199     0.00006983   
  200     0.00135848   
  201     0.00015834   
  202     0.00036030   
  203     0.00134928   
  204     0.00021572   
  205     0.00027018   
  206     0.00032974   
  207     0.00009398   
  208     0.00002824   
  209     0.00003573   
  210     0.00008514   
  211     0.00002504   
  212     0.00008937   
  213     0.00007698   
  214     0.00000749   
  215     0.00002088   
  216     0.00000368   
  217     0.00000221   
  218     0.00000590   
  219     0.00001608   
  220     0.00002260   
  221     0.00005086   
  222     0.00003027   
  223     0.00005420   
  224     0.00005981   
  225     0.00002766   
  226     0.00004350   
  227     0.00012512   
  228     0.00007749   
  229     0.00028368   
  230     0.00012415   
  231     0.00036485   
  232     0.00087971   
  233     0.00079629   
  234     0.00038445   
  235     0.00045615   
  236     0.00018128   
  237     0.00002996   
  238     0.00004581   
  239     0.00000375   
  240     0.00000256   
  241     0.00004656   
  242     0.00001312   
  243     0.00002195   
  244     0.00001751   
  245     0.00016856   
  246     0.00036867   
  247     0.00024588   
  248     0.00089346   
  249     0.00016274   
  250     0.00044258   
  251     0.00007223   
  252     0.00055412   
  253     0.00057874   
  254     0.00100738   
  255     0.00047384   
  256     0.00053164   
  257     0.00003210   
  258     0.00023029   
  259     0.00030280   
  260     0.00029123   
  261     0.00040483   
  262     0.00026040   
  263     0.00054824   
  264     0.00013152   
  265     0.00005275   
  266     0.00009253   
  267     0.00008934   
  268     0.00007066   
  269     0.00001924   
  270     0.00000409   
  271     0.00000452   
  272     0.00010726   
  273     0.00003845   
  274     0.00006164   
  275     0.00019622   
  276     0.00014958   
  277     0.00005629   
  278     0.00029228   
  279     0.00023657   
  280     0.00013753   
  281     0.00044866   
  282     0.00022524   
  283     0.00036835   
  284     0.00030315   
  285     0.00043496   
  286     0.00020517   
  287     0.00027735   
  288     0.00122683   
  289     0.00002498   
  290     0.00024910   
  291     0.00019203   
  292     0.00017451   
  293     0.00048165   
  294     0.00062420   
  295     0.00006826   
  296     0.00030096   
  297     0.00006631   
  298     0.00014522   
  299     0.00005444   
  300     0.00004125   
  301     0.00008373   
  302     0.00009180   
  303     0.00065242   
  304     0.00067450   
  305     0.00010075   
  306     0.00008428   
  307     0.00025953   
  308     0.00004650   
  309     0.00034153   
  310     0.00005649   
  311     0.00015572   
  312     0.00003159   
  313     0.00008227   
  314     0.00022680   
  315     0.00011892   
  316     0.00007040   
  317     0.00014042   
  318     0.00021313   
  319     0.00073696   
  320     0.00064352   
  321     0.00024581   
  322     0.00020224   
  323     0.00038236   
  324     0.00006159   
  325     0.00008853   
  326     0.00027512   
  327     0.00001931   
  328     0.00006093   
  329     0.00005686   
  330     0.00011119   
  331     0.00006648   
  332     0.00073979   
  333     0.00013241   
  334     0.00004086   
  335     0.00000966   
  336     0.00002026   
  337     0.00000280   
  338     0.00000380   
  339     0.00002773   
  340     0.00003183   
  341     0.00000733   
  342     0.00000613   
  343     0.00000445   
  344     0.00007527   
  345     0.00003291   
  346     0.00001446   
  347     0.00001264   
  348     0.00004740   
  349     0.00003031   
  350     0.00003174   
  351     0.00002089   
  352     0.00012590   
  353     0.00021479   
  354     0.00019885   
  355     0.00016075   
  356     0.00040828   
  357     0.00028674   
  358     0.00021933   
  359     0.00033521   
  360     0.00009035   
  361     0.00020027   
  362     0.00005248   
  363     0.00028917   
  364     0.00005043   
  365     0.00002981   
  366     0.00002851   
  367     0.00002948   
  368     0.00018430   
  369     0.00006695   
  370     0.00011324   
  371     0.00006857   
  372     0.00044013   
  373     0.00027288   
  374     0.00018175   
  375     0.00027956   
  376     0.00007337   
  377     0.00047558   
  378     0.00060864   
  379     0.00028622   
  380     0.00058484   
  381     0.00032856   
  382     0.00005621   
  383     0.00010408   
  384     0.00024296   
  385     0.00003247   
  386     0.00010264   
  387     0.00008609   
  388     0.00001572   
  389     0.00004338   
  390     0.00006144   
  391     0.00000698   
  392     0.00035745   
  393     0.00010297   
  394     0.00030791   
  395     0.00032769   
  396     0.00005288   
  397     0.00006570   
  398     0.00029231   
  399     0.00016061   
  400     0.00015106   
  401     0.00047871   
  402     0.00019871   
  403     0.00053422   
  404     0.00048381   
  405     0.00052121   
  406     0.00002830   
  407     0.00005312   
  408     0.00002425   
  409     0.00000782   
  410     0.00074661   
  411     0.00009471   
  412     0.00026023   
  413     0.00036903   
  414     0.00017329   
  415     0.00029204   
  416     0.00024886   
  417     0.00005810   
  418     0.00002094   
  419     0.00031557   
  420     0.00009551   
  421     0.00001594   
  422     0.00002388   
  423     0.00012695   
  424     0.00001881   
  425     0.00000607   
  426     0.00001161   
  427     0.00012291   
  428     0.00025378   
  429     0.00020248   
  430     0.00020697   
  431     0.00012271   
  432     0.00019354   
  433     0.00072137   
  434     0.00026564   
  435     0.00033725   
  436     0.00047174   
  437     0.00074187   
  438     0.00062163   
  439     0.00132599   
  440     0.00050709   
  441     0.00057093   
  442     0.00088804   
  443     0.00017877   
  444     0.00030596   
  445     0.00026649   
  446     0.00045347   
  447     0.00065077   
  448     0.00032401   
  449     0.00057029   
  450     0.00187635   
  451     0.00058959   
  452     0.00011605   
  453     0.00002335   
  454     0.00005486   
  455     0.00019592   
  456     0.00021908   
  457     0.00032187   
  458     0.00024984   
  459     0.00052629   
  460     0.00029216   
  461     0.00019202   
  462     0.00030189   
  463     0.00041591   
  464     0.00014989   
  465     0.00032254   
  466     0.00038705   
  467     0.00007111   
  468     0.00018932   
  469     0.00006933   
  470     0.00005137   
  471     0.00005412   
  472     0.00019716   
  473     0.00001600   
  474     0.00002135   
  475     0.00012043   
  476     0.00009048   
  477     0.00003112   
  478     0.00012016   
  479     0.00002866   
  480     0.00007269   
  481     0.00302280   
  482     0.00018389   
  483     0.00011790   
  484     0.00024086   
  485     0.00047438   
  486     0.00089283   
  487     0.00095554   
  488     0.01053108   
  489     0.00181522   
  490     0.00461517   
  491     0.00250009   
  492     0.00832586   
  493     0.00279307   
  494     0.00382301   
  495     0.00148983   
  496     0.00067179   
  497     0.00253508   
  498     0.00036895   
  499     0.00262470   
  500     0.00542816   
  501     0.00549352   
  502     0.00462570   
  503     0.00395149   
  504     0.00822700   
  505     0.00520193   
  506     0.00493381   
  507     0.00101370   
  508     0.00227818   
  509     0.00272578   
  510     0.00143422   
  511     0.00036444   
  512     0.00056334   
  513     0.00066738   
  514     0.00036411   
  515     0.00078923   
  516     0.00012078   
  517     0.00005613   
  518     0.00009627   
  519     0.00129524   
  520     0.00002998   
  521     0.00000451   
  522     0.00002953   
  523     0.00013701   
  524     0.00010420   
  525     0.00016185   
  526     0.00016009   
  527     0.00211191   
  528     0.00100680   
  529     0.00062208   
  530     0.00638032   
  531     0.00182883   
  532     0.00095061   
  533     0.00037350   
  534     0.00088015   
  535     0.00115955   
  536     0.00059260   
  537     0.00022356   
  538     0.00019691   
  539     0.00012372   
  540     0.00038286   
  541     0.00007738   
  542     0.00007067   
  543     0.00009871   
  544     0.00011018   
  545     0.00013015   
  546     0.00015144   
  547     0.00011906   
  548     0.00015260   
  549     0.00034494   
  550     0.00022191   
  551     0.00014967   
  552     0.00012011   
  553     0.00028704   
  554     0.00007539   
  555     0.00003463   
  556     0.00002739   
  557     0.00001144   
  558     0.00000959   
  559     0.00001113   
  560     0.00002468   
  561     0.00005224   
  562     0.00014912   
  563     0.00003326   
  564     0.00006569   
  565     0.00018325   
  566     0.00007324   
  567     0.00048186   
  568     0.00028615   
  569     0.00040829   
  570     0.00037001   
  571     0.00047783   
  572     0.00477096   
  573     0.00019858   
  574     0.00039580   
  575     0.00010031   
  576     0.00018270   
  577     0.00041079   
  578     0.00022539   
  579     0.00017677   
  580     0.00027656   
  581     0.00038872   
  582     0.00010962   
  583     0.00006923   
  584     0.00009517   
  585     0.00003691   
  586     0.00003842   
  587     0.00000529   
  588     0.00013107   
  589     0.00009629   
  590     0.00070489   
  591     0.00010015   
  592     0.00030385   
  593     0.00052689   
  594     0.00095534   
  595     0.00062785   
  596     0.00019246   
  597     0.00011733   
  598     0.00015265   
  599     0.00043567   
  600     0.00015846   
  601     0.00004862   
  602     0.00034177   
  603     0.00037228   
  604     0.00023041   
  605     0.00029118   
  606     0.00016817   
  607     0.00014688   
  608     0.00018717   
  609     0.00014432   
  610     0.00019481   
  611     0.00033319   
  612     0.00052453   
  613     0.00045467   
  614     0.00048013   
  615     0.00069680   
  616     0.00078128   
  617     0.00045235   
  618     0.00050775   
  619     0.00176899   
  620     0.00027323   
  621     0.00098910   
  622     0.00013469   
  623     0.00056782   
  624     0.00007189   
