    1     0.00002049   
    2     0.00002435   
    3     0.00002420   
    4     0.00002966   
    5     0.00003386   
    6     0.00001481   
    7     0.00002057   
    8     0.00003277   
    9     0.00011671   
   10     0.00032352   
   11     0.00071060   
   12     0.00103725   
   13     0.00063246   
   14     0.00020779   
   15     0.00013291   
   16     0.00006187   
   17     0.00012148   
   18     0.00005124   
   19     0.00002442   
   20     0.00000196   
   21     0.00000772   
   22     0.00001516   
   23     0.00000752   
   24     0.00001458   
   25     0.00001478   
   26     0.00006776   
   27     0.00009280   
   28     0.00006902   
   29     0.00025182   
   30     0.00004341   
   31     0.00002951   
   32     0.00001865   
   33     0.00020397   
   34     0.00013771   
   35     0.00016561   
   36     0.00040138   
   37     0.00077558   
   38     0.00046665   
   39     0.00044179   
   40     0.00130387   
   41     0.00027166   
   42     0.00164439   
   43     0.00047227   
   44     0.00036371   
   45     0.00006637   
   46     0.00033317   
   47     0.00031430   
   48     0.00073288   
   49     0.00035925   
   50     0.00125282   
   51     0.00059367   
   52     0.00027621   
   53     0.00008041   
   54     0.00013672   
   55     0.00054613   
   56     0.00002179   
   57     0.00025403   
   58     0.00023005   
   59     0.00293252   
   60     0.00024469   
   61     0.00119877   
   62     0.00105966   
   63     0.00013065   
   64     0.00100065   
   65     0.00051629   
   66     0.00154248   
   67     0.00075200   
   68     0.00043747   
   69     0.00024231   
   70     0.00091006   
   71     0.00099465   
   72     0.00079479   
   73     0.00048285   
   74     0.00158975   
   75     0.00161045   
   76     0.00041852   
   77     0.00019781   
   78     0.00035145   
   79     0.00028288   
   80     0.00007924   
   81     0.00205305   
   82     0.00059064   
   83     0.00018223   
   84     0.00009304   
   85     0.00058831   
   86     0.00023197   
   87     0.00029148   
   88     0.00014130   
   89     0.00025437   
   90     0.00074928   
   91     0.00065547   
   92     0.00048535   
   93     0.00023180   
   94     0.00056787   
   95     0.00006529   
   96     0.00047549   
   97     0.00017225   
   98     0.00012929   
   99     0.00031255   
  100     0.00032734   
  101     0.00024487   
  102     0.00035206   
  103     0.00154102   
  104     0.00083792   
  105     0.00159964   
  106     0.00039864   
  107     0.00009906   
  108     0.00064108   
  109     0.00037976   
  110     0.00207388   
  111     0.00116353   
  112     0.00065195   
  113     0.00149462   
  114     0.00072971   
  115     0.00194201   
  116     0.00015374   
  117     0.00005393   
  118     0.00120509   
  119     0.00078932   
  120     0.00005754   
  121     0.00006145   
  122     0.00070572   
  123     0.00013283   
  124     0.00017769   
  125     0.00016555   
  126     0.00004880   
  127     0.00014317   
  128     0.00007820   
  129     0.00015229   
  130     0.00007115   
  131     0.00002985   
  132     0.00007069   
  133     0.00006725   
  134     0.00011060   
  135     0.00015918   
  136     0.00002737   
  137     0.00003420   
  138     0.00003615   
  139     0.00004695   
  140     0.00005201   
  141     0.00011415   
  142     0.00032605   
  143     0.00006937   
  144     0.00021258   
  145     0.00022697   
  146     0.00035636   
  147     0.00015336   
  148     0.00006711   
  149     0.00051485   
  150     0.00067228   
  151     0.00020812   
  152     0.00021374   
  153     0.00079193   
  154     0.00074688   
  155     0.00025813   
  156     0.00015402   
  157     0.00010650   
  158     0.00013469   
  159     0.00003292   
  160     0.00006535   
  161     0.00010262   
  162     0.00004477   
  163     0.00009794   
  164     0.00004269   
  165     0.00005247   
  166     0.00009699   
  167     0.00009245   
  168     0.00008924   
  169     0.00030845   
  170     0.00003711   
  171     0.00009053   
  172     0.00024871   
  173     0.00012604   
  174     0.00011540   
  175     0.00013970   
  176     0.00039348   
  177     0.00037432   
  178     0.00008719   
  179     0.00013694   
  180     0.00008329   
  181     0.00016282   
  182     0.00012117   
  183     0.00011780   
  184     0.00002401   
  185     0.00002093   
  186     0.00017450   
  187     0.00015026   
  188     0.00035554   
  189     0.00011575   
  190     0.00022985   
  191     0.00008138   
  192     0.00007596   
  193     0.00031440   
  194     0.00027051   
  195     0.00028817   
  196     0.00028795   
  197     0.00038437   
  198     0.00038201   
  199     0.00025926   
  200     0.00029301   
  201     0.00014306   
  202     0.00018726   
  203     0.00012945   
  204     0.00005982   
  205     0.00006098   
  206     0.00007426   
  207     0.00019392   
  208     0.00014869   
  209     0.00009295   
  210     0.00131039   
  211     0.00020287   
  212     0.00002491   
  213     0.00005565   
  214     0.00007656   
  215     0.00010315   
  216     0.00007430   
  217     0.00004135   
  218     0.00029377   
  219     0.00017061   
  220     0.00030523   
  221     0.00028583   
  222     0.00060581   
  223     0.00069478   
  224     0.00071991   
  225     0.00176786   
  226     0.00025337   
  227     0.00122765   
  228     0.00044291   
  229     0.00079511   
  230     0.00005125   
  231     0.00011315   
  232     0.00033615   
  233     0.00052474   
  234     0.00024913   
  235     0.00018046   
  236     0.00043085   
  237     0.00033081   
  238     0.00025629   
  239     0.00024781   
  240     0.00125723   
  241     0.00015051   
  242     0.00010121   
  243     0.00018404   
  244     0.00126595   
  245     0.00030131   
  246     0.00012193   
  247     0.00007946   
  248     0.00030454   
  249     0.00011829   
  250     0.00199896   
  251     0.00021842   
  252     0.00050012   
  253     0.00019074   
  254     0.00005656   
  255     0.00019049   
  256     0.00002646   
  257     0.00296910   
  258     0.00021390   
  259     0.00040381   
  260     0.00013860   
  261     0.00007792   
  262     0.00020414   
  263     0.00039880   
  264     0.00037861   
  265     0.00049555   
  266     0.00050770   
  267     0.00068937   
  268     0.00035966   
  269     0.00201821   
  270     0.00024861   
  271     0.00178349   
  272     0.00125812   
  273     0.00036170   
  274     0.00055807   
  275     0.00053261   
  276     0.00041610   
  277     0.00009121   
  278     0.00050527   
  279     0.00136153   
  280     0.00054262   
  281     0.00136162   
  282     0.00033280   
  283     0.00077879   
  284     0.00030237   
  285     0.00270288   
  286     0.00161903   
  287     0.00173089   
  288     0.00103503   
  289     0.00546317   
  290     0.00191587   
  291     0.00500225   
  292     0.00301778   
  293     0.00465215   
  294     0.00825153   
  295     0.00047963   
  296     0.00216433   
  297     0.00029710   
  298     0.00199982   
  299     0.00032421   
  300     0.00102415   
  301     0.00014208   
  302     0.00023441   
  303     0.00004674   
  304     0.00013468   
  305     0.00044051   
  306     0.00002023   
  307     0.00012636   
  308     0.00023737   
  309     0.00018822   
  310     0.00014953   
  311     0.00017474   
  312     0.00025281   
  313     0.00082134   
  314     0.00009881   
  315     0.00036272   
  316     0.00097584   
  317     0.00085165   
  318     0.00016565   
  319     0.00094593   
  320     0.00020087   
  321     0.00011010   
  322     0.00014558   
  323     0.00010904   
  324     0.00021152   
  325     0.00009291   
  326     0.00030416   
  327     0.00015066   
  328     0.00031066   
  329     0.00020819   
  330     0.00018721   
  331     0.00014239   
  332     0.00005543   
  333     0.00008530   
  334     0.00014741   
  335     0.00003183   
  336     0.00015457   
  337     0.00011240   
  338     0.00006052   
  339     0.00014691   
  340     0.00016480   
  341     0.00010728   
  342     0.00025034   
  343     0.00077768   
  344     0.00072475   
  345     0.00062230   
  346     0.00112598   
  347     0.00063197   
  348     0.00058111   
  349     0.00070751   
  350     0.00072759   
  351     0.00034501   
  352     0.00104073   
  353     0.00029990   
  354     0.00014518   
  355     0.00009384   
  356     0.00032125   
  357     0.00018076   
  358     0.00010174   
  359     0.00007235   
  360     0.00010594   
  361     0.00022300   
  362     0.00002008   
  363     0.00020286   
  364     0.00000956   
  365     0.00002789   
  366     0.00001411   
  367     0.00015028   
  368     0.00057123   
  369     0.00018650   
  370     0.00003355   
  371     0.00003951   
  372     0.00005773   
  373     0.00007944   
  374     0.00012876   
  375     0.00004631   
  376     0.00004103   
  377     0.00017119   
  378     0.00007226   
  379     0.00005799   
  380     0.00004644   
  381     0.00011445   
  382     0.00005413   
  383     0.00027229   
  384     0.00010432   
  385     0.00020248   
  386     0.00034190   
  387     0.00040025   
  388     0.00038302   
  389     0.00047442   
  390     0.00058257   
  391     0.00053608   
  392     0.00083887   
  393     0.00038521   
  394     0.00019861   
  395     0.00008155   
  396     0.00026456   
  397     0.00184033   
  398     0.00054215   
  399     0.00037453   
  400     0.00012074   
  401     0.00036009   
  402     0.00047710   
  403     0.00166273   
  404     0.00298650   
  405     0.00051431   
  406     0.00018002   
  407     0.00172766   
  408     0.00018131   
  409     0.00008104   
  410     0.00016745   
  411     0.00196649   
  412     0.00258601   
  413     0.00085571   
  414     0.00060596   
  415     0.00054438   
  416     0.00164371   
  417     0.00048500   
  418     0.00039719   
  419     0.00137155   
  420     0.00153163   
  421     0.00052572   
  422     0.00089890   
  423     0.00126746   
  424     0.00068313   
  425     0.00083669   
  426     0.00199931   
  427     0.00061044   
  428     0.00109785   
  429     0.00274345   
  430     0.00016506   
  431     0.00025589   
  432     0.00007937   
  433     0.00049023   
  434     0.00024990   
  435     0.00035531   
  436     0.00129111   
  437     0.00103090   
  438     0.00075150   
  439     0.00107146   
  440     0.00017247   
  441     0.00031471   
  442     0.00029042   
  443     0.00078236   
  444     0.00048141   
  445     0.00025978   
  446     0.00096478   
  447     0.00039525   
  448     0.00049499   
  449     0.00016526   
  450     0.00007329   
  451     0.00078591   
  452     0.00047083   
  453     0.00056457   
  454     0.00180992   
  455     0.00081907   
  456     0.00154667   
  457     0.00091799   
  458     0.00071801   
  459     0.00065738   
  460     0.00016006   
  461     0.00010139   
  462     0.00057831   
  463     0.00010309   
  464     0.00005572   
  465     0.00015703   
  466     0.00006173   
  467     0.00039354   
  468     0.00013833   
  469     0.00007114   
  470     0.00063348   
  471     0.00105135   
  472     0.00043517   
  473     0.00133874   
  474     0.00116047   
  475     0.00091512   
  476     0.00084463   
  477     0.00024405   
  478     0.00014314   
  479     0.00015006   
  480     0.00008768   
  481     0.00043599   
  482     0.00037243   
  483     0.00018027   
  484     0.00011112   
  485     0.00004378   
  486     0.00003118   
  487     0.00028937   
  488     0.00026822   
  489     0.00052674   
  490     0.00068369   
  491     0.00020226   
  492     0.00022418   
  493     0.00014692   
  494     0.00003284   
  495     0.00037657   
  496     0.00006485   
  497     0.00012043   
  498     0.00003243   
  499     0.00028152   
  500     0.00006417   
  501     0.00034044   
  502     0.00011268   
  503     0.00004416   
  504     0.00031922   
  505     0.00003795   
  506     0.00062124   
  507     0.00125559   
  508     0.00031358   
  509     0.00017042   
  510     0.00038939   
  511     0.00024506   
  512     0.00118187   
  513     0.00017656   
  514     0.00023094   
  515     0.00091303   
  516     0.00050307   
  517     0.00009001   
  518     0.00015417   
  519     0.00017375   
  520     0.00019281   
  521     0.00009235   
  522     0.00014656   
  523     0.00048308   
  524     0.00007448   
  525     0.00029704   
  526     0.00028977   
  527     0.00065767   
  528     0.00019959   
  529     0.00035705   
  530     0.00096351   
  531     0.00043578   
  532     0.00059481   
  533     0.00086654   
  534     0.00015343   
  535     0.00052058   
  536     0.00070593   
  537     0.00021253   
  538     0.00040109   
  539     0.00025183   
  540     0.00041405   
  541     0.00018971   
  542     0.00053497   
  543     0.00056663   
  544     0.00030400   
  545     0.00029672   
  546     0.00059202   
  547     0.00036352   
  548     0.00021011   
  549     0.00027767   
  550     0.00029792   
  551     0.00011093   
  552     0.00002979   
  553     0.00006325   
  554     0.00003205   
  555     0.00000518   
  556     0.00000560   
  557     0.00002201   
  558     0.00000745   
  559     0.00002013   
  560     0.00002276   
  561     0.00013238   
  562     0.00002575   
  563     0.00009919   
  564     0.00010481   
  565     0.00004979   
  566     0.00024731   
  567     0.00020470   
  568     0.00014348   
  569     0.00027624   
  570     0.00008790   
  571     0.00015216   
  572     0.00016214   
  573     0.00040360   
  574     0.00004320   
  575     0.00005506   
  576     0.00060360   
  577     0.00001459   
  578     0.00001648   
  579     0.00013343   
  580     0.00006256   
  581     0.00043964   
  582     0.00004047   
  583     0.00009804   
  584     0.00008369   
  585     0.00001598   
  586     0.00015281   
  587     0.00017334   
  588     0.00038634   
  589     0.00011372   
  590     0.00030048   
  591     0.00007745   
  592     0.00030330   
  593     0.00034309   
  594     0.00034219   
  595     0.00019343   
  596     0.00015515   
  597     0.00002917   
  598     0.00018233   
  599     0.00026950   
  600     0.00009768   
  601     0.00004459   
  602     0.00009099   
  603     0.00001933   
  604     0.00004814   
  605     0.00002114   
    1     0.00069269   
    2     0.00043516   
    3     0.00043022   
    4     0.00100681   
    5     0.00123765   
    6     0.00042678   
    7     0.00198508   
    8     0.00032245   
    9     0.00044500   
   10     0.00007737   
   11     0.00005172   
   12     0.00004067   
   13     0.00003928   
   14     0.00032062   
   15     0.00011390   
   16     0.00017643   
   17     0.00052821   
   18     0.00010635   
   19     0.00019295   
   20     0.00020460   
   21     0.00038292   
   22     0.00006909   
   23     0.00032576   
   24     0.00121884   
   25     0.00016573   
   26     0.00025324   
   27     0.00046664   
   28     0.00058394   
   29     0.00050877   
   30     0.00074307   
   31     0.00019641   
   32     0.00041100   
   33     0.00038485   
   34     0.00099072   
   35     0.00026928   
   36     0.00038654   
   37     0.00075665   
   38     0.00069541   
   39     0.00029022   
   40     0.00082239   
   41     0.00030344   
   42     0.00089706   
   43     0.00108320   
   44     0.00131770   
   45     0.00076676   
   46     0.00041052   
   47     0.00173543   
   48     0.00272575   
   49     0.00034667   
   50     0.00058140   
   51     0.00173339   
   52     0.00166948   
   53     0.00014330   
   54     0.00044417   
   55     0.00022443   
   56     0.00074813   
   57     0.00102184   
   58     0.00019447   
   59     0.00009114   
   60     0.00009330   
   61     0.00008147   
   62     0.00013768   
   63     0.00115929   
   64     0.00016157   
   65     0.00008615   
   66     0.00016313   
   67     0.00009882   
   68     0.00007178   
   69     0.00009933   
   70     0.00004848   
   71     0.00006448   
   72     0.00006126   
   73     0.00003092   
   74     0.00017879   
   75     0.00007878   
   76     0.00025979   
   77     0.00015943   
   78     0.00012290   
   79     0.00021085   
   80     0.00024302   
   81     0.00052180   
   82     0.00058866   
   83     0.00130431   
   84     0.00063366   
   85     0.00118600   
   86     0.00050170   
   87     0.00048204   
   88     0.00013406   
   89     0.00017841   
   90     0.00053752   
   91     0.00140445   
   92     0.00039115   
   93     0.00115966   
   94     0.00020136   
   95     0.00240401   
   96     0.00100687   
   97     0.00082191   
   98     0.00080076   
   99     0.00051724   
  100     0.00012022   
  101     0.00028161   
  102     0.00022039   
  103     0.00014173   
  104     0.00004102   
  105     0.00005728   
  106     0.00002103   
  107     0.00003829   
  108     0.00001015   
  109     0.00001111   
  110     0.00001053   
  111     0.00001839   
  112     0.00003608   
  113     0.00006334   
  114     0.00008862   
  115     0.00024649   
  116     0.00014256   
  117     0.00010900   
  118     0.00080062   
  119     0.00015270   
  120     0.00067718   
  121     0.00015408   
  122     0.00063954   
  123     0.00134676   
  124     0.00020424   
  125     0.00010689   
  126     0.00026982   
  127     0.00022020   
  128     0.00036615   
  129     0.00057166   
  130     0.00022689   
  131     0.00054470   
  132     0.00089434   
  133     0.00045095   
  134     0.00018680   
  135     0.00063786   
  136     0.00048000   
  137     0.00051932   
  138     0.00076104   
  139     0.00011004   
  140     0.00057067   
  141     0.00026797   
  142     0.00042792   
  143     0.00065458   
  144     0.00091643   
  145     0.00047702   
  146     0.00011034   
  147     0.00009670   
  148     0.00010034   
  149     0.00013210   
  150     0.00020055   
  151     0.00018067   
  152     0.00052113   
  153     0.00079619   
  154     0.00041337   
  155     0.00067564   
  156     0.00010525   
  157     0.00025682   
  158     0.00070588   
  159     0.00034367   
  160     0.00032166   
  161     0.00012805   
  162     0.00049491   
  163     0.00034765   
  164     0.00070495   
  165     0.00041878   
  166     0.00056818   
  167     0.00040377   
  168     0.00006226   
  169     0.00018108   
  170     0.00004034   
  171     0.00024877   
  172     0.00017056   
  173     0.00012635   
  174     0.00017603   
  175     0.00031911   
  176     0.00005937   
  177     0.00057894   
  178     0.00055998   
  179     0.00021766   
  180     0.00029475   
  181     0.00020925   
  182     0.00002975   
  183     0.00006227   
  184     0.00008553   
  185     0.00003041   
  186     0.00001298   
  187     0.00023093   
  188     0.00013803   
  189     0.00004677   
  190     0.00013614   
  191     0.00001437   
  192     0.00002191   
  193     0.00008448   
  194     0.00003386   
  195     0.00001529   
  196     0.00032390   
  197     0.00011804   
  198     0.00003942   
  199     0.00000744   
  200     0.00052667   
  201     0.00010103   
  202     0.00040516   
  203     0.00036290   
  204     0.00067036   
  205     0.00018338   
  206     0.00051158   
  207     0.00006025   
  208     0.00008248   
  209     0.00017461   
  210     0.00028300   
  211     0.00041557   
  212     0.00060087   
  213     0.00051795   
  214     0.00039563   
  215     0.00030915   
  216     0.00022180   
  217     0.00014271   
  218     0.00001065   
  219     0.00014421   
  220     0.00010322   
  221     0.00038534   
  222     0.00035406   
  223     0.00051033   
  224     0.00011114   
  225     0.00025228   
  226     0.00026760   
  227     0.00010270   
  228     0.00012043   
  229     0.00033153   
  230     0.00023991   
  231     0.00054531   
  232     0.00047033   
  233     0.00022078   
  234     0.00088506   
  235     0.00042589   
  236     0.00047300   
  237     0.00039717   
  238     0.00055741   
  239     0.00051719   
  240     0.00006908   
  241     0.00019857   
  242     0.00021076   
  243     0.00015415   
  244     0.00003099   
  245     0.00051491   
  246     0.00012211   
  247     0.00014801   
  248     0.00019396   
  249     0.00029299   
  250     0.00025181   
  251     0.00005717   
  252     0.00044627   
  253     0.00015271   
  254     0.00015452   
  255     0.00023535   
  256     0.00060553   
  257     0.00005922   
  258     0.00020184   
  259     0.00015078   
  260     0.00010287   
  261     0.00045864   
  262     0.00011814   
  263     0.00026238   
  264     0.00021899   
  265     0.00024852   
  266     0.00026111   
  267     0.00013186   
  268     0.00012360   
  269     0.00026127   
  270     0.00014008   
  271     0.00049341   
  272     0.00019098   
  273     0.00006375   
  274     0.00006047   
  275     0.00005097   
  276     0.00014055   
  277     0.00012518   
  278     0.00022565   
  279     0.00006884   
  280     0.00014236   
  281     0.00025895   
  282     0.00018201   
  283     0.00017405   
  284     0.00022019   
  285     0.00009577   
  286     0.00007708   
  287     0.00011449   
  288     0.00051036   
  289     0.00003039   
  290     0.00011967   
  291     0.00011050   
  292     0.00007311   
  293     0.00014884   
  294     0.00005926   
  295     0.00004180   
  296     0.00013178   
  297     0.00010482   
  298     0.00019516   
  299     0.00034206   
  300     0.00012756   
  301     0.00016571   
  302     0.00019800   
  303     0.00038054   
  304     0.00158280   
  305     0.00071284   
  306     0.00117431   
  307     0.00176942   
  308     0.00009657   
  309     0.00015762   
  310     0.00064710   
  311     0.00019922   
  312     0.00010889   
  313     0.00027593   
  314     0.00025171   
  315     0.00082475   
  316     0.00065293   
  317     0.00090196   
  318     0.00071206   
  319     0.00022741   
  320     0.00020922   
  321     0.00032065   
  322     0.00007205   
  323     0.00017742   
  324     0.00018966   
  325     0.00012976   
  326     0.00038633   
  327     0.00002986   
  328     0.00006992   
  329     0.00018164   
  330     0.00018641   
  331     0.00014183   
  332     0.00040270   
  333     0.00176258   
  334     0.00142763   
  335     0.00014271   
  336     0.00038993   
  337     0.00005320   
  338     0.00017852   
  339     0.00028425   
  340     0.00018896   
  341     0.00005003   
  342     0.00057319   
  343     0.00085827   
  344     0.00053715   
  345     0.00025623   
  346     0.00043680   
  347     0.00026971   
  348     0.00043831   
  349     0.00044255   
  350     0.00040563   
  351     0.00039521   
  352     0.00046825   
  353     0.00135215   
  354     0.00094597   
  355     0.00046896   
  356     0.00053373   
  357     0.00232990   
  358     0.00051355   
  359     0.00035472   
  360     0.00047439   
  361     0.00097660   
  362     0.00016630   
  363     0.00090555   
  364     0.00015097   
  365     0.00007229   
  366     0.00015841   
  367     0.00018329   
  368     0.00074347   
  369     0.00005534   
  370     0.00076298   
  371     0.00125850   
  372     0.00170786   
  373     0.00082923   
  374     0.00078610   
  375     0.00122504   
  376     0.00008008   
  377     0.00026236   
  378     0.00035765   
  379     0.00052136   
  380     0.00076883   
  381     0.00039137   
  382     0.00063228   
  383     0.00017504   
  384     0.00097060   
  385     0.00040515   
  386     0.00033745   
  387     0.00066219   
  388     0.00061803   
  389     0.00061049   
  390     0.00088008   
  391     0.00151556   
  392     0.00122346   
  393     0.00039855   
  394     0.00009703   
  395     0.00061959   
  396     0.00024317   
  397     0.00049297   
  398     0.00125768   
  399     0.00177138   
  400     0.00039168   
  401     0.00100412   
  402     0.00025368   
  403     0.00061021   
  404     0.00145637   
  405     0.00044412   
  406     0.00028693   
  407     0.00067314   
  408     0.00005867   
  409     0.00001238   
  410     0.00007396   
  411     0.00004155   
  412     0.00034732   
  413     0.00380070   
  414     0.00115695   
  415     0.00097158   
  416     0.00118833   
  417     0.00017467   
  418     0.00062419   
  419     0.00274993   
  420     0.00086054   
  421     0.00021850   
  422     0.00148559   
  423     0.00423899   
  424     0.00287743   
  425     0.00338651   
  426     0.00298769   
  427     0.00476136   
  428     0.00281049   
  429     0.00239067   
  430     0.00245691   
  431     0.00125238   
  432     0.00169281   
  433     0.00120368   
  434     0.00092813   
  435     0.00013869   
  436     0.00038397   
  437     0.00009325   
  438     0.00010070   
  439     0.00017730   
  440     0.00031803   
  441     0.00050962   
  442     0.00075298   
  443     0.00067177   
  444     0.00033043   
  445     0.00037575   
  446     0.00100382   
  447     0.00149623   
  448     0.00129584   
  449     0.00373100   
  450     0.00147444   
  451     0.00134012   
  452     0.00232740   
  453     0.00191775   
  454     0.00148591   
  455     0.00444436   
  456     0.00150413   
  457     0.00148022   
  458     0.00074976   
  459     0.00065340   
  460     0.00110522   
  461     0.00008398   
  462     0.00040229   
  463     0.00135695   
  464     0.00030264   
  465     0.00024376   
  466     0.00456942   
  467     0.00020616   
  468     0.00027238   
  469     0.00085737   
  470     0.00003891   
  471     0.00040664   
  472     0.00085557   
  473     0.00034132   
  474     0.00027263   
  475     0.00116634   
  476     0.00052174   
  477     0.00013641   
  478     0.00037934   
  479     0.00081277   
  480     0.00203369   
  481     0.00484709   
  482     0.00168607   
  483     0.00269782   
  484     0.00197283   
  485     0.01075400   
  486     0.00414974   
  487     0.00186243   
  488     0.00194090   
  489     0.00689081   
  490     0.00288362   
  491     0.00113007   
  492     0.00283254   
  493     0.00347737   
  494     0.00058224   
  495     0.00045063   
  496     0.00042162   
  497     0.00065427   
  498     0.00120082   
  499     0.00022629   
  500     0.00123996   
  501     0.00190148   
  502     0.00054819   
  503     0.00046007   
  504     0.00137789   
  505     0.00135295   
  506     0.00041978   
  507     0.00048692   
  508     0.00308381   
  509     0.00083542   
  510     0.00034630   
  511     0.00005368   
  512     0.00261160   
  513     0.00070252   
  514     0.00012287   
  515     0.00039017   
  516     0.00116667   
  517     0.00021160   
  518     0.00040625   
  519     0.00371152   
  520     0.00093321   
  521     0.00080157   
  522     0.00108059   
  523     0.00192791   
  524     0.00419946   
  525     0.00164774   
  526     0.00080446   
  527     0.00196352   
  528     0.00306602   
  529     0.00140733   
  530     0.00402239   
  531     0.00186419   
  532     0.00160477   
  533     0.00174618   
  534     0.00222795   
  535     0.00023599   
  536     0.00019416   
  537     0.00069851   
  538     0.00113982   
  539     0.00451030   
  540     0.00499358   
  541     0.00402302   
  542     0.00489182   
  543     0.00168457   
  544     0.00134360   
  545     0.00142841   
  546     0.01344953   
  547     0.00398386   
  548     0.00714539   
  549     0.00232345   
  550     0.00556016   
  551     0.00440018   
  552     0.02384133   
  553     0.00801795   
  554     0.01865934   
  555     0.00412326   
  556     0.00602343   
  557     0.00454876   
  558     0.00275298   
  559     0.00153482   
  560     0.00340740   
  561     0.00712186   
  562     0.00686834   
  563     0.00616539   
  564     0.00855140   
  565     0.00668715   
  566     0.00400921   
  567     0.00357404   
  568     0.00155907   
  569     0.00091945   
  570     0.00033975   
  571     0.00064820   
  572     0.00194311   
  573     0.00071559   
  574     0.00022041   
  575     0.00011187   
  576     0.00009473   
  577     0.00029642   
  578     0.00046701   
  579     0.00006804   
  580     0.00051803   
  581     0.00060698   
  582     0.00008416   
  583     0.00020829   
  584     0.00010524   
  585     0.00002677   
  586     0.00008617   
  587     0.00001385   
  588     0.00053519   
  589     0.00065620   
  590     0.00322340   
  591     0.00022026   
  592     0.00039709   
  593     0.00166247   
  594     0.00186922   
  595     0.00176544   
  596     0.00086845   
  597     0.00329114   
  598     0.00293347   
  599     0.00314885   
  600     0.00115568   
  601     0.00158532   
  602     0.00181593   
  603     0.00091860   
  604     0.00180410   
  605     0.01036592   
  606     0.00716367   
  607     0.00125672   
  608     0.00259877   
  609     0.00029942   
  610     0.00046628   
  611     0.00040659   
  612     0.00076208   
  613     0.00039031   
  614     0.00449844   
  615     0.00030327   
  616     0.00050066   
  617     0.00090915   
  618     0.00033304   
  619     0.00045947   
  620     0.00011509   
  621     0.00078549   
  622     0.00018346   
  623     0.00029217   
  624     0.00006054   
    1     0.00001332   
    2     0.00000680   
    3     0.00000666   
    4     0.00001999   
    5     0.00002265   
    6     0.00001387   
    7     0.00004381   
    8     0.00001059   
    9     0.00000886   
   10     0.00000082   
   11     0.00000285   
   12     0.00000209   
   13     0.00000631   
   14     0.00001695   
   15     0.00000546   
   16     0.00001526   
   17     0.00002193   
   18     0.00000352   
   19     0.00001772   
   20     0.00002582   
   21     0.00001272   
   22     0.00000305   
   23     0.00000771   
   24     0.00003562   
   25     0.00000447   
   26     0.00001076   
   27     0.00001523   
   28     0.00002210   
   29     0.00003237   
   30     0.00001872   
   31     0.00000823   
   32     0.00001492   
   33     0.00001149   
   34     0.00002967   
   35     0.00001670   
   36     0.00002316   
   37     0.00001042   
   38     0.00007149   
   39     0.00001794   
   40     0.00001598   
   41     0.00001123   
   42     0.00001503   
   43     0.00003808   
   44     0.00002477   
   45     0.00000983   
   46     0.00001329   
   47     0.00010269   
   48     0.00017535   
   49     0.00001343   
   50     0.00004505   
   51     0.00006008   
   52     0.00012368   
   53     0.00000745   
   54     0.00002129   
   55     0.00001478   
   56     0.00007446   
   57     0.00008592   
   58     0.00000332   
   59     0.00000738   
   60     0.00000669   
   61     0.00000604   
   62     0.00001353   
   63     0.00007319   
   64     0.00000800   
   65     0.00000434   
   66     0.00000260   
   67     0.00000316   
   68     0.00000148   
   69     0.00000357   
   70     0.00000203   
   71     0.00000352   
   72     0.00000279   
   73     0.00000162   
   74     0.00000830   
   75     0.00000412   
   76     0.00000724   
   77     0.00000466   
   78     0.00000636   
   79     0.00000534   
   80     0.00000417   
   81     0.00002154   
   82     0.00001257   
   83     0.00003017   
   84     0.00002079   
   85     0.00005265   
   86     0.00004481   
   87     0.00000547   
   88     0.00000164   
   89     0.00000799   
   90     0.00003055   
   91     0.00003664   
   92     0.00001034   
   93     0.00005412   
   94     0.00001538   
   95     0.00005555   
   96     0.00005476   
   97     0.00000976   
   98     0.00001417   
   99     0.00002262   
  100     0.00001216   
  101     0.00000373   
  102     0.00001657   
  103     0.00000888   
  104     0.00000397   
  105     0.00000482   
  106     0.00000504   
  107     0.00000477   
  108     0.00000132   
  109     0.00000124   
  110     0.00000173   
  111     0.00000139   
  112     0.00000439   
  113     0.00000426   
  114     0.00000571   
  115     0.00000981   
  116     0.00000571   
  117     0.00001444   
  118     0.00000961   
  119     0.00000635   
  120     0.00001371   
  121     0.00000995   
  122     0.00002041   
  123     0.00007637   
  124     0.00000685   
  125     0.00000891   
  126     0.00001422   
  127     0.00000755   
  128     0.00001122   
  129     0.00002637   
  130     0.00000937   
  131     0.00001591   
  132     0.00004045   
  133     0.00002339   
  134     0.00000279   
  135     0.00001284   
  136     0.00001366   
  137     0.00001347   
  138     0.00001821   
  139     0.00000299   
  140     0.00001448   
  141     0.00000572   
  142     0.00000716   
  143     0.00001629   
  144     0.00004103   
  145     0.00004215   
  146     0.00000497   
  147     0.00000180   
  148     0.00000255   
  149     0.00000383   
  150     0.00000422   
  151     0.00000393   
  152     0.00000706   
  153     0.00001580   
  154     0.00000931   
  155     0.00001896   
  156     0.00000398   
  157     0.00000929   
  158     0.00002606   
  159     0.00000700   
  160     0.00000897   
  161     0.00000540   
  162     0.00001048   
  163     0.00000980   
  164     0.00001910   
  165     0.00000774   
  166     0.00001045   
  167     0.00000994   
  168     0.00000133   
  169     0.00000577   
  170     0.00000163   
  171     0.00001220   
  172     0.00000726   
  173     0.00000322   
  174     0.00000704   
  175     0.00000938   
  176     0.00000529   
  177     0.00001371   
  178     0.00001242   
  179     0.00000673   
  180     0.00001229   
  181     0.00001366   
  182     0.00000077   
  183     0.00000313   
  184     0.00000720   
  185     0.00000151   
  186     0.00000088   
  187     0.00001481   
  188     0.00000593   
  189     0.00000310   
  190     0.00000417   
  191     0.00000085   
  192     0.00000145   
  193     0.00000220   
  194     0.00000088   
  195     0.00000081   
  196     0.00001980   
  197     0.00000612   
  198     0.00000211   
  199     0.00000125   
  200     0.00002586   
  201     0.00000644   
  202     0.00000658   
  203     0.00001099   
  204     0.00001171   
  205     0.00000558   
  206     0.00001572   
  207     0.00000811   
  208     0.00000587   
  209     0.00000348   
  210     0.00000713   
  211     0.00000584   
  212     0.00001413   
  213     0.00001129   
  214     0.00000519   
  215     0.00000647   
  216     0.00000415   
  217     0.00000271   
  218     0.00000030   
  219     0.00000286   
  220     0.00000236   
  221     0.00000849   
  222     0.00000592   
  223     0.00001070   
  224     0.00000243   
  225     0.00000556   
  226     0.00000578   
  227     0.00000178   
  228     0.00000410   
  229     0.00000489   
  230     0.00001008   
  231     0.00001465   
  232     0.00002032   
  233     0.00001106   
  234     0.00005054   
  235     0.00002201   
  236     0.00000416   
  237     0.00000299   
  238     0.00000272   
  239     0.00000055   
  240     0.00000047   
  241     0.00001693   
  242     0.00000232   
  243     0.00000052   
  244     0.00000129   
  245     0.00000492   
  246     0.00000917   
  247     0.00000981   
  248     0.00001772   
  249     0.00000694   
  250     0.00001540   
  251     0.00000390   
  252     0.00000674   
  253     0.00001505   
  254     0.00000370   
  255     0.00001270   
  256     0.00000408   
  257     0.00000128   
  258     0.00000425   
  259     0.00000210   
  260     0.00000565   
  261     0.00001078   
  262     0.00001164   
  263     0.00000836   
  264     0.00003901   
  265     0.00001408   
  266     0.00002619   
  267     0.00000334   
  268     0.00000629   
  269     0.00000074   
  270     0.00000140   
  271     0.00000108   
  272     0.00002975   
  273     0.00000296   
  274     0.00000691   
  275     0.00000764   
  276     0.00001783   
  277     0.00001571   
  278     0.00005551   
  279     0.00000692   
  280     0.00001314   
  281     0.00000345   
  282     0.00000344   
  283     0.00000614   
  284     0.00000443   
  285     0.00000114   
  286     0.00000076   
  287     0.00000070   
  288     0.00000361   
  289     0.00000056   
  290     0.00000101   
  291     0.00000227   
  292     0.00000058   
  293     0.00000364   
  294     0.00000112   
  295     0.00000383   
  296     0.00001310   
  297     0.00001364   
  298     0.00002709   
  299     0.00001369   
  300     0.00000570   
  301     0.00000727   
  302     0.00001073   
  303     0.00003469   
  304     0.00002909   
  305     0.00004207   
  306     0.00002559   
  307     0.00011884   
  308     0.00000865   
  309     0.00000885   
  310     0.00003584   
  311     0.00001075   
  312     0.00000704   
  313     0.00003571   
  314     0.00003020   
  315     0.00006642   
  316     0.00004128   
  317     0.00006677   
  318     0.00005830   
  319     0.00000707   
  320     0.00000456   
  321     0.00002603   
  322     0.00000890   
  323     0.00001485   
  324     0.00000817   
  325     0.00000804   
  326     0.00002004   
  327     0.00000263   
  328     0.00000703   
  329     0.00000385   
  330     0.00002772   
  331     0.00000394   
  332     0.00001771   
  333     0.00008072   
  334     0.00011338   
  335     0.00000442   
  336     0.00000256   
  337     0.00000206   
  338     0.00001135   
  339     0.00004648   
  340     0.00001264   
  341     0.00000665   
  342     0.00000867   
  343     0.00000262   
  344     0.00002719   
  345     0.00002602   
  346     0.00000510   
  347     0.00000442   
  348     0.00002593   
  349     0.00001014   
  350     0.00001359   
  351     0.00000496   
  352     0.00003034   
  353     0.00009568   
  354     0.00001627   
  355     0.00002033   
  356     0.00004965   
  357     0.00011121   
  358     0.00001162   
  359     0.00004481   
  360     0.00003193   
  361     0.00011581   
  362     0.00000317   
  363     0.00001178   
  364     0.00000452   
  365     0.00000246   
  366     0.00000289   
  367     0.00000198   
  368     0.00001080   
  369     0.00000138   
  370     0.00001416   
  371     0.00004975   
  372     0.00003508   
  373     0.00001607   
  374     0.00003492   
  375     0.00007756   
  376     0.00001117   
  377     0.00002042   
  378     0.00002310   
  379     0.00001643   
  380     0.00006251   
  381     0.00003881   
  382     0.00004131   
  383     0.00001698   
  384     0.00007650   
  385     0.00002968   
  386     0.00001189   
  387     0.00002951   
  388     0.00003892   
  389     0.00005039   
  390     0.00001299   
  391     0.00000800   
  392     0.00008739   
  393     0.00001313   
  394     0.00009445   
  395     0.00009984   
  396     0.00001995   
  397     0.00009693   
  398     0.00023703   
  399     0.00019810   
  400     0.00006769   
  401     0.00014173   
  402     0.00006314   
  403     0.00006871   
  404     0.00024679   
  405     0.00031047   
  406     0.00012331   
  407     0.00001612   
  408     0.00003790   
  409     0.00002803   
  410     0.00003523   
  411     0.00001336   
  412     0.00005727   
  413     0.00008674   
  414     0.00011626   
  415     0.00006047   
  416     0.00008408   
  417     0.00001565   
  418     0.00006928   
  419     0.00029249   
  420     0.00007334   
  421     0.00003848   
  422     0.00023108   
  423     0.00077914   
  424     0.00046212   
  425     0.00090393   
  426     0.00097743   
  427     0.00136971   
  428     0.00061621   
  429     0.00031599   
  430     0.00046620   
  431     0.00037589   
  432     0.00033343   
  433     0.00044898   
  434     0.00014482   
  435     0.00008797   
  436     0.00008408   
  437     0.00007156   
  438     0.00009013   
  439     0.00009081   
  440     0.00052338   
  441     0.00030892   
  442     0.00069670   
  443     0.00044470   
  444     0.00048149   
  445     0.00046837   
  446     0.00034204   
  447     0.00041252   
  448     0.00023958   
  449     0.00032322   
  450     0.00044838   
  451     0.00010298   
  452     0.00019307   
  453     0.00014951   
  454     0.00009753   
  455     0.00087771   
  456     0.00024163   
  457     0.00020598   
  458     0.00016930   
  459     0.00016551   
  460     0.00009031   
  461     0.00006086   
  462     0.00003922   
  463     0.00011731   
  464     0.00002462   
  465     0.00001916   
  466     0.00086497   
  467     0.00002966   
  468     0.00001976   
  469     0.00007753   
  470     0.00001571   
  471     0.00000457   
  472     0.00006513   
  473     0.00002967   
  474     0.00004020   
  475     0.00029242   
  476     0.00005506   
  477     0.00005091   
  478     0.00017118   
  479     0.00006931   
  480     0.00012543   
  481     0.00086750   
  482     0.00014150   
  483     0.00056246   
  484     0.00076769   
  485     0.00129719   
  486     0.00083939   
  487     0.00039808   
  488     0.00033478   
  489     0.00104945   
  490     0.00052197   
  491     0.00034479   
  492     0.00036050   
  493     0.00037063   
  494     0.00009522   
  495     0.00019211   
  496     0.00005315   
  497     0.00002663   
  498     0.00013085   
  499     0.00004581   
  500     0.00007875   
  501     0.00009799   
  502     0.00003508   
  503     0.00016384   
  504     0.00017770   
  505     0.00013179   
  506     0.00007885   
  507     0.00004377   
  508     0.00009011   
  509     0.00008737   
  510     0.00002724   
  511     0.00003956   
  512     0.00005549   
  513     0.00004360   
  514     0.00003030   
  515     0.00020733   
  516     0.00008211   
  517     0.00009031   
  518     0.00019372   
  519     0.00103026   
  520     0.00026765   
  521     0.00032125   
  522     0.00014817   
  523     0.00034976   
  524     0.00026519   
  525     0.00023282   
  526     0.00006756   
  527     0.00013192   
  528     0.00026729   
  529     0.00007784   
  530     0.00030086   
  531     0.00016919   
  532     0.00022686   
  533     0.00030302   
  534     0.00027126   
  535     0.00029606   
  536     0.00010936   
  537     0.00023542   
  538     0.00053246   
  539     0.00106501   
  540     0.00106360   
  541     0.00055522   
  542     0.00122878   
  543     0.00016734   
  544     0.00018268   
  545     0.00027240   
  546     0.00155325   
  547     0.00077429   
  548     0.00189240   
  549     0.00068586   
  550     0.00090631   
  551     0.00072231   
  552     0.00449041   
  553     0.00138793   
  554     0.00253215   
  555     0.00090682   
  556     0.00107358   
  557     0.00072974   
  558     0.00042834   
  559     0.00027343   
  560     0.00057161   
  561     0.00095109   
  562     0.00110648   
  563     0.00083808   
  564     0.00098541   
  565     0.00059341   
  566     0.00051049   
  567     0.00093192   
  568     0.00069462   
  569     0.00018186   
  570     0.00005579   
  571     0.00003274   
  572     0.00018313   
  573     0.00004067   
  574     0.00003415   
  575     0.00002737   
  576     0.00002158   
  577     0.00010769   
  578     0.00009256   
  579     0.00002478   
  580     0.00015483   
  581     0.00003323   
  582     0.00001855   
  583     0.00007402   
  584     0.00002725   
  585     0.00000936   
  586     0.00006809   
  587     0.00006604   
  588     0.00081537   
  589     0.00023613   
  590     0.00148297   
  591     0.00141329   
  592     0.00023554   
  593     0.00057569   
  594     0.00104744   
  595     0.00129742   
  596     0.00051642   
  597     0.00150233   
  598     0.00170600   
  599     0.00177469   
  600     0.00049107   
  601     0.00100517   
  602     0.00064212   
  603     0.00029300   
  604     0.00142062   
  605     0.00337602   
  606     0.00230409   
  607     0.00119731   
  608     0.00194128   
  609     0.00016181   
  610     0.00032484   
  611     0.00090364   
  612     0.00084230   
  613     0.00038699   
  614     0.00315223   
  615     0.00162625   
  616     0.00130433   
  617     0.00180735   
  618     0.00211719   
  619     0.00327281   
  620     0.00135946   
  621     0.00257970   
  622     0.00131732   
  623     0.00136388   
  624     0.00041647   
