    1     0.00001027   
    2     0.00000766   
    3     0.00001652   
    4     0.00000898   
    5     0.00001183   
    6     0.00000521   
    7     0.00001628   
    8     0.00003214   
    9     0.00017877   
   10     0.00020065   
   11     0.00056630   
   12     0.00011265   
   13     0.00006707   
   14     0.00012253   
   15     0.00005524   
   16     0.00001689   
   17     0.00001278   
   18     0.00000849   
   19     0.00001239   
   20     0.00000221   
   21     0.00000834   
   22     0.00001031   
   23     0.00000338   
   24     0.00000723   
   25     0.00000130   
   26     0.00000444   
   27     0.00001757   
   28     0.00001991   
   29     0.00013493   
   30     0.00002398   
   31     0.00003007   
   32     0.00003322   
   33     0.00001598   
   34     0.00001058   
   35     0.00003370   
   36     0.00011072   
   37     0.00026592   
   38     0.00012344   
   39     0.00011297   
   40     0.00015374   
   41     0.00009421   
   42     0.00013259   
   43     0.00022129   
   44     0.00005395   
   45     0.00002670   
   46     0.00004510   
   47     0.00009591   
   48     0.00040965   
   49     0.00010628   
   50     0.00027329   
   51     0.00007374   
   52     0.00004992   
   53     0.00009497   
   54     0.00022617   
   55     0.00022380   
   56     0.00004860   
   57     0.00011807   
   58     0.00004584   
   59     0.00058525   
   60     0.00008754   
   61     0.00011540   
   62     0.00010926   
   63     0.00004141   
   64     0.00009350   
   65     0.00008119   
   66     0.00005672   
   67     0.00018520   
   68     0.00018189   
   69     0.00022526   
   70     0.00027214   
   71     0.00014847   
   72     0.00015593   
   73     0.00006186   
   74     0.00014831   
   75     0.00029962   
   76     0.00007237   
   77     0.00004809   
   78     0.00022381   
   79     0.00019901   
   80     0.00002075   
   81     0.00172265   
   82     0.00022624   
   83     0.00009159   
   84     0.00004222   
   85     0.00009374   
   86     0.00003248   
   87     0.00004131   
   88     0.00005533   
   89     0.00017732   
   90     0.00008324   
   91     0.00001541   
   92     0.00001461   
   93     0.00004034   
   94     0.00000624   
   95     0.00002586   
   96     0.00005947   
   97     0.00002128   
   98     0.00001115   
   99     0.00004661   
  100     0.00002442   
  101     0.00006676   
  102     0.00002827   
  103     0.00001478   
  104     0.00001580   
  105     0.00004730   
  106     0.00006362   
  107     0.00000624   
  108     0.00001866   
  109     0.00003867   
  110     0.00004894   
  111     0.00013469   
  112     0.00007669   
  113     0.00003557   
  114     0.00007814   
  115     0.00010987   
  116     0.00006089   
  117     0.00009346   
  118     0.00056477   
  119     0.00014866   
  120     0.00008194   
  121     0.00006575   
  122     0.00036872   
  123     0.00005433   
  124     0.00013539   
  125     0.00007053   
  126     0.00001870   
  127     0.00002990   
  128     0.00001933   
  129     0.00002740   
  130     0.00001413   
  131     0.00000732   
  132     0.00001689   
  133     0.00001710   
  134     0.00002508   
  135     0.00007200   
  136     0.00002276   
  137     0.00001419   
  138     0.00001127   
  139     0.00001804   
  140     0.00002089   
  141     0.00002254   
  142     0.00008378   
  143     0.00002325   
  144     0.00012583   
  145     0.00002582   
  146     0.00002095   
  147     0.00006394   
  148     0.00000539   
  149     0.00005956   
  150     0.00007560   
  151     0.00002417   
  152     0.00002694   
  153     0.00005931   
  154     0.00003441   
  155     0.00008207   
  156     0.00001958   
  157     0.00005257   
  158     0.00002332   
  159     0.00001905   
  160     0.00000993   
  161     0.00011844   
  162     0.00003652   
  163     0.00007489   
  164     0.00003414   
  165     0.00001757   
  166     0.00003818   
  167     0.00001912   
  168     0.00002740   
  169     0.00016213   
  170     0.00004251   
  171     0.00007670   
  172     0.00029198   
  173     0.00033104   
  174     0.00008000   
  175     0.00006909   
  176     0.00027428   
  177     0.00010229   
  178     0.00004162   
  179     0.00009419   
  180     0.00004940   
  181     0.00022466   
  182     0.00010333   
  183     0.00010907   
  184     0.00003526   
  185     0.00044787   
  186     0.00007667   
  187     0.00036810   
  188     0.00064894   
  189     0.00018784   
  190     0.00016459   
  191     0.00004213   
  192     0.00007829   
  193     0.00018634   
  194     0.00023630   
  195     0.00025204   
  196     0.00010634   
  197     0.00030521   
  198     0.00052796   
  199     0.00006773   
  200     0.00016462   
  201     0.00012047   
  202     0.00016553   
  203     0.00019603   
  204     0.00010898   
  205     0.00022935   
  206     0.00022102   
  207     0.00041687   
  208     0.00085757   
  209     0.00006733   
  210     0.00319567   
  211     0.00045121   
  212     0.00019699   
  213     0.00007885   
  214     0.00022120   
  215     0.00037533   
  216     0.00020916   
  217     0.00009080   
  218     0.00027306   
  219     0.00013253   
  220     0.00023770   
  221     0.00020209   
  222     0.00042781   
  223     0.00042548   
  224     0.00028507   
  225     0.00188476   
  226     0.00033537   
  227     0.00046650   
  228     0.00017804   
  229     0.00066495   
  230     0.00031999   
  231     0.00010738   
  232     0.00033548   
  233     0.00038768   
  234     0.00010421   
  235     0.00012714   
  236     0.00035501   
  237     0.00016645   
  238     0.00005504   
  239     0.00059003   
  240     0.00071635   
  241     0.00007437   
  242     0.00017639   
  243     0.00025300   
  244     0.00072809   
  245     0.00039232   
  246     0.00009413   
  247     0.00003532   
  248     0.00064149   
  249     0.00006617   
  250     0.00155743   
  251     0.00019835   
  252     0.00007549   
  253     0.00002152   
  254     0.00001763   
  255     0.00005403   
  256     0.00004719   
  257     0.00065060   
  258     0.00068588   
  259     0.00012014   
  260     0.00013819   
  261     0.00052786   
  262     0.00060019   
  263     0.00053424   
  264     0.00038900   
  265     0.00017575   
  266     0.00022126   
  267     0.00064078   
  268     0.00040035   
  269     0.00071640   
  270     0.00016277   
  271     0.00119612   
  272     0.00070125   
  273     0.00049281   
  274     0.00037383   
  275     0.00083192   
  276     0.00033619   
  277     0.00016870   
  278     0.00052335   
  279     0.00068423   
  280     0.00027157   
  281     0.00066356   
  282     0.00028945   
  283     0.00093806   
  284     0.00031223   
  285     0.00170651   
  286     0.00238752   
  287     0.00155402   
  288     0.00135954   
  289     0.00377026   
  290     0.00221100   
  291     0.00544237   
  292     0.00270346   
  293     0.00278452   
  294     0.00910399   
  295     0.00148250   
  296     0.00349985   
  297     0.00095703   
  298     0.00141606   
  299     0.00044029   
  300     0.00060924   
  301     0.00010621   
  302     0.00007261   
  303     0.00002088   
  304     0.00002350   
  305     0.00014545   
  306     0.00000507   
  307     0.00003939   
  308     0.00028989   
  309     0.00009921   
  310     0.00002168   
  311     0.00006254   
  312     0.00015046   
  313     0.00026211   
  314     0.00002916   
  315     0.00011961   
  316     0.00035267   
  317     0.00026332   
  318     0.00009858   
  319     0.00023099   
  320     0.00015262   
  321     0.00012233   
  322     0.00013314   
  323     0.00027613   
  324     0.00027343   
  325     0.00059747   
  326     0.00017123   
  327     0.00027959   
  328     0.00178091   
  329     0.00043396   
  330     0.00025676   
  331     0.00013357   
  332     0.00001938   
  333     0.00002290   
  334     0.00003974   
  335     0.00001859   
  336     0.00011930   
  337     0.00004372   
  338     0.00006241   
  339     0.00004933   
  340     0.00009045   
  341     0.00012376   
  342     0.00014754   
  343     0.00120828   
  344     0.00047795   
  345     0.00069870   
  346     0.00077772   
  347     0.00014268   
  348     0.00007369   
  349     0.00030389   
  350     0.00008171   
  351     0.00001142   
  352     0.00032525   
  353     0.00006833   
  354     0.00003643   
  355     0.00001346   
  356     0.00007883   
  357     0.00008261   
  358     0.00003843   
  359     0.00001668   
  360     0.00003792   
  361     0.00006752   
  362     0.00008294   
  363     0.00006269   
  364     0.00000193   
  365     0.00000244   
  366     0.00000287   
  367     0.00017291   
  368     0.00007102   
  369     0.00002630   
  370     0.00001226   
  371     0.00012408   
  372     0.00003266   
  373     0.00002247   
  374     0.00009008   
  375     0.00002427   
  376     0.00001374   
  377     0.00003698   
  378     0.00000982   
  379     0.00001299   
  380     0.00002864   
  381     0.00009749   
  382     0.00003368   
  383     0.00014376   
  384     0.00015832   
  385     0.00029172   
  386     0.00017396   
  387     0.00005848   
  388     0.00021035   
  389     0.00016316   
  390     0.00015068   
  391     0.00068130   
  392     0.00124579   
  393     0.00036960   
  394     0.00025099   
  395     0.00029070   
  396     0.00059138   
  397     0.00055766   
  398     0.00010997   
  399     0.00004216   
  400     0.00004260   
  401     0.00005289   
  402     0.00023716   
  403     0.00020368   
  404     0.00018379   
  405     0.00005239   
  406     0.00002815   
  407     0.00006138   
  408     0.00004864   
  409     0.00005392   
  410     0.00017487   
  411     0.00013856   
  412     0.00036218   
  413     0.00007538   
  414     0.00018805   
  415     0.00021074   
  416     0.00072029   
  417     0.00022372   
  418     0.00049150   
  419     0.00023735   
  420     0.00061065   
  421     0.00023418   
  422     0.00005994   
  423     0.00006846   
  424     0.00010846   
  425     0.00004636   
  426     0.00030460   
  427     0.00004259   
  428     0.00011082   
  429     0.00022003   
  430     0.00001230   
  431     0.00001945   
  432     0.00000973   
  433     0.00005465   
  434     0.00002474   
  435     0.00004233   
  436     0.00015955   
  437     0.00028568   
  438     0.00020915   
  439     0.00006244   
  440     0.00005301   
  441     0.00004934   
  442     0.00003011   
  443     0.00008521   
  444     0.00020665   
  445     0.00003889   
  446     0.00002815   
  447     0.00003596   
  448     0.00003952   
  449     0.00002075   
  450     0.00000581   
  451     0.00003280   
  452     0.00004006   
  453     0.00006376   
  454     0.00000883   
  455     0.00006262   
  456     0.00002917   
  457     0.00020533   
  458     0.00014883   
  459     0.00026062   
  460     0.00019414   
  461     0.00004042   
  462     0.00004593   
  463     0.00000400   
  464     0.00000230   
  465     0.00000308   
  466     0.00000291   
  467     0.00000931   
  468     0.00000818   
  469     0.00000240   
  470     0.00001356   
  471     0.00004589   
  472     0.00001053   
  473     0.00007355   
  474     0.00007073   
  475     0.00020607   
  476     0.00021095   
  477     0.00029166   
  478     0.00018732   
  479     0.00022326   
  480     0.00009471   
  481     0.00034406   
  482     0.00008432   
  483     0.00005142   
  484     0.00004995   
  485     0.00023968   
  486     0.00005082   
  487     0.00025144   
  488     0.00020705   
  489     0.00013656   
  490     0.00005948   
  491     0.00002867   
  492     0.00000965   
  493     0.00002110   
  494     0.00001217   
  495     0.00016332   
  496     0.00004183   
  497     0.00024372   
  498     0.00019434   
  499     0.00024017   
  500     0.00004074   
  501     0.00003416   
  502     0.00004061   
  503     0.00013732   
  504     0.00003972   
  505     0.00002921   
  506     0.00006537   
  507     0.00005755   
  508     0.00003368   
  509     0.00002916   
  510     0.00011164   
  511     0.00012025   
  512     0.00069436   
  513     0.00002775   
  514     0.00011385   
  515     0.00012846   
  516     0.00008501   
  517     0.00000845   
  518     0.00003753   
  519     0.00002029   
  520     0.00000560   
  521     0.00000690   
  522     0.00001331   
  523     0.00001049   
  524     0.00000504   
  525     0.00001137   
  526     0.00002851   
  527     0.00000697   
  528     0.00001789   
  529     0.00003772   
  530     0.00001716   
  531     0.00000923   
  532     0.00007209   
  533     0.00003653   
  534     0.00001615   
  535     0.00004453   
  536     0.00005061   
  537     0.00002027   
  538     0.00000987   
  539     0.00002520   
  540     0.00001297   
  541     0.00002450   
  542     0.00001778   
  543     0.00001630   
  544     0.00000449   
  545     0.00002696   
  546     0.00003282   
  547     0.00002106   
  548     0.00000317   
  549     0.00002650   
  550     0.00003363   
  551     0.00000485   
  552     0.00000230   
  553     0.00000397   
  554     0.00000344   
  555     0.00000117   
  556     0.00000527   
  557     0.00002454   
  558     0.00000363   
  559     0.00000250   
  560     0.00000172   
  561     0.00000874   
  562     0.00002357   
  563     0.00000213   
  564     0.00000105   
  565     0.00000327   
  566     0.00001715   
  567     0.00000552   
  568     0.00000153   
  569     0.00001612   
  570     0.00000541   
  571     0.00000755   
  572     0.00000276   
  573     0.00000052   
  574     0.00000319   
  575     0.00000412   
  576     0.00000234   
  577     0.00000057   
  578     0.00000139   
  579     0.00000168   
  580     0.00000141   
  581     0.00004018   
  582     0.00000040   
  583     0.00000090   
  584     0.00001184   
  585     0.00001337   
  586     0.00000457   
  587     0.00000361   
  588     0.00001991   
  589     0.00001213   
  590     0.00000177   
  591     0.00000702   
  592     0.00001565   
  593     0.00000365   
  594     0.00000341   
  595     0.00001906   
  596     0.00000895   
  597     0.00001065   
  598     0.00001285   
  599     0.00001163   
  600     0.00000538   
  601     0.00001449   
  602     0.00000262   
  603     0.00000253   
  604     0.00000272   
  605     0.00000274   
    1     0.00003836   
    2     0.00000768   
    3     0.00000832   
    4     0.00006154   
    5     0.00006767   
    6     0.00006468   
    7     0.00021587   
    8     0.00005390   
    9     0.00004653   
   10     0.00000531   
   11     0.00001065   
   12     0.00000851   
   13     0.00002432   
   14     0.00005632   
   15     0.00001537   
   16     0.00003580   
   17     0.00005688   
   18     0.00001001   
   19     0.00003515   
   20     0.00006655   
   21     0.00004375   
   22     0.00000745   
   23     0.00002811   
   24     0.00011665   
   25     0.00001094   
   26     0.00002404   
   27     0.00003887   
   28     0.00005210   
   29     0.00011713   
   30     0.00008827   
   31     0.00003138   
   32     0.00006716   
   33     0.00004366   
   34     0.00010941   
   35     0.00003151   
   36     0.00008856   
   37     0.00002784   
   38     0.00034325   
   39     0.00007910   
   40     0.00005690   
   41     0.00001906   
   42     0.00005561   
   43     0.00016099   
   44     0.00017526   
   45     0.00006093   
   46     0.00010911   
   47     0.00034175   
   48     0.00015433   
   49     0.00016420   
   50     0.00009033   
   51     0.00044748   
   52     0.00011734   
   53     0.00004447   
   54     0.00010287   
   55     0.00006468   
   56     0.00051038   
   57     0.00026023   
   58     0.00001842   
   59     0.00004875   
   60     0.00004312   
   61     0.00001312   
   62     0.00004535   
   63     0.00032418   
   64     0.00009623   
   65     0.00006271   
   66     0.00003680   
   67     0.00002219   
   68     0.00000993   
   69     0.00001804   
   70     0.00000306   
   71     0.00000315   
   72     0.00000222   
   73     0.00000155   
   74     0.00001136   
   75     0.00001365   
   76     0.00001920   
   77     0.00001723   
   78     0.00005481   
   79     0.00003238   
   80     0.00001928   
   81     0.00006200   
   82     0.00003541   
   83     0.00027353   
   84     0.00008645   
   85     0.00031598   
   86     0.00026350   
   87     0.00003395   
   88     0.00001491   
   89     0.00005377   
   90     0.00017382   
   91     0.00020600   
   92     0.00003763   
   93     0.00018397   
   94     0.00003023   
   95     0.00024170   
   96     0.00009520   
   97     0.00002285   
   98     0.00007229   
   99     0.00007486   
  100     0.00001368   
  101     0.00000899   
  102     0.00003640   
  103     0.00002712   
  104     0.00000979   
  105     0.00001080   
  106     0.00000978   
  107     0.00001207   
  108     0.00000177   
  109     0.00000513   
  110     0.00000603   
  111     0.00000669   
  112     0.00001075   
  113     0.00001267   
  114     0.00002274   
  115     0.00002684   
  116     0.00002831   
  117     0.00002894   
  118     0.00006001   
  119     0.00002307   
  120     0.00003003   
  121     0.00002414   
  122     0.00014997   
  123     0.00024504   
  124     0.00001354   
  125     0.00001554   
  126     0.00007394   
  127     0.00004771   
  128     0.00006421   
  129     0.00008771   
  130     0.00003611   
  131     0.00004038   
  132     0.00008668   
  133     0.00003332   
  134     0.00000924   
  135     0.00005683   
  136     0.00004728   
  137     0.00002180   
  138     0.00003437   
  139     0.00001864   
  140     0.00003783   
  141     0.00005213   
  142     0.00002453   
  143     0.00004403   
  144     0.00024262   
  145     0.00030221   
  146     0.00002122   
  147     0.00000620   
  148     0.00001516   
  149     0.00001146   
  150     0.00000618   
  151     0.00002671   
  152     0.00004711   
  153     0.00004864   
  154     0.00003583   
  155     0.00003658   
  156     0.00000556   
  157     0.00003817   
  158     0.00013238   
  159     0.00002893   
  160     0.00003864   
  161     0.00001308   
  162     0.00003122   
  163     0.00004450   
  164     0.00006350   
  165     0.00000817   
  166     0.00003028   
  167     0.00003434   
  168     0.00000943   
  169     0.00003405   
  170     0.00000360   
  171     0.00006931   
  172     0.00005682   
  173     0.00001607   
  174     0.00006199   
  175     0.00003307   
  176     0.00001746   
  177     0.00002759   
  178     0.00002718   
  179     0.00002007   
  180     0.00002517   
  181     0.00002510   
  182     0.00000402   
  183     0.00000253   
  184     0.00000893   
  185     0.00000373   
  186     0.00000278   
  187     0.00001710   
  188     0.00000972   
  189     0.00000287   
  190     0.00000484   
  191     0.00000175   
  192     0.00000220   
  193     0.00001029   
  194     0.00001993   
  195     0.00000210   
  196     0.00010818   
  197     0.00003143   
  198     0.00001759   
  199     0.00000349   
  200     0.00006238   
  201     0.00002924   
  202     0.00001582   
  203     0.00010546   
  204     0.00005866   
  205     0.00007627   
  206     0.00020829   
  207     0.00004300   
  208     0.00003006   
  209     0.00001388   
  210     0.00001808   
  211     0.00000954   
  212     0.00000506   
  213     0.00000548   
  214     0.00000548   
  215     0.00000327   
  216     0.00000295   
  217     0.00000201   
  218     0.00000025   
  219     0.00000087   
  220     0.00000389   
  221     0.00000305   
  222     0.00000688   
  223     0.00001193   
  224     0.00000320   
  225     0.00000872   
  226     0.00000560   
  227     0.00002996   
  228     0.00003642   
  229     0.00003359   
  230     0.00002463   
  231     0.00002334   
  232     0.00008094   
  233     0.00013027   
  234     0.00005943   
  235     0.00007092   
  236     0.00007845   
  237     0.00013081   
  238     0.00028921   
  239     0.00033803   
  240     0.00007636   
  241     0.00018680   
  242     0.00011207   
  243     0.00000533   
  244     0.00001008   
  245     0.00004856   
  246     0.00010886   
  247     0.00002441   
  248     0.00002575   
  249     0.00003694   
  250     0.00023968   
  251     0.00004260   
  252     0.00006342   
  253     0.00015537   
  254     0.00005048   
  255     0.00008988   
  256     0.00001914   
  257     0.00001125   
  258     0.00003010   
  259     0.00004525   
  260     0.00011092   
  261     0.00028026   
  262     0.00008952   
  263     0.00015166   
  264     0.00048001   
  265     0.00029789   
  266     0.00058965   
  267     0.00004528   
  268     0.00009450   
  269     0.00013625   
  270     0.00011706   
  271     0.00013464   
  272     0.00019211   
  273     0.00001249   
  274     0.00013338   
  275     0.00003050   
  276     0.00018398   
  277     0.00006398   
  278     0.00015180   
  279     0.00010648   
  280     0.00015424   
  281     0.00046041   
  282     0.00008245   
  283     0.00036523   
  284     0.00028437   
  285     0.00056125   
  286     0.00021621   
  287     0.00023828   
  288     0.00097674   
  289     0.00007025   
  290     0.00011459   
  291     0.00006408   
  292     0.00009226   
  293     0.00039316   
  294     0.00031141   
  295     0.00005490   
  296     0.00015405   
  297     0.00010009   
  298     0.00012191   
  299     0.00015542   
  300     0.00001785   
  301     0.00002053   
  302     0.00006006   
  303     0.00004926   
  304     0.00019059   
  305     0.00014335   
  306     0.00015486   
  307     0.00007704   
  308     0.00002451   
  309     0.00010833   
  310     0.00009341   
  311     0.00030253   
  312     0.00009866   
  313     0.00038205   
  314     0.00059631   
  315     0.00105822   
  316     0.00071111   
  317     0.00095501   
  318     0.00037300   
  319     0.00079635   
  320     0.00036203   
  321     0.00025802   
  322     0.00008852   
  323     0.00012571   
  324     0.00003461   
  325     0.00006433   
  326     0.00002949   
  327     0.00001632   
  328     0.00001306   
  329     0.00002279   
  330     0.00003491   
  331     0.00001413   
  332     0.00010350   
  333     0.00043443   
  334     0.00024240   
  335     0.00001545   
  336     0.00005837   
  337     0.00004169   
  338     0.00086138   
  339     0.00013387   
  340     0.00018040   
  341     0.00004089   
  342     0.00024607   
  343     0.00013595   
  344     0.00015054   
  345     0.00013966   
  346     0.00020896   
  347     0.00037398   
  348     0.00024025   
  349     0.00029682   
  350     0.00021554   
  351     0.00045221   
  352     0.00023100   
  353     0.00049910   
  354     0.00158958   
  355     0.00077971   
  356     0.00063723   
  357     0.00106175   
  358     0.00061486   
  359     0.00090381   
  360     0.00047483   
  361     0.00101130   
  362     0.00152975   
  363     0.00077627   
  364     0.00046942   
  365     0.00004515   
  366     0.00008692   
  367     0.00009571   
  368     0.00056017   
  369     0.00004812   
  370     0.00006734   
  371     0.00014236   
  372     0.00033115   
  373     0.00027230   
  374     0.00020948   
  375     0.00019754   
  376     0.00005188   
  377     0.00019297   
  378     0.00061026   
  379     0.00070824   
  380     0.00141353   
  381     0.00047180   
  382     0.00053154   
  383     0.00097067   
  384     0.00173347   
  385     0.00032252   
  386     0.00029865   
  387     0.00068505   
  388     0.00058527   
  389     0.00057617   
  390     0.00194540   
  391     0.00300426   
  392     0.00107401   
  393     0.00048638   
  394     0.00039181   
  395     0.00056433   
  396     0.00069543   
  397     0.00029253   
  398     0.00021923   
  399     0.00069325   
  400     0.00083584   
  401     0.00107839   
  402     0.00090679   
  403     0.00046805   
  404     0.00096829   
  405     0.00167101   
  406     0.00036422   
  407     0.00019917   
  408     0.00050666   
  409     0.00032142   
  410     0.00032797   
  411     0.00006488   
  412     0.00009944   
  413     0.00075030   
  414     0.00056679   
  415     0.00029020   
  416     0.00047307   
  417     0.00008525   
  418     0.00003346   
  419     0.00121201   
  420     0.00082024   
  421     0.00016266   
  422     0.00105797   
  423     0.00184260   
  424     0.00175847   
  425     0.00037059   
  426     0.00007702   
  427     0.00318545   
  428     0.00093208   
  429     0.00149106   
  430     0.00279156   
  431     0.00177407   
  432     0.00098280   
  433     0.00038697   
  434     0.00099133   
  435     0.00074756   
  436     0.00083348   
  437     0.00007427   
  438     0.00045099   
  439     0.00072275   
  440     0.00016492   
  441     0.00035367   
  442     0.00300989   
  443     0.00057026   
  444     0.00014021   
  445     0.00036615   
  446     0.00069317   
  447     0.00198645   
  448     0.00245691   
  449     0.00154773   
  450     0.00253137   
  451     0.00227456   
  452     0.00559291   
  453     0.00151202   
  454     0.00218287   
  455     0.00392932   
  456     0.00185237   
  457     0.00099489   
  458     0.00046802   
  459     0.00025854   
  460     0.00107143   
  461     0.00032198   
  462     0.00090801   
  463     0.00040963   
  464     0.00159637   
  465     0.00144612   
  466     0.00234301   
  467     0.00098997   
  468     0.00063702   
  469     0.00097337   
  470     0.00028938   
  471     0.00058218   
  472     0.00119711   
  473     0.00074269   
  474     0.00022285   
  475     0.00076974   
  476     0.00015379   
  477     0.00013369   
  478     0.00016782   
  479     0.00057548   
  480     0.00171202   
  481     0.00362805   
  482     0.00306814   
  483     0.00091924   
  484     0.00316016   
  485     0.00361163   
  486     0.00090819   
  487     0.00049977   
  488     0.00036773   
  489     0.00323008   
  490     0.00186106   
  491     0.00068588   
  492     0.00121059   
  493     0.00279275   
  494     0.00125472   
  495     0.00099637   
  496     0.00098468   
  497     0.00067817   
  498     0.00124549   
  499     0.00085920   
  500     0.00291661   
  501     0.00139274   
  502     0.00140962   
  503     0.00147795   
  504     0.00650428   
  505     0.00138445   
  506     0.00198103   
  507     0.00108614   
  508     0.00402619   
  509     0.00106004   
  510     0.00094040   
  511     0.00418007   
  512     0.00119110   
  513     0.00107016   
  514     0.00046505   
  515     0.00718490   
  516     0.00088749   
  517     0.00028729   
  518     0.00095354   
  519     0.00947239   
  520     0.00056235   
  521     0.00046134   
  522     0.00046040   
  523     0.00181244   
  524     0.00064186   
  525     0.00070809   
  526     0.00048987   
  527     0.00049887   
  528     0.00108561   
  529     0.00124507   
  530     0.00269975   
  531     0.00146432   
  532     0.00234245   
  533     0.00784571   
  534     0.00144915   
  535     0.00088636   
  536     0.00176909   
  537     0.00139694   
  538     0.00158379   
  539     0.00525013   
  540     0.00459681   
  541     0.00091120   
  542     0.00053979   
  543     0.00012411   
  544     0.00006041   
  545     0.00038193   
  546     0.00038959   
  547     0.00225902   
  548     0.00055216   
  549     0.00265012   
  550     0.00062044   
  551     0.00055866   
  552     0.00065000   
  553     0.00078392   
  554     0.00031245   
  555     0.00018946   
  556     0.00006475   
  557     0.00002971   
  558     0.00004090   
  559     0.00008499   
  560     0.00017119   
  561     0.00020108   
  562     0.00045955   
  563     0.00011293   
  564     0.00083224   
  565     0.00104869   
  566     0.00059756   
  567     0.00148431   
  568     0.00177121   
  569     0.00083677   
  570     0.00151120   
  571     0.00035588   
  572     0.00267990   
  573     0.00133317   
  574     0.00546469   
  575     0.00028273   
  576     0.00019664   
  577     0.00188407   
  578     0.00156042   
  579     0.00094519   
  580     0.00166898   
  581     0.00620103   
  582     0.00080200   
  583     0.00134756   
  584     0.00236696   
  585     0.00084106   
  586     0.00053200   
  587     0.00077173   
  588     0.00721665   
  589     0.00367672   
  590     0.00907383   
  591     0.00870502   
  592     0.00302541   
  593     0.00278217   
  594     0.01064715   
  595     0.00516783   
  596     0.00214777   
  597     0.00424069   
  598     0.00175523   
  599     0.00179586   
  600     0.00178758   
  601     0.00232048   
  602     0.00088150   
  603     0.00055738   
  604     0.00313802   
  605     0.00230411   
  606     0.00027155   
  607     0.00078460   
  608     0.00308060   
  609     0.00096220   
  610     0.00372831   
  611     0.00196961   
  612     0.00227184   
  613     0.00288201   
  614     0.00487401   
  615     0.00587116   
  616     0.01007879   
  617     0.01104471   
  618     0.01029551   
  619     0.01696029   
  620     0.01333327   
  621     0.01968949   
  622     0.00908413   
  623     0.00839550   
  624     0.00237259   
    1     0.00033311   
    2     0.00012254   
    3     0.00012696   
    4     0.00057750   
    5     0.00060385   
    6     0.00060539   
    7     0.00171671   
    8     0.00050725   
    9     0.00034901   
   10     0.00002600   
   11     0.00011977   
   12     0.00010894   
   13     0.00031681   
   14     0.00081641   
   15     0.00020275   
   16     0.00049526   
   17     0.00057485   
   18     0.00009649   
   19     0.00064545   
   20     0.00099040   
   21     0.00041043   
   22     0.00010467   
   23     0.00022272   
   24     0.00102992   
   25     0.00012929   
   26     0.00031656   
   27     0.00042801   
   28     0.00067632   
   29     0.00086363   
   30     0.00073652   
   31     0.00033647   
   32     0.00116718   
   33     0.00065370   
   34     0.00176608   
   35     0.00059479   
   36     0.00108426   
   37     0.00041760   
   38     0.00489056   
   39     0.00132041   
   40     0.00076803   
   41     0.00017089   
   42     0.00074833   
   43     0.00148444   
   44     0.00369806   
   45     0.00113079   
   46     0.00071753   
   47     0.00221930   
   48     0.00367562   
   49     0.00071508   
   50     0.00094822   
   51     0.00073001   
   52     0.00089393   
   53     0.00039528   
   54     0.00031979   
   55     0.00040769   
   56     0.00156981   
   57     0.00225889   
   58     0.00048871   
   59     0.00034043   
   60     0.00034698   
   61     0.00007853   
   62     0.00034059   
   63     0.00254819   
   64     0.00083353   
   65     0.00055903   
   66     0.00026200   
   67     0.00021993   
   68     0.00007781   
   69     0.00009236   
   70     0.00001031   
   71     0.00006669   
   72     0.00002355   
   73     0.00001414   
   74     0.00011106   
   75     0.00006477   
   76     0.00016191   
   77     0.00009625   
   78     0.00046470   
   79     0.00027792   
   80     0.00024545   
   81     0.00084962   
   82     0.00039716   
   83     0.00159332   
   84     0.00062815   
   85     0.00254071   
   86     0.00218918   
   87     0.00010151   
   88     0.00005116   
   89     0.00041631   
   90     0.00137923   
   91     0.00156814   
   92     0.00043343   
   93     0.00235209   
   94     0.00056068   
   95     0.00216432   
   96     0.00202810   
   97     0.00028545   
   98     0.00058589   
   99     0.00093816   
  100     0.00037540   
  101     0.00014154   
  102     0.00051893   
  103     0.00033760   
  104     0.00013815   
  105     0.00017047   
  106     0.00018777   
  107     0.00017220   
  108     0.00003527   
  109     0.00006946   
  110     0.00008000   
  111     0.00007134   
  112     0.00015696   
  113     0.00017475   
  114     0.00033265   
  115     0.00044899   
  116     0.00025559   
  117     0.00062889   
  118     0.00095092   
  119     0.00034042   
  120     0.00044154   
  121     0.00065101   
  122     0.00125014   
  123     0.00427917   
  124     0.00035199   
  125     0.00051442   
  126     0.00113903   
  127     0.00043022   
  128     0.00038827   
  129     0.00079141   
  130     0.00031697   
  131     0.00034484   
  132     0.00121979   
  133     0.00049720   
  134     0.00005222   
  135     0.00033448   
  136     0.00035946   
  137     0.00022052   
  138     0.00039033   
  139     0.00009200   
  140     0.00036461   
  141     0.00025569   
  142     0.00021965   
  143     0.00056691   
  144     0.00128282   
  145     0.00189489   
  146     0.00024134   
  147     0.00009560   
  148     0.00022648   
  149     0.00012310   
  150     0.00011352   
  151     0.00018481   
  152     0.00017888   
  153     0.00038648   
  154     0.00022440   
  155     0.00048316   
  156     0.00010750   
  157     0.00029798   
  158     0.00095814   
  159     0.00037683   
  160     0.00036907   
  161     0.00017452   
  162     0.00034965   
  163     0.00031651   
  164     0.00065946   
  165     0.00014731   
  166     0.00031202   
  167     0.00026620   
  168     0.00005797   
  169     0.00019658   
  170     0.00003926   
  171     0.00056193   
  172     0.00085579   
  173     0.00013743   
  174     0.00025925   
  175     0.00032646   
  176     0.00010569   
  177     0.00029878   
  178     0.00028408   
  179     0.00014046   
  180     0.00018155   
  181     0.00028674   
  182     0.00003241   
  183     0.00005868   
  184     0.00008429   
  185     0.00004359   
  186     0.00006694   
  187     0.00011849   
  188     0.00011528   
  189     0.00008000   
  190     0.00003816   
  191     0.00002823   
  192     0.00009616   
  193     0.00058198   
  194     0.00017875   
  195     0.00017357   
  196     0.00107690   
  197     0.00082389   
  198     0.00056107   
  199     0.00011467   
  200     0.00320983   
  201     0.00053150   
  202     0.00173285   
  203     0.00200468   
  204     0.00059435   
  205     0.00076786   
  206     0.00130411   
  207     0.00025931   
  208     0.00033981   
  209     0.00015083   
  210     0.00006082   
  211     0.00011792   
  212     0.00003356   
  213     0.00005904   
  214     0.00005495   
  215     0.00002557   
  216     0.00002222   
  217     0.00002010   
  218     0.00000653   
  219     0.00001045   
  220     0.00007557   
  221     0.00002287   
  222     0.00016035   
  223     0.00010033   
  224     0.00016496   
  225     0.00006008   
  226     0.00010116   
  227     0.00021570   
  228     0.00036542   
  229     0.00087422   
  230     0.00023247   
  231     0.00078790   
  232     0.00221990   
  233     0.00122005   
  234     0.00132839   
  235     0.00046460   
  236     0.00016224   
  237     0.00003682   
  238     0.00018877   
  239     0.00001450   
  240     0.00002094   
  241     0.00002299   
  242     0.00003338   
  243     0.00006426   
  244     0.00007656   
  245     0.00067821   
  246     0.00054206   
  247     0.00014933   
  248     0.00266643   
  249     0.00123556   
  250     0.00125789   
  251     0.00045815   
  252     0.00072485   
  253     0.00049659   
  254     0.00028792   
  255     0.00141500   
  256     0.00016266   
  257     0.00016604   
  258     0.00011745   
  259     0.00007845   
  260     0.00014534   
  261     0.00032598   
  262     0.00019267   
  263     0.00032577   
  264     0.00035138   
  265     0.00020914   
  266     0.00069941   
  267     0.00013342   
  268     0.00031691   
  269     0.00009741   
  270     0.00026300   
  271     0.00012332   
  272     0.00063832   
  273     0.00033097   
  274     0.00010994   
  275     0.00003615   
  276     0.00045482   
  277     0.00017615   
  278     0.00034228   
  279     0.00037706   
  280     0.00034161   
  281     0.00143022   
  282     0.00024044   
  283     0.00043978   
  284     0.00034304   
  285     0.00154694   
  286     0.00098219   
  287     0.00131018   
  288     0.00486252   
  289     0.00022255   
  290     0.00093602   
  291     0.00047221   
  292     0.00056703   
  293     0.00159843   
  294     0.00296757   
  295     0.00088454   
  296     0.00149709   
  297     0.00021174   
  298     0.00078398   
  299     0.00072443   
  300     0.00023294   
  301     0.00043421   
  302     0.00016865   
  303     0.00138828   
  304     0.00055398   
  305     0.00172236   
  306     0.00502271   
  307     0.00179976   
  308     0.00063681   
  309     0.00165596   
  310     0.00175907   
  311     0.00225367   
  312     0.00071691   
  313     0.00058723   
  314     0.00100818   
  315     0.00121571   
  316     0.00159986   
  317     0.00042913   
  318     0.00068135   
  319     0.00327827   
  320     0.00184268   
  321     0.00019530   
  322     0.00115756   
  323     0.00025343   
  324     0.00008510   
  325     0.00006298   
  326     0.00015861   
  327     0.00010401   
  328     0.00012314   
  329     0.00012926   
  330     0.00026829   
  331     0.00016580   
  332     0.00018795   
  333     0.00087609   
  334     0.00049829   
  335     0.00049130   
  336     0.00256712   
  337     0.00017565   
  338     0.00008958   
  339     0.00009338   
  340     0.00087017   
  341     0.00007098   
  342     0.00005480   
  343     0.00001867   
  344     0.00009897   
  345     0.00010374   
  346     0.00052169   
  347     0.00037870   
  348     0.00030922   
  349     0.00040350   
  350     0.00043022   
  351     0.00019570   
  352     0.00031490   
  353     0.00073292   
  354     0.00040820   
  355     0.00042823   
  356     0.00024851   
  357     0.00099526   
  358     0.00025667   
  359     0.00034175   
  360     0.00016093   
  361     0.00026961   
  362     0.00006174   
  363     0.00017457   
  364     0.00004302   
  365     0.00001346   
  366     0.00003188   
  367     0.00004067   
  368     0.00018577   
  369     0.00004231   
  370     0.00038988   
  371     0.00066895   
  372     0.00098634   
  373     0.00066878   
  374     0.00063318   
  375     0.00037320   
  376     0.00012192   
  377     0.00029286   
  378     0.00102466   
  379     0.00056404   
  380     0.00067032   
  381     0.00053977   
  382     0.00089744   
  383     0.00064764   
  384     0.00027080   
  385     0.00091612   
  386     0.00030918   
  387     0.00034557   
  388     0.00014841   
  389     0.00053464   
  390     0.00012872   
  391     0.00004965   
  392     0.00062456   
  393     0.00014451   
  394     0.00021199   
  395     0.00038080   
  396     0.00036689   
  397     0.00041556   
  398     0.00027487   
  399     0.00057594   
  400     0.00092228   
  401     0.00103813   
  402     0.00066667   
  403     0.00068790   
  404     0.00189382   
  405     0.00142686   
  406     0.00036431   
  407     0.00055566   
  408     0.00048113   
  409     0.00019063   
  410     0.00073741   
  411     0.00012949   
  412     0.00048827   
  413     0.00155926   
  414     0.00058191   
  415     0.00030136   
  416     0.00046101   
  417     0.00011251   
  418     0.00006111   
  419     0.00063094   
  420     0.00018283   
  421     0.00005405   
  422     0.00033268   
  423     0.00045858   
  424     0.00018888   
  425     0.00006594   
  426     0.00005904   
  427     0.00018765   
  428     0.00011769   
  429     0.00050915   
  430     0.00051271   
  431     0.00031799   
  432     0.00021048   
  433     0.00019854   
  434     0.00115960   
  435     0.00083713   
  436     0.00069125   
  437     0.00040220   
  438     0.00059122   
  439     0.00222163   
  440     0.00133981   
  441     0.00019087   
  442     0.00412149   
  443     0.00068105   
  444     0.00067502   
  445     0.00035390   
  446     0.00043430   
  447     0.00091708   
  448     0.00136490   
  449     0.00085568   
  450     0.00075964   
  451     0.00049706   
  452     0.00051617   
  453     0.00017848   
  454     0.00026498   
  455     0.00102551   
  456     0.00066868   
  457     0.00047879   
  458     0.00040817   
  459     0.00047232   
  460     0.00087503   
  461     0.00036825   
  462     0.00016607   
  463     0.00104010   
  464     0.00116881   
  465     0.00057026   
  466     0.00241989   
  467     0.00041798   
  468     0.00022080   
  469     0.00033376   
  470     0.00009626   
  471     0.00009126   
  472     0.00072383   
  473     0.00026688   
  474     0.00008161   
  475     0.00035107   
  476     0.00006006   
  477     0.00001878   
  478     0.00012885   
  479     0.00006896   
  480     0.00088181   
  481     0.00063111   
  482     0.00030726   
  483     0.00061432   
  484     0.00161039   
  485     0.00008878   
  486     0.00008910   
  487     0.00008059   
  488     0.00011307   
  489     0.00078605   
  490     0.00069153   
  491     0.00030846   
  492     0.00054188   
  493     0.00075604   
  494     0.00017579   
  495     0.00016347   
  496     0.00004001   
  497     0.00008229   
  498     0.00017258   
  499     0.00004775   
  500     0.00016404   
  501     0.00020220   
  502     0.00010935   
  503     0.00023950   
  504     0.00020928   
  505     0.00042093   
  506     0.00011011   
  507     0.00011051   
  508     0.00136625   
  509     0.00013046   
  510     0.00010229   
  511     0.00051047   
  512     0.00013131   
  513     0.00007665   
  514     0.00008277   
  515     0.00034486   
  516     0.00010397   
  517     0.00002117   
  518     0.00005203   
  519     0.00058134   
  520     0.00006287   
  521     0.00003262   
  522     0.00002345   
  523     0.00028585   
  524     0.00041042   
  525     0.00030666   
  526     0.00026359   
  527     0.00036837   
  528     0.00031073   
  529     0.00020693   
  530     0.00067904   
  531     0.00017623   
  532     0.00110178   
  533     0.00186820   
  534     0.01004219   
  535     0.00061481   
  536     0.00045170   
  537     0.00036410   
  538     0.00031095   
  539     0.00123526   
  540     0.00043094   
  541     0.00021360   
  542     0.00014499   
  543     0.00000732   
  544     0.00001794   
  545     0.00005473   
  546     0.00018407   
  547     0.00049637   
  548     0.00045652   
  549     0.00359461   
  550     0.00008713   
  551     0.00096280   
  552     0.00027740   
  553     0.00146002   
  554     0.00029277   
  555     0.00012733   
  556     0.00007335   
  557     0.00003511   
  558     0.00008977   
  559     0.00014098   
  560     0.00019327   
  561     0.00046532   
  562     0.00035099   
  563     0.00059667   
  564     0.00114649   
  565     0.00086507   
  566     0.00061466   
  567     0.00050169   
  568     0.00044054   
  569     0.00034156   
  570     0.00032748   
  571     0.00063996   
  572     0.00081597   
  573     0.00076933   
  574     0.00023360   
  575     0.00001912   
  576     0.00005882   
  577     0.00016914   
  578     0.00010928   
  579     0.00005780   
  580     0.00014870   
  581     0.00115318   
  582     0.00003000   
  583     0.00007422   
  584     0.00006161   
  585     0.00003780   
  586     0.00003552   
  587     0.00003901   
  588     0.00016020   
  589     0.00024393   
  590     0.00044199   
  591     0.00009625   
  592     0.00014854   
  593     0.00015896   
  594     0.00032141   
  595     0.00030784   
  596     0.00045380   
  597     0.00061354   
  598     0.00049316   
  599     0.00051525   
  600     0.00039385   
  601     0.00034322   
  602     0.00194922   
  603     0.00138652   
  604     0.00151516   
  605     0.00217638   
  606     0.00054826   
  607     0.00035683   
  608     0.00080140   
  609     0.00009483   
  610     0.00029226   
  611     0.00023319   
  612     0.00064003   
  613     0.00040703   
  614     0.00070359   
  615     0.00125084   
  616     0.00148906   
  617     0.00046065   
  618     0.00030630   
  619     0.00055872   
  620     0.00013282   
  621     0.00028977   
  622     0.00010181   
  623     0.00023256   
  624     0.00006064   
