    1     0.00000483   
    2     0.00001849   
    3     0.00000877   
    4     0.00002054   
    5     0.00001059   
    6     0.00000826   
    7     0.00004677   
    8     0.00007363   
    9     0.00029460   
   10     0.00007933   
   11     0.00017329   
   12     0.00025672   
   13     0.00021669   
   14     0.00014275   
   15     0.00006168   
   16     0.00003681   
   17     0.00005762   
   18     0.00001875   
   19     0.00001545   
   20     0.00000009   
   21     0.00000074   
   22     0.00000417   
   23     0.00000093   
   24     0.00000470   
   25     0.00001078   
   26     0.00007363   
   27     0.00002115   
   28     0.00001987   
   29     0.00002307   
   30     0.00000351   
   31     0.00000324   
   32     0.00000172   
   33     0.00008840   
   34     0.00005912   
   35     0.00015536   
   36     0.00018553   
   37     0.00004031   
   38     0.00006174   
   39     0.00003852   
   40     0.00004571   
   41     0.00002244   
   42     0.00002508   
   43     0.00002169   
   44     0.00001225   
   45     0.00000497   
   46     0.00000638   
   47     0.00001173   
   48     0.00003096   
   49     0.00002699   
   50     0.00002359   
   51     0.00005152   
   52     0.00009311   
   53     0.00000998   
   54     0.00004186   
   55     0.00002386   
   56     0.00000851   
   57     0.00002259   
   58     0.00000747   
   59     0.00014230   
   60     0.00000801   
   61     0.00001704   
   62     0.00001393   
   63     0.00000705   
   64     0.00001261   
   65     0.00002956   
   66     0.00007933   
   67     0.00004049   
   68     0.00007323   
   69     0.00019349   
   70     0.00057403   
   71     0.00001350   
   72     0.00002615   
   73     0.00014680   
   74     0.00044545   
   75     0.00012502   
   76     0.00000518   
   77     0.00000686   
   78     0.00000787   
   79     0.00000651   
   80     0.00000086   
   81     0.00004461   
   82     0.00001609   
   83     0.00000323   
   84     0.00000305   
   85     0.00000777   
   86     0.00000431   
   87     0.00000350   
   88     0.00000068   
   89     0.00000136   
   90     0.00000591   
   91     0.00000462   
   92     0.00000419   
   93     0.00000822   
   94     0.00000518   
   95     0.00000566   
   96     0.00002181   
   97     0.00000260   
   98     0.00000144   
   99     0.00000248   
  100     0.00003118   
  101     0.00008286   
  102     0.00009704   
  103     0.00005239   
  104     0.00001029   
  105     0.00002873   
  106     0.00001401   
  107     0.00000211   
  108     0.00000389   
  109     0.00001137   
  110     0.00005214   
  111     0.00007791   
  112     0.00010939   
  113     0.00012336   
  114     0.00009022   
  115     0.00011854   
  116     0.00006603   
  117     0.00005580   
  118     0.00011426   
  119     0.00006111   
  120     0.00002691   
  121     0.00000716   
  122     0.00002260   
  123     0.00003020   
  124     0.00002194   
  125     0.00000436   
  126     0.00000641   
  127     0.00001786   
  128     0.00000204   
  129     0.00000376   
  130     0.00000295   
  131     0.00000143   
  132     0.00000186   
  133     0.00000108   
  134     0.00000347   
  135     0.00001347   
  136     0.00001005   
  137     0.00000737   
  138     0.00002588   
  139     0.00001183   
  140     0.00009599   
  141     0.00024943   
  142     0.00098674   
  143     0.00018746   
  144     0.00042058   
  145     0.00043253   
  146     0.00029744   
  147     0.00334795   
  148     0.00011967   
  149     0.00018402   
  150     0.00172184   
  151     0.00024086   
  152     0.00013399   
  153     0.00023623   
  154     0.00038116   
  155     0.00012390   
  156     0.00001352   
  157     0.00004023   
  158     0.00002050   
  159     0.00000833   
  160     0.00004187   
  161     0.00004462   
  162     0.00001441   
  163     0.00001548   
  164     0.00001185   
  165     0.00001085   
  166     0.00001153   
  167     0.00007304   
  168     0.00017489   
  169     0.00111901   
  170     0.00052161   
  171     0.00009460   
  172     0.00017756   
  173     0.00017957   
  174     0.00009475   
  175     0.00009759   
  176     0.00026870   
  177     0.00015773   
  178     0.00029196   
  179     0.00022913   
  180     0.00010501   
  181     0.00017597   
  182     0.00008504   
  183     0.00008605   
  184     0.00001770   
  185     0.00011852   
  186     0.00017707   
  187     0.00006171   
  188     0.00019204   
  189     0.00004238   
  190     0.00004455   
  191     0.00002649   
  192     0.00003130   
  193     0.00003396   
  194     0.00003235   
  195     0.00006137   
  196     0.00013313   
  197     0.00034869   
  198     0.00016221   
  199     0.00018190   
  200     0.00008362   
  201     0.00014269   
  202     0.00006282   
  203     0.00007242   
  204     0.00003928   
  205     0.00011962   
  206     0.00013813   
  207     0.00041465   
  208     0.00024678   
  209     0.00009933   
  210     0.00103733   
  211     0.00022127   
  212     0.00002580   
  213     0.00004395   
  214     0.00015895   
  215     0.00033480   
  216     0.00012049   
  217     0.00008519   
  218     0.00023264   
  219     0.00006785   
  220     0.00012750   
  221     0.00015129   
  222     0.00027709   
  223     0.00008678   
  224     0.00003698   
  225     0.00005464   
  226     0.00002503   
  227     0.00002906   
  228     0.00009420   
  229     0.00013951   
  230     0.00002477   
  231     0.00008765   
  232     0.00013192   
  233     0.00007266   
  234     0.00006269   
  235     0.00009395   
  236     0.00003953   
  237     0.00001559   
  238     0.00001380   
  239     0.00012525   
  240     0.00004209   
  241     0.00001857   
  242     0.00002445   
  243     0.00001255   
  244     0.00005517   
  245     0.00001209   
  246     0.00000267   
  247     0.00000102   
  248     0.00003863   
  249     0.00000119   
  250     0.00001772   
  251     0.00001243   
  252     0.00003078   
  253     0.00000592   
  254     0.00000024   
  255     0.00000684   
  256     0.00000074   
  257     0.00014271   
  258     0.00001538   
  259     0.00000300   
  260     0.00000340   
  261     0.00001243   
  262     0.00003096   
  263     0.00002085   
  264     0.00000305   
  265     0.00003633   
  266     0.00008791   
  267     0.00002862   
  268     0.00003553   
  269     0.00013148   
  270     0.00010937   
  271     0.00058174   
  272     0.00007611   
  273     0.00005950   
  274     0.00006652   
  275     0.00000922   
  276     0.00000711   
  277     0.00000985   
  278     0.00000869   
  279     0.00002654   
  280     0.00001902   
  281     0.00005883   
  282     0.00000172   
  283     0.00002082   
  284     0.00000156   
  285     0.00000818   
  286     0.00003030   
  287     0.00001713   
  288     0.00000610   
  289     0.00001690   
  290     0.00000431   
  291     0.00000739   
  292     0.00000886   
  293     0.00001563   
  294     0.00003014   
  295     0.00000237   
  296     0.00003871   
  297     0.00000708   
  298     0.00005334   
  299     0.00000603   
  300     0.00003903   
  301     0.00001390   
  302     0.00002018   
  303     0.00000370   
  304     0.00004526   
  305     0.00006485   
  306     0.00002331   
  307     0.00003787   
  308     0.00017586   
  309     0.00020935   
  310     0.00012240   
  311     0.00014006   
  312     0.00015376   
  313     0.00009988   
  314     0.00013779   
  315     0.00020323   
  316     0.00006591   
  317     0.00015507   
  318     0.00017000   
  319     0.00006610   
  320     0.00016022   
  321     0.00017584   
  322     0.00010039   
  323     0.00010934   
  324     0.00015049   
  325     0.00009478   
  326     0.00051505   
  327     0.00028815   
  328     0.00019808   
  329     0.00032512   
  330     0.00007017   
  331     0.00005700   
  332     0.00001543   
  333     0.00001054   
  334     0.00003597   
  335     0.00001389   
  336     0.00005088   
  337     0.00002360   
  338     0.00007762   
  339     0.00006754   
  340     0.00007222   
  341     0.00004411   
  342     0.00003660   
  343     0.00037974   
  344     0.00010826   
  345     0.00053977   
  346     0.00016999   
  347     0.00003243   
  348     0.00002226   
  349     0.00005705   
  350     0.00005365   
  351     0.00000627   
  352     0.00002115   
  353     0.00000772   
  354     0.00000251   
  355     0.00000327   
  356     0.00001255   
  357     0.00003229   
  358     0.00000463   
  359     0.00000628   
  360     0.00000447   
  361     0.00002309   
  362     0.00005122   
  363     0.00025934   
  364     0.00002969   
  365     0.00014775   
  366     0.00012640   
  367     0.00028595   
  368     0.00034403   
  369     0.00037140   
  370     0.00015535   
  371     0.00006633   
  372     0.00006617   
  373     0.00024594   
  374     0.00010621   
  375     0.00007234   
  376     0.00003481   
  377     0.00013358   
  378     0.00018532   
  379     0.00002208   
  380     0.00002886   
  381     0.00006600   
  382     0.00008367   
  383     0.00022019   
  384     0.00004049   
  385     0.00089153   
  386     0.00016056   
  387     0.00020317   
  388     0.00018140   
  389     0.00011262   
  390     0.00014978   
  391     0.00030105   
  392     0.00053915   
  393     0.00017223   
  394     0.00008093   
  395     0.00004422   
  396     0.00007119   
  397     0.00011245   
  398     0.00002227   
  399     0.00003927   
  400     0.00000918   
  401     0.00002145   
  402     0.00010343   
  403     0.00007460   
  404     0.00036967   
  405     0.00028827   
  406     0.00016066   
  407     0.00005952   
  408     0.00004515   
  409     0.00003860   
  410     0.00002475   
  411     0.00014653   
  412     0.00010345   
  413     0.00004219   
  414     0.00004869   
  415     0.00010218   
  416     0.00002717   
  417     0.00005644   
  418     0.00034609   
  419     0.00014713   
  420     0.00041523   
  421     0.00006340   
  422     0.00009297   
  423     0.00005259   
  424     0.00007243   
  425     0.00002024   
  426     0.00002925   
  427     0.00000376   
  428     0.00000825   
  429     0.00002993   
  430     0.00000121   
  431     0.00000275   
  432     0.00000127   
  433     0.00001120   
  434     0.00000505   
  435     0.00000590   
  436     0.00001749   
  437     0.00001443   
  438     0.00001046   
  439     0.00002765   
  440     0.00001179   
  441     0.00001874   
  442     0.00008624   
  443     0.00003846   
  444     0.00001295   
  445     0.00003268   
  446     0.00002568   
  447     0.00005449   
  448     0.00008116   
  449     0.00004035   
  450     0.00000245   
  451     0.00001630   
  452     0.00003324   
  453     0.00003598   
  454     0.00002988   
  455     0.00001354   
  456     0.00002286   
  457     0.00002436   
  458     0.00002085   
  459     0.00001253   
  460     0.00000411   
  461     0.00000049   
  462     0.00000710   
  463     0.00000128   
  464     0.00000100   
  465     0.00000119   
  466     0.00000086   
  467     0.00000099   
  468     0.00000264   
  469     0.00000038   
  470     0.00000730   
  471     0.00001465   
  472     0.00000820   
  473     0.00003612   
  474     0.00005918   
  475     0.00002540   
  476     0.00010925   
  477     0.00019599   
  478     0.00012044   
  479     0.00029771   
  480     0.00016661   
  481     0.00093070   
  482     0.00010868   
  483     0.00011067   
  484     0.00006631   
  485     0.00012100   
  486     0.00003371   
  487     0.00002171   
  488     0.00001611   
  489     0.00001345   
  490     0.00001429   
  491     0.00000474   
  492     0.00000280   
  493     0.00000200   
  494     0.00000096   
  495     0.00000673   
  496     0.00000725   
  497     0.00001374   
  498     0.00003429   
  499     0.00001892   
  500     0.00003637   
  501     0.00001862   
  502     0.00001265   
  503     0.00012919   
  504     0.00000136   
  505     0.00002500   
  506     0.00008124   
  507     0.00004351   
  508     0.00000769   
  509     0.00000098   
  510     0.00000277   
  511     0.00000395   
  512     0.00003750   
  513     0.00000543   
  514     0.00000585   
  515     0.00002411   
  516     0.00000775   
  517     0.00001194   
  518     0.00002304   
  519     0.00001420   
  520     0.00000038   
  521     0.00000660   
  522     0.00002684   
  523     0.00001306   
  524     0.00001374   
  525     0.00001496   
  526     0.00003521   
  527     0.00004421   
  528     0.00004827   
  529     0.00011686   
  530     0.00006332   
  531     0.00017892   
  532     0.00032250   
  533     0.00019716   
  534     0.00011196   
  535     0.00036421   
  536     0.00013213   
  537     0.00063969   
  538     0.00027649   
  539     0.00012497   
  540     0.00005802   
  541     0.00008627   
  542     0.00010018   
  543     0.00001612   
  544     0.00001587   
  545     0.00001430   
  546     0.00003326   
  547     0.00000763   
  548     0.00000330   
  549     0.00001267   
  550     0.00000934   
  551     0.00000285   
  552     0.00000091   
  553     0.00000392   
  554     0.00000121   
  555     0.00000019   
  556     0.00000060   
  557     0.00000141   
  558     0.00000013   
  559     0.00000010   
  560     0.00000011   
  561     0.00000265   
  562     0.00000104   
  563     0.00000034   
  564     0.00000116   
  565     0.00000657   
  566     0.00000732   
  567     0.00000136   
  568     0.00000228   
  569     0.00000948   
  570     0.00000534   
  571     0.00000165   
  572     0.00000393   
  573     0.00001830   
  574     0.00000776   
  575     0.00000578   
  576     0.00001186   
  577     0.00000707   
  578     0.00000862   
  579     0.00010759   
  580     0.00000102   
  581     0.00030386   
  582     0.00001008   
  583     0.00000747   
  584     0.00001831   
  585     0.00003655   
  586     0.00003145   
  587     0.00001159   
  588     0.00005770   
  589     0.00002017   
  590     0.00002982   
  591     0.00000724   
  592     0.00002894   
  593     0.00002538   
  594     0.00001762   
  595     0.00001601   
  596     0.00000769   
  597     0.00000248   
  598     0.00001608   
  599     0.00000856   
  600     0.00000308   
  601     0.00000189   
  602     0.00000153   
  603     0.00000026   
  604     0.00000110   
  605     0.00000031   
    1     0.00002214   
    2     0.00000382   
    3     0.00000331   
    4     0.00003034   
    5     0.00003269   
    6     0.00003230   
    7     0.00021864   
    8     0.00001822   
    9     0.00002558   
   10     0.00000602   
   11     0.00000403   
   12     0.00000714   
   13     0.00001529   
   14     0.00002569   
   15     0.00001853   
   16     0.00002127   
   17     0.00001633   
   18     0.00002442   
   19     0.00003145   
   20     0.00001873   
   21     0.00004641   
   22     0.00001204   
   23     0.00005463   
   24     0.00006989   
   25     0.00000766   
   26     0.00000790   
   27     0.00001414   
   28     0.00001600   
   29     0.00006861   
   30     0.00008793   
   31     0.00001983   
   32     0.00007994   
   33     0.00007095   
   34     0.00017326   
   35     0.00013880   
   36     0.00016322   
   37     0.00065724   
   38     0.00024586   
   39     0.00031773   
   40     0.00019996   
   41     0.00008666   
   42     0.00023937   
   43     0.00010983   
   44     0.00044633   
   45     0.00020710   
   46     0.00018769   
   47     0.00058093   
   48     0.00100521   
   49     0.00037636   
   50     0.00020469   
   51     0.00077107   
   52     0.00060851   
   53     0.00004083   
   54     0.00007603   
   55     0.00001016   
   56     0.00033954   
   57     0.00009609   
   58     0.00003071   
   59     0.00003638   
   60     0.00002132   
   61     0.00000683   
   62     0.00000969   
   63     0.00020632   
   64     0.00017271   
   65     0.00036835   
   66     0.00308040   
   67     0.00181677   
   68     0.00187878   
   69     0.00049817   
   70     0.00000461   
   71     0.00000230   
   72     0.00000132   
   73     0.00000761   
   74     0.00002732   
   75     0.00009796   
   76     0.00019273   
   77     0.00033981   
   78     0.00035308   
   79     0.00038441   
   80     0.00027891   
   81     0.00008514   
   82     0.00009255   
   83     0.00058906   
   84     0.00015458   
   85     0.00034662   
   86     0.00003464   
   87     0.00010874   
   88     0.00004116   
   89     0.00006902   
   90     0.00011104   
   91     0.00018684   
   92     0.00004621   
   93     0.00013203   
   94     0.00009723   
   95     0.00030541   
   96     0.00016255   
   97     0.00033215   
   98     0.00015829   
   99     0.00005929   
  100     0.00002855   
  101     0.00012445   
  102     0.00003788   
  103     0.00002883   
  104     0.00000383   
  105     0.00001040   
  106     0.00000574   
  107     0.00000309   
  108     0.00000241   
  109     0.00000095   
  110     0.00000068   
  111     0.00000084   
  112     0.00000306   
  113     0.00000330   
  114     0.00002743   
  115     0.00009263   
  116     0.00004020   
  117     0.00007569   
  118     0.00089607   
  119     0.00005187   
  120     0.00026825   
  121     0.00007121   
  122     0.00071565   
  123     0.00042206   
  124     0.00012347   
  125     0.00008902   
  126     0.00010537   
  127     0.00023491   
  128     0.00003940   
  129     0.00004113   
  130     0.00004249   
  131     0.00001858   
  132     0.00003449   
  133     0.00001553   
  134     0.00002040   
  135     0.00010030   
  136     0.00002385   
  137     0.00008505   
  138     0.00004873   
  139     0.00004532   
  140     0.00003205   
  141     0.00004370   
  142     0.00003326   
  143     0.00002501   
  144     0.00012958   
  145     0.00007432   
  146     0.00000350   
  147     0.00000169   
  148     0.00000368   
  149     0.00000362   
  150     0.00004260   
  151     0.00002829   
  152     0.00003901   
  153     0.00002540   
  154     0.00009342   
  155     0.00001639   
  156     0.00002166   
  157     0.00002742   
  158     0.00004959   
  159     0.00003664   
  160     0.00002194   
  161     0.00001420   
  162     0.00006243   
  163     0.00004275   
  164     0.00002063   
  165     0.00000626   
  166     0.00001529   
  167     0.00001143   
  168     0.00000806   
  169     0.00002776   
  170     0.00000610   
  171     0.00003485   
  172     0.00002240   
  173     0.00004044   
  174     0.00020078   
  175     0.00010689   
  176     0.00012388   
  177     0.00012415   
  178     0.00012067   
  179     0.00001884   
  180     0.00014415   
  181     0.00005678   
  182     0.00003049   
  183     0.00000658   
  184     0.00003831   
  185     0.00007514   
  186     0.00007115   
  187     0.00014684   
  188     0.00015469   
  189     0.00035401   
  190     0.00313189   
  191     0.00011225   
  192     0.00016650   
  193     0.00036894   
  194     0.00014115   
  195     0.00007436   
  196     0.00013231   
  197     0.00011347   
  198     0.00005083   
  199     0.00002458   
  200     0.00051247   
  201     0.00007836   
  202     0.00020484   
  203     0.00013083   
  204     0.00030184   
  205     0.00030822   
  206     0.00043816   
  207     0.00022824   
  208     0.00039271   
  209     0.00422386   
  210     0.00461763   
  211     0.02432672   
  212     0.02139600   
  213     0.01428493   
  214     0.00957401   
  215     0.00043026   
  216     0.00162599   
  217     0.00023211   
  218     0.00024726   
  219     0.00047773   
  220     0.00240150   
  221     0.00680720   
  222     0.01624964   
  223     0.00898764   
  224     0.00454209   
  225     0.00555351   
  226     0.00132276   
  227     0.00052666   
  228     0.00009810   
  229     0.00038129   
  230     0.00014175   
  231     0.00051695   
  232     0.00091804   
  233     0.00062955   
  234     0.00153615   
  235     0.00349451   
  236     0.00065445   
  237     0.00032028   
  238     0.00017427   
  239     0.00020180   
  240     0.00003130   
  241     0.00010540   
  242     0.00006750   
  243     0.00052529   
  244     0.00013844   
  245     0.00028091   
  246     0.00031385   
  247     0.00007438   
  248     0.00064370   
  249     0.00013895   
  250     0.00044692   
  251     0.00026219   
  252     0.00066419   
  253     0.00015377   
  254     0.00062697   
  255     0.00013339   
  256     0.00149126   
  257     0.00010494   
  258     0.00054854   
  259     0.00060620   
  260     0.00030433   
  261     0.00070754   
  262     0.00033321   
  263     0.00015461   
  264     0.00028421   
  265     0.00022685   
  266     0.00025109   
  267     0.00031965   
  268     0.00014453   
  269     0.00103521   
  270     0.00055234   
  271     0.00010205   
  272     0.00028007   
  273     0.00033831   
  274     0.00032358   
  275     0.00029722   
  276     0.00036109   
  277     0.00011125   
  278     0.00017372   
  279     0.00007703   
  280     0.00012372   
  281     0.00148647   
  282     0.00028285   
  283     0.00028052   
  284     0.00017163   
  285     0.00016980   
  286     0.00002058   
  287     0.00003555   
  288     0.00004799   
  289     0.00000524   
  290     0.00000618   
  291     0.00000628   
  292     0.00000052   
  293     0.00002247   
  294     0.00011029   
  295     0.00006625   
  296     0.00013590   
  297     0.00006816   
  298     0.00012124   
  299     0.00004666   
  300     0.00003605   
  301     0.00018883   
  302     0.00022697   
  303     0.00049161   
  304     0.00084036   
  305     0.00013661   
  306     0.00014829   
  307     0.00060750   
  308     0.00007415   
  309     0.00008463   
  310     0.00014805   
  311     0.00011154   
  312     0.00013917   
  313     0.00026909   
  314     0.00008265   
  315     0.00031467   
  316     0.00012040   
  317     0.00009009   
  318     0.00007983   
  319     0.00006888   
  320     0.00023732   
  321     0.00004742   
  322     0.00012846   
  323     0.00005050   
  324     0.00021442   
  325     0.00003008   
  326     0.00029933   
  327     0.00008570   
  328     0.00017020   
  329     0.00022428   
  330     0.00014636   
  331     0.00025018   
  332     0.00080917   
  333     0.00060500   
  334     0.00029263   
  335     0.00000806   
  336     0.00009451   
  337     0.00002334   
  338     0.00038477   
  339     0.00005542   
  340     0.00019577   
  341     0.00002025   
  342     0.00013856   
  343     0.00004919   
  344     0.00004550   
  345     0.00005443   
  346     0.00006654   
  347     0.00012066   
  348     0.00016668   
  349     0.00015438   
  350     0.00032243   
  351     0.00017306   
  352     0.00019729   
  353     0.00037049   
  354     0.00027463   
  355     0.00016282   
  356     0.00007205   
  357     0.00061785   
  358     0.00012492   
  359     0.00040330   
  360     0.00016828   
  361     0.00046508   
  362     0.00037052   
  363     0.00050361   
  364     0.00023037   
  365     0.00003909   
  366     0.00002718   
  367     0.00002079   
  368     0.00012541   
  369     0.00006758   
  370     0.00032119   
  371     0.00035476   
  372     0.00133389   
  373     0.00058029   
  374     0.00049595   
  375     0.00048721   
  376     0.00009531   
  377     0.00043299   
  378     0.00044339   
  379     0.00054022   
  380     0.00070552   
  381     0.00016688   
  382     0.00021055   
  383     0.00027111   
  384     0.00015766   
  385     0.00022120   
  386     0.00023870   
  387     0.00041421   
  388     0.00013181   
  389     0.00017619   
  390     0.00005427   
  391     0.00004085   
  392     0.00127398   
  393     0.00020359   
  394     0.00034201   
  395     0.00037720   
  396     0.00020373   
  397     0.00032826   
  398     0.00046133   
  399     0.00082009   
  400     0.00034685   
  401     0.00106480   
  402     0.00016408   
  403     0.00030759   
  404     0.00038163   
  405     0.00023143   
  406     0.00003392   
  407     0.00024101   
  408     0.00001528   
  409     0.00000610   
  410     0.00031591   
  411     0.00006256   
  412     0.00010338   
  413     0.00141465   
  414     0.00032684   
  415     0.00059551   
  416     0.00050225   
  417     0.00003042   
  418     0.00006107   
  419     0.00041283   
  420     0.00015081   
  421     0.00002459   
  422     0.00003172   
  423     0.00019125   
  424     0.00004295   
  425     0.00001677   
  426     0.00001100   
  427     0.00028100   
  428     0.00010073   
  429     0.00009302   
  430     0.00018299   
  431     0.00005564   
  432     0.00005320   
  433     0.00003665   
  434     0.00013609   
  435     0.00003992   
  436     0.00009034   
  437     0.00016463   
  438     0.00023979   
  439     0.00031329   
  440     0.00010212   
  441     0.00009825   
  442     0.00011085   
  443     0.00028917   
  444     0.00025610   
  445     0.00016510   
  446     0.00019214   
  447     0.00016572   
  448     0.00014734   
  449     0.00010291   
  450     0.00023406   
  451     0.00018862   
  452     0.00002701   
  453     0.00003131   
  454     0.00002829   
  455     0.00012725   
  456     0.00010167   
  457     0.00010323   
  458     0.00014198   
  459     0.00014715   
  460     0.00012116   
  461     0.00011753   
  462     0.00015778   
  463     0.00048574   
  464     0.00059496   
  465     0.00015054   
  466     0.00067557   
  467     0.00019378   
  468     0.00011596   
  469     0.00011118   
  470     0.00002070   
  471     0.00012602   
  472     0.00050823   
  473     0.00009701   
  474     0.00003337   
  475     0.00033980   
  476     0.00020036   
  477     0.00002293   
  478     0.00002818   
  479     0.00011439   
  480     0.00028949   
  481     0.00018844   
  482     0.00002386   
  483     0.00006241   
  484     0.00025916   
  485     0.00014705   
  486     0.00002372   
  487     0.00004415   
  488     0.00029459   
  489     0.00017755   
  490     0.00023843   
  491     0.00009321   
  492     0.00016709   
  493     0.00003678   
  494     0.00007723   
  495     0.00002179   
  496     0.00001342   
  497     0.00003142   
  498     0.00000926   
  499     0.00003658   
  500     0.00008405   
  501     0.00014031   
  502     0.00007086   
  503     0.00007450   
  504     0.00008408   
  505     0.00021045   
  506     0.00004591   
  507     0.00001037   
  508     0.00005367   
  509     0.00006650   
  510     0.00002236   
  511     0.00000505   
  512     0.00015192   
  513     0.00003128   
  514     0.00000831   
  515     0.00003895   
  516     0.00004037   
  517     0.00000650   
  518     0.00001397   
  519     0.00025961   
  520     0.00001049   
  521     0.00000247   
  522     0.00002027   
  523     0.00002493   
  524     0.00007467   
  525     0.00004920   
  526     0.00006125   
  527     0.00025510   
  528     0.00026403   
  529     0.00021800   
  530     0.00028420   
  531     0.00017646   
  532     0.00025381   
  533     0.00008435   
  534     0.00049560   
  535     0.00035722   
  536     0.00014439   
  537     0.00012345   
  538     0.00022809   
  539     0.00021254   
  540     0.00002987   
  541     0.00005141   
  542     0.00003434   
  543     0.00001515   
  544     0.00001245   
  545     0.00004187   
  546     0.00007268   
  547     0.00016295   
  548     0.00022624   
  549     0.00045524   
  550     0.00012770   
  551     0.00009464   
  552     0.00008853   
  553     0.00025898   
  554     0.00006483   
  555     0.00000387   
  556     0.00000499   
  557     0.00000266   
  558     0.00000254   
  559     0.00000622   
  560     0.00001400   
  561     0.00002951   
  562     0.00006591   
  563     0.00001907   
  564     0.00012176   
  565     0.00013025   
  566     0.00002260   
  567     0.00005647   
  568     0.00010550   
  569     0.00007394   
  570     0.00004521   
  571     0.00012521   
  572     0.00018274   
  573     0.00008635   
  574     0.00003303   
  575     0.00001899   
  576     0.00001455   
  577     0.00003664   
  578     0.00003050   
  579     0.00001293   
  580     0.00006500   
  581     0.00001189   
  582     0.00001436   
  583     0.00001545   
  584     0.00001278   
  585     0.00000315   
  586     0.00000868   
  587     0.00001363   
  588     0.00007643   
  589     0.00003500   
  590     0.00017200   
  591     0.00008419   
  592     0.00030162   
  593     0.00015272   
  594     0.00036670   
  595     0.00028731   
  596     0.00017016   
  597     0.00019285   
  598     0.00056607   
  599     0.00083064   
  600     0.00016370   
  601     0.00062535   
  602     0.00025972   
  603     0.00024997   
  604     0.00043472   
  605     0.00093981   
  606     0.00058021   
  607     0.00063754   
  608     0.00270071   
  609     0.00099758   
  610     0.00305312   
  611     0.00034917   
  612     0.00096327   
  613     0.00054706   
  614     0.00263045   
  615     0.00090688   
  616     0.00032459   
  617     0.00053127   
  618     0.00013523   
  619     0.00026214   
  620     0.00007156   
  621     0.00068432   
  622     0.00010503   
  623     0.00047218   
  624     0.00006979   
    1     0.00000738   
    2     0.00000368   
    3     0.00000598   
    4     0.00002437   
    5     0.00003297   
    6     0.00002237   
    7     0.00012112   
    8     0.00001020   
    9     0.00001737   
   10     0.00000394   
   11     0.00001643   
   12     0.00001029   
   13     0.00004729   
   14     0.00008336   
   15     0.00000738   
   16     0.00000969   
   17     0.00004032   
   18     0.00000405   
   19     0.00002159   
   20     0.00002661   
   21     0.00001561   
   22     0.00000971   
   23     0.00001080   
   24     0.00003647   
   25     0.00000277   
   26     0.00001341   
   27     0.00002784   
   28     0.00002681   
   29     0.00028375   
   30     0.00005546   
   31     0.00005630   
   32     0.00022359   
   33     0.00013614   
   34     0.00022162   
   35     0.00031627   
   36     0.00035900   
   37     0.00061683   
   38     0.00011163   
   39     0.00023363   
   40     0.00009749   
   41     0.00012914   
   42     0.00029602   
   43     0.00012479   
   44     0.00061342   
   45     0.00026503   
   46     0.00016102   
   47     0.00033288   
   48     0.00032713   
   49     0.00011892   
   50     0.00007536   
   51     0.00060703   
   52     0.00002211   
   53     0.00000990   
   54     0.00007172   
   55     0.00000441   
   56     0.00020351   
   57     0.00008861   
   58     0.00006008   
   59     0.00001670   
   60     0.00002492   
   61     0.00000230   
   62     0.00001293   
   63     0.00008487   
   64     0.00058902   
   65     0.00139129   
   66     0.01212362   
   67     0.00614545   
   68     0.00688513   
   69     0.00215658   
   70     0.00004898   
   71     0.00001000   
   72     0.00000623   
   73     0.00005211   
   74     0.00010711   
   75     0.00056902   
   76     0.00104160   
   77     0.00161250   
   78     0.00111898   
   79     0.00126789   
   80     0.00071889   
   81     0.00032805   
   82     0.00009536   
   83     0.00027126   
   84     0.00017450   
   85     0.00015250   
   86     0.00003738   
   87     0.00005450   
   88     0.00003041   
   89     0.00003417   
   90     0.00013483   
   91     0.00011208   
   92     0.00003296   
   93     0.00006684   
   94     0.00006080   
   95     0.00020835   
   96     0.00011208   
   97     0.00036254   
   98     0.00029410   
   99     0.00005285   
  100     0.00003435   
  101     0.00007036   
  102     0.00001723   
  103     0.00004274   
  104     0.00000546   
  105     0.00000519   
  106     0.00000450   
  107     0.00000299   
  108     0.00000387   
  109     0.00000277   
  110     0.00000326   
  111     0.00000259   
  112     0.00000672   
  113     0.00000233   
  114     0.00000877   
  115     0.00003054   
  116     0.00014116   
  117     0.00003738   
  118     0.00023916   
  119     0.00031780   
  120     0.00049532   
  121     0.00073118   
  122     0.00786745   
  123     0.00079268   
  124     0.00075007   
  125     0.00035739   
  126     0.00057391   
  127     0.00018759   
  128     0.00017803   
  129     0.00005312   
  130     0.00028337   
  131     0.00013669   
  132     0.00007446   
  133     0.00010065   
  134     0.00011540   
  135     0.00021747   
  136     0.00023315   
  137     0.00040310   
  138     0.00028164   
  139     0.00015877   
  140     0.00013107   
  141     0.00019686   
  142     0.00005273   
  143     0.00007017   
  144     0.00013844   
  145     0.00004132   
  146     0.00000468   
  147     0.00000197   
  148     0.00000340   
  149     0.00000259   
  150     0.00003009   
  151     0.00001359   
  152     0.00003644   
  153     0.00003697   
  154     0.00017652   
  155     0.00008869   
  156     0.00010257   
  157     0.00012224   
  158     0.00033082   
  159     0.00006493   
  160     0.00007457   
  161     0.00001899   
  162     0.00005583   
  163     0.00004796   
  164     0.00002104   
  165     0.00000808   
  166     0.00000830   
  167     0.00000437   
  168     0.00000307   
  169     0.00001269   
  170     0.00000300   
  171     0.00004989   
  172     0.00013593   
  173     0.00015669   
  174     0.00036855   
  175     0.00035767   
  176     0.00042292   
  177     0.00068534   
  178     0.00063252   
  179     0.00023425   
  180     0.00041612   
  181     0.00012061   
  182     0.00004607   
  183     0.00001955   
  184     0.00022691   
  185     0.00031843   
  186     0.00036199   
  187     0.00082450   
  188     0.00052841   
  189     0.00177720   
  190     0.01525333   
  191     0.00069345   
  192     0.00094038   
  193     0.00153911   
  194     0.00157358   
  195     0.00035066   
  196     0.00067329   
  197     0.00092033   
  198     0.00035406   
  199     0.00012341   
  200     0.00187079   
  201     0.00042158   
  202     0.00121880   
  203     0.00137838   
  204     0.00122262   
  205     0.00029452   
  206     0.00086251   
  207     0.00066126   
  208     0.00173264   
  209     0.01632418   
  210     0.01828684   
  211     0.08089648   
  212     0.08614574   
  213     0.04731385   
  214     0.03695733   
  215     0.00223432   
  216     0.00742635   
  217     0.00149013   
  218     0.00158323   
  219     0.00251971   
  220     0.00798903   
  221     0.02333804   
  222     0.05606966   
  223     0.02845768   
  224     0.01663638   
  225     0.02022477   
  226     0.00458071   
  227     0.00282048   
  228     0.00089239   
  229     0.00039161   
  230     0.00044969   
  231     0.00066846   
  232     0.00014672   
  233     0.00033641   
  234     0.00077988   
  235     0.00047606   
  236     0.00016242   
  237     0.00010265   
  238     0.00025738   
  239     0.00000722   
  240     0.00001587   
  241     0.00013300   
  242     0.00002089   
  243     0.00005000   
  244     0.00002139   
  245     0.00014666   
  246     0.00032628   
  247     0.00044744   
  248     0.00227997   
  249     0.00098508   
  250     0.00119350   
  251     0.00065096   
  252     0.00276944   
  253     0.00176092   
  254     0.00637515   
  255     0.00065686   
  256     0.00115733   
  257     0.00046714   
  258     0.00077931   
  259     0.00068132   
  260     0.00051662   
  261     0.00075228   
  262     0.00066244   
  263     0.00043251   
  264     0.00094594   
  265     0.00046448   
  266     0.00098616   
  267     0.00016035   
  268     0.00001635   
  269     0.00001739   
  270     0.00000460   
  271     0.00000396   
  272     0.00018959   
  273     0.00001375   
  274     0.00003271   
  275     0.00009199   
  276     0.00044842   
  277     0.00031776   
  278     0.00083531   
  279     0.00033347   
  280     0.00048931   
  281     0.00385417   
  282     0.00051007   
  283     0.00037446   
  284     0.00018780   
  285     0.00011300   
  286     0.00002387   
  287     0.00006692   
  288     0.00013197   
  289     0.00000349   
  290     0.00001400   
  291     0.00001101   
  292     0.00000129   
  293     0.00007936   
  294     0.00015609   
  295     0.00020126   
  296     0.00023371   
  297     0.00012548   
  298     0.00014044   
  299     0.00011040   
  300     0.00008871   
  301     0.00021863   
  302     0.00009205   
  303     0.00014808   
  304     0.00054175   
  305     0.00034857   
  306     0.00066138   
  307     0.00064641   
  308     0.00018455   
  309     0.00027704   
  310     0.00022814   
  311     0.00033484   
  312     0.00010660   
  313     0.00010122   
  314     0.00008786   
  315     0.00008613   
  316     0.00044973   
  317     0.00025483   
  318     0.00025785   
  319     0.00065145   
  320     0.00040997   
  321     0.00034576   
  322     0.00136135   
  323     0.00046221   
  324     0.00016499   
  325     0.00019825   
  326     0.00042501   
  327     0.00003339   
  328     0.00003735   
  329     0.00005266   
  330     0.00011583   
  331     0.00003415   
  332     0.00061650   
  333     0.00005800   
  334     0.00008423   
  335     0.00001784   
  336     0.00012324   
  337     0.00000316   
  338     0.00000248   
  339     0.00006004   
  340     0.00004466   
  341     0.00001881   
  342     0.00002027   
  343     0.00001125   
  344     0.00014772   
  345     0.00015106   
  346     0.00003075   
  347     0.00003467   
  348     0.00021572   
  349     0.00003573   
  350     0.00006369   
  351     0.00006702   
  352     0.00040399   
  353     0.00018295   
  354     0.00016951   
  355     0.00084035   
  356     0.00031723   
  357     0.00072580   
  358     0.00023125   
  359     0.00122020   
  360     0.00046842   
  361     0.00069115   
  362     0.00011285   
  363     0.00086416   
  364     0.00050291   
  365     0.00004668   
  366     0.00009093   
  367     0.00012509   
  368     0.00087375   
  369     0.00012036   
  370     0.00008319   
  371     0.00122142   
  372     0.00116776   
  373     0.00027672   
  374     0.00111820   
  375     0.00068910   
  376     0.00011931   
  377     0.00032400   
  378     0.00031273   
  379     0.00057303   
  380     0.00037399   
  381     0.00043414   
  382     0.00017216   
  383     0.00020592   
  384     0.00048143   
  385     0.00020830   
  386     0.00010678   
  387     0.00009432   
  388     0.00007770   
  389     0.00001557   
  390     0.00000973   
  391     0.00000297   
  392     0.00032891   
  393     0.00007507   
  394     0.00025940   
  395     0.00060891   
  396     0.00012183   
  397     0.00037880   
  398     0.00089070   
  399     0.00213194   
  400     0.00065683   
  401     0.00158766   
  402     0.00052019   
  403     0.00127336   
  404     0.00078838   
  405     0.00037851   
  406     0.00003059   
  407     0.00013933   
  408     0.00017927   
  409     0.00013749   
  410     0.00226189   
  411     0.00037860   
  412     0.00084470   
  413     0.00165416   
  414     0.00030902   
  415     0.00095385   
  416     0.00072254   
  417     0.00007813   
  418     0.00003759   
  419     0.00044487   
  420     0.00015981   
  421     0.00003352   
  422     0.00004343   
  423     0.00014468   
  424     0.00002046   
  425     0.00000364   
  426     0.00000462   
  427     0.00002730   
  428     0.00020808   
  429     0.00101498   
  430     0.00067674   
  431     0.00028282   
  432     0.00040182   
  433     0.00039432   
  434     0.00056123   
  435     0.00022985   
  436     0.00079943   
  437     0.00100456   
  438     0.00104832   
  439     0.00216783   
  440     0.00062609   
  441     0.00040000   
  442     0.00092002   
  443     0.00015374   
  444     0.00016187   
  445     0.00022254   
  446     0.00024883   
  447     0.00021622   
  448     0.00007477   
  449     0.00016498   
  450     0.00022165   
  451     0.00012481   
  452     0.00004647   
  453     0.00001809   
  454     0.00000604   
  455     0.00009742   
  456     0.00008657   
  457     0.00007441   
  458     0.00041595   
  459     0.00098807   
  460     0.00077277   
  461     0.00020340   
  462     0.00056419   
  463     0.00060242   
  464     0.00030873   
  465     0.00063878   
  466     0.00151859   
  467     0.00036860   
  468     0.00037007   
  469     0.00021276   
  470     0.00007601   
  471     0.00003711   
  472     0.00061869   
  473     0.00033047   
  474     0.00015772   
  475     0.00090532   
  476     0.00018549   
  477     0.00007795   
  478     0.00035220   
  479     0.00025433   
  480     0.00142021   
  481     0.00157503   
  482     0.00022401   
  483     0.00015129   
  484     0.00051897   
  485     0.00071416   
  486     0.00052214   
  487     0.00029016   
  488     0.00050455   
  489     0.00139916   
  490     0.00082559   
  491     0.00074102   
  492     0.00053568   
  493     0.00037215   
  494     0.00011696   
  495     0.00002588   
  496     0.00003115   
  497     0.00002759   
  498     0.00014174   
  499     0.00007683   
  500     0.00004129   
  501     0.00003189   
  502     0.00009859   
  503     0.00010431   
  504     0.00005006   
  505     0.00023147   
  506     0.00001219   
  507     0.00008234   
  508     0.00007900   
  509     0.00007092   
  510     0.00002985   
  511     0.00001321   
  512     0.00004878   
  513     0.00000358   
  514     0.00000610   
  515     0.00005440   
  516     0.00001937   
  517     0.00000479   
  518     0.00005174   
  519     0.00042248   
  520     0.00000690   
  521     0.00001420   
  522     0.00006379   
  523     0.00026911   
  524     0.00009190   
  525     0.00008680   
  526     0.00006001   
  527     0.00010291   
  528     0.00010034   
  529     0.00007086   
  530     0.00071463   
  531     0.00016593   
  532     0.00016266   
  533     0.00018067   
  534     0.00041616   
  535     0.00004569   
  536     0.00002127   
  537     0.00008505   
  538     0.00022579   
  539     0.00060925   
  540     0.00131408   
  541     0.00026012   
  542     0.00011698   
  543     0.00007003   
  544     0.00005933   
  545     0.00007457   
  546     0.00019530   
  547     0.00029992   
  548     0.00036881   
  549     0.00042839   
  550     0.00073018   
  551     0.00013576   
  552     0.00007005   
  553     0.00035513   
  554     0.00005118   
  555     0.00001547   
  556     0.00000651   
  557     0.00000067   
  558     0.00000236   
  559     0.00000407   
  560     0.00000766   
  561     0.00004897   
  562     0.00003553   
  563     0.00000582   
  564     0.00006905   
  565     0.00011781   
  566     0.00015546   
  567     0.00060323   
  568     0.00045119   
  569     0.00012775   
  570     0.00007703   
  571     0.00006018   
  572     0.00010707   
  573     0.00003180   
  574     0.00003115   
  575     0.00002395   
  576     0.00003400   
  577     0.00009547   
  578     0.00005907   
  579     0.00003858   
  580     0.00018355   
  581     0.00004843   
  582     0.00001335   
  583     0.00004006   
  584     0.00000682   
  585     0.00000731   
  586     0.00000928   
  587     0.00002173   
  588     0.00008614   
  589     0.00004542   
  590     0.00042333   
  591     0.00007061   
  592     0.00045337   
  593     0.00021986   
  594     0.00043905   
  595     0.00064453   
  596     0.00016882   
  597     0.00076763   
  598     0.00023507   
  599     0.00099623   
  600     0.00015912   
  601     0.00015535   
  602     0.00023049   
  603     0.00045776   
  604     0.00029946   
  605     0.00031273   
  606     0.00042284   
  607     0.00022960   
  608     0.00035486   
  609     0.00009913   
  610     0.00029451   
  611     0.00007350   
  612     0.00031040   
  613     0.00011708   
  614     0.00022355   
  615     0.00012440   
  616     0.00025772   
  617     0.00033144   
  618     0.00023567   
  619     0.00082769   
  620     0.00005836   
  621     0.00062870   
  622     0.00005484   
  623     0.00032500   
  624     0.00004532   
