    1     0.00018604   
    2     0.00024559   
    3     0.00026219   
    4     0.00025503   
    5     0.00021211   
    6     0.00013654   
    7     0.00026106   
    8     0.00048735   
    9     0.00099687   
   10     0.00133603   
   11     0.00256308   
   12     0.00561165   
   13     0.00128218   
   14     0.00057181   
   15     0.00027982   
   16     0.00013249   
   17     0.00018165   
   18     0.00015739   
   19     0.00003752   
   20     0.00000471   
   21     0.00001164   
   22     0.00001447   
   23     0.00000785   
   24     0.00001909   
   25     0.00003930   
   26     0.00009034   
   27     0.00006095   
   28     0.00013638   
   29     0.00016721   
   30     0.00003378   
   31     0.00013536   
   32     0.00008662   
   33     0.00006429   
   34     0.00008030   
   35     0.00022224   
   36     0.00029315   
   37     0.00336615   
   38     0.00089100   
   39     0.00232553   
   40     0.00237538   
   41     0.00193902   
   42     0.00133943   
   43     0.00317402   
   44     0.00073302   
   45     0.00008350   
   46     0.00020858   
   47     0.00092163   
   48     0.00522036   
   49     0.00130597   
   50     0.00359044   
   51     0.00030117   
   52     0.00036772   
   53     0.00109768   
   54     0.00255099   
   55     0.00293042   
   56     0.00058999   
   57     0.00227602   
   58     0.00156936   
   59     0.03867955   
   60     0.00281135   
   61     0.00463648   
   62     0.00282633   
   63     0.00086881   
   64     0.00119757   
   65     0.00313293   
   66     0.00209211   
   67     0.00392698   
   68     0.00178645   
   69     0.00055108   
   70     0.00310983   
   71     0.00102615   
   72     0.00055872   
   73     0.00064237   
   74     0.00212418   
   75     0.00272332   
   76     0.00042464   
   77     0.00015648   
   78     0.00033042   
   79     0.00037334   
   80     0.00006660   
   81     0.00125144   
   82     0.00072221   
   83     0.00015572   
   84     0.00007321   
   85     0.00075450   
   86     0.00013995   
   87     0.00020948   
   88     0.00020770   
   89     0.00042696   
   90     0.00017998   
   91     0.00075127   
   92     0.00024706   
   93     0.00015422   
   94     0.00007315   
   95     0.00010891   
   96     0.00020355   
   97     0.00003460   
   98     0.00003411   
   99     0.00007336   
  100     0.00005691   
  101     0.00028348   
  102     0.00010034   
  103     0.00040905   
  104     0.00017723   
  105     0.00151243   
  106     0.00045585   
  107     0.00003046   
  108     0.00013393   
  109     0.00012585   
  110     0.00089055   
  111     0.00040937   
  112     0.00020666   
  113     0.00050743   
  114     0.00043282   
  115     0.00119746   
  116     0.00073437   
  117     0.00066576   
  118     0.00699964   
  119     0.00114317   
  120     0.00063267   
  121     0.00042319   
  122     0.00334278   
  123     0.00044017   
  124     0.00097606   
  125     0.00030078   
  126     0.00010276   
  127     0.00065568   
  128     0.00004170   
  129     0.00004708   
  130     0.00004627   
  131     0.00007040   
  132     0.00002951   
  133     0.00001070   
  134     0.00007718   
  135     0.00030038   
  136     0.00011006   
  137     0.00005943   
  138     0.00008748   
  139     0.00028872   
  140     0.00026611   
  141     0.00078145   
  142     0.00333853   
  143     0.00071819   
  144     0.00322749   
  145     0.00188978   
  146     0.00083492   
  147     0.00494641   
  148     0.00035943   
  149     0.00104509   
  150     0.00171056   
  151     0.00148747   
  152     0.00126565   
  153     0.00105199   
  154     0.00123547   
  155     0.00090425   
  156     0.00028421   
  157     0.00086278   
  158     0.00007420   
  159     0.00009130   
  160     0.00009901   
  161     0.00068284   
  162     0.00020669   
  163     0.00034023   
  164     0.00024393   
  165     0.00029313   
  166     0.00016186   
  167     0.00095644   
  168     0.00130055   
  169     0.00343966   
  170     0.00212354   
  171     0.00037953   
  172     0.00118660   
  173     0.00263943   
  174     0.00072437   
  175     0.00018564   
  176     0.00067956   
  177     0.00037428   
  178     0.00013338   
  179     0.00026390   
  180     0.00005735   
  181     0.00017625   
  182     0.00022056   
  183     0.00003792   
  184     0.00001200   
  185     0.00010996   
  186     0.00017456   
  187     0.00001793   
  188     0.00007273   
  189     0.00003902   
  190     0.00004476   
  191     0.00006046   
  192     0.00014558   
  193     0.00024383   
  194     0.00068555   
  195     0.00082397   
  196     0.00163915   
  197     0.00101439   
  198     0.00233610   
  199     0.00259458   
  200     0.00040326   
  201     0.00066624   
  202     0.00042275   
  203     0.00081909   
  204     0.00042062   
  205     0.00102044   
  206     0.00027577   
  207     0.00046170   
  208     0.00009145   
  209     0.00004638   
  210     0.00026280   
  211     0.00015368   
  212     0.00006555   
  213     0.00008635   
  214     0.00053544   
  215     0.00074037   
  216     0.00107724   
  217     0.00095877   
  218     0.00346973   
  219     0.00097982   
  220     0.00136792   
  221     0.00072236   
  222     0.00144960   
  223     0.00046793   
  224     0.00037917   
  225     0.00080735   
  226     0.00137346   
  227     0.00215831   
  228     0.00085132   
  229     0.00531826   
  230     0.00069138   
  231     0.00096018   
  232     0.00143943   
  233     0.00365163   
  234     0.00063924   
  235     0.00347279   
  236     0.00113571   
  237     0.00110722   
  238     0.00027143   
  239     0.00509023   
  240     0.00115569   
  241     0.00070398   
  242     0.00131758   
  243     0.00086524   
  244     0.00182473   
  245     0.00124602   
  246     0.00024908   
  247     0.00009822   
  248     0.00223615   
  249     0.00009033   
  250     0.00219723   
  251     0.00116381   
  252     0.00528282   
  253     0.00041061   
  254     0.00011803   
  255     0.00193595   
  256     0.00012328   
  257     0.03939713   
  258     0.00392312   
  259     0.00095406   
  260     0.00070139   
  261     0.00113509   
  262     0.00209370   
  263     0.00199691   
  264     0.00047608   
  265     0.00168596   
  266     0.00108328   
  267     0.00428362   
  268     0.00058292   
  269     0.00239049   
  270     0.00092736   
  271     0.00791154   
  272     0.00219444   
  273     0.00151839   
  274     0.00218897   
  275     0.00033174   
  276     0.00030432   
  277     0.00049017   
  278     0.00024163   
  279     0.00045242   
  280     0.00060303   
  281     0.00130232   
  282     0.00026283   
  283     0.00151224   
  284     0.00023207   
  285     0.00119418   
  286     0.00779806   
  287     0.00299160   
  288     0.00133078   
  289     0.00204149   
  290     0.00081513   
  291     0.00187302   
  292     0.00156438   
  293     0.00219947   
  294     0.00489421   
  295     0.00156481   
  296     0.00337533   
  297     0.00096094   
  298     0.00159612   
  299     0.00061378   
  300     0.00203481   
  301     0.00044140   
  302     0.00072719   
  303     0.00018609   
  304     0.00148212   
  305     0.00186141   
  306     0.00055364   
  307     0.00149325   
  308     0.00499757   
  309     0.00538721   
  310     0.00340727   
  311     0.00205652   
  312     0.00191080   
  313     0.00176067   
  314     0.00226472   
  315     0.00234749   
  316     0.00084045   
  317     0.00073905   
  318     0.00124560   
  319     0.00082682   
  320     0.00061402   
  321     0.00043559   
  322     0.00082304   
  323     0.00168391   
  324     0.00029293   
  325     0.00023555   
  326     0.00077299   
  327     0.00097899   
  328     0.00096635   
  329     0.00010971   
  330     0.00000623   
  331     0.00001779   
  332     0.00000290   
  333     0.00000684   
  334     0.00002561   
  335     0.00001024   
  336     0.00002122   
  337     0.00005055   
  338     0.00010058   
  339     0.00012652   
  340     0.00032781   
  341     0.00021220   
  342     0.00008797   
  343     0.00388551   
  344     0.00091469   
  345     0.00253570   
  346     0.00181778   
  347     0.00118223   
  348     0.00072829   
  349     0.00063740   
  350     0.00047138   
  351     0.00014883   
  352     0.00010321   
  353     0.00006806   
  354     0.00001330   
  355     0.00000849   
  356     0.00002611   
  357     0.00002413   
  358     0.00000507   
  359     0.00001504   
  360     0.00004768   
  361     0.00006484   
  362     0.00008614   
  363     0.00063461   
  364     0.00003098   
  365     0.00011539   
  366     0.00004290   
  367     0.00035833   
  368     0.00044851   
  369     0.00011295   
  370     0.00006812   
  371     0.00027398   
  372     0.00020885   
  373     0.00036483   
  374     0.00072862   
  375     0.00053567   
  376     0.00021871   
  377     0.00038205   
  378     0.00031654   
  379     0.00060804   
  380     0.00037691   
  381     0.00017145   
  382     0.00101679   
  383     0.00393533   
  384     0.00198649   
  385     0.00232067   
  386     0.00379850   
  387     0.00316495   
  388     0.00751742   
  389     0.00310185   
  390     0.00249945   
  391     0.00190829   
  392     0.00070603   
  393     0.00026270   
  394     0.00007966   
  395     0.00006280   
  396     0.00041434   
  397     0.00076206   
  398     0.00021461   
  399     0.00029749   
  400     0.00019755   
  401     0.00007646   
  402     0.00073607   
  403     0.00172706   
  404     0.00161892   
  405     0.00148178   
  406     0.00091588   
  407     0.00039680   
  408     0.00010844   
  409     0.00007440   
  410     0.00013415   
  411     0.00015819   
  412     0.00051349   
  413     0.00012396   
  414     0.00021476   
  415     0.00016259   
  416     0.00042024   
  417     0.00024096   
  418     0.00022727   
  419     0.00266940   
  420     0.00347701   
  421     0.00106904   
  422     0.00085998   
  423     0.00056000   
  424     0.00030883   
  425     0.00048767   
  426     0.00235810   
  427     0.00037474   
  428     0.00055146   
  429     0.00150367   
  430     0.00010149   
  431     0.00015385   
  432     0.00002448   
  433     0.00011718   
  434     0.00003370   
  435     0.00004465   
  436     0.00008570   
  437     0.00014023   
  438     0.00041482   
  439     0.00057378   
  440     0.00060138   
  441     0.00024302   
  442     0.00048866   
  443     0.00018431   
  444     0.00008778   
  445     0.00019815   
  446     0.00020158   
  447     0.00090098   
  448     0.00093798   
  449     0.00056936   
  450     0.00011814   
  451     0.00030256   
  452     0.00103632   
  453     0.00121536   
  454     0.00114075   
  455     0.00078432   
  456     0.00031652   
  457     0.00057923   
  458     0.00021984   
  459     0.00071811   
  460     0.00020411   
  461     0.00004297   
  462     0.00012104   
  463     0.00001061   
  464     0.00000909   
  465     0.00002743   
  466     0.00001306   
  467     0.00019211   
  468     0.00005778   
  469     0.00003141   
  470     0.00019473   
  471     0.00051185   
  472     0.00036022   
  473     0.00047768   
  474     0.00101872   
  475     0.00109893   
  476     0.00179825   
  477     0.00216213   
  478     0.00110319   
  479     0.00303107   
  480     0.00246446   
  481     0.00509010   
  482     0.00015228   
  483     0.00242919   
  484     0.00086943   
  485     0.00149246   
  486     0.00138157   
  487     0.00052423   
  488     0.00095555   
  489     0.00016062   
  490     0.00023015   
  491     0.00002958   
  492     0.00005561   
  493     0.00004306   
  494     0.00001343   
  495     0.00021250   
  496     0.00003078   
  497     0.00040413   
  498     0.00030396   
  499     0.00087903   
  500     0.00035531   
  501     0.00183674   
  502     0.00031591   
  503     0.00307625   
  504     0.00019758   
  505     0.00068801   
  506     0.00261130   
  507     0.00044834   
  508     0.00010319   
  509     0.00002929   
  510     0.00009013   
  511     0.00007670   
  512     0.00044873   
  513     0.00002553   
  514     0.00006449   
  515     0.00025661   
  516     0.00017822   
  517     0.00005589   
  518     0.00012662   
  519     0.00006005   
  520     0.00001369   
  521     0.00002130   
  522     0.00009471   
  523     0.00001444   
  524     0.00003878   
  525     0.00002593   
  526     0.00014014   
  527     0.00009355   
  528     0.00001916   
  529     0.00036634   
  530     0.00092699   
  531     0.00072651   
  532     0.00113449   
  533     0.00080724   
  534     0.00096853   
  535     0.00183662   
  536     0.00151557   
  537     0.00120391   
  538     0.00110680   
  539     0.00091102   
  540     0.00061687   
  541     0.00053458   
  542     0.00107999   
  543     0.00065138   
  544     0.00026403   
  545     0.00041695   
  546     0.00118000   
  547     0.00029217   
  548     0.00013924   
  549     0.00056247   
  550     0.00032763   
  551     0.00013952   
  552     0.00003085   
  553     0.00007705   
  554     0.00003759   
  555     0.00000258   
  556     0.00002814   
  557     0.00009953   
  558     0.00003118   
  559     0.00001793   
  560     0.00001266   
  561     0.00032128   
  562     0.00013195   
  563     0.00008977   
  564     0.00012597   
  565     0.00006815   
  566     0.00010315   
  567     0.00025719   
  568     0.00026547   
  569     0.00013921   
  570     0.00020474   
  571     0.00039242   
  572     0.00010135   
  573     0.00031045   
  574     0.00018666   
  575     0.00020140   
  576     0.00116836   
  577     0.00004837   
  578     0.00012492   
  579     0.00090468   
  580     0.00013693   
  581     0.00057842   
  582     0.00002143   
  583     0.00014503   
  584     0.00038805   
  585     0.00131037   
  586     0.00011842   
  587     0.00018202   
  588     0.00153702   
  589     0.00027909   
  590     0.00018579   
  591     0.00023335   
  592     0.00041562   
  593     0.00015071   
  594     0.00042934   
  595     0.00006737   
  596     0.00012398   
  597     0.00009440   
  598     0.00030128   
  599     0.00022004   
  600     0.00004652   
  601     0.00008917   
  602     0.00006598   
  603     0.00002062   
  604     0.00005052   
  605     0.00002295   
    1     0.00005876   
    2     0.00001941   
    3     0.00000776   
    4     0.00002140   
    5     0.00001555   
    6     0.00003523   
    7     0.00031151   
    8     0.00004563   
    9     0.00010308   
   10     0.00007560   
   11     0.00004607   
   12     0.00007478   
   13     0.00008661   
   14     0.00042614   
   15     0.00009593   
   16     0.00007179   
   17     0.00010265   
   18     0.00003617   
   19     0.00003785   
   20     0.00010123   
   21     0.00012580   
   22     0.00002045   
   23     0.00009046   
   24     0.00035269   
   25     0.00004934   
   26     0.00007084   
   27     0.00027156   
   28     0.00019847   
   29     0.00076275   
   30     0.00166770   
   31     0.00042727   
   32     0.00172748   
   33     0.00089868   
   34     0.00136182   
   35     0.00074638   
   36     0.00099378   
   37     0.00374033   
   38     0.00023915   
   39     0.00084698   
   40     0.00040755   
   41     0.00013084   
   42     0.00038985   
   43     0.00011728   
   44     0.00086435   
   45     0.00029051   
   46     0.00096643   
   47     0.00111986   
   48     0.00210350   
   49     0.00140338   
   50     0.00097969   
   51     0.00414994   
   52     0.00166276   
   53     0.00019372   
   54     0.00043586   
   55     0.00006142   
   56     0.00281709   
   57     0.00075840   
   58     0.00056955   
   59     0.00023617   
   60     0.00010104   
   61     0.00001246   
   62     0.00009691   
   63     0.00025298   
   64     0.00010172   
   65     0.00009218   
   66     0.00018630   
   67     0.00023066   
   68     0.00020537   
   69     0.00038709   
   70     0.00002021   
   71     0.00012273   
   72     0.00001360   
   73     0.00004265   
   74     0.00011549   
   75     0.00009534   
   76     0.00010504   
   77     0.00025535   
   78     0.00056132   
   79     0.00028963   
   80     0.00049140   
   81     0.00052323   
   82     0.00025571   
   83     0.00172974   
   84     0.00034746   
   85     0.00065027   
   86     0.00011633   
   87     0.00039380   
   88     0.00010942   
   89     0.00016404   
   90     0.00032726   
   91     0.00036639   
   92     0.00016734   
   93     0.00018759   
   94     0.00050172   
   95     0.00070862   
   96     0.00064412   
   97     0.00118549   
   98     0.00063244   
   99     0.00019653   
  100     0.00015638   
  101     0.00037056   
  102     0.00006806   
  103     0.00011152   
  104     0.00001263   
  105     0.00003863   
  106     0.00004083   
  107     0.00000850   
  108     0.00000710   
  109     0.00000532   
  110     0.00000449   
  111     0.00000168   
  112     0.00001774   
  113     0.00001589   
  114     0.00007339   
  115     0.00021038   
  116     0.00018377   
  117     0.00003409   
  118     0.00202085   
  119     0.00035162   
  120     0.00077387   
  121     0.00066599   
  122     0.00588729   
  123     0.00179477   
  124     0.00089328   
  125     0.00073930   
  126     0.00097077   
  127     0.00059944   
  128     0.00020014   
  129     0.00015029   
  130     0.00079357   
  131     0.00011251   
  132     0.00052914   
  133     0.00049624   
  134     0.00029779   
  135     0.00038424   
  136     0.00020191   
  137     0.00037723   
  138     0.00026151   
  139     0.00022522   
  140     0.00040712   
  141     0.00033769   
  142     0.00034433   
  143     0.00022120   
  144     0.00108489   
  145     0.00062332   
  146     0.00013925   
  147     0.00005523   
  148     0.00013282   
  149     0.00004731   
  150     0.00023023   
  151     0.00011354   
  152     0.00025584   
  153     0.00023423   
  154     0.00037913   
  155     0.00016277   
  156     0.00010124   
  157     0.00018167   
  158     0.00015756   
  159     0.00048869   
  160     0.00010247   
  161     0.00010795   
  162     0.00036503   
  163     0.00016894   
  164     0.00008434   
  165     0.00007239   
  166     0.00007643   
  167     0.00004421   
  168     0.00002317   
  169     0.00006629   
  170     0.00004889   
  171     0.00032595   
  172     0.00056374   
  173     0.00020242   
  174     0.00054490   
  175     0.00049296   
  176     0.00073037   
  177     0.00039325   
  178     0.00036763   
  179     0.00032844   
  180     0.00009342   
  181     0.00013425   
  182     0.00007492   
  183     0.00006257   
  184     0.00013886   
  185     0.00012704   
  186     0.00017766   
  187     0.00077510   
  188     0.00043859   
  189     0.00021893   
  190     0.00011215   
  191     0.00007879   
  192     0.00052714   
  193     0.00236782   
  194     0.00033955   
  195     0.00090017   
  196     0.00166311   
  197     0.00169370   
  198     0.00109335   
  199     0.00020847   
  200     0.00634986   
  201     0.00063353   
  202     0.00199042   
  203     0.00447161   
  204     0.00167484   
  205     0.00012519   
  206     0.00009128   
  207     0.00005417   
  208     0.00047584   
  209     0.00005979   
  210     0.00024154   
  211     0.00019740   
  212     0.00012221   
  213     0.00007184   
  214     0.00007016   
  215     0.00000483   
  216     0.00001365   
  217     0.00000149   
  218     0.00000601   
  219     0.00000664   
  220     0.00004201   
  221     0.00004792   
  222     0.00016267   
  223     0.00003206   
  224     0.00007943   
  225     0.00001491   
  226     0.00001087   
  227     0.00031139   
  228     0.00024020   
  229     0.00052169   
  230     0.00023389   
  231     0.00173523   
  232     0.00180773   
  233     0.00764113   
  234     0.00342680   
  235     0.00454161   
  236     0.00622202   
  237     0.00326418   
  238     0.00079445   
  239     0.00074632   
  240     0.00031817   
  241     0.00352899   
  242     0.00041771   
  243     0.00013461   
  244     0.00024248   
  245     0.00224863   
  246     0.00105811   
  247     0.00052566   
  248     0.00454722   
  249     0.00070778   
  250     0.00233670   
  251     0.00052364   
  252     0.00339109   
  253     0.00141827   
  254     0.00337081   
  255     0.00109666   
  256     0.00209705   
  257     0.00011628   
  258     0.00044343   
  259     0.00098011   
  260     0.00127347   
  261     0.00148472   
  262     0.00059550   
  263     0.00160909   
  264     0.00056269   
  265     0.00143703   
  266     0.00170570   
  267     0.00210150   
  268     0.00138140   
  269     0.00223009   
  270     0.00247620   
  271     0.00391280   
  272     0.00326188   
  273     0.00078863   
  274     0.00079717   
  275     0.00076794   
  276     0.00054645   
  277     0.00036414   
  278     0.00037724   
  279     0.00063708   
  280     0.00026624   
  281     0.00186909   
  282     0.00044518   
  283     0.00022790   
  284     0.00014574   
  285     0.00007338   
  286     0.00003685   
  287     0.00005244   
  288     0.00024890   
  289     0.00000606   
  290     0.00006183   
  291     0.00005128   
  292     0.00003268   
  293     0.00010657   
  294     0.00015694   
  295     0.00005741   
  296     0.00015421   
  297     0.00008474   
  298     0.00010636   
  299     0.00017565   
  300     0.00016072   
  301     0.00089614   
  302     0.00024072   
  303     0.00236800   
  304     0.00163707   
  305     0.00049754   
  306     0.00060152   
  307     0.00134796   
  308     0.00008661   
  309     0.00023481   
  310     0.00024291   
  311     0.00009592   
  312     0.00008268   
  313     0.00015024   
  314     0.00021870   
  315     0.00056671   
  316     0.00019648   
  317     0.00010741   
  318     0.00037391   
  319     0.00024663   
  320     0.00020766   
  321     0.00026156   
  322     0.00070062   
  323     0.00076983   
  324     0.00005213   
  325     0.00009465   
  326     0.00129345   
  327     0.00089042   
  328     0.00053620   
  329     0.00288196   
  330     0.00114278   
  331     0.00142219   
  332     0.00182117   
  333     0.00349415   
  334     0.00049431   
  335     0.00007004   
  336     0.00002538   
  337     0.00000675   
  338     0.00009534   
  339     0.00003673   
  340     0.00008549   
  341     0.00004500   
  342     0.00010113   
  343     0.00008014   
  344     0.00161560   
  345     0.00007414   
  346     0.00025314   
  347     0.00037829   
  348     0.00018245   
  349     0.00019421   
  350     0.00019497   
  351     0.00010826   
  352     0.00028714   
  353     0.00094219   
  354     0.00028996   
  355     0.00027830   
  356     0.00084667   
  357     0.00171810   
  358     0.00043363   
  359     0.00099537   
  360     0.00103994   
  361     0.00166958   
  362     0.00076664   
  363     0.00078473   
  364     0.00022844   
  365     0.00006653   
  366     0.00009723   
  367     0.00012918   
  368     0.00108162   
  369     0.00011651   
  370     0.00085527   
  371     0.00125371   
  372     0.00054245   
  373     0.00028800   
  374     0.00084698   
  375     0.00031837   
  376     0.00006430   
  377     0.00027372   
  378     0.00021365   
  379     0.00017034   
  380     0.00022132   
  381     0.00011824   
  382     0.00023428   
  383     0.00034040   
  384     0.00006948   
  385     0.00040189   
  386     0.00019344   
  387     0.00008546   
  388     0.00003795   
  389     0.00037113   
  390     0.00015234   
  391     0.00020973   
  392     0.00121051   
  393     0.00030993   
  394     0.00168861   
  395     0.00133416   
  396     0.00027623   
  397     0.00045359   
  398     0.00190924   
  399     0.00206539   
  400     0.00015202   
  401     0.00085620   
  402     0.00067280   
  403     0.00042453   
  404     0.00046356   
  405     0.00010541   
  406     0.00004970   
  407     0.00010444   
  408     0.00000641   
  409     0.00000828   
  410     0.00003117   
  411     0.00001423   
  412     0.00043638   
  413     0.00170462   
  414     0.00017531   
  415     0.00030175   
  416     0.00126818   
  417     0.00021968   
  418     0.00002077   
  419     0.00044025   
  420     0.00026499   
  421     0.00002064   
  422     0.00009597   
  423     0.00022175   
  424     0.00006941   
  425     0.00002485   
  426     0.00002296   
  427     0.00020848   
  428     0.00025691   
  429     0.00169777   
  430     0.00095893   
  431     0.00028091   
  432     0.00017131   
  433     0.00022179   
  434     0.00037142   
  435     0.00014477   
  436     0.00016628   
  437     0.00014757   
  438     0.00009697   
  439     0.00005079   
  440     0.00009046   
  441     0.00016345   
  442     0.00017902   
  443     0.00003690   
  444     0.00005242   
  445     0.00012203   
  446     0.00032353   
  447     0.00031180   
  448     0.00005046   
  449     0.00039938   
  450     0.00057642   
  451     0.00003111   
  452     0.00010253   
  453     0.00003742   
  454     0.00004654   
  455     0.00037955   
  456     0.00041958   
  457     0.00031825   
  458     0.00030507   
  459     0.00020845   
  460     0.00018058   
  461     0.00015036   
  462     0.00020688   
  463     0.00032713   
  464     0.00046529   
  465     0.00031604   
  466     0.00121612   
  467     0.00023912   
  468     0.00024244   
  469     0.00013873   
  470     0.00012171   
  471     0.00003489   
  472     0.00101254   
  473     0.00040407   
  474     0.00017300   
  475     0.00231361   
  476     0.00051129   
  477     0.00007579   
  478     0.00064613   
  479     0.00034315   
  480     0.00175561   
  481     0.00190331   
  482     0.00017052   
  483     0.00030047   
  484     0.00040365   
  485     0.00033303   
  486     0.00021537   
  487     0.00013629   
  488     0.00016917   
  489     0.00229681   
  490     0.00075102   
  491     0.00057208   
  492     0.00065233   
  493     0.00129048   
  494     0.00024572   
  495     0.00036740   
  496     0.00011945   
  497     0.00015565   
  498     0.00040340   
  499     0.00016299   
  500     0.00019225   
  501     0.00017340   
  502     0.00011961   
  503     0.00031818   
  504     0.00054316   
  505     0.00043696   
  506     0.00010138   
  507     0.00011131   
  508     0.00067018   
  509     0.00026869   
  510     0.00012488   
  511     0.00039930   
  512     0.00025234   
  513     0.00018742   
  514     0.00008535   
  515     0.00105365   
  516     0.00012435   
  517     0.00004834   
  518     0.00002627   
  519     0.00021065   
  520     0.00004946   
  521     0.00000569   
  522     0.00000387   
  523     0.00007608   
  524     0.00001452   
  525     0.00007723   
  526     0.00010544   
  527     0.00010049   
  528     0.00025133   
  529     0.00027403   
  530     0.00109448   
  531     0.00046537   
  532     0.00032820   
  533     0.00019941   
  534     0.00011612   
  535     0.00021022   
  536     0.00016676   
  537     0.00028082   
  538     0.00013921   
  539     0.00022033   
  540     0.00036343   
  541     0.00009265   
  542     0.00003855   
  543     0.00008628   
  544     0.00005184   
  545     0.00015833   
  546     0.00023379   
  547     0.00027413   
  548     0.00028314   
  549     0.00061250   
  550     0.00043260   
  551     0.00014861   
  552     0.00027644   
  553     0.00037519   
  554     0.00017882   
  555     0.00004396   
  556     0.00005012   
  557     0.00003119   
  558     0.00001644   
  559     0.00001373   
  560     0.00004128   
  561     0.00005037   
  562     0.00021702   
  563     0.00000778   
  564     0.00003923   
  565     0.00001314   
  566     0.00004674   
  567     0.00025862   
  568     0.00014533   
  569     0.00024070   
  570     0.00015704   
  571     0.00015649   
  572     0.00057748   
  573     0.00008848   
  574     0.00015129   
  575     0.00002392   
  576     0.00001564   
  577     0.00021243   
  578     0.00006954   
  579     0.00006305   
  580     0.00127951   
  581     0.00079525   
  582     0.00007332   
  583     0.00009297   
  584     0.00006690   
  585     0.00019554   
  586     0.00004294   
  587     0.00006176   
  588     0.00041272   
  589     0.00054711   
  590     0.00056257   
  591     0.00077880   
  592     0.00265496   
  593     0.00106816   
  594     0.00019949   
  595     0.00070482   
  596     0.00019961   
  597     0.00028944   
  598     0.00006157   
  599     0.00053105   
  600     0.00011552   
  601     0.00014445   
  602     0.00011700   
  603     0.00012335   
  604     0.00020436   
  605     0.00050037   
  606     0.00084090   
  607     0.00055474   
  608     0.00023485   
  609     0.00005367   
  610     0.00018348   
  611     0.00018194   
  612     0.00034632   
  613     0.00027414   
  614     0.00087009   
  615     0.00034137   
  616     0.00138211   
  617     0.00237231   
  618     0.00037663   
  619     0.00216403   
  620     0.00029731   
  621     0.00132313   
  622     0.00005594   
  623     0.00037443   
  624     0.00005116   
    1     0.00000528   
    2     0.00000090   
    3     0.00000058   
    4     0.00000248   
    5     0.00000173   
    6     0.00000271   
    7     0.00001948   
    8     0.00000258   
    9     0.00000763   
   10     0.00000425   
   11     0.00000154   
   12     0.00000117   
   13     0.00000217   
   14     0.00000925   
   15     0.00000539   
   16     0.00000690   
   17     0.00001394   
   18     0.00000502   
   19     0.00000678   
   20     0.00000744   
   21     0.00001258   
   22     0.00000146   
   23     0.00000794   
   24     0.00001384   
   25     0.00000196   
   26     0.00000110   
   27     0.00000286   
   28     0.00000300   
   29     0.00001312   
   30     0.00002245   
   31     0.00000672   
   32     0.00002930   
   33     0.00001757   
   34     0.00005860   
   35     0.00001104   
   36     0.00002780   
   37     0.00010368   
   38     0.00003945   
   39     0.00005547   
   40     0.00003917   
   41     0.00001958   
   42     0.00004837   
   43     0.00002243   
   44     0.00017163   
   45     0.00018064   
   46     0.00004193   
   47     0.00009781   
   48     0.00016785   
   49     0.00008472   
   50     0.00004312   
   51     0.00008478   
   52     0.00009859   
   53     0.00001302   
   54     0.00001619   
   55     0.00000269   
   56     0.00006699   
   57     0.00004084   
   58     0.00001464   
   59     0.00001289   
   60     0.00001621   
   61     0.00000282   
   62     0.00000372   
   63     0.00004793   
   64     0.00000656   
   65     0.00000659   
   66     0.00000493   
   67     0.00000837   
   68     0.00001131   
   69     0.00001493   
   70     0.00000122   
   71     0.00000157   
   72     0.00000015   
   73     0.00000114   
   74     0.00000333   
   75     0.00000791   
   76     0.00001192   
   77     0.00001456   
   78     0.00002284   
   79     0.00000848   
   80     0.00003228   
   81     0.00002593   
   82     0.00003789   
   83     0.00020305   
   84     0.00005227   
   85     0.00008099   
   86     0.00001464   
   87     0.00002417   
   88     0.00000803   
   89     0.00001211   
   90     0.00003073   
   91     0.00002310   
   92     0.00000761   
   93     0.00001522   
   94     0.00001767   
   95     0.00002471   
   96     0.00001587   
   97     0.00003459   
   98     0.00002922   
   99     0.00000394   
  100     0.00000576   
  101     0.00001301   
  102     0.00001176   
  103     0.00000541   
  104     0.00000159   
  105     0.00000280   
  106     0.00000123   
  107     0.00000127   
  108     0.00000048   
  109     0.00000052   
  110     0.00000051   
  111     0.00000066   
  112     0.00000149   
  113     0.00000196   
  114     0.00000182   
  115     0.00000892   
  116     0.00002212   
  117     0.00002678   
  118     0.00006365   
  119     0.00002384   
  120     0.00002024   
  121     0.00002353   
  122     0.00050397   
  123     0.00004090   
  124     0.00001883   
  125     0.00005647   
  126     0.00002286   
  127     0.00003348   
  128     0.00002431   
  129     0.00001660   
  130     0.00000983   
  131     0.00000523   
  132     0.00000436   
  133     0.00000566   
  134     0.00000110   
  135     0.00001915   
  136     0.00001969   
  137     0.00000387   
  138     0.00000494   
  139     0.00000545   
  140     0.00000535   
  141     0.00001956   
  142     0.00002547   
  143     0.00001880   
  144     0.00002180   
  145     0.00001339   
  146     0.00000202   
  147     0.00000011   
  148     0.00000190   
  149     0.00000096   
  150     0.00000908   
  151     0.00001180   
  152     0.00001913   
  153     0.00000569   
  154     0.00001561   
  155     0.00000227   
  156     0.00000386   
  157     0.00001427   
  158     0.00003464   
  159     0.00001034   
  160     0.00001229   
  161     0.00000300   
  162     0.00000944   
  163     0.00000809   
  164     0.00000355   
  165     0.00000233   
  166     0.00000382   
  167     0.00000497   
  168     0.00000372   
  169     0.00001678   
  170     0.00000419   
  171     0.00003333   
  172     0.00002300   
  173     0.00000651   
  174     0.00003289   
  175     0.00001467   
  176     0.00000941   
  177     0.00001023   
  178     0.00000563   
  179     0.00001422   
  180     0.00000875   
  181     0.00000326   
  182     0.00000314   
  183     0.00000077   
  184     0.00000292   
  185     0.00000417   
  186     0.00000281   
  187     0.00001043   
  188     0.00000798   
  189     0.00000412   
  190     0.00000252   
  191     0.00000197   
  192     0.00000602   
  193     0.00002662   
  194     0.00002105   
  195     0.00000591   
  196     0.00001293   
  197     0.00001891   
  198     0.00001892   
  199     0.00000182   
  200     0.00003754   
  201     0.00001368   
  202     0.00004785   
  203     0.00009773   
  204     0.00004849   
  205     0.00002054   
  206     0.00001907   
  207     0.00000848   
  208     0.00002189   
  209     0.00000601   
  210     0.00002239   
  211     0.00001172   
  212     0.00000412   
  213     0.00000728   
  214     0.00000102   
  215     0.00000142   
  216     0.00000069   
  217     0.00000017   
  218     0.00000033   
  219     0.00000046   
  220     0.00000235   
  221     0.00000449   
  222     0.00000422   
  223     0.00000496   
  224     0.00000178   
  225     0.00000563   
  226     0.00001871   
  227     0.00004082   
  228     0.00004184   
  229     0.00009172   
  230     0.00003299   
  231     0.00014425   
  232     0.00022720   
  233     0.00004218   
  234     0.00008795   
  235     0.00019487   
  236     0.00001452   
  237     0.00000242   
  238     0.00000307   
  239     0.00000062   
  240     0.00000066   
  241     0.00000518   
  242     0.00000135   
  243     0.00000190   
  244     0.00000590   
  245     0.00004205   
  246     0.00003060   
  247     0.00003217   
  248     0.00003532   
  249     0.00006217   
  250     0.00006182   
  251     0.00002033   
  252     0.00010693   
  253     0.00031292   
  254     0.00023875   
  255     0.00003354   
  256     0.00014449   
  257     0.00001214   
  258     0.00007875   
  259     0.00008792   
  260     0.00008768   
  261     0.00017125   
  262     0.00002255   
  263     0.00002672   
  264     0.00003637   
  265     0.00002177   
  266     0.00000894   
  267     0.00010932   
  268     0.00012340   
  269     0.00001878   
  270     0.00000874   
  271     0.00002024   
  272     0.00030808   
  273     0.00001794   
  274     0.00004789   
  275     0.00011279   
  276     0.00004997   
  277     0.00002206   
  278     0.00010582   
  279     0.00007158   
  280     0.00004467   
  281     0.00023366   
  282     0.00010000   
  283     0.00020730   
  284     0.00011274   
  285     0.00027613   
  286     0.00005581   
  287     0.00008896   
  288     0.00023921   
  289     0.00001160   
  290     0.00003161   
  291     0.00002417   
  292     0.00003397   
  293     0.00010291   
  294     0.00006069   
  295     0.00004799   
  296     0.00010463   
  297     0.00003082   
  298     0.00008953   
  299     0.00006024   
  300     0.00001772   
  301     0.00004563   
  302     0.00002093   
  303     0.00017919   
  304     0.00007781   
  305     0.00008172   
  306     0.00023653   
  307     0.00007153   
  308     0.00002669   
  309     0.00001550   
  310     0.00002902   
  311     0.00005893   
  312     0.00007688   
  313     0.00012614   
  314     0.00015586   
  315     0.00044666   
  316     0.00024342   
  317     0.00029810   
  318     0.00016688   
  319     0.00030177   
  320     0.00027578   
  321     0.00013391   
  322     0.00012828   
  323     0.00011022   
  324     0.00001835   
  325     0.00002430   
  326     0.00007054   
  327     0.00001398   
  328     0.00001893   
  329     0.00002585   
  330     0.00011197   
  331     0.00002960   
  332     0.00008034   
  333     0.00007466   
  334     0.00003279   
  335     0.00001301   
  336     0.00003732   
  337     0.00000523   
  338     0.00000706   
  339     0.00004023   
  340     0.00002891   
  341     0.00001450   
  342     0.00002021   
  343     0.00000815   
  344     0.00015429   
  345     0.00009265   
  346     0.00002805   
  347     0.00006192   
  348     0.00019220   
  349     0.00015820   
  350     0.00008597   
  351     0.00004194   
  352     0.00003405   
  353     0.00013271   
  354     0.00017783   
  355     0.00010149   
  356     0.00009254   
  357     0.00005877   
  358     0.00005744   
  359     0.00003392   
  360     0.00001799   
  361     0.00003390   
  362     0.00001735   
  363     0.00003048   
  364     0.00002552   
  365     0.00000442   
  366     0.00001568   
  367     0.00001808   
  368     0.00013598   
  369     0.00001718   
  370     0.00005587   
  371     0.00005720   
  372     0.00009855   
  373     0.00007603   
  374     0.00010382   
  375     0.00001519   
  376     0.00003369   
  377     0.00019721   
  378     0.00032041   
  379     0.00014773   
  380     0.00046717   
  381     0.00022615   
  382     0.00011384   
  383     0.00027498   
  384     0.00027923   
  385     0.00017139   
  386     0.00016449   
  387     0.00034841   
  388     0.00017693   
  389     0.00011761   
  390     0.00014351   
  391     0.00005259   
  392     0.00024305   
  393     0.00011516   
  394     0.00011825   
  395     0.00006096   
  396     0.00007933   
  397     0.00003119   
  398     0.00002996   
  399     0.00005087   
  400     0.00007981   
  401     0.00013101   
  402     0.00006787   
  403     0.00006901   
  404     0.00002557   
  405     0.00003260   
  406     0.00001097   
  407     0.00000907   
  408     0.00000596   
  409     0.00000068   
  410     0.00001107   
  411     0.00001118   
  412     0.00008822   
  413     0.00017292   
  414     0.00003321   
  415     0.00003774   
  416     0.00002215   
  417     0.00000563   
  418     0.00001071   
  419     0.00001475   
  420     0.00002158   
  421     0.00000281   
  422     0.00001469   
  423     0.00004184   
  424     0.00002305   
  425     0.00000944   
  426     0.00000489   
  427     0.00009503   
  428     0.00004605   
  429     0.00027270   
  430     0.00003778   
  431     0.00003597   
  432     0.00008356   
  433     0.00007492   
  434     0.00010049   
  435     0.00018889   
  436     0.00024384   
  437     0.00016237   
  438     0.00003665   
  439     0.00024486   
  440     0.00022652   
  441     0.00006998   
  442     0.00007771   
  443     0.00080565   
  444     0.00034621   
  445     0.00042579   
  446     0.00030628   
  447     0.00014689   
  448     0.00029796   
  449     0.00014059   
  450     0.00022690   
  451     0.00003038   
  452     0.00002157   
  453     0.00001627   
  454     0.00001191   
  455     0.00006639   
  456     0.00001701   
  457     0.00000885   
  458     0.00002659   
  459     0.00002358   
  460     0.00010798   
  461     0.00017898   
  462     0.00024468   
  463     0.00038623   
  464     0.00057549   
  465     0.00016242   
  466     0.00024083   
  467     0.00027300   
  468     0.00016900   
  469     0.00007165   
  470     0.00003569   
  471     0.00008173   
  472     0.00026213   
  473     0.00004271   
  474     0.00000444   
  475     0.00003268   
  476     0.00003923   
  477     0.00000147   
  478     0.00001721   
  479     0.00005401   
  480     0.00023674   
  481     0.00036201   
  482     0.00007171   
  483     0.00006339   
  484     0.00023036   
  485     0.00026099   
  486     0.00011652   
  487     0.00005070   
  488     0.00045556   
  489     0.00034476   
  490     0.00060359   
  491     0.00030754   
  492     0.00042210   
  493     0.00042293   
  494     0.00029602   
  495     0.00021353   
  496     0.00003878   
  497     0.00017343   
  498     0.00010187   
  499     0.00010853   
  500     0.00034587   
  501     0.00032708   
  502     0.00014795   
  503     0.00035285   
  504     0.00061830   
  505     0.00030531   
  506     0.00028282   
  507     0.00004998   
  508     0.00008058   
  509     0.00012588   
  510     0.00004385   
  511     0.00001690   
  512     0.00006890   
  513     0.00003527   
  514     0.00000865   
  515     0.00001089   
  516     0.00002329   
  517     0.00000803   
  518     0.00000788   
  519     0.00016367   
  520     0.00000755   
  521     0.00000290   
  522     0.00000219   
  523     0.00001805   
  524     0.00003624   
  525     0.00004254   
  526     0.00004312   
  527     0.00021157   
  528     0.00010453   
  529     0.00008151   
  530     0.00074007   
  531     0.00021563   
  532     0.00032229   
  533     0.00008926   
  534     0.00055204   
  535     0.00121761   
  536     0.00015238   
  537     0.00009843   
  538     0.00027041   
  539     0.00030729   
  540     0.00014364   
  541     0.00006158   
  542     0.00003613   
  543     0.00004490   
  544     0.00003164   
  545     0.00010513   
  546     0.00013311   
  547     0.00021988   
  548     0.00030265   
  549     0.00036274   
  550     0.00008651   
  551     0.00007628   
  552     0.00013408   
  553     0.00029813   
  554     0.00009001   
  555     0.00002207   
  556     0.00002303   
  557     0.00001031   
  558     0.00000688   
  559     0.00000831   
  560     0.00002700   
  561     0.00002801   
  562     0.00014038   
  563     0.00000916   
  564     0.00004447   
  565     0.00004686   
  566     0.00002382   
  567     0.00011686   
  568     0.00011796   
  569     0.00014792   
  570     0.00008078   
  571     0.00020959   
  572     0.00070548   
  573     0.00011346   
  574     0.00010016   
  575     0.00000953   
  576     0.00000856   
  577     0.00002574   
  578     0.00001543   
  579     0.00000381   
  580     0.00014625   
  581     0.00002227   
  582     0.00000325   
  583     0.00001086   
  584     0.00001147   
  585     0.00002191   
  586     0.00000228   
  587     0.00001142   
  588     0.00007131   
  589     0.00007359   
  590     0.00007604   
  591     0.00010920   
  592     0.00045012   
  593     0.00017361   
  594     0.00045034   
  595     0.00007485   
  596     0.00008685   
  597     0.00020268   
  598     0.00032284   
  599     0.00022747   
  600     0.00013510   
  601     0.00064449   
  602     0.00008497   
  603     0.00021660   
  604     0.00041616   
  605     0.00071656   
  606     0.00065988   
  607     0.00066771   
  608     0.00093920   
  609     0.00013479   
  610     0.00017682   
  611     0.00020859   
  612     0.00027987   
  613     0.00003369   
  614     0.00061299   
  615     0.00005945   
  616     0.00009891   
  617     0.00020007   
  618     0.00007847   
  619     0.00028604   
  620     0.00006683   
  621     0.00037228   
  622     0.00002079   
  623     0.00007729   
  624     0.00001391   
