    1     0.00002478   
    2     0.00002021   
    3     0.00002906   
    4     0.00002472   
    5     0.00005449   
    6     0.00010545   
    7     0.00010443   
    8     0.00013184   
    9     0.00016076   
   10     0.00012837   
   11     0.00031445   
   12     0.00133770   
   13     0.00091459   
   14     0.00049680   
   15     0.00036104   
   16     0.00025124   
   17     0.00045726   
   18     0.00018173   
   19     0.00022512   
   20     0.00000748   
   21     0.00002397   
   22     0.00009547   
   23     0.00001576   
   24     0.00002680   
   25     0.00006327   
   26     0.00040814   
   27     0.00005436   
   28     0.00004176   
   29     0.00008179   
   30     0.00001459   
   31     0.00000654   
   32     0.00000187   
   33     0.00009019   
   34     0.00019767   
   35     0.00036044   
   36     0.00052359   
   37     0.00013641   
   38     0.00011397   
   39     0.00009479   
   40     0.00004544   
   41     0.00002487   
   42     0.00004519   
   43     0.00001302   
   44     0.00001085   
   45     0.00000727   
   46     0.00000974   
   47     0.00001463   
   48     0.00000849   
   49     0.00004184   
   50     0.00007985   
   51     0.00019255   
   52     0.00008488   
   53     0.00000799   
   54     0.00002634   
   55     0.00000853   
   56     0.00000580   
   57     0.00001510   
   58     0.00000400   
   59     0.00007254   
   60     0.00000540   
   61     0.00001484   
   62     0.00001050   
   63     0.00000633   
   64     0.00001858   
   65     0.00002204   
   66     0.00004676   
   67     0.00006040   
   68     0.00002059   
   69     0.00008315   
   70     0.00023168   
   71     0.00002222   
   72     0.00002820   
   73     0.00019209   
   74     0.00042934   
   75     0.00009890   
   76     0.00000226   
   77     0.00000814   
   78     0.00000635   
   79     0.00000341   
   80     0.00000064   
   81     0.00002244   
   82     0.00001240   
   83     0.00000149   
   84     0.00000155   
   85     0.00000068   
   86     0.00000301   
   87     0.00000270   
   88     0.00000072   
   89     0.00000088   
   90     0.00000673   
   91     0.00000617   
   92     0.00000474   
   93     0.00001021   
   94     0.00001498   
   95     0.00001123   
   96     0.00004716   
   97     0.00000640   
   98     0.00000299   
   99     0.00000737   
  100     0.00002475   
  101     0.00008354   
  102     0.00010741   
  103     0.00005186   
  104     0.00002133   
  105     0.00001224   
  106     0.00002205   
  107     0.00000454   
  108     0.00000903   
  109     0.00002206   
  110     0.00009007   
  111     0.00013198   
  112     0.00018346   
  113     0.00016449   
  114     0.00027538   
  115     0.00010894   
  116     0.00005551   
  117     0.00007619   
  118     0.00012096   
  119     0.00013106   
  120     0.00008125   
  121     0.00003871   
  122     0.00006829   
  123     0.00012484   
  124     0.00004577   
  125     0.00002059   
  126     0.00001230   
  127     0.00011742   
  128     0.00000635   
  129     0.00002480   
  130     0.00001351   
  131     0.00002021   
  132     0.00001098   
  133     0.00000329   
  134     0.00001796   
  135     0.00004126   
  136     0.00002803   
  137     0.00001705   
  138     0.00002836   
  139     0.00017965   
  140     0.00046523   
  141     0.00043989   
  142     0.00090239   
  143     0.00068637   
  144     0.00036558   
  145     0.00106810   
  146     0.00040428   
  147     0.00603999   
  148     0.00007599   
  149     0.00040908   
  150     0.00237658   
  151     0.00055029   
  152     0.00044650   
  153     0.00042527   
  154     0.00026848   
  155     0.00040495   
  156     0.00015176   
  157     0.00012304   
  158     0.00015937   
  159     0.00005567   
  160     0.00012939   
  161     0.00014055   
  162     0.00003751   
  163     0.00014002   
  164     0.00007473   
  165     0.00005961   
  166     0.00008311   
  167     0.00006618   
  168     0.00021087   
  169     0.00299279   
  170     0.00017512   
  171     0.00022264   
  172     0.00050843   
  173     0.00194147   
  174     0.00048508   
  175     0.00034147   
  176     0.00295720   
  177     0.00118994   
  178     0.00130168   
  179     0.00071056   
  180     0.00048338   
  181     0.00129789   
  182     0.00079621   
  183     0.00073218   
  184     0.00009445   
  185     0.00101731   
  186     0.00238580   
  187     0.00027131   
  188     0.00239636   
  189     0.00145015   
  190     0.00097562   
  191     0.00017533   
  192     0.00026488   
  193     0.00024121   
  194     0.00016806   
  195     0.00016181   
  196     0.00022033   
  197     0.00099463   
  198     0.00056081   
  199     0.00097061   
  200     0.00031479   
  201     0.00036057   
  202     0.00020539   
  203     0.00019240   
  204     0.00028356   
  205     0.00098068   
  206     0.00058192   
  207     0.00372190   
  208     0.00098058   
  209     0.00132953   
  210     0.00663265   
  211     0.00040303   
  212     0.00086621   
  213     0.00145164   
  214     0.00261027   
  215     0.00198505   
  216     0.00191887   
  217     0.00023957   
  218     0.00048584   
  219     0.00053924   
  220     0.00025309   
  221     0.00051385   
  222     0.00057384   
  223     0.00118839   
  224     0.00108708   
  225     0.00013740   
  226     0.00054277   
  227     0.00164267   
  228     0.00053104   
  229     0.00158371   
  230     0.00033331   
  231     0.00086689   
  232     0.00101634   
  233     0.00067085   
  234     0.00046103   
  235     0.00038450   
  236     0.00031021   
  237     0.00032550   
  238     0.00027469   
  239     0.00023462   
  240     0.00051551   
  241     0.00015043   
  242     0.00012377   
  243     0.00007088   
  244     0.00054650   
  245     0.00005326   
  246     0.00001752   
  247     0.00000775   
  248     0.00023519   
  249     0.00000453   
  250     0.00004481   
  251     0.00005489   
  252     0.00008706   
  253     0.00005176   
  254     0.00000141   
  255     0.00000517   
  256     0.00000326   
  257     0.00007977   
  258     0.00001832   
  259     0.00002340   
  260     0.00001085   
  261     0.00003637   
  262     0.00019008   
  263     0.00013427   
  264     0.00001487   
  265     0.00015729   
  266     0.00068816   
  267     0.00076265   
  268     0.00013701   
  269     0.00065467   
  270     0.00075906   
  271     0.00186640   
  272     0.00023219   
  273     0.00025523   
  274     0.00017499   
  275     0.00013744   
  276     0.00002969   
  277     0.00003223   
  278     0.00012070   
  279     0.00030600   
  280     0.00014747   
  281     0.00033885   
  282     0.00002449   
  283     0.00003296   
  284     0.00000474   
  285     0.00003063   
  286     0.00004250   
  287     0.00006116   
  288     0.00001627   
  289     0.00008553   
  290     0.00000812   
  291     0.00000890   
  292     0.00001845   
  293     0.00005633   
  294     0.00018648   
  295     0.00004174   
  296     0.00032484   
  297     0.00008869   
  298     0.00065825   
  299     0.00003522   
  300     0.00023465   
  301     0.00011199   
  302     0.00012639   
  303     0.00003503   
  304     0.00019331   
  305     0.00042872   
  306     0.00006405   
  307     0.00012509   
  308     0.00033637   
  309     0.00086443   
  310     0.00041119   
  311     0.00113758   
  312     0.00110270   
  313     0.00096107   
  314     0.00067253   
  315     0.00186024   
  316     0.00076835   
  317     0.00069487   
  318     0.00066413   
  319     0.00155220   
  320     0.00057161   
  321     0.00044624   
  322     0.00043965   
  323     0.00046418   
  324     0.00032496   
  325     0.00014924   
  326     0.00199123   
  327     0.00053266   
  328     0.00148282   
  329     0.00336241   
  330     0.00051253   
  331     0.00062328   
  332     0.00048297   
  333     0.00025597   
  334     0.00115498   
  335     0.00084404   
  336     0.00118667   
  337     0.00041863   
  338     0.00037559   
  339     0.00026320   
  340     0.00014512   
  341     0.00020438   
  342     0.00017184   
  343     0.00112476   
  344     0.00032840   
  345     0.00286746   
  346     0.00096454   
  347     0.00048698   
  348     0.00019077   
  349     0.00029176   
  350     0.00085080   
  351     0.00025479   
  352     0.00053296   
  353     0.00023713   
  354     0.00015360   
  355     0.00006547   
  356     0.00004076   
  357     0.00084718   
  358     0.00026459   
  359     0.00102717   
  360     0.00060741   
  361     0.00084080   
  362     0.00050033   
  363     0.00166336   
  364     0.00018275   
  365     0.00043105   
  366     0.00030666   
  367     0.00130455   
  368     0.00091544   
  369     0.00141185   
  370     0.00045042   
  371     0.00028180   
  372     0.00042587   
  373     0.00122326   
  374     0.00085154   
  375     0.00020644   
  376     0.00027274   
  377     0.00126820   
  378     0.00040830   
  379     0.00016526   
  380     0.00035338   
  381     0.00070068   
  382     0.00343776   
  383     0.00069375   
  384     0.00009520   
  385     0.00337314   
  386     0.00370318   
  387     0.00072810   
  388     0.00241318   
  389     0.00059238   
  390     0.00238833   
  391     0.00521558   
  392     0.00589153   
  393     0.00043766   
  394     0.00091582   
  395     0.00019327   
  396     0.00028613   
  397     0.00032467   
  398     0.00026825   
  399     0.00020548   
  400     0.00020670   
  401     0.00013648   
  402     0.00273082   
  403     0.00100585   
  404     0.00609971   
  405     0.01513538   
  406     0.00232046   
  407     0.00077121   
  408     0.00044811   
  409     0.00013985   
  410     0.00010663   
  411     0.00064915   
  412     0.00147055   
  413     0.00037977   
  414     0.00006897   
  415     0.00017370   
  416     0.00221365   
  417     0.00042665   
  418     0.00198843   
  419     0.00187018   
  420     0.01038597   
  421     0.00097343   
  422     0.00139543   
  423     0.00055987   
  424     0.00052208   
  425     0.00022340   
  426     0.00015839   
  427     0.00006748   
  428     0.00026137   
  429     0.00089550   
  430     0.00003071   
  431     0.00006243   
  432     0.00002439   
  433     0.00032598   
  434     0.00008614   
  435     0.00008859   
  436     0.00066771   
  437     0.00052320   
  438     0.00049429   
  439     0.00047439   
  440     0.00024936   
  441     0.00037847   
  442     0.00037903   
  443     0.00047831   
  444     0.00018578   
  445     0.00068304   
  446     0.00110845   
  447     0.00094382   
  448     0.00153935   
  449     0.00054975   
  450     0.00017248   
  451     0.00043894   
  452     0.00024915   
  453     0.00019742   
  454     0.00039983   
  455     0.00035292   
  456     0.00060631   
  457     0.00074658   
  458     0.00050757   
  459     0.00018488   
  460     0.00005555   
  461     0.00000828   
  462     0.00011566   
  463     0.00001725   
  464     0.00001658   
  465     0.00001542   
  466     0.00001372   
  467     0.00002381   
  468     0.00000800   
  469     0.00000601   
  470     0.00007603   
  471     0.00013424   
  472     0.00011791   
  473     0.00027112   
  474     0.00044753   
  475     0.00032432   
  476     0.00193724   
  477     0.00268508   
  478     0.00194930   
  479     0.00248333   
  480     0.00105196   
  481     0.00668498   
  482     0.00088119   
  483     0.00168182   
  484     0.00154616   
  485     0.00120237   
  486     0.00060485   
  487     0.00019319   
  488     0.00022478   
  489     0.00010529   
  490     0.00017406   
  491     0.00002918   
  492     0.00001889   
  493     0.00001621   
  494     0.00000389   
  495     0.00005725   
  496     0.00005034   
  497     0.00014673   
  498     0.00030578   
  499     0.00041624   
  500     0.00051653   
  501     0.00039322   
  502     0.00026638   
  503     0.00020520   
  504     0.00045075   
  505     0.00024674   
  506     0.00028652   
  507     0.00064781   
  508     0.00033208   
  509     0.00001533   
  510     0.00008661   
  511     0.00011640   
  512     0.00027972   
  513     0.00009867   
  514     0.00018888   
  515     0.00047783   
  516     0.00005841   
  517     0.00022600   
  518     0.00031766   
  519     0.00041065   
  520     0.00011263   
  521     0.00009693   
  522     0.00030043   
  523     0.00076208   
  524     0.00018329   
  525     0.00000345   
  526     0.00094304   
  527     0.00115297   
  528     0.00053085   
  529     0.00096122   
  530     0.00291005   
  531     0.00816244   
  532     0.00918899   
  533     0.00507656   
  534     0.00731922   
  535     0.01185570   
  536     0.02143534   
  537     0.01380098   
  538     0.00431645   
  539     0.00540408   
  540     0.00355593   
  541     0.00175409   
  542     0.00195469   
  543     0.00054033   
  544     0.00043876   
  545     0.00021493   
  546     0.00022760   
  547     0.00006062   
  548     0.00002686   
  549     0.00011687   
  550     0.00010140   
  551     0.00001396   
  552     0.00000876   
  553     0.00004745   
  554     0.00002533   
  555     0.00000946   
  556     0.00001405   
  557     0.00005133   
  558     0.00001234   
  559     0.00001820   
  560     0.00001178   
  561     0.00016943   
  562     0.00005286   
  563     0.00004415   
  564     0.00003823   
  565     0.00015174   
  566     0.00013739   
  567     0.00009417   
  568     0.00023700   
  569     0.00019496   
  570     0.00023279   
  571     0.00024371   
  572     0.00019516   
  573     0.00035190   
  574     0.00034615   
  575     0.00045551   
  576     0.00351397   
  577     0.00022880   
  578     0.00049980   
  579     0.00544279   
  580     0.00026482   
  581     0.00834151   
  582     0.00029515   
  583     0.00052434   
  584     0.00297038   
  585     0.00448291   
  586     0.00075816   
  587     0.00039977   
  588     0.00041598   
  589     0.00042429   
  590     0.00050919   
  591     0.00020021   
  592     0.00022908   
  593     0.00018889   
  594     0.00040508   
  595     0.00015947   
  596     0.00005182   
  597     0.00005394   
  598     0.00017838   
  599     0.00002741   
  600     0.00001221   
  601     0.00001551   
  602     0.00000650   
  603     0.00000088   
  604     0.00000499   
  605     0.00000087   
    1     0.00004683   
    2     0.00000277   
    3     0.00000303   
    4     0.00003182   
    5     0.00002833   
    6     0.00004115   
    7     0.00022083   
    8     0.00003413   
    9     0.00005181   
   10     0.00001452   
   11     0.00000887   
   12     0.00000209   
   13     0.00001978   
   14     0.00004125   
   15     0.00004451   
   16     0.00003790   
   17     0.00010265   
   18     0.00003559   
   19     0.00005358   
   20     0.00006611   
   21     0.00009965   
   22     0.00001311   
   23     0.00013477   
   24     0.00009096   
   25     0.00001072   
   26     0.00000484   
   27     0.00001033   
   28     0.00001655   
   29     0.00026660   
   30     0.00027549   
   31     0.00009312   
   32     0.00021688   
   33     0.00013817   
   34     0.00027065   
   35     0.00004266   
   36     0.00014905   
   37     0.00007904   
   38     0.00045754   
   39     0.00026898   
   40     0.00022079   
   41     0.00035381   
   42     0.00043938   
   43     0.00039071   
   44     0.00129143   
   45     0.00116655   
   46     0.00033304   
   47     0.00150530   
   48     0.00151247   
   49     0.00042074   
   50     0.00041359   
   51     0.00302588   
   52     0.00119685   
   53     0.00015647   
   54     0.00034999   
   55     0.00003411   
   56     0.00023619   
   57     0.00055795   
   58     0.00037276   
   59     0.00015823   
   60     0.00011484   
   61     0.00004191   
   62     0.00000406   
   63     0.00082564   
   64     0.00024280   
   65     0.00019366   
   66     0.00077706   
   67     0.00017970   
   68     0.00015676   
   69     0.00035377   
   70     0.00000850   
   71     0.00000177   
   72     0.00000070   
   73     0.00000295   
   74     0.00001099   
   75     0.00003051   
   76     0.00006822   
   77     0.00009259   
   78     0.00023832   
   79     0.00006708   
   80     0.00014853   
   81     0.00016180   
   82     0.00025475   
   83     0.00120693   
   84     0.00034825   
   85     0.00060579   
   86     0.00026896   
   87     0.00009838   
   88     0.00003410   
   89     0.00006938   
   90     0.00027857   
   91     0.00022303   
   92     0.00004555   
   93     0.00014360   
   94     0.00007375   
   95     0.00025969   
   96     0.00010381   
   97     0.00016145   
   98     0.00011421   
   99     0.00006209   
  100     0.00002652   
  101     0.00018677   
  102     0.00004943   
  103     0.00003086   
  104     0.00001146   
  105     0.00001816   
  106     0.00000893   
  107     0.00000726   
  108     0.00000176   
  109     0.00000156   
  110     0.00000201   
  111     0.00000171   
  112     0.00000625   
  113     0.00001244   
  114     0.00005552   
  115     0.00016435   
  116     0.00015721   
  117     0.00018782   
  118     0.00139758   
  119     0.00022874   
  120     0.00036616   
  121     0.00098059   
  122     0.00510431   
  123     0.00025640   
  124     0.00027187   
  125     0.00061188   
  126     0.00030183   
  127     0.00018638   
  128     0.00014172   
  129     0.00019570   
  130     0.00015079   
  131     0.00003295   
  132     0.00001490   
  133     0.00011758   
  134     0.00003246   
  135     0.00005416   
  136     0.00006563   
  137     0.00003135   
  138     0.00002239   
  139     0.00002607   
  140     0.00003939   
  141     0.00023399   
  142     0.00018675   
  143     0.00011713   
  144     0.00017130   
  145     0.00023883   
  146     0.00001853   
  147     0.00000758   
  148     0.00003073   
  149     0.00001034   
  150     0.00002106   
  151     0.00010329   
  152     0.00013919   
  153     0.00003505   
  154     0.00009258   
  155     0.00001268   
  156     0.00001140   
  157     0.00004305   
  158     0.00014403   
  159     0.00003183   
  160     0.00004523   
  161     0.00000813   
  162     0.00003835   
  163     0.00005782   
  164     0.00004995   
  165     0.00000942   
  166     0.00003811   
  167     0.00005979   
  168     0.00003691   
  169     0.00016847   
  170     0.00002307   
  171     0.00028992   
  172     0.00059398   
  173     0.00007301   
  174     0.00021281   
  175     0.00004063   
  176     0.00003175   
  177     0.00004978   
  178     0.00005965   
  179     0.00004416   
  180     0.00003306   
  181     0.00000725   
  182     0.00000322   
  183     0.00000848   
  184     0.00007052   
  185     0.00006169   
  186     0.00007994   
  187     0.00022434   
  188     0.00004726   
  189     0.00025619   
  190     0.00169483   
  191     0.00015011   
  192     0.00021038   
  193     0.00033051   
  194     0.00077193   
  195     0.00009060   
  196     0.00038874   
  197     0.00066985   
  198     0.00033484   
  199     0.00004086   
  200     0.00080765   
  201     0.00027798   
  202     0.00201790   
  203     0.00166959   
  204     0.00089408   
  205     0.00013243   
  206     0.00041081   
  207     0.00013833   
  208     0.00020254   
  209     0.00060530   
  210     0.00117941   
  211     0.00074890   
  212     0.00291780   
  213     0.00050890   
  214     0.00024126   
  215     0.00008594   
  216     0.00004431   
  217     0.00001334   
  218     0.00000951   
  219     0.00006348   
  220     0.00009242   
  221     0.00040468   
  222     0.00083911   
  223     0.00058835   
  224     0.00144786   
  225     0.00037317   
  226     0.00053950   
  227     0.00094512   
  228     0.00108353   
  229     0.00103314   
  230     0.00057977   
  231     0.00171656   
  232     0.00267178   
  233     0.00205940   
  234     0.00342737   
  235     0.00496908   
  236     0.00260810   
  237     0.00092607   
  238     0.00057467   
  239     0.00095145   
  240     0.00004796   
  241     0.00206392   
  242     0.00057281   
  243     0.00196390   
  244     0.00052942   
  245     0.00165964   
  246     0.00096763   
  247     0.00109845   
  248     0.00263963   
  249     0.00139458   
  250     0.00087446   
  251     0.00097009   
  252     0.00200693   
  253     0.00195358   
  254     0.00349932   
  255     0.00139761   
  256     0.00179293   
  257     0.00064627   
  258     0.00183970   
  259     0.00203447   
  260     0.00145963   
  261     0.00045451   
  262     0.00052255   
  263     0.00083006   
  264     0.00133662   
  265     0.00058229   
  266     0.00076145   
  267     0.00055955   
  268     0.00025367   
  269     0.00119209   
  270     0.00377827   
  271     0.00092864   
  272     0.00164603   
  273     0.00097447   
  274     0.00074123   
  275     0.00106140   
  276     0.00053171   
  277     0.00027277   
  278     0.00067292   
  279     0.00047129   
  280     0.00032234   
  281     0.00124878   
  282     0.00109508   
  283     0.00180058   
  284     0.00015428   
  285     0.00001071   
  286     0.00000391   
  287     0.00000348   
  288     0.00003377   
  289     0.00000125   
  290     0.00000171   
  291     0.00000080   
  292     0.00000110   
  293     0.00002313   
  294     0.00001042   
  295     0.00003021   
  296     0.00006255   
  297     0.00020021   
  298     0.00046674   
  299     0.00018555   
  300     0.00038064   
  301     0.00277318   
  302     0.00160653   
  303     0.00252938   
  304     0.00193655   
  305     0.00088209   
  306     0.00128937   
  307     0.00062417   
  308     0.00004107   
  309     0.00002747   
  310     0.00002047   
  311     0.00006673   
  312     0.00008631   
  313     0.00003810   
  314     0.00013880   
  315     0.00015570   
  316     0.00020689   
  317     0.00017399   
  318     0.00036534   
  319     0.00031257   
  320     0.00058233   
  321     0.00060147   
  322     0.00137956   
  323     0.00065001   
  324     0.00025025   
  325     0.00026454   
  326     0.00188935   
  327     0.00111698   
  328     0.00141250   
  329     0.00168452   
  330     0.00141191   
  331     0.00277231   
  332     0.00269144   
  333     0.00307518   
  334     0.00153162   
  335     0.00018654   
  336     0.00014207   
  337     0.00011279   
  338     0.00130764   
  339     0.00022965   
  340     0.00022773   
  341     0.00006163   
  342     0.00094196   
  343     0.00009675   
  344     0.00021500   
  345     0.00009929   
  346     0.00004420   
  347     0.00035312   
  348     0.00024690   
  349     0.00008319   
  350     0.00021340   
  351     0.00055132   
  352     0.00029316   
  353     0.00023586   
  354     0.00014695   
  355     0.00028306   
  356     0.00024664   
  357     0.00037343   
  358     0.00004578   
  359     0.00016298   
  360     0.00027463   
  361     0.00033912   
  362     0.00282854   
  363     0.00188203   
  364     0.00026860   
  365     0.00004924   
  366     0.00003096   
  367     0.00011702   
  368     0.00053734   
  369     0.00004960   
  370     0.00010383   
  371     0.00109463   
  372     0.00041062   
  373     0.00012377   
  374     0.00076016   
  375     0.00043556   
  376     0.00014382   
  377     0.00103880   
  378     0.00096940   
  379     0.00025910   
  380     0.00152869   
  381     0.00014487   
  382     0.00016183   
  383     0.00074145   
  384     0.00069480   
  385     0.00035028   
  386     0.00091203   
  387     0.00116486   
  388     0.00011675   
  389     0.00022315   
  390     0.00120359   
  391     0.00220040   
  392     0.00335945   
  393     0.00041604   
  394     0.00026258   
  395     0.00009051   
  396     0.00012373   
  397     0.00021413   
  398     0.00023240   
  399     0.00128079   
  400     0.00053674   
  401     0.00081982   
  402     0.00057744   
  403     0.00104837   
  404     0.00069862   
  405     0.00062267   
  406     0.00004921   
  407     0.00021614   
  408     0.00016775   
  409     0.00013998   
  410     0.00136654   
  411     0.00020554   
  412     0.00060349   
  413     0.00081842   
  414     0.00007366   
  415     0.00030342   
  416     0.00024335   
  417     0.00002678   
  418     0.00000280   
  419     0.00013256   
  420     0.00003146   
  421     0.00001622   
  422     0.00004795   
  423     0.00013695   
  424     0.00007616   
  425     0.00002470   
  426     0.00000651   
  427     0.00015642   
  428     0.00030120   
  429     0.00098481   
  430     0.00037881   
  431     0.00023256   
  432     0.00036960   
  433     0.00034140   
  434     0.00042320   
  435     0.00073609   
  436     0.00248809   
  437     0.00197145   
  438     0.00077516   
  439     0.00138177   
  440     0.00117653   
  441     0.00044989   
  442     0.00070707   
  443     0.00087010   
  444     0.00030944   
  445     0.00069567   
  446     0.00030515   
  447     0.00030079   
  448     0.00031501   
  449     0.00027311   
  450     0.00028418   
  451     0.00036076   
  452     0.00012064   
  453     0.00006292   
  454     0.00004824   
  455     0.00023668   
  456     0.00008042   
  457     0.00004642   
  458     0.00024600   
  459     0.00086743   
  460     0.00088360   
  461     0.00086184   
  462     0.00233596   
  463     0.00183718   
  464     0.00120194   
  465     0.00126306   
  466     0.00116833   
  467     0.00081183   
  468     0.00115361   
  469     0.00036355   
  470     0.00015031   
  471     0.00054980   
  472     0.00096391   
  473     0.00022149   
  474     0.00003155   
  475     0.00022074   
  476     0.00006692   
  477     0.00003900   
  478     0.00022584   
  479     0.00015335   
  480     0.00096573   
  481     0.00103748   
  482     0.00017906   
  483     0.00012389   
  484     0.00047899   
  485     0.00045039   
  486     0.00037060   
  487     0.00020470   
  488     0.00031934   
  489     0.00147613   
  490     0.00103450   
  491     0.00100429   
  492     0.00030716   
  493     0.00029014   
  494     0.00011395   
  495     0.00003984   
  496     0.00001544   
  497     0.00002851   
  498     0.00010197   
  499     0.00004788   
  500     0.00005781   
  501     0.00006021   
  502     0.00002396   
  503     0.00011975   
  504     0.00003982   
  505     0.00006159   
  506     0.00001531   
  507     0.00007720   
  508     0.00019396   
  509     0.00002267   
  510     0.00005029   
  511     0.00003734   
  512     0.00010842   
  513     0.00002965   
  514     0.00000770   
  515     0.00024714   
  516     0.00006275   
  517     0.00001838   
  518     0.00006405   
  519     0.00015121   
  520     0.00001810   
  521     0.00001782   
  522     0.00003674   
  523     0.00023791   
  524     0.00013762   
  525     0.00012767   
  526     0.00008768   
  527     0.00003561   
  528     0.00001965   
  529     0.00005899   
  530     0.00093588   
  531     0.00022931   
  532     0.00035130   
  533     0.00027677   
  534     0.00030526   
  535     0.00021694   
  536     0.00021187   
  537     0.00032367   
  538     0.00055002   
  539     0.00062275   
  540     0.00101368   
  541     0.00021706   
  542     0.00008437   
  543     0.00008389   
  544     0.00004994   
  545     0.00014015   
  546     0.00027892   
  547     0.00033227   
  548     0.00025613   
  549     0.00063737   
  550     0.00043019   
  551     0.00015417   
  552     0.00006118   
  553     0.00101791   
  554     0.00009016   
  555     0.00001983   
  556     0.00002538   
  557     0.00000256   
  558     0.00000528   
  559     0.00000552   
  560     0.00002149   
  561     0.00004613   
  562     0.00012933   
  563     0.00000976   
  564     0.00009140   
  565     0.00013034   
  566     0.00012534   
  567     0.00052055   
  568     0.00048184   
  569     0.00011707   
  570     0.00010655   
  571     0.00013896   
  572     0.00025094   
  573     0.00003377   
  574     0.00004357   
  575     0.00001090   
  576     0.00002815   
  577     0.00011574   
  578     0.00006506   
  579     0.00003913   
  580     0.00030989   
  581     0.00014852   
  582     0.00003110   
  583     0.00004166   
  584     0.00001472   
  585     0.00001688   
  586     0.00000319   
  587     0.00002620   
  588     0.00012540   
  589     0.00006544   
  590     0.00043554   
  591     0.00033142   
  592     0.00056096   
  593     0.00040354   
  594     0.00056802   
  595     0.00085009   
  596     0.00072612   
  597     0.00100634   
  598     0.00092672   
  599     0.00188223   
  600     0.00039408   
  601     0.00035051   
  602     0.00047403   
  603     0.00121665   
  604     0.00025595   
  605     0.00016905   
  606     0.00043788   
  607     0.00027667   
  608     0.00107983   
  609     0.00045996   
  610     0.00161588   
  611     0.00030754   
  612     0.00066687   
  613     0.00033432   
  614     0.00210047   
  615     0.00037179   
  616     0.00059985   
  617     0.00137344   
  618     0.00031223   
  619     0.00137250   
  620     0.00004692   
  621     0.00028035   
  622     0.00002359   
  623     0.00005391   
  624     0.00000370   
    1     0.00000703   
    2     0.00000210   
    3     0.00000131   
    4     0.00001334   
    5     0.00001711   
    6     0.00002252   
    7     0.00009792   
    8     0.00002191   
    9     0.00001478   
   10     0.00000093   
   11     0.00000075   
   12     0.00000121   
   13     0.00000782   
   14     0.00000521   
   15     0.00000120   
   16     0.00000548   
   17     0.00002738   
   18     0.00000025   
   19     0.00000427   
   20     0.00001534   
   21     0.00000219   
   22     0.00000074   
   23     0.00000429   
   24     0.00000402   
   25     0.00000039   
   26     0.00000047   
   27     0.00000381   
   28     0.00000213   
   29     0.00003444   
   30     0.00003345   
   31     0.00001114   
   32     0.00005904   
   33     0.00003116   
   34     0.00013487   
   35     0.00012718   
   36     0.00012286   
   37     0.00024810   
   38     0.00014522   
   39     0.00016093   
   40     0.00023108   
   41     0.00016878   
   42     0.00015864   
   43     0.00032125   
   44     0.00154295   
   45     0.00138825   
   46     0.00017821   
   47     0.00070983   
   48     0.00135944   
   49     0.00001516   
   50     0.00010685   
   51     0.00031987   
   52     0.00044767   
   53     0.00006995   
   54     0.00002135   
   55     0.00001642   
   56     0.00011208   
   57     0.00005184   
   58     0.00009646   
   59     0.00002493   
   60     0.00007412   
   61     0.00000602   
   62     0.00000867   
   63     0.00035315   
   64     0.00039177   
   65     0.00073243   
   66     0.00245618   
   67     0.00116182   
   68     0.00106038   
   69     0.00029876   
   70     0.00000203   
   71     0.00000126   
   72     0.00000075   
   73     0.00000257   
   74     0.00001395   
   75     0.00003235   
   76     0.00006455   
   77     0.00013225   
   78     0.00027729   
   79     0.00039815   
   80     0.00044707   
   81     0.00037809   
   82     0.00026680   
   83     0.00031599   
   84     0.00001943   
   85     0.00010662   
   86     0.00011723   
   87     0.00000365   
   88     0.00000279   
   89     0.00002402   
   90     0.00005707   
   91     0.00006804   
   92     0.00001234   
   93     0.00009060   
   94     0.00002188   
   95     0.00012758   
   96     0.00007316   
   97     0.00012876   
   98     0.00011322   
   99     0.00004856   
  100     0.00002492   
  101     0.00004065   
  102     0.00001684   
  103     0.00000950   
  104     0.00000299   
  105     0.00000518   
  106     0.00000115   
  107     0.00000120   
  108     0.00000188   
  109     0.00000113   
  110     0.00000124   
  111     0.00000127   
  112     0.00000421   
  113     0.00000135   
  114     0.00000599   
  115     0.00001615   
  116     0.00010725   
  117     0.00002763   
  118     0.00015566   
  119     0.00019695   
  120     0.00024343   
  121     0.00028688   
  122     0.00506021   
  123     0.00035008   
  124     0.00039726   
  125     0.00021555   
  126     0.00034082   
  127     0.00011973   
  128     0.00005741   
  129     0.00002623   
  130     0.00005573   
  131     0.00002042   
  132     0.00000410   
  133     0.00000991   
  134     0.00000908   
  135     0.00003856   
  136     0.00002350   
  137     0.00000855   
  138     0.00000734   
  139     0.00000544   
  140     0.00001371   
  141     0.00001804   
  142     0.00001746   
  143     0.00003064   
  144     0.00008208   
  145     0.00010157   
  146     0.00001593   
  147     0.00000656   
  148     0.00002247   
  149     0.00000533   
  150     0.00000599   
  151     0.00000555   
  152     0.00000897   
  153     0.00000617   
  154     0.00001658   
  155     0.00000640   
  156     0.00001172   
  157     0.00001724   
  158     0.00002015   
  159     0.00000199   
  160     0.00003305   
  161     0.00000614   
  162     0.00001147   
  163     0.00001027   
  164     0.00001686   
  165     0.00000151   
  166     0.00000557   
  167     0.00001125   
  168     0.00000348   
  169     0.00000772   
  170     0.00000409   
  171     0.00004249   
  172     0.00012173   
  173     0.00006152   
  174     0.00008307   
  175     0.00005980   
  176     0.00002406   
  177     0.00001810   
  178     0.00004241   
  179     0.00000719   
  180     0.00009919   
  181     0.00003041   
  182     0.00001057   
  183     0.00000326   
  184     0.00003252   
  185     0.00006219   
  186     0.00006857   
  187     0.00013736   
  188     0.00014568   
  189     0.00033062   
  190     0.00277598   
  191     0.00011645   
  192     0.00015773   
  193     0.00041925   
  194     0.00020078   
  195     0.00005576   
  196     0.00009738   
  197     0.00008434   
  198     0.00001321   
  199     0.00001085   
  200     0.00010401   
  201     0.00013942   
  202     0.00071068   
  203     0.00077371   
  204     0.00065695   
  205     0.00024948   
  206     0.00073298   
  207     0.00025354   
  208     0.00040010   
  209     0.00247437   
  210     0.00299782   
  211     0.01303764   
  212     0.01192186   
  213     0.00776337   
  214     0.00394923   
  215     0.00024068   
  216     0.00054051   
  217     0.00013535   
  218     0.00011554   
  219     0.00007817   
  220     0.00166636   
  221     0.00270269   
  222     0.00981996   
  223     0.00317692   
  224     0.00274472   
  225     0.00347590   
  226     0.00125402   
  227     0.00055605   
  228     0.00016189   
  229     0.00037809   
  230     0.00083503   
  231     0.00163384   
  232     0.00062197   
  233     0.00046966   
  234     0.00162970   
  235     0.00106304   
  236     0.00026087   
  237     0.00018398   
  238     0.00033948   
  239     0.00001073   
  240     0.00002606   
  241     0.00014638   
  242     0.00003355   
  243     0.00008096   
  244     0.00009424   
  245     0.00095287   
  246     0.00119146   
  247     0.00021802   
  248     0.00018704   
  249     0.00023378   
  250     0.00016800   
  251     0.00007892   
  252     0.00064441   
  253     0.00141118   
  254     0.00403144   
  255     0.00029049   
  256     0.00061054   
  257     0.00019663   
  258     0.00026138   
  259     0.00021022   
  260     0.00072044   
  261     0.00099139   
  262     0.00057731   
  263     0.00101371   
  264     0.00119719   
  265     0.00087019   
  266     0.00175726   
  267     0.00043553   
  268     0.00022692   
  269     0.00009082   
  270     0.00000765   
  271     0.00000359   
  272     0.00029175   
  273     0.00005181   
  274     0.00019728   
  275     0.00022753   
  276     0.00043565   
  277     0.00042964   
  278     0.00055063   
  279     0.00027287   
  280     0.00063714   
  281     0.00180401   
  282     0.00007771   
  283     0.00017912   
  284     0.00003981   
  285     0.00004043   
  286     0.00000502   
  287     0.00001562   
  288     0.00003604   
  289     0.00000083   
  290     0.00000622   
  291     0.00000165   
  292     0.00000487   
  293     0.00009468   
  294     0.00013238   
  295     0.00018766   
  296     0.00038806   
  297     0.00028636   
  298     0.00019726   
  299     0.00064689   
  300     0.00027506   
  301     0.00067003   
  302     0.00014641   
  303     0.00044735   
  304     0.00073258   
  305     0.00131309   
  306     0.00277271   
  307     0.00235221   
  308     0.00034862   
  309     0.00038378   
  310     0.00146336   
  311     0.00111027   
  312     0.00040953   
  313     0.00040547   
  314     0.00037860   
  315     0.00136635   
  316     0.00111098   
  317     0.00037412   
  318     0.00040975   
  319     0.00074696   
  320     0.00021341   
  321     0.00038663   
  322     0.00165500   
  323     0.00034005   
  324     0.00021843   
  325     0.00015889   
  326     0.00034753   
  327     0.00008013   
  328     0.00006101   
  329     0.00003538   
  330     0.00023152   
  331     0.00002744   
  332     0.00045266   
  333     0.00001128   
  334     0.00058897   
  335     0.00013589   
  336     0.00082733   
  337     0.00002143   
  338     0.00015889   
  339     0.00033908   
  340     0.00037707   
  341     0.00009613   
  342     0.00006421   
  343     0.00001755   
  344     0.00023957   
  345     0.00015149   
  346     0.00015385   
  347     0.00005974   
  348     0.00015483   
  349     0.00008801   
  350     0.00027667   
  351     0.00010204   
  352     0.00038659   
  353     0.00060767   
  354     0.00042626   
  355     0.00135867   
  356     0.00048977   
  357     0.00059879   
  358     0.00032734   
  359     0.00113577   
  360     0.00022017   
  361     0.00023988   
  362     0.00004138   
  363     0.00035541   
  364     0.00008081   
  365     0.00001186   
  366     0.00000810   
  367     0.00001158   
  368     0.00013497   
  369     0.00003333   
  370     0.00046920   
  371     0.00047676   
  372     0.00091369   
  373     0.00042515   
  374     0.00053532   
  375     0.00015958   
  376     0.00002716   
  377     0.00001522   
  378     0.00005879   
  379     0.00001374   
  380     0.00048357   
  381     0.00015536   
  382     0.00015926   
  383     0.00008737   
  384     0.00030040   
  385     0.00093695   
  386     0.00075372   
  387     0.00097763   
  388     0.00041524   
  389     0.00085787   
  390     0.00021152   
  391     0.00007106   
  392     0.00045211   
  393     0.00032957   
  394     0.00047588   
  395     0.00025123   
  396     0.00015716   
  397     0.00026917   
  398     0.00005230   
  399     0.00038741   
  400     0.00010152   
  401     0.00026595   
  402     0.00018893   
  403     0.00047100   
  404     0.00053273   
  405     0.00061705   
  406     0.00003594   
  407     0.00030992   
  408     0.00010505   
  409     0.00008937   
  410     0.00053804   
  411     0.00007316   
  412     0.00062378   
  413     0.00072268   
  414     0.00008431   
  415     0.00008299   
  416     0.00012322   
  417     0.00001173   
  418     0.00001005   
  419     0.00004520   
  420     0.00005201   
  421     0.00000538   
  422     0.00005975   
  423     0.00019019   
  424     0.00010332   
  425     0.00003768   
  426     0.00001138   
  427     0.00029282   
  428     0.00030708   
  429     0.00095161   
  430     0.00027659   
  431     0.00027171   
  432     0.00018681   
  433     0.00012994   
  434     0.00031467   
  435     0.00026804   
  436     0.00073875   
  437     0.00067585   
  438     0.00028130   
  439     0.00071546   
  440     0.00044234   
  441     0.00024516   
  442     0.00038134   
  443     0.00071039   
  444     0.00039188   
  445     0.00099756   
  446     0.00038695   
  447     0.00033875   
  448     0.00043983   
  449     0.00026513   
  450     0.00042693   
  451     0.00044432   
  452     0.00014293   
  453     0.00008797   
  454     0.00007561   
  455     0.00026405   
  456     0.00010641   
  457     0.00007661   
  458     0.00007516   
  459     0.00033525   
  460     0.00040842   
  461     0.00025198   
  462     0.00090105   
  463     0.00080527   
  464     0.00042461   
  465     0.00029585   
  466     0.00102079   
  467     0.00039370   
  468     0.00032656   
  469     0.00031901   
  470     0.00011094   
  471     0.00027527   
  472     0.00158342   
  473     0.00046318   
  474     0.00002442   
  475     0.00031653   
  476     0.00016574   
  477     0.00001220   
  478     0.00015693   
  479     0.00020981   
  480     0.00153695   
  481     0.00104104   
  482     0.00011057   
  483     0.00016632   
  484     0.00042663   
  485     0.00032299   
  486     0.00026995   
  487     0.00010557   
  488     0.00021222   
  489     0.00119597   
  490     0.00099552   
  491     0.00088865   
  492     0.00011946   
  493     0.00019368   
  494     0.00012911   
  495     0.00007270   
  496     0.00001220   
  497     0.00004910   
  498     0.00005347   
  499     0.00003917   
  500     0.00012143   
  501     0.00017006   
  502     0.00000969   
  503     0.00014232   
  504     0.00006189   
  505     0.00005874   
  506     0.00004299   
  507     0.00004461   
  508     0.00021391   
  509     0.00003381   
  510     0.00005145   
  511     0.00005385   
  512     0.00022073   
  513     0.00005419   
  514     0.00001474   
  515     0.00021903   
  516     0.00010562   
  517     0.00002289   
  518     0.00001347   
  519     0.00011432   
  520     0.00002644   
  521     0.00000221   
  522     0.00001528   
  523     0.00005816   
  524     0.00012633   
  525     0.00014220   
  526     0.00013833   
  527     0.00021861   
  528     0.00022841   
  529     0.00031865   
  530     0.00099370   
  531     0.00038303   
  532     0.00069966   
  533     0.00020388   
  534     0.00040889   
  535     0.00109550   
  536     0.00081631   
  537     0.00079746   
  538     0.00080869   
  539     0.00034189   
  540     0.00050071   
  541     0.00012553   
  542     0.00005088   
  543     0.00005992   
  544     0.00003013   
  545     0.00010313   
  546     0.00020526   
  547     0.00025284   
  548     0.00024900   
  549     0.00047133   
  550     0.00042325   
  551     0.00018044   
  552     0.00003694   
  553     0.00056062   
  554     0.00008929   
  555     0.00001154   
  556     0.00001198   
  557     0.00000205   
  558     0.00000346   
  559     0.00000732   
  560     0.00002122   
  561     0.00004507   
  562     0.00012018   
  563     0.00001319   
  564     0.00012968   
  565     0.00013433   
  566     0.00010535   
  567     0.00024014   
  568     0.00033631   
  569     0.00014093   
  570     0.00013191   
  571     0.00038828   
  572     0.00048296   
  573     0.00013963   
  574     0.00007615   
  575     0.00001998   
  576     0.00001810   
  577     0.00013739   
  578     0.00008759   
  579     0.00004065   
  580     0.00044035   
  581     0.00015272   
  582     0.00008782   
  583     0.00001418   
  584     0.00005700   
  585     0.00000626   
  586     0.00001853   
  587     0.00000667   
  588     0.00005876   
  589     0.00008232   
  590     0.00007905   
  591     0.00055172   
  592     0.00088265   
  593     0.00036319   
  594     0.00085542   
  595     0.00120226   
  596     0.00150302   
  597     0.00065057   
  598     0.00178503   
  599     0.00260041   
  600     0.00070344   
  601     0.00106335   
  602     0.00048999   
  603     0.00058618   
  604     0.00035134   
  605     0.00053216   
  606     0.00023469   
  607     0.00045902   
  608     0.00354152   
  609     0.00180307   
  610     0.00443445   
  611     0.00050177   
  612     0.00168503   
  613     0.00156831   
  614     0.00715532   
  615     0.00118172   
  616     0.00055450   
  617     0.00273922   
  618     0.00037715   
  619     0.00028568   
  620     0.00012226   
  621     0.00077926   
  622     0.00017053   
  623     0.00046208   
  624     0.00007461   
