    1     0.00000792   
    2     0.00000305   
    3     0.00000985   
    4     0.00000401   
    5     0.00001657   
    6     0.00001695   
    7     0.00006526   
    8     0.00003649   
    9     0.00028740   
   10     0.00005949   
   11     0.00013839   
   12     0.00023495   
   13     0.00012768   
   14     0.00005530   
   15     0.00004971   
   16     0.00003469   
   17     0.00003241   
   18     0.00002028   
   19     0.00002949   
   20     0.00000156   
   21     0.00000396   
   22     0.00001268   
   23     0.00000311   
   24     0.00000573   
   25     0.00001259   
   26     0.00002872   
   27     0.00001726   
   28     0.00001126   
   29     0.00000964   
   30     0.00000318   
   31     0.00000139   
   32     0.00000097   
   33     0.00004343   
   34     0.00003754   
   35     0.00005562   
   36     0.00005531   
   37     0.00006704   
   38     0.00008480   
   39     0.00005246   
   40     0.00005789   
   41     0.00003015   
   42     0.00003522   
   43     0.00007057   
   44     0.00002608   
   45     0.00002223   
   46     0.00002910   
   47     0.00004416   
   48     0.00013050   
   49     0.00006937   
   50     0.00004724   
   51     0.00003388   
   52     0.00006178   
   53     0.00002400   
   54     0.00007347   
   55     0.00004046   
   56     0.00001172   
   57     0.00002637   
   58     0.00000298   
   59     0.00000399   
   60     0.00000317   
   61     0.00000405   
   62     0.00000867   
   63     0.00000320   
   64     0.00000690   
   65     0.00001050   
   66     0.00006102   
   67     0.00004205   
   68     0.00012547   
   69     0.00013141   
   70     0.00045164   
   71     0.00001656   
   72     0.00003875   
   73     0.00005746   
   74     0.00028265   
   75     0.00007158   
   76     0.00000648   
   77     0.00000252   
   78     0.00002182   
   79     0.00001919   
   80     0.00000243   
   81     0.00023011   
   82     0.00001648   
   83     0.00000851   
   84     0.00000202   
   85     0.00000368   
   86     0.00000251   
   87     0.00000348   
   88     0.00000433   
   89     0.00001402   
   90     0.00001153   
   91     0.00000325   
   92     0.00000394   
   93     0.00000241   
   94     0.00000478   
   95     0.00000359   
   96     0.00001754   
   97     0.00000474   
   98     0.00000333   
   99     0.00000778   
  100     0.00003225   
  101     0.00003597   
  102     0.00005105   
  103     0.00004394   
  104     0.00000691   
  105     0.00004016   
  106     0.00002305   
  107     0.00000306   
  108     0.00000985   
  109     0.00000996   
  110     0.00007053   
  111     0.00006863   
  112     0.00007774   
  113     0.00015948   
  114     0.00006901   
  115     0.00011870   
  116     0.00006972   
  117     0.00005651   
  118     0.00024789   
  119     0.00005814   
  120     0.00005048   
  121     0.00001195   
  122     0.00002370   
  123     0.00002355   
  124     0.00002388   
  125     0.00000672   
  126     0.00000416   
  127     0.00000683   
  128     0.00000265   
  129     0.00000335   
  130     0.00000073   
  131     0.00000024   
  132     0.00000103   
  133     0.00000083   
  134     0.00000332   
  135     0.00000977   
  136     0.00000709   
  137     0.00000488   
  138     0.00003226   
  139     0.00005667   
  140     0.00012587   
  141     0.00013117   
  142     0.00042179   
  143     0.00007749   
  144     0.00023718   
  145     0.00023846   
  146     0.00017835   
  147     0.00034307   
  148     0.00002129   
  149     0.00006299   
  150     0.00038711   
  151     0.00013311   
  152     0.00007188   
  153     0.00012482   
  154     0.00038789   
  155     0.00009078   
  156     0.00003070   
  157     0.00005659   
  158     0.00001618   
  159     0.00000445   
  160     0.00003513   
  161     0.00004535   
  162     0.00001299   
  163     0.00001027   
  164     0.00000789   
  165     0.00002479   
  166     0.00003706   
  167     0.00008240   
  168     0.00017893   
  169     0.00077214   
  170     0.00008334   
  171     0.00003152   
  172     0.00011596   
  173     0.00046516   
  174     0.00001920   
  175     0.00002821   
  176     0.00033547   
  177     0.00008627   
  178     0.00006387   
  179     0.00009019   
  180     0.00015384   
  181     0.00020703   
  182     0.00012783   
  183     0.00024845   
  184     0.00004567   
  185     0.00030723   
  186     0.00042130   
  187     0.00024377   
  188     0.00068194   
  189     0.00008587   
  190     0.00011621   
  191     0.00006586   
  192     0.00005201   
  193     0.00005620   
  194     0.00005361   
  195     0.00006968   
  196     0.00025730   
  197     0.00045126   
  198     0.00027263   
  199     0.00004350   
  200     0.00010205   
  201     0.00006019   
  202     0.00010114   
  203     0.00010198   
  204     0.00004412   
  205     0.00021250   
  206     0.00012867   
  207     0.00071531   
  208     0.00084008   
  209     0.00017696   
  210     0.00102948   
  211     0.00079094   
  212     0.00014380   
  213     0.00011059   
  214     0.00036447   
  215     0.00110938   
  216     0.00040747   
  217     0.00014698   
  218     0.00021327   
  219     0.00011009   
  220     0.00006130   
  221     0.00021199   
  222     0.00023046   
  223     0.00011659   
  224     0.00012211   
  225     0.00026960   
  226     0.00011274   
  227     0.00039090   
  228     0.00061399   
  229     0.00036551   
  230     0.00019581   
  231     0.00028651   
  232     0.00063795   
  233     0.00056664   
  234     0.00070443   
  235     0.00018478   
  236     0.00007350   
  237     0.00074688   
  238     0.00072391   
  239     0.00018740   
  240     0.00064829   
  241     0.00040048   
  242     0.00020468   
  243     0.00012000   
  244     0.00063714   
  245     0.00005646   
  246     0.00002987   
  247     0.00001279   
  248     0.00010119   
  249     0.00000686   
  250     0.00004657   
  251     0.00008905   
  252     0.00015953   
  253     0.00009360   
  254     0.00004978   
  255     0.00003144   
  256     0.00003699   
  257     0.00006729   
  258     0.00051540   
  259     0.00020880   
  260     0.00010883   
  261     0.00032163   
  262     0.00071828   
  263     0.00070363   
  264     0.00034701   
  265     0.00017653   
  266     0.00025023   
  267     0.00074508   
  268     0.00052966   
  269     0.00010908   
  270     0.00022859   
  271     0.00096444   
  272     0.00024259   
  273     0.00016228   
  274     0.00044086   
  275     0.00092338   
  276     0.00014035   
  277     0.00015087   
  278     0.00027754   
  279     0.00016378   
  280     0.00009733   
  281     0.00022396   
  282     0.00005738   
  283     0.00021577   
  284     0.00002185   
  285     0.00006883   
  286     0.00067340   
  287     0.00061489   
  288     0.00025967   
  289     0.00027970   
  290     0.00003554   
  291     0.00011675   
  292     0.00002741   
  293     0.00016730   
  294     0.00047334   
  295     0.00030799   
  296     0.00055851   
  297     0.00030317   
  298     0.00097364   
  299     0.00025511   
  300     0.00043104   
  301     0.00010117   
  302     0.00019049   
  303     0.00003474   
  304     0.00004104   
  305     0.00008431   
  306     0.00001722   
  307     0.00002539   
  308     0.00011774   
  309     0.00013677   
  310     0.00003845   
  311     0.00018737   
  312     0.00036867   
  313     0.00007032   
  314     0.00007437   
  315     0.00033968   
  316     0.00030274   
  317     0.00014241   
  318     0.00022224   
  319     0.00019789   
  320     0.00026102   
  321     0.00018508   
  322     0.00007785   
  323     0.00016294   
  324     0.00029934   
  325     0.00020859   
  326     0.00006781   
  327     0.00030607   
  328     0.00046024   
  329     0.00042090   
  330     0.00009873   
  331     0.00011206   
  332     0.00002070   
  333     0.00000818   
  334     0.00002065   
  335     0.00004211   
  336     0.00016187   
  337     0.00004295   
  338     0.00002635   
  339     0.00005047   
  340     0.00008393   
  341     0.00014073   
  342     0.00028640   
  343     0.00041478   
  344     0.00016091   
  345     0.00100741   
  346     0.00067533   
  347     0.00037230   
  348     0.00011078   
  349     0.00005845   
  350     0.00008256   
  351     0.00010539   
  352     0.00004313   
  353     0.00005561   
  354     0.00003220   
  355     0.00002061   
  356     0.00006035   
  357     0.00007452   
  358     0.00000400   
  359     0.00003581   
  360     0.00003375   
  361     0.00007715   
  362     0.00006093   
  363     0.00015358   
  364     0.00002551   
  365     0.00006541   
  366     0.00007600   
  367     0.00039493   
  368     0.00032760   
  369     0.00014707   
  370     0.00004122   
  371     0.00009981   
  372     0.00005269   
  373     0.00003643   
  374     0.00004437   
  375     0.00005586   
  376     0.00002633   
  377     0.00007407   
  378     0.00003608   
  379     0.00001841   
  380     0.00004541   
  381     0.00010749   
  382     0.00032497   
  383     0.00008346   
  384     0.00005307   
  385     0.00039400   
  386     0.00046403   
  387     0.00030046   
  388     0.00087060   
  389     0.00036089   
  390     0.00025570   
  391     0.00030084   
  392     0.00096046   
  393     0.00044389   
  394     0.00034552   
  395     0.00025546   
  396     0.00056960   
  397     0.00123298   
  398     0.00045317   
  399     0.00041556   
  400     0.00018521   
  401     0.00052354   
  402     0.00225607   
  403     0.00127243   
  404     0.00145684   
  405     0.00250543   
  406     0.00102341   
  407     0.00187987   
  408     0.00071954   
  409     0.00086636   
  410     0.00154956   
  411     0.00115395   
  412     0.00033319   
  413     0.00022138   
  414     0.00044710   
  415     0.00014236   
  416     0.00039105   
  417     0.00030023   
  418     0.00138619   
  419     0.00044376   
  420     0.00039136   
  421     0.00032944   
  422     0.00033343   
  423     0.00034220   
  424     0.00020372   
  425     0.00019183   
  426     0.00020234   
  427     0.00008247   
  428     0.00040707   
  429     0.00127468   
  430     0.00004012   
  431     0.00007599   
  432     0.00002702   
  433     0.00056132   
  434     0.00012469   
  435     0.00008625   
  436     0.00145935   
  437     0.00080195   
  438     0.00134629   
  439     0.00045046   
  440     0.00016698   
  441     0.00048686   
  442     0.00063964   
  443     0.00043986   
  444     0.00300922   
  445     0.00060822   
  446     0.00182240   
  447     0.00131292   
  448     0.00128269   
  449     0.00086007   
  450     0.00008138   
  451     0.00044150   
  452     0.00126265   
  453     0.00041004   
  454     0.00063499   
  455     0.00087529   
  456     0.00089027   
  457     0.00138181   
  458     0.00085903   
  459     0.00034221   
  460     0.00010683   
  461     0.00002006   
  462     0.00013831   
  463     0.00002019   
  464     0.00001870   
  465     0.00002173   
  466     0.00001927   
  467     0.00003153   
  468     0.00002424   
  469     0.00000897   
  470     0.00007241   
  471     0.00005479   
  472     0.00005946   
  473     0.00030125   
  474     0.00033200   
  475     0.00047786   
  476     0.00061169   
  477     0.00024990   
  478     0.00020649   
  479     0.00025561   
  480     0.00064887   
  481     0.00248892   
  482     0.00037973   
  483     0.00041265   
  484     0.00045109   
  485     0.00007508   
  486     0.00009171   
  487     0.00019296   
  488     0.00022098   
  489     0.00016720   
  490     0.00018690   
  491     0.00001937   
  492     0.00001738   
  493     0.00001231   
  494     0.00000195   
  495     0.00005008   
  496     0.00008097   
  497     0.00019811   
  498     0.00017281   
  499     0.00048535   
  500     0.00028602   
  501     0.00072655   
  502     0.00051067   
  503     0.00277470   
  504     0.00128327   
  505     0.00058484   
  506     0.00258203   
  507     0.00167980   
  508     0.00076859   
  509     0.00011027   
  510     0.00026953   
  511     0.00052939   
  512     0.00089313   
  513     0.00019128   
  514     0.00096651   
  515     0.00209091   
  516     0.00087303   
  517     0.00133797   
  518     0.00082806   
  519     0.00119693   
  520     0.00088378   
  521     0.00048822   
  522     0.00028766   
  523     0.00140847   
  524     0.00040663   
  525     0.00054789   
  526     0.00132041   
  527     0.00110145   
  528     0.00144127   
  529     0.00119374   
  530     0.00117433   
  531     0.00192506   
  532     0.00418188   
  533     0.00339211   
  534     0.00060479   
  535     0.00211256   
  536     0.00320018   
  537     0.00078251   
  538     0.00037425   
  539     0.00150207   
  540     0.00068797   
  541     0.00031212   
  542     0.00070283   
  543     0.00050885   
  544     0.00033362   
  545     0.00011205   
  546     0.00041162   
  547     0.00025185   
  548     0.00026777   
  549     0.00014517   
  550     0.00017410   
  551     0.00012159   
  552     0.00002832   
  553     0.00003543   
  554     0.00003656   
  555     0.00001202   
  556     0.00003178   
  557     0.00006838   
  558     0.00003632   
  559     0.00003997   
  560     0.00002514   
  561     0.00053201   
  562     0.00008870   
  563     0.00012052   
  564     0.00015573   
  565     0.00010966   
  566     0.00021528   
  567     0.00025201   
  568     0.00039051   
  569     0.00010621   
  570     0.00032216   
  571     0.00039938   
  572     0.00008086   
  573     0.00028986   
  574     0.00032821   
  575     0.00028455   
  576     0.00100332   
  577     0.00013203   
  578     0.00027926   
  579     0.00265769   
  580     0.00012086   
  581     0.00349552   
  582     0.00008205   
  583     0.00023250   
  584     0.00061750   
  585     0.00200051   
  586     0.00027197   
  587     0.00024249   
  588     0.00128593   
  589     0.00054848   
  590     0.00028480   
  591     0.00027197   
  592     0.00026043   
  593     0.00012537   
  594     0.00070710   
  595     0.00005653   
  596     0.00009834   
  597     0.00011539   
  598     0.00013720   
  599     0.00012455   
  600     0.00003114   
  601     0.00003103   
  602     0.00004251   
  603     0.00001104   
  604     0.00002388   
  605     0.00001188   
    1     0.00002177   
    2     0.00000343   
    3     0.00000429   
    4     0.00002891   
    5     0.00001878   
    6     0.00004438   
    7     0.00007054   
    8     0.00003446   
    9     0.00001615   
   10     0.00000368   
   11     0.00002109   
   12     0.00002065   
   13     0.00006473   
   14     0.00021359   
   15     0.00005188   
   16     0.00008677   
   17     0.00007420   
   18     0.00001320   
   19     0.00008419   
   20     0.00023668   
   21     0.00007763   
   22     0.00000953   
   23     0.00002064   
   24     0.00006864   
   25     0.00000190   
   26     0.00000758   
   27     0.00000833   
   28     0.00003420   
   29     0.00013463   
   30     0.00007966   
   31     0.00005600   
   32     0.00011988   
   33     0.00004742   
   34     0.00028652   
   35     0.00010251   
   36     0.00024128   
   37     0.00032935   
   38     0.00135343   
   39     0.00033833   
   40     0.00024143   
   41     0.00022798   
   42     0.00026081   
   43     0.00033359   
   44     0.00086737   
   45     0.00017156   
   46     0.00019725   
   47     0.00075459   
   48     0.00130623   
   49     0.00012622   
   50     0.00025534   
   51     0.00025659   
   52     0.00019760   
   53     0.00003460   
   54     0.00004947   
   55     0.00001875   
   56     0.00013947   
   57     0.00016774   
   58     0.00016892   
   59     0.00007784   
   60     0.00004497   
   61     0.00002126   
   62     0.00000400   
   63     0.00027906   
   64     0.00015715   
   65     0.00010061   
   66     0.00008477   
   67     0.00004876   
   68     0.00006769   
   69     0.00008466   
   70     0.00001674   
   71     0.00000718   
   72     0.00000199   
   73     0.00000470   
   74     0.00002523   
   75     0.00004631   
   76     0.00004006   
   77     0.00004372   
   78     0.00010205   
   79     0.00003646   
   80     0.00004834   
   81     0.00005998   
   82     0.00006805   
   83     0.00026151   
   84     0.00007370   
   85     0.00033202   
   86     0.00023421   
   87     0.00000784   
   88     0.00000259   
   89     0.00004260   
   90     0.00016193   
   91     0.00012006   
   92     0.00004817   
   93     0.00023424   
   94     0.00009535   
   95     0.00013158   
   96     0.00023150   
   97     0.00007163   
   98     0.00010283   
   99     0.00008444   
  100     0.00005406   
  101     0.00005860   
  102     0.00008564   
  103     0.00007763   
  104     0.00001972   
  105     0.00005305   
  106     0.00004006   
  107     0.00003036   
  108     0.00000699   
  109     0.00001240   
  110     0.00001472   
  111     0.00001104   
  112     0.00002341   
  113     0.00002010   
  114     0.00008407   
  115     0.00008291   
  116     0.00009243   
  117     0.00010520   
  118     0.00081848   
  119     0.00006468   
  120     0.00004710   
  121     0.00002052   
  122     0.00048157   
  123     0.00067243   
  124     0.00003996   
  125     0.00016944   
  126     0.00034497   
  127     0.00014658   
  128     0.00007683   
  129     0.00011063   
  130     0.00011466   
  131     0.00006265   
  132     0.00025965   
  133     0.00009691   
  134     0.00005780   
  135     0.00006946   
  136     0.00004688   
  137     0.00002999   
  138     0.00002005   
  139     0.00001108   
  140     0.00001685   
  141     0.00003942   
  142     0.00002750   
  143     0.00004718   
  144     0.00020991   
  145     0.00019704   
  146     0.00003001   
  147     0.00002392   
  148     0.00005440   
  149     0.00001653   
  150     0.00001808   
  151     0.00004906   
  152     0.00002318   
  153     0.00001661   
  154     0.00001194   
  155     0.00003520   
  156     0.00001020   
  157     0.00006212   
  158     0.00020049   
  159     0.00011093   
  160     0.00003508   
  161     0.00002033   
  162     0.00004716   
  163     0.00002576   
  164     0.00005761   
  165     0.00001737   
  166     0.00004293   
  167     0.00003279   
  168     0.00002356   
  169     0.00009507   
  170     0.00001537   
  171     0.00011891   
  172     0.00023062   
  173     0.00001550   
  174     0.00007017   
  175     0.00002833   
  176     0.00002735   
  177     0.00003697   
  178     0.00006348   
  179     0.00002386   
  180     0.00004206   
  181     0.00007148   
  182     0.00000284   
  183     0.00000255   
  184     0.00002183   
  185     0.00000604   
  186     0.00000304   
  187     0.00002114   
  188     0.00001853   
  189     0.00001187   
  190     0.00003147   
  191     0.00000704   
  192     0.00000517   
  193     0.00002111   
  194     0.00005145   
  195     0.00001547   
  196     0.00010941   
  197     0.00013046   
  198     0.00008292   
  199     0.00000587   
  200     0.00039681   
  201     0.00013445   
  202     0.00051730   
  203     0.00025146   
  204     0.00026838   
  205     0.00005384   
  206     0.00050038   
  207     0.00010414   
  208     0.00024001   
  209     0.00012676   
  210     0.00008680   
  211     0.00012456   
  212     0.00004142   
  213     0.00004655   
  214     0.00002177   
  215     0.00000310   
  216     0.00000860   
  217     0.00000280   
  218     0.00000494   
  219     0.00000775   
  220     0.00004347   
  221     0.00002820   
  222     0.00013976   
  223     0.00001092   
  224     0.00012634   
  225     0.00003286   
  226     0.00017947   
  227     0.00005210   
  228     0.00018286   
  229     0.00015937   
  230     0.00030767   
  231     0.00061863   
  232     0.00020971   
  233     0.00034764   
  234     0.00084404   
  235     0.00050269   
  236     0.00022219   
  237     0.00040467   
  238     0.00024705   
  239     0.00002854   
  240     0.00001211   
  241     0.00005890   
  242     0.00001526   
  243     0.00000863   
  244     0.00005014   
  245     0.00026778   
  246     0.00045973   
  247     0.00039961   
  248     0.00069279   
  249     0.00043833   
  250     0.00074091   
  251     0.00022445   
  252     0.00035437   
  253     0.00044333   
  254     0.00018752   
  255     0.00061095   
  256     0.00026441   
  257     0.00005802   
  258     0.00057196   
  259     0.00032102   
  260     0.00071433   
  261     0.00062144   
  262     0.00093894   
  263     0.00036362   
  264     0.00073851   
  265     0.00013397   
  266     0.00026488   
  267     0.00024053   
  268     0.00025265   
  269     0.00037648   
  270     0.00078760   
  271     0.00040744   
  272     0.00082341   
  273     0.00047439   
  274     0.00022214   
  275     0.00024487   
  276     0.00019218   
  277     0.00015218   
  278     0.00131890   
  279     0.00170206   
  280     0.00273238   
  281     0.01752334   
  282     0.00048009   
  283     0.00355699   
  284     0.00771037   
  285     0.03046175   
  286     0.01131965   
  287     0.01538003   
  288     0.04241881   
  289     0.00187688   
  290     0.01177289   
  291     0.01073882   
  292     0.00808609   
  293     0.02180789   
  294     0.02804289   
  295     0.00282686   
  296     0.01016860   
  297     0.00091495   
  298     0.00084542   
  299     0.00113591   
  300     0.00024252   
  301     0.00039364   
  302     0.00011145   
  303     0.00015134   
  304     0.00063617   
  305     0.00078663   
  306     0.00066097   
  307     0.00237121   
  308     0.00099746   
  309     0.00769214   
  310     0.00159150   
  311     0.01056631   
  312     0.00175464   
  313     0.00166795   
  314     0.00705691   
  315     0.00260072   
  316     0.00088997   
  317     0.00127184   
  318     0.00621301   
  319     0.02754379   
  320     0.01394709   
  321     0.00572393   
  322     0.00266881   
  323     0.00079223   
  324     0.00092518   
  325     0.00050548   
  326     0.00066772   
  327     0.00021401   
  328     0.00014075   
  329     0.00021546   
  330     0.00014098   
  331     0.00014116   
  332     0.00018926   
  333     0.00011061   
  334     0.00027281   
  335     0.00003185   
  336     0.00043132   
  337     0.00006386   
  338     0.00083051   
  339     0.00017201   
  340     0.00222433   
  341     0.00011701   
  342     0.00027185   
  343     0.00007758   
  344     0.00019450   
  345     0.00049557   
  346     0.00022399   
  347     0.00033152   
  348     0.00064331   
  349     0.00098713   
  350     0.00164471   
  351     0.00116432   
  352     0.00028798   
  353     0.00097431   
  354     0.00083448   
  355     0.00055208   
  356     0.00243294   
  357     0.00034702   
  358     0.00027966   
  359     0.00061217   
  360     0.00018663   
  361     0.00008655   
  362     0.00041472   
  363     0.00020130   
  364     0.00007965   
  365     0.00001040   
  366     0.00003678   
  367     0.00005204   
  368     0.00034588   
  369     0.00008450   
  370     0.00006674   
  371     0.00021075   
  372     0.00047064   
  373     0.00021563   
  374     0.00045883   
  375     0.00063867   
  376     0.00010772   
  377     0.00277011   
  378     0.00286945   
  379     0.00115116   
  380     0.00050705   
  381     0.00079005   
  382     0.00094752   
  383     0.00037608   
  384     0.00092424   
  385     0.00091110   
  386     0.00111615   
  387     0.00075621   
  388     0.00028565   
  389     0.00015828   
  390     0.00008505   
  391     0.00006957   
  392     0.00064038   
  393     0.00028295   
  394     0.00045428   
  395     0.00017524   
  396     0.00019071   
  397     0.00041194   
  398     0.00025106   
  399     0.00015275   
  400     0.00080544   
  401     0.00115710   
  402     0.00056505   
  403     0.00033755   
  404     0.00031666   
  405     0.00026210   
  406     0.00024426   
  407     0.00011155   
  408     0.00008718   
  409     0.00011176   
  410     0.00029139   
  411     0.00004815   
  412     0.00012766   
  413     0.00053285   
  414     0.00040563   
  415     0.00047991   
  416     0.00053142   
  417     0.00007408   
  418     0.00003635   
  419     0.00095033   
  420     0.00024214   
  421     0.00009752   
  422     0.00059508   
  423     0.00068538   
  424     0.00033596   
  425     0.00010430   
  426     0.00003518   
  427     0.00046748   
  428     0.00032198   
  429     0.00122687   
  430     0.00076530   
  431     0.00042037   
  432     0.00026996   
  433     0.00013827   
  434     0.00050886   
  435     0.00047000   
  436     0.00062029   
  437     0.00043469   
  438     0.00022169   
  439     0.00042315   
  440     0.00024181   
  441     0.00019795   
  442     0.00019459   
  443     0.00039290   
  444     0.00022637   
  445     0.00011983   
  446     0.00024015   
  447     0.00052923   
  448     0.00051570   
  449     0.00100678   
  450     0.00083177   
  451     0.00030753   
  452     0.00123651   
  453     0.00028911   
  454     0.00042847   
  455     0.00155656   
  456     0.00106593   
  457     0.00039195   
  458     0.00037457   
  459     0.00019132   
  460     0.00062670   
  461     0.00021429   
  462     0.00041470   
  463     0.00035063   
  464     0.00030919   
  465     0.00052513   
  466     0.00176314   
  467     0.00027849   
  468     0.00073604   
  469     0.00082857   
  470     0.00032595   
  471     0.00027726   
  472     0.00182913   
  473     0.00032238   
  474     0.00003440   
  475     0.00016600   
  476     0.00003905   
  477     0.00001046   
  478     0.00006625   
  479     0.00020267   
  480     0.00099779   
  481     0.00189248   
  482     0.00094084   
  483     0.00051013   
  484     0.00079846   
  485     0.00129306   
  486     0.00038898   
  487     0.00064803   
  488     0.00047017   
  489     0.00220783   
  490     0.00060706   
  491     0.00054277   
  492     0.00046517   
  493     0.00063413   
  494     0.00011992   
  495     0.00021825   
  496     0.00004099   
  497     0.00011846   
  498     0.00016691   
  499     0.00005298   
  500     0.00013969   
  501     0.00009535   
  502     0.00004202   
  503     0.00016038   
  504     0.00018215   
  505     0.00018874   
  506     0.00006538   
  507     0.00005108   
  508     0.00052004   
  509     0.00010035   
  510     0.00005354   
  511     0.00005957   
  512     0.00030780   
  513     0.00006270   
  514     0.00002086   
  515     0.00009273   
  516     0.00008026   
  517     0.00003649   
  518     0.00002976   
  519     0.00044277   
  520     0.00002975   
  521     0.00003059   
  522     0.00007672   
  523     0.00020729   
  524     0.00023731   
  525     0.00009514   
  526     0.00005410   
  527     0.00005341   
  528     0.00020588   
  529     0.00010123   
  530     0.00050378   
  531     0.00016338   
  532     0.00057129   
  533     0.00167997   
  534     0.00041742   
  535     0.00170154   
  536     0.00028811   
  537     0.00030171   
  538     0.00029347   
  539     0.00075259   
  540     0.00105057   
  541     0.00037142   
  542     0.00030070   
  543     0.00039379   
  544     0.00012432   
  545     0.00052323   
  546     0.00042612   
  547     0.00111868   
  548     0.00058746   
  549     0.00218887   
  550     0.00035048   
  551     0.00152294   
  552     0.00104729   
  553     0.00097448   
  554     0.00044825   
  555     0.00033802   
  556     0.00016411   
  557     0.00009035   
  558     0.00006867   
  559     0.00007635   
  560     0.00014050   
  561     0.00028915   
  562     0.00070696   
  563     0.00007432   
  564     0.00046373   
  565     0.00041863   
  566     0.00023893   
  567     0.00024171   
  568     0.00034357   
  569     0.00019950   
  570     0.00038866   
  571     0.00007471   
  572     0.00035254   
  573     0.00021996   
  574     0.00065054   
  575     0.00003419   
  576     0.00003990   
  577     0.00024982   
  578     0.00015570   
  579     0.00016281   
  580     0.00051907   
  581     0.00030990   
  582     0.00003724   
  583     0.00019899   
  584     0.00007578   
  585     0.00005650   
  586     0.00002690   
  587     0.00008931   
  588     0.00007226   
  589     0.00031075   
  590     0.00019912   
  591     0.00022186   
  592     0.00081158   
  593     0.00008247   
  594     0.00044845   
  595     0.00039982   
  596     0.00012151   
  597     0.00038274   
  598     0.00016335   
  599     0.00075533   
  600     0.00017695   
  601     0.00015218   
  602     0.00075056   
  603     0.00101755   
  604     0.00104663   
  605     0.00176712   
  606     0.00044193   
  607     0.00030644   
  608     0.00031088   
  609     0.00007918   
  610     0.00016590   
  611     0.00017340   
  612     0.00031742   
  613     0.00016502   
  614     0.00071733   
  615     0.00022683   
  616     0.00074356   
  617     0.00120704   
  618     0.00020013   
  619     0.00074595   
  620     0.00011237   
  621     0.00034947   
  622     0.00005865   
  623     0.00001751   
  624     0.00002277   
    1     0.00009513   
    2     0.00004708   
    3     0.00003116   
    4     0.00003403   
    5     0.00002160   
    6     0.00002467   
    7     0.00002368   
    8     0.00002209   
    9     0.00003285   
   10     0.00002283   
   11     0.00001046   
   12     0.00001194   
   13     0.00001471   
   14     0.00012912   
   15     0.00003519   
   16     0.00003446   
   17     0.00003102   
   18     0.00001316   
   19     0.00003222   
   20     0.00002968   
   21     0.00003849   
   22     0.00001744   
   23     0.00012634   
   24     0.00015428   
   25     0.00003693   
   26     0.00006203   
   27     0.00021827   
   28     0.00013279   
   29     0.00055813   
   30     0.00084825   
   31     0.00019758   
   32     0.00101149   
   33     0.00044598   
   34     0.00060392   
   35     0.00016956   
   36     0.00030178   
   37     0.00057522   
   38     0.00009686   
   39     0.00025663   
   40     0.00030997   
   41     0.00002719   
   42     0.00019353   
   43     0.00042395   
   44     0.00141820   
   45     0.00100406   
   46     0.00090964   
   47     0.00207070   
   48     0.00267862   
   49     0.00108399   
   50     0.00028056   
   51     0.00132623   
   52     0.00080386   
   53     0.00012905   
   54     0.00018404   
   55     0.00003429   
   56     0.00094083   
   57     0.00056760   
   58     0.00027095   
   59     0.00014659   
   60     0.00016643   
   61     0.00003359   
   62     0.00008405   
   63     0.00078870   
   64     0.00017160   
   65     0.00010378   
   66     0.00010547   
   67     0.00014288   
   68     0.00013770   
   69     0.00025083   
   70     0.00000999   
   71     0.00008786   
   72     0.00000619   
   73     0.00003270   
   74     0.00009823   
   75     0.00008206   
   76     0.00008987   
   77     0.00014399   
   78     0.00018961   
   79     0.00015147   
   80     0.00023825   
   81     0.00037343   
   82     0.00021413   
   83     0.00229762   
   84     0.00060283   
   85     0.00078427   
   86     0.00020476   
   87     0.00035850   
   88     0.00010492   
   89     0.00015449   
   90     0.00031205   
   91     0.00012835   
   92     0.00010613   
   93     0.00025446   
   94     0.00026188   
   95     0.00012032   
   96     0.00048862   
   97     0.00024738   
   98     0.00020648   
   99     0.00010258   
  100     0.00039546   
  101     0.00015387   
  102     0.00007126   
  103     0.00007140   
  104     0.00005476   
  105     0.00003092   
  106     0.00002805   
  107     0.00001171   
  108     0.00002887   
  109     0.00001850   
  110     0.00001443   
  111     0.00002543   
  112     0.00009065   
  113     0.00002953   
  114     0.00009755   
  115     0.00009568   
  116     0.00007251   
  117     0.00014694   
  118     0.00035876   
  119     0.00006618   
  120     0.00014841   
  121     0.00078012   
  122     0.00020103   
  123     0.00022025   
  124     0.00007295   
  125     0.00038484   
  126     0.00020169   
  127     0.00016671   
  128     0.00012556   
  129     0.00003094   
  130     0.00021340   
  131     0.00003156   
  132     0.00017267   
  133     0.00027011   
  134     0.00007795   
  135     0.00017812   
  136     0.00022648   
  137     0.00014446   
  138     0.00017481   
  139     0.00010121   
  140     0.00018234   
  141     0.00020508   
  142     0.00037793   
  143     0.00037107   
  144     0.00049287   
  145     0.00028670   
  146     0.00012400   
  147     0.00004103   
  148     0.00006660   
  149     0.00004129   
  150     0.00022612   
  151     0.00013009   
  152     0.00024346   
  153     0.00014391   
  154     0.00018875   
  155     0.00011553   
  156     0.00008672   
  157     0.00014374   
  158     0.00017300   
  159     0.00014214   
  160     0.00012807   
  161     0.00006391   
  162     0.00014550   
  163     0.00009357   
  164     0.00008021   
  165     0.00009398   
  166     0.00009051   
  167     0.00008366   
  168     0.00003314   
  169     0.00014296   
  170     0.00005301   
  171     0.00033324   
  172     0.00018886   
  173     0.00009869   
  174     0.00022933   
  175     0.00027253   
  176     0.00017832   
  177     0.00022466   
  178     0.00012427   
  179     0.00027830   
  180     0.00009411   
  181     0.00004715   
  182     0.00006084   
  183     0.00003826   
  184     0.00010159   
  185     0.00013349   
  186     0.00014336   
  187     0.00061394   
  188     0.00030931   
  189     0.00015857   
  190     0.00002201   
  191     0.00006782   
  192     0.00038943   
  193     0.00167741   
  194     0.00037378   
  195     0.00063238   
  196     0.00096844   
  197     0.00092537   
  198     0.00096267   
  199     0.00018227   
  200     0.00300246   
  201     0.00030611   
  202     0.00154131   
  203     0.00279400   
  204     0.00027549   
  205     0.00071567   
  206     0.00064606   
  207     0.00009990   
  208     0.00022856   
  209     0.00014618   
  210     0.00045089   
  211     0.00017901   
  212     0.00040332   
  213     0.00047367   
  214     0.00008287   
  215     0.00010449   
  216     0.00002606   
  217     0.00000769   
  218     0.00003712   
  219     0.00005751   
  220     0.00016172   
  221     0.00020377   
  222     0.00020357   
  223     0.00020541   
  224     0.00009751   
  225     0.00018719   
  226     0.00023732   
  227     0.00071941   
  228     0.00046386   
  229     0.00153844   
  230     0.00042116   
  231     0.00223814   
  232     0.00349926   
  233     0.00176537   
  234     0.00240726   
  235     0.00228251   
  236     0.00035311   
  237     0.00007829   
  238     0.00020493   
  239     0.00002027   
  240     0.00001651   
  241     0.00006894   
  242     0.00001894   
  243     0.00004452   
  244     0.00005758   
  245     0.00076734   
  246     0.00046027   
  247     0.00014106   
  248     0.00241177   
  249     0.00061793   
  250     0.00082793   
  251     0.00038848   
  252     0.00074599   
  253     0.00044831   
  254     0.00018717   
  255     0.00105053   
  256     0.00027958   
  257     0.00018860   
  258     0.00027448   
  259     0.00022564   
  260     0.00011007   
  261     0.00039692   
  262     0.00020332   
  263     0.00019453   
  264     0.00025068   
  265     0.00023916   
  266     0.00076598   
  267     0.00019713   
  268     0.00013102   
  269     0.00003637   
  270     0.00001254   
  271     0.00001200   
  272     0.00002807   
  273     0.00007589   
  274     0.00018524   
  275     0.00040581   
  276     0.00054821   
  277     0.00015497   
  278     0.00046629   
  279     0.00036039   
  280     0.00056086   
  281     0.00348176   
  282     0.00030728   
  283     0.00072383   
  284     0.00206327   
  285     0.00508504   
  286     0.00160942   
  287     0.00204449   
  288     0.00707770   
  289     0.00015013   
  290     0.00161829   
  291     0.00153198   
  292     0.00132290   
  293     0.00391412   
  294     0.00343833   
  295     0.00036770   
  296     0.00153645   
  297     0.00027218   
  298     0.00054795   
  299     0.00014784   
  300     0.00015985   
  301     0.00031760   
  302     0.00034276   
  303     0.00272217   
  304     0.00263626   
  305     0.00079845   
  306     0.00080037   
  307     0.00165858   
  308     0.00020806   
  309     0.00129676   
  310     0.00050095   
  311     0.00186796   
  312     0.00035113   
  313     0.00043101   
  314     0.00141973   
  315     0.00072703   
  316     0.00014434   
  317     0.00031848   
  318     0.00121338   
  319     0.00373249   
  320     0.00226775   
  321     0.00142522   
  322     0.00115623   
  323     0.00031234   
  324     0.00010923   
  325     0.00018229   
  326     0.00091927   
  327     0.00003414   
  328     0.00015139   
  329     0.00008187   
  330     0.00014147   
  331     0.00009813   
  332     0.00139467   
  333     0.00058850   
  334     0.00041501   
  335     0.00006011   
  336     0.00027582   
  337     0.00001006   
  338     0.00006324   
  339     0.00013624   
  340     0.00032130   
  341     0.00007000   
  342     0.00006076   
  343     0.00002827   
  344     0.00002369   
  345     0.00010141   
  346     0.00015405   
  347     0.00009571   
  348     0.00009559   
  349     0.00008094   
  350     0.00015490   
  351     0.00026971   
  352     0.00036837   
  353     0.00048321   
  354     0.00055177   
  355     0.00041492   
  356     0.00055777   
  357     0.00078107   
  358     0.00015736   
  359     0.00018779   
  360     0.00013536   
  361     0.00044993   
  362     0.00003682   
  363     0.00016840   
  364     0.00028896   
  365     0.00002373   
  366     0.00004751   
  367     0.00004406   
  368     0.00023633   
  369     0.00011996   
  370     0.00023886   
  371     0.00048083   
  372     0.00149611   
  373     0.00047615   
  374     0.00027509   
  375     0.00074711   
  376     0.00013841   
  377     0.00103800   
  378     0.00089368   
  379     0.00085930   
  380     0.00067531   
  381     0.00025609   
  382     0.00032601   
  383     0.00019661   
  384     0.00015827   
  385     0.00015941   
  386     0.00007211   
  387     0.00027792   
  388     0.00015593   
  389     0.00009907   
  390     0.00002884   
  391     0.00000787   
  392     0.00073649   
  393     0.00012322   
  394     0.00029952   
  395     0.00052342   
  396     0.00028535   
  397     0.00031023   
  398     0.00060267   
  399     0.00131976   
  400     0.00053043   
  401     0.00150402   
  402     0.00013561   
  403     0.00018386   
  404     0.00021309   
  405     0.00093243   
  406     0.00003841   
  407     0.00016783   
  408     0.00003659   
  409     0.00025437   
  410     0.00016941   
  411     0.00005998   
  412     0.00008238   
  413     0.00149530   
  414     0.00035590   
  415     0.00074242   
  416     0.00067796   
  417     0.00007756   
  418     0.00010564   
  419     0.00036329   
  420     0.00021724   
  421     0.00004790   
  422     0.00005464   
  423     0.00022006   
  424     0.00008186   
  425     0.00004722   
  426     0.00005354   
  427     0.00015483   
  428     0.00013880   
  429     0.00038886   
  430     0.00033293   
  431     0.00014215   
  432     0.00012531   
  433     0.00055360   
  434     0.00009908   
  435     0.00006204   
  436     0.00011150   
  437     0.00005643   
  438     0.00025160   
  439     0.00019146   
  440     0.00016974   
  441     0.00046295   
  442     0.00116003   
  443     0.00092756   
  444     0.00061307   
  445     0.00144006   
  446     0.00033378   
  447     0.00099078   
  448     0.00024198   
  449     0.00055098   
  450     0.00033450   
  451     0.00042664   
  452     0.00022713   
  453     0.00006128   
  454     0.00004234   
  455     0.00028075   
  456     0.00009697   
  457     0.00006865   
  458     0.00014174   
  459     0.00016670   
  460     0.00011750   
  461     0.00005120   
  462     0.00014374   
  463     0.00019889   
  464     0.00039723   
  465     0.00009519   
  466     0.00024541   
  467     0.00013642   
  468     0.00003072   
  469     0.00008326   
  470     0.00001167   
  471     0.00007737   
  472     0.00025285   
  473     0.00008424   
  474     0.00013711   
  475     0.00042769   
  476     0.00032281   
  477     0.00005203   
  478     0.00010528   
  479     0.00019710   
  480     0.00025888   
  481     0.00084709   
  482     0.00009716   
  483     0.00027247   
  484     0.00035342   
  485     0.00019316   
  486     0.00018005   
  487     0.00008772   
  488     0.00096642   
  489     0.00083600   
  490     0.00211553   
  491     0.00149537   
  492     0.00209240   
  493     0.00355378   
  494     0.00171259   
  495     0.00134990   
  496     0.00033340   
  497     0.00101203   
  498     0.00091562   
  499     0.00063135   
  500     0.00213720   
  501     0.00176095   
  502     0.00050102   
  503     0.00238845   
  504     0.00369461   
  505     0.00149804   
  506     0.00114941   
  507     0.00040908   
  508     0.00072582   
  509     0.00061128   
  510     0.00025861   
  511     0.00090523   
  512     0.00046234   
  513     0.00035330   
  514     0.00017370   
  515     0.00116260   
  516     0.00029502   
  517     0.00009245   
  518     0.00014849   
  519     0.00094473   
  520     0.00009106   
  521     0.00007164   
  522     0.00014658   
  523     0.00019015   
  524     0.00036821   
  525     0.00037515   
  526     0.00031016   
  527     0.00096718   
  528     0.00019558   
  529     0.00043216   
  530     0.00431356   
  531     0.00067386   
  532     0.00040056   
  533     0.00028445   
  534     0.00031959   
  535     0.00106186   
  536     0.00067894   
  537     0.00031915   
  538     0.00031138   
  539     0.00016452   
  540     0.00072855   
  541     0.00023384   
  542     0.00011865   
  543     0.00004875   
  544     0.00005566   
  545     0.00015980   
  546     0.00013804   
  547     0.00026785   
  548     0.00043255   
  549     0.00040692   
  550     0.00011866   
  551     0.00057191   
  552     0.00052614   
  553     0.00010454   
  554     0.00013727   
  555     0.00011870   
  556     0.00005054   
  557     0.00002820   
  558     0.00002017   
  559     0.00001772   
  560     0.00004126   
  561     0.00016251   
  562     0.00023572   
  563     0.00007747   
  564     0.00035592   
  565     0.00056277   
  566     0.00019870   
  567     0.00093500   
  568     0.00063037   
  569     0.00116013   
  570     0.00030746   
  571     0.00045060   
  572     0.00340320   
  573     0.00018932   
  574     0.00035850   
  575     0.00005136   
  576     0.00004291   
  577     0.00018639   
  578     0.00009451   
  579     0.00004366   
  580     0.00078433   
  581     0.00118960   
  582     0.00009015   
  583     0.00004250   
  584     0.00007714   
  585     0.00013721   
  586     0.00007376   
  587     0.00001202   
  588     0.00027616   
  589     0.00060194   
  590     0.00062866   
  591     0.00098429   
  592     0.00161078   
  593     0.00105745   
  594     0.00091913   
  595     0.00116052   
  596     0.00012272   
  597     0.00052273   
  598     0.00025857   
  599     0.00022038   
  600     0.00053150   
  601     0.00016120   
  602     0.00030882   
  603     0.00028442   
  604     0.00020742   
  605     0.00062752   
  606     0.00046242   
  607     0.00036032   
  608     0.00032166   
  609     0.00014208   
  610     0.00074914   
  611     0.00052083   
  612     0.00070646   
  613     0.00087049   
  614     0.00081010   
  615     0.00222296   
  616     0.00209105   
  617     0.00285979   
  618     0.00083802   
  619     0.00214332   
  620     0.00102258   
  621     0.00146652   
  622     0.00020100   
  623     0.00053629   
  624     0.00017269   
