    1     0.00009436   
    2     0.00004099   
    3     0.00012543   
    4     0.00004906   
    5     0.00003537   
    6     0.00003022   
    7     0.00004017   
    8     0.00005065   
    9     0.00007494   
   10     0.00016402   
   11     0.00049648   
   12     0.00089288   
   13     0.00045375   
   14     0.00020948   
   15     0.00016243   
   16     0.00004965   
   17     0.00008261   
   18     0.00006670   
   19     0.00013723   
   20     0.00000912   
   21     0.00004558   
   22     0.00008421   
   23     0.00001533   
   24     0.00001643   
   25     0.00001722   
   26     0.00007259   
   27     0.00006615   
   28     0.00006302   
   29     0.00002419   
   30     0.00001146   
   31     0.00000983   
   32     0.00000787   
   33     0.00011623   
   34     0.00006396   
   35     0.00018383   
   36     0.00020708   
   37     0.00046260   
   38     0.00019218   
   39     0.00035748   
   40     0.00026566   
   41     0.00014685   
   42     0.00013657   
   43     0.00018054   
   44     0.00001814   
   45     0.00002787   
   46     0.00004803   
   47     0.00005640   
   48     0.00032784   
   49     0.00005556   
   50     0.00020096   
   51     0.00008168   
   52     0.00017753   
   53     0.00002178   
   54     0.00014646   
   55     0.00036340   
   56     0.00002005   
   57     0.00007033   
   58     0.00006042   
   59     0.00082100   
   60     0.00003293   
   61     0.00016340   
   62     0.00013082   
   63     0.00003912   
   64     0.00019962   
   65     0.00026690   
   66     0.00072658   
   67     0.00078563   
   68     0.00061721   
   69     0.00021550   
   70     0.00022274   
   71     0.00025784   
   72     0.00013958   
   73     0.00003772   
   74     0.00015604   
   75     0.00016068   
   76     0.00001565   
   77     0.00002843   
   78     0.00005738   
   79     0.00003525   
   80     0.00000192   
   81     0.00066208   
   82     0.00006118   
   83     0.00003950   
   84     0.00003018   
   85     0.00015674   
   86     0.00003818   
   87     0.00007035   
   88     0.00004131   
   89     0.00007971   
   90     0.00012564   
   91     0.00036070   
   92     0.00009514   
   93     0.00005038   
   94     0.00010033   
   95     0.00002846   
   96     0.00006478   
   97     0.00001449   
   98     0.00001457   
   99     0.00001346   
  100     0.00007020   
  101     0.00003984   
  102     0.00009653   
  103     0.00043535   
  104     0.00010599   
  105     0.00026948   
  106     0.00002662   
  107     0.00003350   
  108     0.00012698   
  109     0.00009254   
  110     0.00053923   
  111     0.00016826   
  112     0.00018035   
  113     0.00038090   
  114     0.00033326   
  115     0.00033066   
  116     0.00007385   
  117     0.00004996   
  118     0.00041589   
  119     0.00008002   
  120     0.00005427   
  121     0.00004811   
  122     0.00016728   
  123     0.00002358   
  124     0.00005983   
  125     0.00005272   
  126     0.00002956   
  127     0.00007847   
  128     0.00002352   
  129     0.00004209   
  130     0.00003100   
  131     0.00000970   
  132     0.00002392   
  133     0.00001973   
  134     0.00002391   
  135     0.00007519   
  136     0.00003408   
  137     0.00005068   
  138     0.00007780   
  139     0.00009622   
  140     0.00010188   
  141     0.00011699   
  142     0.00024416   
  143     0.00003110   
  144     0.00020080   
  145     0.00017681   
  146     0.00003809   
  147     0.00017408   
  148     0.00000262   
  149     0.00001574   
  150     0.00013113   
  151     0.00007434   
  152     0.00002865   
  153     0.00004587   
  154     0.00016208   
  155     0.00019526   
  156     0.00008287   
  157     0.00006897   
  158     0.00011296   
  159     0.00005028   
  160     0.00008277   
  161     0.00012080   
  162     0.00004260   
  163     0.00009810   
  164     0.00006362   
  165     0.00009564   
  166     0.00014369   
  167     0.00013665   
  168     0.00008629   
  169     0.00043916   
  170     0.00007081   
  171     0.00007967   
  172     0.00026717   
  173     0.00100740   
  174     0.00019091   
  175     0.00010749   
  176     0.00028177   
  177     0.00014378   
  178     0.00018432   
  179     0.00019072   
  180     0.00022023   
  181     0.00008737   
  182     0.00018114   
  183     0.00024224   
  184     0.00003675   
  185     0.00004735   
  186     0.00019673   
  187     0.00008710   
  188     0.00004296   
  189     0.00013060   
  190     0.00004310   
  191     0.00005778   
  192     0.00009433   
  193     0.00012824   
  194     0.00016883   
  195     0.00045293   
  196     0.00111550   
  197     0.00063706   
  198     0.00051596   
  199     0.00003328   
  200     0.00009808   
  201     0.00011600   
  202     0.00018444   
  203     0.00027375   
  204     0.00025952   
  205     0.00035609   
  206     0.00015355   
  207     0.00028201   
  208     0.00023467   
  209     0.00019045   
  210     0.00129797   
  211     0.00007796   
  212     0.00013373   
  213     0.00019747   
  214     0.00036424   
  215     0.00036895   
  216     0.00022336   
  217     0.00025613   
  218     0.00065709   
  219     0.00078385   
  220     0.00022259   
  221     0.00014021   
  222     0.00020055   
  223     0.00009694   
  224     0.00008229   
  225     0.00065556   
  226     0.00007994   
  227     0.00017520   
  228     0.00023335   
  229     0.00094346   
  230     0.00029280   
  231     0.00020144   
  232     0.00013995   
  233     0.00024479   
  234     0.00088850   
  235     0.00040555   
  236     0.00013734   
  237     0.00051181   
  238     0.00082781   
  239     0.00023015   
  240     0.00084125   
  241     0.00052805   
  242     0.00041459   
  243     0.00019224   
  244     0.00118350   
  245     0.00022676   
  246     0.00009068   
  247     0.00004036   
  248     0.00063698   
  249     0.00001267   
  250     0.00038487   
  251     0.00022339   
  252     0.00040134   
  253     0.00019352   
  254     0.00009877   
  255     0.00013422   
  256     0.00003677   
  257     0.00094604   
  258     0.00022856   
  259     0.00059115   
  260     0.00019817   
  261     0.00015546   
  262     0.00024281   
  263     0.00068900   
  264     0.00067491   
  265     0.00032518   
  266     0.00020731   
  267     0.00100598   
  268     0.00064395   
  269     0.00036636   
  270     0.00013448   
  271     0.00088763   
  272     0.00041621   
  273     0.00018882   
  274     0.00020836   
  275     0.00091698   
  276     0.00020783   
  277     0.00014093   
  278     0.00032704   
  279     0.00037698   
  280     0.00019906   
  281     0.00016600   
  282     0.00007387   
  283     0.00018649   
  284     0.00008131   
  285     0.00043253   
  286     0.00052338   
  287     0.00066091   
  288     0.00021648   
  289     0.00104530   
  290     0.00010271   
  291     0.00018195   
  292     0.00025869   
  293     0.00084762   
  294     0.00131824   
  295     0.00026997   
  296     0.00083220   
  297     0.00020447   
  298     0.00133540   
  299     0.00017753   
  300     0.00050829   
  301     0.00007359   
  302     0.00006290   
  303     0.00001282   
  304     0.00006924   
  305     0.00018006   
  306     0.00001404   
  307     0.00004467   
  308     0.00004525   
  309     0.00005642   
  310     0.00004607   
  311     0.00003304   
  312     0.00004062   
  313     0.00006006   
  314     0.00002492   
  315     0.00003813   
  316     0.00017530   
  317     0.00000758   
  318     0.00000955   
  319     0.00004786   
  320     0.00005153   
  321     0.00000667   
  322     0.00004296   
  323     0.00038453   
  324     0.00017143   
  325     0.00004153   
  326     0.00028330   
  327     0.00027737   
  328     0.00142714   
  329     0.00115252   
  330     0.00007059   
  331     0.00011290   
  332     0.00003277   
  333     0.00002117   
  334     0.00016618   
  335     0.00001844   
  336     0.00003786   
  337     0.00003295   
  338     0.00002653   
  339     0.00002894   
  340     0.00012291   
  341     0.00013080   
  342     0.00015692   
  343     0.00132137   
  344     0.00032881   
  345     0.00084779   
  346     0.00059782   
  347     0.00020884   
  348     0.00004711   
  349     0.00017337   
  350     0.00000938   
  351     0.00002521   
  352     0.00001525   
  353     0.00002694   
  354     0.00000414   
  355     0.00000500   
  356     0.00000293   
  357     0.00006013   
  358     0.00001224   
  359     0.00002334   
  360     0.00000489   
  361     0.00000577   
  362     0.00001820   
  363     0.00002989   
  364     0.00001163   
  365     0.00011147   
  366     0.00005627   
  367     0.00014093   
  368     0.00058164   
  369     0.00031379   
  370     0.00013983   
  371     0.00021766   
  372     0.00010482   
  373     0.00014830   
  374     0.00018150   
  375     0.00010694   
  376     0.00005148   
  377     0.00011311   
  378     0.00006014   
  379     0.00003440   
  380     0.00021835   
  381     0.00065092   
  382     0.00065780   
  383     0.00047513   
  384     0.00095472   
  385     0.00220250   
  386     0.00140985   
  387     0.00068051   
  388     0.00050881   
  389     0.00017348   
  390     0.00005827   
  391     0.00016055   
  392     0.00060211   
  393     0.00046216   
  394     0.00016011   
  395     0.00015285   
  396     0.00050707   
  397     0.00118356   
  398     0.00016759   
  399     0.00022636   
  400     0.00010368   
  401     0.00003584   
  402     0.00105302   
  403     0.00106708   
  404     0.00545999   
  405     0.00191174   
  406     0.00048977   
  407     0.00113274   
  408     0.00037372   
  409     0.00010428   
  410     0.00020954   
  411     0.00039654   
  412     0.00034749   
  413     0.00013774   
  414     0.00057666   
  415     0.00021156   
  416     0.00040276   
  417     0.00014544   
  418     0.00071605   
  419     0.00026032   
  420     0.00036152   
  421     0.00009810   
  422     0.00011513   
  423     0.00011148   
  424     0.00022143   
  425     0.00016298   
  426     0.00112282   
  427     0.00018534   
  428     0.00046371   
  429     0.00507727   
  430     0.00024863   
  431     0.00040707   
  432     0.00002795   
  433     0.00036153   
  434     0.00001171   
  435     0.00004540   
  436     0.00012430   
  437     0.00042942   
  438     0.00060287   
  439     0.00013346   
  440     0.00022521   
  441     0.00008320   
  442     0.00046741   
  443     0.00018981   
  444     0.00114924   
  445     0.00068183   
  446     0.00025535   
  447     0.00113258   
  448     0.00021848   
  449     0.00011460   
  450     0.00000345   
  451     0.00022908   
  452     0.00033105   
  453     0.00030302   
  454     0.00044884   
  455     0.00060950   
  456     0.00014711   
  457     0.00026877   
  458     0.00015839   
  459     0.00013805   
  460     0.00004638   
  461     0.00000531   
  462     0.00001500   
  463     0.00000480   
  464     0.00001173   
  465     0.00002233   
  466     0.00002572   
  467     0.00038731   
  468     0.00011241   
  469     0.00001984   
  470     0.00005022   
  471     0.00023390   
  472     0.00005766   
  473     0.00022010   
  474     0.00022004   
  475     0.00020583   
  476     0.00024430   
  477     0.00034887   
  478     0.00022809   
  479     0.00030604   
  480     0.00108899   
  481     0.00309214   
  482     0.00012299   
  483     0.00022733   
  484     0.00020562   
  485     0.00018435   
  486     0.00019672   
  487     0.00016722   
  488     0.00012516   
  489     0.00011844   
  490     0.00002413   
  491     0.00002560   
  492     0.00002338   
  493     0.00000983   
  494     0.00000450   
  495     0.00002213   
  496     0.00004495   
  497     0.00004199   
  498     0.00008234   
  499     0.00028722   
  500     0.00010745   
  501     0.00094185   
  502     0.00014865   
  503     0.00144981   
  504     0.00007979   
  505     0.00067038   
  506     0.00071921   
  507     0.00075169   
  508     0.00035560   
  509     0.00025519   
  510     0.00047327   
  511     0.00033376   
  512     0.00166969   
  513     0.00012919   
  514     0.00050314   
  515     0.00063491   
  516     0.00065513   
  517     0.00040774   
  518     0.00052722   
  519     0.00070996   
  520     0.00023283   
  521     0.00022703   
  522     0.00079885   
  523     0.00017723   
  524     0.00030536   
  525     0.00061818   
  526     0.00141605   
  527     0.00060614   
  528     0.00092719   
  529     0.00087300   
  530     0.00095532   
  531     0.00159100   
  532     0.00071148   
  533     0.00166544   
  534     0.00119776   
  535     0.00041978   
  536     0.00125101   
  537     0.00329123   
  538     0.00049997   
  539     0.00031960   
  540     0.00115372   
  541     0.00222162   
  542     0.00118314   
  543     0.00081028   
  544     0.00040129   
  545     0.00183376   
  546     0.00195844   
  547     0.00100391   
  548     0.00015590   
  549     0.00147334   
  550     0.00175154   
  551     0.00022123   
  552     0.00011622   
  553     0.00020891   
  554     0.00016019   
  555     0.00004817   
  556     0.00012866   
  557     0.00096115   
  558     0.00012158   
  559     0.00010727   
  560     0.00007569   
  561     0.00016551   
  562     0.00102071   
  563     0.00009176   
  564     0.00006287   
  565     0.00019457   
  566     0.00074154   
  567     0.00029516   
  568     0.00020061   
  569     0.00090384   
  570     0.00019555   
  571     0.00047587   
  572     0.00017448   
  573     0.00004787   
  574     0.00008133   
  575     0.00035914   
  576     0.00010528   
  577     0.00002535   
  578     0.00007703   
  579     0.00004274   
  580     0.00009361   
  581     0.00058295   
  582     0.00006778   
  583     0.00016931   
  584     0.00007720   
  585     0.00009526   
  586     0.00011092   
  587     0.00025037   
  588     0.00081323   
  589     0.00017374   
  590     0.00013879   
  591     0.00021371   
  592     0.00044914   
  593     0.00002048   
  594     0.00013567   
  595     0.00039017   
  596     0.00022552   
  597     0.00024459   
  598     0.00061669   
  599     0.00039927   
  600     0.00014252   
  601     0.00044875   
  602     0.00011125   
  603     0.00007761   
  604     0.00009972   
  605     0.00008373   
    1     0.00001017   
    2     0.00000751   
    3     0.00000661   
    4     0.00001464   
    5     0.00001789   
    6     0.00001334   
    7     0.00006882   
    8     0.00001211   
    9     0.00001398   
   10     0.00000147   
   11     0.00000145   
   12     0.00000066   
   13     0.00000734   
   14     0.00000288   
   15     0.00000392   
   16     0.00000515   
   17     0.00001381   
   18     0.00000294   
   19     0.00000492   
   20     0.00000394   
   21     0.00000582   
   22     0.00000084   
   23     0.00002299   
   24     0.00001245   
   25     0.00000074   
   26     0.00000191   
   27     0.00000644   
   28     0.00000280   
   29     0.00004021   
   30     0.00006255   
   31     0.00000925   
   32     0.00001115   
   33     0.00003092   
   34     0.00002894   
   35     0.00001565   
   36     0.00006910   
   37     0.00006858   
   38     0.00007257   
   39     0.00010724   
   40     0.00027716   
   41     0.00003874   
   42     0.00008818   
   43     0.00016332   
   44     0.00042039   
   45     0.00012682   
   46     0.00008068   
   47     0.00012486   
   48     0.00036162   
   49     0.00014703   
   50     0.00009034   
   51     0.00048532   
   52     0.00005125   
   53     0.00001094   
   54     0.00005475   
   55     0.00001970   
   56     0.00010367   
   57     0.00006469   
   58     0.00002112   
   59     0.00000641   
   60     0.00001187   
   61     0.00000498   
   62     0.00000937   
   63     0.00008348   
   64     0.00004799   
   65     0.00004352   
   66     0.00002693   
   67     0.00000774   
   68     0.00000959   
   69     0.00001117   
   70     0.00000096   
   71     0.00000403   
   72     0.00000027   
   73     0.00000178   
   74     0.00000553   
   75     0.00000545   
   76     0.00000599   
   77     0.00000775   
   78     0.00001283   
   79     0.00001201   
   80     0.00002507   
   81     0.00003923   
   82     0.00006791   
   83     0.00013283   
   84     0.00007307   
   85     0.00011635   
   86     0.00007462   
   87     0.00001603   
   88     0.00000684   
   89     0.00002091   
   90     0.00005280   
   91     0.00004805   
   92     0.00001924   
   93     0.00012070   
   94     0.00003880   
   95     0.00012524   
   96     0.00015334   
   97     0.00006588   
   98     0.00005225   
   99     0.00005891   
  100     0.00006333   
  101     0.00007532   
  102     0.00001567   
  103     0.00001756   
  104     0.00000852   
  105     0.00001381   
  106     0.00000423   
  107     0.00000318   
  108     0.00000714   
  109     0.00000332   
  110     0.00000336   
  111     0.00000433   
  112     0.00001365   
  113     0.00000391   
  114     0.00003985   
  115     0.00005949   
  116     0.00002257   
  117     0.00003135   
  118     0.00054128   
  119     0.00001636   
  120     0.00012267   
  121     0.00018466   
  122     0.00011199   
  123     0.00004782   
  124     0.00003035   
  125     0.00003586   
  126     0.00002749   
  127     0.00002950   
  128     0.00000947   
  129     0.00001461   
  130     0.00000766   
  131     0.00000672   
  132     0.00000167   
  133     0.00000235   
  134     0.00000062   
  135     0.00000348   
  136     0.00001032   
  137     0.00000912   
  138     0.00001208   
  139     0.00000198   
  140     0.00000757   
  141     0.00001375   
  142     0.00003472   
  143     0.00005513   
  144     0.00006500   
  145     0.00003842   
  146     0.00001273   
  147     0.00000489   
  148     0.00000735   
  149     0.00000551   
  150     0.00001699   
  151     0.00000882   
  152     0.00001128   
  153     0.00000692   
  154     0.00000798   
  155     0.00000930   
  156     0.00000692   
  157     0.00000447   
  158     0.00001388   
  159     0.00000085   
  160     0.00002043   
  161     0.00000548   
  162     0.00000907   
  163     0.00000604   
  164     0.00001453   
  165     0.00000931   
  166     0.00001259   
  167     0.00000933   
  168     0.00000104   
  169     0.00000683   
  170     0.00000286   
  171     0.00002498   
  172     0.00001256   
  173     0.00000344   
  174     0.00001895   
  175     0.00000747   
  176     0.00000273   
  177     0.00001321   
  178     0.00000855   
  179     0.00001035   
  180     0.00000446   
  181     0.00000142   
  182     0.00000134   
  183     0.00000089   
  184     0.00000192   
  185     0.00000538   
  186     0.00000256   
  187     0.00001663   
  188     0.00000741   
  189     0.00000662   
  190     0.00000512   
  191     0.00000250   
  192     0.00000862   
  193     0.00002887   
  194     0.00001791   
  195     0.00002297   
  196     0.00005785   
  197     0.00002267   
  198     0.00006775   
  199     0.00001230   
  200     0.00011137   
  201     0.00003177   
  202     0.00022629   
  203     0.00021638   
  204     0.00035230   
  205     0.00029356   
  206     0.00021764   
  207     0.00002393   
  208     0.00000921   
  209     0.00002988   
  210     0.00006588   
  211     0.00004323   
  212     0.00008604   
  213     0.00008336   
  214     0.00002591   
  215     0.00001694   
  216     0.00000538   
  217     0.00000193   
  218     0.00000626   
  219     0.00000868   
  220     0.00002859   
  221     0.00002676   
  222     0.00004504   
  223     0.00005136   
  224     0.00002652   
  225     0.00004228   
  226     0.00005140   
  227     0.00007410   
  228     0.00003099   
  229     0.00012748   
  230     0.00001262   
  231     0.00025772   
  232     0.00039757   
  233     0.00053898   
  234     0.00038001   
  235     0.00019686   
  236     0.00054261   
  237     0.00031145   
  238     0.00018393   
  239     0.00023628   
  240     0.00007207   
  241     0.00052229   
  242     0.00014215   
  243     0.00030425   
  244     0.00011226   
  245     0.00040508   
  246     0.00047041   
  247     0.00021501   
  248     0.00035202   
  249     0.00033445   
  250     0.00038299   
  251     0.00034953   
  252     0.00029434   
  253     0.00022185   
  254     0.00008150   
  255     0.00063264   
  256     0.00026024   
  257     0.00017177   
  258     0.00007395   
  259     0.00008724   
  260     0.00013264   
  261     0.00029646   
  262     0.00036013   
  263     0.00071670   
  264     0.00096522   
  265     0.00036110   
  266     0.00071846   
  267     0.00015528   
  268     0.00029357   
  269     0.00060925   
  270     0.00037224   
  271     0.00027115   
  272     0.00013986   
  273     0.00010233   
  274     0.00023299   
  275     0.00026525   
  276     0.00033474   
  277     0.00015844   
  278     0.00020335   
  279     0.00022819   
  280     0.00037844   
  281     0.00165230   
  282     0.00023641   
  283     0.00042251   
  284     0.00101684   
  285     0.00241461   
  286     0.00073061   
  287     0.00097645   
  288     0.00255602   
  289     0.00006825   
  290     0.00074020   
  291     0.00074743   
  292     0.00057470   
  293     0.00161943   
  294     0.00171545   
  295     0.00028213   
  296     0.00081534   
  297     0.00022469   
  298     0.00024926   
  299     0.00020509   
  300     0.00006351   
  301     0.00010192   
  302     0.00003753   
  303     0.00026240   
  304     0.00025108   
  305     0.00024235   
  306     0.00054969   
  307     0.00011438   
  308     0.00007696   
  309     0.00022983   
  310     0.00051249   
  311     0.00129230   
  312     0.00041563   
  313     0.00016469   
  314     0.00034933   
  315     0.00044193   
  316     0.00054912   
  317     0.00051237   
  318     0.00071977   
  319     0.00166202   
  320     0.00092878   
  321     0.00032588   
  322     0.00044384   
  323     0.00024034   
  324     0.00014660   
  325     0.00011529   
  326     0.00033027   
  327     0.00008050   
  328     0.00003697   
  329     0.00015292   
  330     0.00008960   
  331     0.00009678   
  332     0.00023290   
  333     0.00068547   
  334     0.00039128   
  335     0.00009914   
  336     0.00016233   
  337     0.00002960   
  338     0.00032844   
  339     0.00010673   
  340     0.00062332   
  341     0.00003230   
  342     0.00004364   
  343     0.00001704   
  344     0.00002077   
  345     0.00012172   
  346     0.00004630   
  347     0.00016264   
  348     0.00004222   
  349     0.00005608   
  350     0.00009242   
  351     0.00019967   
  352     0.00019972   
  353     0.00024121   
  354     0.00010809   
  355     0.00008692   
  356     0.00013463   
  357     0.00025652   
  358     0.00005406   
  359     0.00014231   
  360     0.00014628   
  361     0.00021877   
  362     0.00110555   
  363     0.00164290   
  364     0.00018693   
  365     0.00003401   
  366     0.00002098   
  367     0.00004785   
  368     0.00015979   
  369     0.00004678   
  370     0.00011719   
  371     0.00041373   
  372     0.00048995   
  373     0.00026696   
  374     0.00072376   
  375     0.00044183   
  376     0.00019181   
  377     0.00079233   
  378     0.00065045   
  379     0.00074281   
  380     0.00113768   
  381     0.00046676   
  382     0.00064304   
  383     0.00052910   
  384     0.00011163   
  385     0.00050454   
  386     0.00040794   
  387     0.00016228   
  388     0.00004184   
  389     0.00037063   
  390     0.00016917   
  391     0.00028965   
  392     0.00101800   
  393     0.00011804   
  394     0.00013583   
  395     0.00016147   
  396     0.00030291   
  397     0.00029490   
  398     0.00017214   
  399     0.00036542   
  400     0.00058391   
  401     0.00075733   
  402     0.00023556   
  403     0.00019096   
  404     0.00051254   
  405     0.00119306   
  406     0.00015916   
  407     0.00015621   
  408     0.00020853   
  409     0.00027075   
  410     0.00017273   
  411     0.00004132   
  412     0.00009832   
  413     0.00053272   
  414     0.00020978   
  415     0.00022900   
  416     0.00024998   
  417     0.00006792   
  418     0.00003937   
  419     0.00018213   
  420     0.00015709   
  421     0.00005756   
  422     0.00024800   
  423     0.00024112   
  424     0.00012233   
  425     0.00004171   
  426     0.00003491   
  427     0.00008988   
  428     0.00004319   
  429     0.00019100   
  430     0.00022800   
  431     0.00025544   
  432     0.00020817   
  433     0.00070479   
  434     0.00022730   
  435     0.00023835   
  436     0.00032952   
  437     0.00109754   
  438     0.00062116   
  439     0.00144228   
  440     0.00154000   
  441     0.00049181   
  442     0.00243232   
  443     0.00073518   
  444     0.00045559   
  445     0.00049179   
  446     0.00038695   
  447     0.00072280   
  448     0.00051717   
  449     0.00018401   
  450     0.00057474   
  451     0.00032772   
  452     0.00017659   
  453     0.00020264   
  454     0.00015288   
  455     0.00067918   
  456     0.00019855   
  457     0.00024558   
  458     0.00016260   
  459     0.00045659   
  460     0.00052472   
  461     0.00019221   
  462     0.00035075   
  463     0.00154183   
  464     0.00125963   
  465     0.00040705   
  466     0.00185814   
  467     0.00022483   
  468     0.00025237   
  469     0.00026836   
  470     0.00009093   
  471     0.00003703   
  472     0.00035248   
  473     0.00007938   
  474     0.00005179   
  475     0.00028260   
  476     0.00006780   
  477     0.00002162   
  478     0.00010557   
  479     0.00006928   
  480     0.00030883   
  481     0.00054933   
  482     0.00033153   
  483     0.00051459   
  484     0.00047525   
  485     0.00061839   
  486     0.00034317   
  487     0.00018630   
  488     0.00043282   
  489     0.00047683   
  490     0.00040432   
  491     0.00021602   
  492     0.00045204   
  493     0.00056214   
  494     0.00023829   
  495     0.00023572   
  496     0.00005229   
  497     0.00017826   
  498     0.00012541   
  499     0.00009968   
  500     0.00042602   
  501     0.00018002   
  502     0.00014999   
  503     0.00039652   
  504     0.00108264   
  505     0.00032842   
  506     0.00024338   
  507     0.00012330   
  508     0.00066227   
  509     0.00013721   
  510     0.00013140   
  511     0.00044955   
  512     0.00009776   
  513     0.00013481   
  514     0.00007942   
  515     0.00090385   
  516     0.00014353   
  517     0.00003666   
  518     0.00005550   
  519     0.00089156   
  520     0.00005526   
  521     0.00002225   
  522     0.00003272   
  523     0.00009730   
  524     0.00004238   
  525     0.00017455   
  526     0.00017274   
  527     0.00015830   
  528     0.00006121   
  529     0.00006294   
  530     0.00038085   
  531     0.00010998   
  532     0.00016570   
  533     0.00015767   
  534     0.00028410   
  535     0.00022450   
  536     0.00020193   
  537     0.00020860   
  538     0.00029846   
  539     0.00044972   
  540     0.00033033   
  541     0.00044777   
  542     0.00011355   
  543     0.00017891   
  544     0.00011856   
  545     0.00022947   
  546     0.00023817   
  547     0.00061377   
  548     0.00036281   
  549     0.00066193   
  550     0.00063631   
  551     0.00035027   
  552     0.00064035   
  553     0.00156739   
  554     0.00045516   
  555     0.00021615   
  556     0.00013228   
  557     0.00011266   
  558     0.00011546   
  559     0.00016278   
  560     0.00025204   
  561     0.00027711   
  562     0.00030824   
  563     0.00033551   
  564     0.00063613   
  565     0.00023903   
  566     0.00038362   
  567     0.00032376   
  568     0.00028519   
  569     0.00009851   
  570     0.00024957   
  571     0.00006935   
  572     0.00075127   
  573     0.00004156   
  574     0.00004729   
  575     0.00001434   
  576     0.00002040   
  577     0.00004530   
  578     0.00003278   
  579     0.00001066   
  580     0.00012023   
  581     0.00077798   
  582     0.00004450   
  583     0.00002505   
  584     0.00008196   
  585     0.00004581   
  586     0.00002208   
  587     0.00003019   
  588     0.00013100   
  589     0.00026020   
  590     0.00069452   
  591     0.00049220   
  592     0.00017690   
  593     0.00050012   
  594     0.00083618   
  595     0.00035118   
  596     0.00020546   
  597     0.00022032   
  598     0.00055148   
  599     0.00211983   
  600     0.00028589   
  601     0.00054212   
  602     0.00108580   
  603     0.00090628   
  604     0.00104974   
  605     0.00114784   
  606     0.00160207   
  607     0.00174850   
  608     0.00508878   
  609     0.00098824   
  610     0.00648458   
  611     0.00112527   
  612     0.00267678   
  613     0.00070636   
  614     0.00353341   
  615     0.00124434   
  616     0.00035421   
  617     0.00104135   
  618     0.00026215   
  619     0.00049875   
  620     0.00006695   
  621     0.00050306   
  622     0.00005658   
  623     0.00022878   
  624     0.00003442   
    1     0.00003534   
    2     0.00002299   
    3     0.00001565   
    4     0.00003398   
    5     0.00006676   
    6     0.00000949   
    7     0.00019008   
    8     0.00001519   
    9     0.00004095   
   10     0.00001916   
   11     0.00006561   
   12     0.00007262   
   13     0.00024415   
   14     0.00063244   
   15     0.00013516   
   16     0.00015305   
   17     0.00021440   
   18     0.00002029   
   19     0.00011696   
   20     0.00048966   
   21     0.00021837   
   22     0.00001619   
   23     0.00016846   
   24     0.00015881   
   25     0.00000950   
   26     0.00000982   
   27     0.00004474   
   28     0.00004188   
   29     0.00011919   
   30     0.00060796   
   31     0.00018677   
   32     0.00013412   
   33     0.00014799   
   34     0.00068172   
   35     0.00021367   
   36     0.00040863   
   37     0.00058287   
   38     0.00140147   
   39     0.00047978   
   40     0.00035270   
   41     0.00018528   
   42     0.00045471   
   43     0.00027830   
   44     0.00156818   
   45     0.00095440   
   46     0.00023625   
   47     0.00089701   
   48     0.00101182   
   49     0.00019831   
   50     0.00021307   
   51     0.00021334   
   52     0.00009978   
   53     0.00003450   
   54     0.00006453   
   55     0.00000791   
   56     0.00009926   
   57     0.00024907   
   58     0.00009815   
   59     0.00007630   
   60     0.00027628   
   61     0.00002677   
   62     0.00003555   
   63     0.00048876   
   64     0.00024898   
   65     0.00014307   
   66     0.00011394   
   67     0.00004879   
   68     0.00019419   
   69     0.00024746   
   70     0.00004930   
   71     0.00001554   
   72     0.00000392   
   73     0.00001486   
   74     0.00005037   
   75     0.00016824   
   76     0.00018220   
   77     0.00027276   
   78     0.00031253   
   79     0.00013129   
   80     0.00014558   
   81     0.00040898   
   82     0.00008546   
   83     0.00095930   
   84     0.00031850   
   85     0.00027994   
   86     0.00010722   
   87     0.00006534   
   88     0.00001628   
   89     0.00001079   
   90     0.00010112   
   91     0.00019233   
   92     0.00005921   
   93     0.00002084   
   94     0.00020973   
   95     0.00065558   
   96     0.00053095   
   97     0.00118423   
   98     0.00088114   
   99     0.00029999   
  100     0.00012490   
  101     0.00071682   
  102     0.00013660   
  103     0.00029144   
  104     0.00003129   
  105     0.00020172   
  106     0.00008111   
  107     0.00006633   
  108     0.00004049   
  109     0.00004405   
  110     0.00005191   
  111     0.00004282   
  112     0.00005281   
  113     0.00003150   
  114     0.00047422   
  115     0.00056669   
  116     0.00056137   
  117     0.00024236   
  118     0.00713730   
  119     0.00055760   
  120     0.00112139   
  121     0.00020386   
  122     0.00920973   
  123     0.00145854   
  124     0.00098352   
  125     0.00068744   
  126     0.00096519   
  127     0.00035794   
  128     0.00033818   
  129     0.00020470   
  130     0.00060109   
  131     0.00024012   
  132     0.00080103   
  133     0.00028304   
  134     0.00026148   
  135     0.00023965   
  136     0.00013270   
  137     0.00023714   
  138     0.00006499   
  139     0.00005292   
  140     0.00003604   
  141     0.00021182   
  142     0.00016726   
  143     0.00011013   
  144     0.00006933   
  145     0.00004009   
  146     0.00000485   
  147     0.00000301   
  148     0.00001623   
  149     0.00001204   
  150     0.00002080   
  151     0.00008258   
  152     0.00010296   
  153     0.00003350   
  154     0.00009248   
  155     0.00004700   
  156     0.00005444   
  157     0.00018071   
  158     0.00063551   
  159     0.00042394   
  160     0.00009305   
  161     0.00004927   
  162     0.00017249   
  163     0.00005079   
  164     0.00003346   
  165     0.00004115   
  166     0.00004329   
  167     0.00005547   
  168     0.00003783   
  169     0.00017399   
  170     0.00002872   
  171     0.00038712   
  172     0.00023530   
  173     0.00007398   
  174     0.00019617   
  175     0.00012135   
  176     0.00020108   
  177     0.00019027   
  178     0.00028565   
  179     0.00006584   
  180     0.00008802   
  181     0.00017086   
  182     0.00000863   
  183     0.00000765   
  184     0.00004346   
  185     0.00001160   
  186     0.00000828   
  187     0.00003758   
  188     0.00004530   
  189     0.00003461   
  190     0.00010769   
  191     0.00001917   
  192     0.00001888   
  193     0.00002036   
  194     0.00011157   
  195     0.00002442   
  196     0.00005567   
  197     0.00012333   
  198     0.00011147   
  199     0.00000769   
  200     0.00063714   
  201     0.00037609   
  202     0.00103867   
  203     0.00101081   
  204     0.00106799   
  205     0.00029213   
  206     0.00074369   
  207     0.00020174   
  208     0.00031455   
  209     0.00016860   
  210     0.00021157   
  211     0.00020136   
  212     0.00012133   
  213     0.00001660   
  214     0.00003087   
  215     0.00000605   
  216     0.00002041   
  217     0.00000480   
  218     0.00000306   
  219     0.00003047   
  220     0.00001022   
  221     0.00009806   
  222     0.00011435   
  223     0.00014434   
  224     0.00019647   
  225     0.00008306   
  226     0.00038802   
  227     0.00013357   
  228     0.00034868   
  229     0.00044007   
  230     0.00069498   
  231     0.00076222   
  232     0.00058738   
  233     0.00098244   
  234     0.00116092   
  235     0.00049047   
  236     0.00014993   
  237     0.00016170   
  238     0.00056320   
  239     0.00000560   
  240     0.00004951   
  241     0.00021569   
  242     0.00013931   
  243     0.00006568   
  244     0.00013638   
  245     0.00115160   
  246     0.00210319   
  247     0.00165983   
  248     0.00153512   
  249     0.00138438   
  250     0.00364423   
  251     0.00117888   
  252     0.00080236   
  253     0.00390073   
  254     0.00521325   
  255     0.00365087   
  256     0.00375476   
  257     0.00032336   
  258     0.00290701   
  259     0.00257465   
  260     0.00286936   
  261     0.00140986   
  262     0.00144844   
  263     0.00095524   
  264     0.00017795   
  265     0.00002828   
  266     0.00066304   
  267     0.00017366   
  268     0.00019750   
  269     0.00009204   
  270     0.00018987   
  271     0.00012064   
  272     0.00113915   
  273     0.00022653   
  274     0.00020823   
  275     0.00010769   
  276     0.00057885   
  277     0.00017127   
  278     0.00101845   
  279     0.00103667   
  280     0.00267078   
  281     0.02156397   
  282     0.00194799   
  283     0.00655893   
  284     0.00753978   
  285     0.03527422   
  286     0.01257373   
  287     0.01730051   
  288     0.04492626   
  289     0.00192938   
  290     0.01306960   
  291     0.01228179   
  292     0.00898650   
  293     0.02334512   
  294     0.03153502   
  295     0.00342771   
  296     0.01123617   
  297     0.00097191   
  298     0.00066176   
  299     0.00161094   
  300     0.00024402   
  301     0.00021990   
  302     0.00025744   
  303     0.00036380   
  304     0.00172565   
  305     0.00095300   
  306     0.00048831   
  307     0.00210907   
  308     0.00114468   
  309     0.00850927   
  310     0.00189895   
  311     0.01086417   
  312     0.00158429   
  313     0.00197797   
  314     0.00643387   
  315     0.00360675   
  316     0.00132510   
  317     0.00175642   
  318     0.00682862   
  319     0.02921247   
  320     0.01295069   
  321     0.00623899   
  322     0.00318110   
  323     0.00279540   
  324     0.00124949   
  325     0.00071789   
  326     0.00092329   
  327     0.00008913   
  328     0.00011844   
  329     0.00014961   
  330     0.00023065   
  331     0.00006462   
  332     0.00022852   
  333     0.00006777   
  334     0.00007765   
  335     0.00002871   
  336     0.00015318   
  337     0.00002642   
  338     0.00008175   
  339     0.00017299   
  340     0.00177709   
  341     0.00010619   
  342     0.00010868   
  343     0.00010730   
  344     0.00016360   
  345     0.00050275   
  346     0.00033248   
  347     0.00031980   
  348     0.00109718   
  349     0.00077751   
  350     0.00049410   
  351     0.00034362   
  352     0.00056741   
  353     0.00189426   
  354     0.00007601   
  355     0.00072507   
  356     0.00118541   
  357     0.00138327   
  358     0.00015836   
  359     0.00021989   
  360     0.00041669   
  361     0.00078444   
  362     0.00005807   
  363     0.00038986   
  364     0.00020864   
  365     0.00005538   
  366     0.00009373   
  367     0.00010090   
  368     0.00077676   
  369     0.00010586   
  370     0.00037018   
  371     0.00069349   
  372     0.00021916   
  373     0.00024160   
  374     0.00089442   
  375     0.00026388   
  376     0.00018016   
  377     0.00450719   
  378     0.00269120   
  379     0.00043540   
  380     0.00094239   
  381     0.00049190   
  382     0.00130854   
  383     0.00068752   
  384     0.00026552   
  385     0.00184662   
  386     0.00038862   
  387     0.00058683   
  388     0.00009109   
  389     0.00153581   
  390     0.00035703   
  391     0.00007861   
  392     0.00121361   
  393     0.00028560   
  394     0.00072992   
  395     0.00096819   
  396     0.00020177   
  397     0.00046216   
  398     0.00086579   
  399     0.00122595   
  400     0.00053140   
  401     0.00036206   
  402     0.00050871   
  403     0.00097319   
  404     0.00103696   
  405     0.00056882   
  406     0.00008076   
  407     0.00013646   
  408     0.00022517   
  409     0.00002335   
  410     0.00169921   
  411     0.00021847   
  412     0.00032054   
  413     0.00097097   
  414     0.00016818   
  415     0.00026931   
  416     0.00045381   
  417     0.00017729   
  418     0.00002245   
  419     0.00027568   
  420     0.00015088   
  421     0.00001721   
  422     0.00001808   
  423     0.00006831   
  424     0.00002472   
  425     0.00003001   
  426     0.00002390   
  427     0.00002026   
  428     0.00004338   
  429     0.00002915   
  430     0.00026148   
  431     0.00006815   
  432     0.00009218   
  433     0.00013946   
  434     0.00041916   
  435     0.00113342   
  436     0.00101304   
  437     0.00215744   
  438     0.00124169   
  439     0.00298870   
  440     0.00137645   
  441     0.00045651   
  442     0.00227020   
  443     0.00033659   
  444     0.00086022   
  445     0.00049452   
  446     0.00038354   
  447     0.00045332   
  448     0.00027271   
  449     0.00006980   
  450     0.00019636   
  451     0.00006368   
  452     0.00003377   
  453     0.00001696   
  454     0.00001271   
  455     0.00005759   
  456     0.00010261   
  457     0.00018018   
  458     0.00010011   
  459     0.00097257   
  460     0.00061589   
  461     0.00038562   
  462     0.00040261   
  463     0.00080830   
  464     0.00061028   
  465     0.00066646   
  466     0.00202411   
  467     0.00033519   
  468     0.00079310   
  469     0.00029031   
  470     0.00010144   
  471     0.00013035   
  472     0.00035285   
  473     0.00009696   
  474     0.00004543   
  475     0.00075288   
  476     0.00026192   
  477     0.00001836   
  478     0.00018652   
  479     0.00008748   
  480     0.00046458   
  481     0.00021016   
  482     0.00012672   
  483     0.00015670   
  484     0.00151965   
  485     0.00005089   
  486     0.00005285   
  487     0.00013040   
  488     0.00004882   
  489     0.00005377   
  490     0.00013693   
  491     0.00004828   
  492     0.00000580   
  493     0.00004822   
  494     0.00003527   
  495     0.00002304   
  496     0.00001537   
  497     0.00001498   
  498     0.00002875   
  499     0.00002463   
  500     0.00002922   
  501     0.00009330   
  502     0.00001631   
  503     0.00003804   
  504     0.00000648   
  505     0.00002584   
  506     0.00003831   
  507     0.00000953   
  508     0.00013246   
  509     0.00003013   
  510     0.00003692   
  511     0.00014876   
  512     0.00005425   
  513     0.00005154   
  514     0.00004631   
  515     0.00032630   
  516     0.00004819   
  517     0.00000713   
  518     0.00012236   
  519     0.00025453   
  520     0.00002322   
  521     0.00001649   
  522     0.00001999   
  523     0.00009734   
  524     0.00014882   
  525     0.00012174   
  526     0.00010898   
  527     0.00006322   
  528     0.00005559   
  529     0.00002025   
  530     0.00024739   
  531     0.00011628   
  532     0.00015345   
  533     0.00009372   
  534     0.00014357   
  535     0.00049243   
  536     0.00005094   
  537     0.00039087   
  538     0.00041428   
  539     0.00115378   
  540     0.00020944   
  541     0.00009343   
  542     0.00009795   
  543     0.00007867   
  544     0.00001149   
  545     0.00012464   
  546     0.00015144   
  547     0.00022252   
  548     0.00030146   
  549     0.00471254   
  550     0.00005895   
  551     0.00096721   
  552     0.00038500   
  553     0.00046468   
  554     0.00016436   
  555     0.00011759   
  556     0.00004333   
  557     0.00001241   
  558     0.00003524   
  559     0.00004971   
  560     0.00007265   
  561     0.00025020   
  562     0.00029899   
  563     0.00019562   
  564     0.00041612   
  565     0.00027179   
  566     0.00018380   
  567     0.00028662   
  568     0.00014191   
  569     0.00012638   
  570     0.00012939   
  571     0.00003643   
  572     0.00008589   
  573     0.00000859   
  574     0.00001277   
  575     0.00001512   
  576     0.00001115   
  577     0.00002624   
  578     0.00004153   
  579     0.00002228   
  580     0.00014707   
  581     0.00025846   
  582     0.00003585   
  583     0.00003062   
  584     0.00012170   
  585     0.00001882   
  586     0.00004518   
  587     0.00011178   
  588     0.00044493   
  589     0.00009053   
  590     0.00068224   
  591     0.00088174   
  592     0.00039496   
  593     0.00032455   
  594     0.00032927   
  595     0.00113512   
  596     0.00041331   
  597     0.00051752   
  598     0.00066483   
  599     0.00288391   
  600     0.00050482   
  601     0.00066223   
  602     0.00122742   
  603     0.00165947   
  604     0.00216689   
  605     0.00281970   
  606     0.00115852   
  607     0.00125771   
  608     0.00354936   
  609     0.00065915   
  610     0.00368517   
  611     0.00105161   
  612     0.00208781   
  613     0.00085909   
  614     0.00413722   
  615     0.00058415   
  616     0.00199301   
  617     0.00102181   
  618     0.00078345   
  619     0.00128892   
  620     0.00095913   
  621     0.00113545   
  622     0.00054366   
  623     0.00033219   
  624     0.00014969   
