    1     0.00000337   
    2     0.00000220   
    3     0.00000689   
    4     0.00000513   
    5     0.00000586   
    6     0.00000345   
    7     0.00003279   
    8     0.00003170   
    9     0.00018533   
   10     0.00005031   
   11     0.00036173   
   12     0.00016989   
   13     0.00003556   
   14     0.00002360   
   15     0.00001709   
   16     0.00001499   
   17     0.00001223   
   18     0.00000564   
   19     0.00000682   
   20     0.00000030   
   21     0.00000143   
   22     0.00000216   
   23     0.00000065   
   24     0.00000333   
   25     0.00000232   
   26     0.00001448   
   27     0.00000688   
   28     0.00000536   
   29     0.00000325   
   30     0.00000057   
   31     0.00000071   
   32     0.00000024   
   33     0.00001873   
   34     0.00000759   
   35     0.00001608   
   36     0.00002249   
   37     0.00001833   
   38     0.00003631   
   39     0.00000776   
   40     0.00002806   
   41     0.00002151   
   42     0.00003232   
   43     0.00003514   
   44     0.00001488   
   45     0.00000243   
   46     0.00000403   
   47     0.00001302   
   48     0.00005367   
   49     0.00003117   
   50     0.00002538   
   51     0.00001767   
   52     0.00002644   
   53     0.00001521   
   54     0.00004140   
   55     0.00001396   
   56     0.00000892   
   57     0.00003367   
   58     0.00001816   
   59     0.00054874   
   60     0.00003318   
   61     0.00005861   
   62     0.00004141   
   63     0.00001347   
   64     0.00003512   
   65     0.00002726   
   66     0.00002682   
   67     0.00003189   
   68     0.00004008   
   69     0.00006110   
   70     0.00030769   
   71     0.00005128   
   72     0.00002954   
   73     0.00010071   
   74     0.00029454   
   75     0.00007765   
   76     0.00000614   
   77     0.00000435   
   78     0.00001328   
   79     0.00001127   
   80     0.00000117   
   81     0.00009382   
   82     0.00001333   
   83     0.00000481   
   84     0.00000198   
   85     0.00000474   
   86     0.00000370   
   87     0.00000647   
   88     0.00000567   
   89     0.00001453   
   90     0.00001902   
   91     0.00000845   
   92     0.00000266   
   93     0.00000237   
   94     0.00000451   
   95     0.00000280   
   96     0.00002213   
   97     0.00000304   
   98     0.00000163   
   99     0.00000578   
  100     0.00002618   
  101     0.00005311   
  102     0.00006929   
  103     0.00001744   
  104     0.00000865   
  105     0.00001744   
  106     0.00001800   
  107     0.00000198   
  108     0.00000305   
  109     0.00001299   
  110     0.00004107   
  111     0.00008377   
  112     0.00010195   
  113     0.00010669   
  114     0.00010550   
  115     0.00007128   
  116     0.00004382   
  117     0.00005385   
  118     0.00013077   
  119     0.00003534   
  120     0.00001583   
  121     0.00001203   
  122     0.00001739   
  123     0.00000889   
  124     0.00001463   
  125     0.00000671   
  126     0.00000395   
  127     0.00000608   
  128     0.00000247   
  129     0.00000276   
  130     0.00000288   
  131     0.00000049   
  132     0.00000174   
  133     0.00000150   
  134     0.00000316   
  135     0.00000964   
  136     0.00000802   
  137     0.00000803   
  138     0.00001781   
  139     0.00001573   
  140     0.00006233   
  141     0.00009303   
  142     0.00043133   
  143     0.00005777   
  144     0.00021205   
  145     0.00016993   
  146     0.00015655   
  147     0.00191708   
  148     0.00004077   
  149     0.00015480   
  150     0.00095412   
  151     0.00016492   
  152     0.00013506   
  153     0.00019099   
  154     0.00025066   
  155     0.00007945   
  156     0.00003208   
  157     0.00005163   
  158     0.00002051   
  159     0.00001005   
  160     0.00004850   
  161     0.00005305   
  162     0.00001513   
  163     0.00001919   
  164     0.00001037   
  165     0.00000507   
  166     0.00000406   
  167     0.00001861   
  168     0.00007339   
  169     0.00041906   
  170     0.00013920   
  171     0.00003264   
  172     0.00008185   
  173     0.00008216   
  174     0.00001884   
  175     0.00004168   
  176     0.00007628   
  177     0.00003173   
  178     0.00006408   
  179     0.00014148   
  180     0.00002002   
  181     0.00006736   
  182     0.00001862   
  183     0.00000457   
  184     0.00000263   
  185     0.00002774   
  186     0.00001795   
  187     0.00000632   
  188     0.00004184   
  189     0.00008113   
  190     0.00006580   
  191     0.00014023   
  192     0.00003938   
  193     0.00023504   
  194     0.00003140   
  195     0.00008335   
  196     0.00033266   
  197     0.00024012   
  198     0.00067848   
  199     0.00008843   
  200     0.00005773   
  201     0.00006553   
  202     0.00007485   
  203     0.00007240   
  204     0.00011552   
  205     0.00007620   
  206     0.00019846   
  207     0.00006121   
  208     0.00013040   
  209     0.00005843   
  210     0.00094992   
  211     0.00011859   
  212     0.00001666   
  213     0.00003206   
  214     0.00010973   
  215     0.00029451   
  216     0.00011946   
  217     0.00006656   
  218     0.00023516   
  219     0.00010283   
  220     0.00020591   
  221     0.00015956   
  222     0.00028944   
  223     0.00021884   
  224     0.00026607   
  225     0.00014739   
  226     0.00034130   
  227     0.00080665   
  228     0.00040968   
  229     0.00099244   
  230     0.00042917   
  231     0.00052495   
  232     0.00072104   
  233     0.00092942   
  234     0.00048721   
  235     0.00037014   
  236     0.00026735   
  237     0.00078396   
  238     0.00039205   
  239     0.00011017   
  240     0.00025114   
  241     0.00020168   
  242     0.00003515   
  243     0.00004155   
  244     0.00007829   
  245     0.00002223   
  246     0.00000412   
  247     0.00000582   
  248     0.00002972   
  249     0.00000311   
  250     0.00000891   
  251     0.00003847   
  252     0.00011112   
  253     0.00019206   
  254     0.00002450   
  255     0.00004497   
  256     0.00002208   
  257     0.00058109   
  258     0.00021797   
  259     0.00031836   
  260     0.00008471   
  261     0.00022100   
  262     0.00026339   
  263     0.00070981   
  264     0.00015231   
  265     0.00036559   
  266     0.00018531   
  267     0.00087998   
  268     0.00045217   
  269     0.00052733   
  270     0.00019898   
  271     0.00093918   
  272     0.00088033   
  273     0.00045623   
  274     0.00145521   
  275     0.00141955   
  276     0.00042633   
  277     0.00017568   
  278     0.00023591   
  279     0.00048778   
  280     0.00042911   
  281     0.00030773   
  282     0.00024234   
  283     0.00004317   
  284     0.00002947   
  285     0.00001956   
  286     0.00024249   
  287     0.00021276   
  288     0.00007889   
  289     0.00008859   
  290     0.00000922   
  291     0.00003007   
  292     0.00002258   
  293     0.00010191   
  294     0.00022598   
  295     0.00023467   
  296     0.00020531   
  297     0.00020689   
  298     0.00009612   
  299     0.00004849   
  300     0.00029218   
  301     0.00014425   
  302     0.00061131   
  303     0.00010624   
  304     0.00035352   
  305     0.00037666   
  306     0.00019204   
  307     0.00032961   
  308     0.00014991   
  309     0.00056298   
  310     0.00051346   
  311     0.00068224   
  312     0.00083028   
  313     0.00115478   
  314     0.00021999   
  315     0.00034679   
  316     0.00089121   
  317     0.00121232   
  318     0.00014411   
  319     0.00047128   
  320     0.00010361   
  321     0.00021969   
  322     0.00016439   
  323     0.00009209   
  324     0.00030499   
  325     0.00001941   
  326     0.00089138   
  327     0.00034828   
  328     0.00048813   
  329     0.00105633   
  330     0.00049953   
  331     0.00055083   
  332     0.00011503   
  333     0.00003292   
  334     0.00018497   
  335     0.00001837   
  336     0.00004544   
  337     0.00009540   
  338     0.00006703   
  339     0.00002977   
  340     0.00004145   
  341     0.00008561   
  342     0.00019866   
  343     0.00048220   
  344     0.00014440   
  345     0.00074341   
  346     0.00036544   
  347     0.00106306   
  348     0.00128623   
  349     0.00116963   
  350     0.00068583   
  351     0.00057863   
  352     0.00144859   
  353     0.00031187   
  354     0.00032217   
  355     0.00021238   
  356     0.00052044   
  357     0.00039389   
  358     0.00032754   
  359     0.00012097   
  360     0.00025723   
  361     0.00029047   
  362     0.00018572   
  363     0.00007932   
  364     0.00000253   
  365     0.00003494   
  366     0.00000443   
  367     0.00035439   
  368     0.00011428   
  369     0.00005305   
  370     0.00005609   
  371     0.00006493   
  372     0.00002055   
  373     0.00005580   
  374     0.00002321   
  375     0.00002439   
  376     0.00001007   
  377     0.00002242   
  378     0.00003455   
  379     0.00000487   
  380     0.00000923   
  381     0.00002657   
  382     0.00000127   
  383     0.00001913   
  384     0.00002793   
  385     0.00010098   
  386     0.00005846   
  387     0.00012466   
  388     0.00041108   
  389     0.00017346   
  390     0.00053668   
  391     0.00054060   
  392     0.00038818   
  393     0.00016809   
  394     0.00008688   
  395     0.00017168   
  396     0.00023330   
  397     0.00041411   
  398     0.00016327   
  399     0.00022704   
  400     0.00014149   
  401     0.00009036   
  402     0.00046080   
  403     0.00024881   
  404     0.00027038   
  405     0.00195037   
  406     0.00046007   
  407     0.00089539   
  408     0.00100642   
  409     0.00063689   
  410     0.00077448   
  411     0.00054966   
  412     0.00119223   
  413     0.00029221   
  414     0.00131610   
  415     0.00024325   
  416     0.00103032   
  417     0.00042618   
  418     0.00058725   
  419     0.00044054   
  420     0.00122621   
  421     0.00006089   
  422     0.00015160   
  423     0.00007979   
  424     0.00008708   
  425     0.00001878   
  426     0.00005022   
  427     0.00000380   
  428     0.00001734   
  429     0.00015411   
  430     0.00000612   
  431     0.00001183   
  432     0.00000259   
  433     0.00003163   
  434     0.00000655   
  435     0.00000982   
  436     0.00005123   
  437     0.00010338   
  438     0.00005684   
  439     0.00007045   
  440     0.00003615   
  441     0.00011270   
  442     0.00015462   
  443     0.00022497   
  444     0.00152135   
  445     0.00020163   
  446     0.00091569   
  447     0.00112976   
  448     0.00034799   
  449     0.00041795   
  450     0.00014081   
  451     0.00022785   
  452     0.00005919   
  453     0.00016620   
  454     0.00012336   
  455     0.00008937   
  456     0.00005371   
  457     0.00004380   
  458     0.00004512   
  459     0.00000946   
  460     0.00000565   
  461     0.00000122   
  462     0.00000559   
  463     0.00000318   
  464     0.00000201   
  465     0.00000130   
  466     0.00000230   
  467     0.00000661   
  468     0.00000621   
  469     0.00000074   
  470     0.00000557   
  471     0.00001655   
  472     0.00000864   
  473     0.00002903   
  474     0.00005094   
  475     0.00001833   
  476     0.00030275   
  477     0.00018106   
  478     0.00017614   
  479     0.00007646   
  480     0.00007905   
  481     0.00022644   
  482     0.00012604   
  483     0.00006334   
  484     0.00011758   
  485     0.00005723   
  486     0.00001911   
  487     0.00002147   
  488     0.00001332   
  489     0.00000299   
  490     0.00000897   
  491     0.00000301   
  492     0.00000100   
  493     0.00000221   
  494     0.00000019   
  495     0.00000249   
  496     0.00000067   
  497     0.00000192   
  498     0.00001157   
  499     0.00004758   
  500     0.00005723   
  501     0.00007655   
  502     0.00006689   
  503     0.00013863   
  504     0.00013770   
  505     0.00009891   
  506     0.00010539   
  507     0.00019243   
  508     0.00005523   
  509     0.00000625   
  510     0.00003545   
  511     0.00006209   
  512     0.00027050   
  513     0.00002511   
  514     0.00005649   
  515     0.00016726   
  516     0.00021921   
  517     0.00004400   
  518     0.00017326   
  519     0.00034069   
  520     0.00019511   
  521     0.00002443   
  522     0.00009731   
  523     0.00021384   
  524     0.00007135   
  525     0.00003287   
  526     0.00029973   
  527     0.00020382   
  528     0.00012782   
  529     0.00063243   
  530     0.00083318   
  531     0.00018151   
  532     0.00165603   
  533     0.00081534   
  534     0.00103126   
  535     0.00109346   
  536     0.00251132   
  537     0.00067211   
  538     0.00047223   
  539     0.00025316   
  540     0.00031503   
  541     0.00007960   
  542     0.00014468   
  543     0.00014745   
  544     0.00005756   
  545     0.00005543   
  546     0.00016128   
  547     0.00006145   
  548     0.00002748   
  549     0.00007967   
  550     0.00005310   
  551     0.00002393   
  552     0.00000574   
  553     0.00001203   
  554     0.00000732   
  555     0.00000104   
  556     0.00000318   
  557     0.00001522   
  558     0.00000556   
  559     0.00000449   
  560     0.00000244   
  561     0.00002933   
  562     0.00003299   
  563     0.00002694   
  564     0.00002212   
  565     0.00000926   
  566     0.00002536   
  567     0.00008459   
  568     0.00004702   
  569     0.00002886   
  570     0.00004881   
  571     0.00012776   
  572     0.00005747   
  573     0.00011063   
  574     0.00003909   
  575     0.00008782   
  576     0.00087166   
  577     0.00001563   
  578     0.00003981   
  579     0.00035779   
  580     0.00018258   
  581     0.00062035   
  582     0.00001679   
  583     0.00006915   
  584     0.00030555   
  585     0.00026064   
  586     0.00004314   
  587     0.00006624   
  588     0.00024156   
  589     0.00002380   
  590     0.00006164   
  591     0.00002645   
  592     0.00006291   
  593     0.00003975   
  594     0.00005841   
  595     0.00001286   
  596     0.00002045   
  597     0.00001010   
  598     0.00004481   
  599     0.00003423   
  600     0.00000822   
  601     0.00001037   
  602     0.00000946   
  603     0.00000280   
  604     0.00000686   
  605     0.00000320   
    1     0.00007323   
    2     0.00002578   
    3     0.00001819   
    4     0.00009087   
    5     0.00009538   
    6     0.00010135   
    7     0.00025260   
    8     0.00008773   
    9     0.00004410   
   10     0.00000594   
   11     0.00000756   
   12     0.00001466   
   13     0.00002586   
   14     0.00009900   
   15     0.00004675   
   16     0.00005959   
   17     0.00003962   
   18     0.00003862   
   19     0.00005417   
   20     0.00009722   
   21     0.00005487   
   22     0.00002434   
   23     0.00019849   
   24     0.00018027   
   25     0.00001121   
   26     0.00003690   
   27     0.00013937   
   28     0.00007131   
   29     0.00101557   
   30     0.00059776   
   31     0.00016046   
   32     0.00038246   
   33     0.00011525   
   34     0.00019412   
   35     0.00014360   
   36     0.00039697   
   37     0.00046085   
   38     0.00074809   
   39     0.00021716   
   40     0.00039652   
   41     0.00035620   
   42     0.00032465   
   43     0.00052170   
   44     0.00145559   
   45     0.00148760   
   46     0.00073390   
   47     0.00071448   
   48     0.00108884   
   49     0.00022022   
   50     0.00026922   
   51     0.00101267   
   52     0.00149404   
   53     0.00022303   
   54     0.00014957   
   55     0.00005301   
   56     0.00114628   
   57     0.00044359   
   58     0.00095369   
   59     0.00024346   
   60     0.00027782   
   61     0.00005823   
   62     0.00003996   
   63     0.00091117   
   64     0.00067709   
   65     0.00053794   
   66     0.00087541   
   67     0.00020183   
   68     0.00023026   
   69     0.00065560   
   70     0.00003270   
   71     0.00007281   
   72     0.00001592   
   73     0.00003585   
   74     0.00005145   
   75     0.00008161   
   76     0.00008913   
   77     0.00029007   
   78     0.00041308   
   79     0.00052887   
   80     0.00046827   
   81     0.00094916   
   82     0.00033180   
   83     0.00101838   
   84     0.00011951   
   85     0.00040813   
   86     0.00026917   
   87     0.00003882   
   88     0.00000776   
   89     0.00006860   
   90     0.00019300   
   91     0.00020926   
   92     0.00008688   
   93     0.00042988   
   94     0.00014513   
   95     0.00031627   
   96     0.00050382   
   97     0.00011935   
   98     0.00012221   
   99     0.00017027   
  100     0.00021793   
  101     0.00009833   
  102     0.00007136   
  103     0.00005346   
  104     0.00003227   
  105     0.00002382   
  106     0.00003141   
  107     0.00001543   
  108     0.00001719   
  109     0.00000764   
  110     0.00000772   
  111     0.00000873   
  112     0.00004800   
  113     0.00001566   
  114     0.00004783   
  115     0.00007646   
  116     0.00004743   
  117     0.00007403   
  118     0.00055202   
  119     0.00004021   
  120     0.00016607   
  121     0.00017331   
  122     0.00018338   
  123     0.00034282   
  124     0.00005719   
  125     0.00030011   
  126     0.00027343   
  127     0.00019178   
  128     0.00002298   
  129     0.00011662   
  130     0.00013771   
  131     0.00002322   
  132     0.00010248   
  133     0.00027770   
  134     0.00010293   
  135     0.00014531   
  136     0.00012833   
  137     0.00017411   
  138     0.00031448   
  139     0.00023539   
  140     0.00040677   
  141     0.00033147   
  142     0.00033027   
  143     0.00027777   
  144     0.00095185   
  145     0.00069963   
  146     0.00016064   
  147     0.00011249   
  148     0.00026933   
  149     0.00006144   
  150     0.00008411   
  151     0.00008498   
  152     0.00009745   
  153     0.00021376   
  154     0.00015741   
  155     0.00018475   
  156     0.00007990   
  157     0.00004394   
  158     0.00008071   
  159     0.00007919   
  160     0.00008610   
  161     0.00004376   
  162     0.00009837   
  163     0.00007853   
  164     0.00017383   
  165     0.00006910   
  166     0.00012652   
  167     0.00006121   
  168     0.00001900   
  169     0.00006111   
  170     0.00003642   
  171     0.00042900   
  172     0.00105394   
  173     0.00025168   
  174     0.00032293   
  175     0.00057926   
  176     0.00028333   
  177     0.00040961   
  178     0.00013480   
  179     0.00021392   
  180     0.00006663   
  181     0.00016115   
  182     0.00002742   
  183     0.00005416   
  184     0.00018676   
  185     0.00011849   
  186     0.00023927   
  187     0.00093852   
  188     0.00022753   
  189     0.00082399   
  190     0.00432960   
  191     0.00024759   
  192     0.00046444   
  193     0.00082312   
  194     0.00065191   
  195     0.00029231   
  196     0.00089206   
  197     0.00069789   
  198     0.00045758   
  199     0.00006747   
  200     0.00128091   
  201     0.00032063   
  202     0.00198052   
  203     0.00065442   
  204     0.00077636   
  205     0.00039103   
  206     0.00146153   
  207     0.00027195   
  208     0.00035047   
  209     0.00135584   
  210     0.00146335   
  211     0.00097803   
  212     0.00645511   
  213     0.00177665   
  214     0.00035690   
  215     0.00055486   
  216     0.00022834   
  217     0.00007313   
  218     0.00007086   
  219     0.00035848   
  220     0.00030016   
  221     0.00201095   
  222     0.00107603   
  223     0.00327138   
  224     0.00385416   
  225     0.00043362   
  226     0.00095543   
  227     0.00036921   
  228     0.00029014   
  229     0.00015924   
  230     0.00041690   
  231     0.00131163   
  232     0.00049997   
  233     0.00140341   
  234     0.00140336   
  235     0.00174672   
  236     0.00157698   
  237     0.00067374   
  238     0.00031225   
  239     0.00036675   
  240     0.00003572   
  241     0.00089055   
  242     0.00046264   
  243     0.00074442   
  244     0.00007591   
  245     0.00227087   
  246     0.00067461   
  247     0.00064907   
  248     0.00154577   
  249     0.00005351   
  250     0.00045125   
  251     0.00033643   
  252     0.00026047   
  253     0.00022476   
  254     0.00030122   
  255     0.00026751   
  256     0.00059941   
  257     0.00004687   
  258     0.00014263   
  259     0.00063310   
  260     0.00045020   
  261     0.00040428   
  262     0.00019088   
  263     0.00042049   
  264     0.00003890   
  265     0.00014928   
  266     0.00024548   
  267     0.00054333   
  268     0.00027055   
  269     0.00049235   
  270     0.00018979   
  271     0.00039374   
  272     0.00040178   
  273     0.00018214   
  274     0.00030231   
  275     0.00032211   
  276     0.00020429   
  277     0.00005827   
  278     0.00011970   
  279     0.00012055   
  280     0.00009475   
  281     0.00035623   
  282     0.00033997   
  283     0.00037689   
  284     0.00016538   
  285     0.00007088   
  286     0.00002841   
  287     0.00004666   
  288     0.00021947   
  289     0.00000386   
  290     0.00002288   
  291     0.00001143   
  292     0.00002160   
  293     0.00009398   
  294     0.00014793   
  295     0.00004985   
  296     0.00020184   
  297     0.00013298   
  298     0.00027515   
  299     0.00073739   
  300     0.00022837   
  301     0.00055473   
  302     0.00013579   
  303     0.00039355   
  304     0.00025487   
  305     0.00094329   
  306     0.00215168   
  307     0.00131078   
  308     0.00011449   
  309     0.00021824   
  310     0.00078971   
  311     0.00052773   
  312     0.00047686   
  313     0.00044825   
  314     0.00022297   
  315     0.00098505   
  316     0.00045196   
  317     0.00025986   
  318     0.00033535   
  319     0.00017413   
  320     0.00029778   
  321     0.00004900   
  322     0.00005326   
  323     0.00009235   
  324     0.00018573   
  325     0.00012913   
  326     0.00032708   
  327     0.00024162   
  328     0.00015580   
  329     0.00027046   
  330     0.00028355   
  331     0.00024939   
  332     0.00030254   
  333     0.00113642   
  334     0.00126389   
  335     0.00008928   
  336     0.00020131   
  337     0.00001355   
  338     0.00007699   
  339     0.00015522   
  340     0.00042262   
  341     0.00001223   
  342     0.00004254   
  343     0.00016629   
  344     0.00011213   
  345     0.00008745   
  346     0.00008334   
  347     0.00005282   
  348     0.00010623   
  349     0.00011520   
  350     0.00016539   
  351     0.00010563   
  352     0.00014052   
  353     0.00058858   
  354     0.00025893   
  355     0.00009620   
  356     0.00026473   
  357     0.00066057   
  358     0.00003752   
  359     0.00021998   
  360     0.00010736   
  361     0.00019396   
  362     0.00049456   
  363     0.00035606   
  364     0.00010450   
  365     0.00002675   
  366     0.00001445   
  367     0.00002605   
  368     0.00013179   
  369     0.00003238   
  370     0.00005083   
  371     0.00016189   
  372     0.00030883   
  373     0.00018742   
  374     0.00046236   
  375     0.00007289   
  376     0.00013542   
  377     0.00067342   
  378     0.00092400   
  379     0.00045686   
  380     0.00139317   
  381     0.00047839   
  382     0.00043381   
  383     0.00072877   
  384     0.00036075   
  385     0.00037130   
  386     0.00008764   
  387     0.00058129   
  388     0.00014629   
  389     0.00037059   
  390     0.00034488   
  391     0.00024154   
  392     0.00124565   
  393     0.00012176   
  394     0.00025950   
  395     0.00020596   
  396     0.00017166   
  397     0.00025955   
  398     0.00021021   
  399     0.00036388   
  400     0.00043861   
  401     0.00037630   
  402     0.00026903   
  403     0.00019750   
  404     0.00023245   
  405     0.00018821   
  406     0.00013782   
  407     0.00009136   
  408     0.00008201   
  409     0.00000991   
  410     0.00006146   
  411     0.00003443   
  412     0.00025457   
  413     0.00033139   
  414     0.00026886   
  415     0.00016062   
  416     0.00018303   
  417     0.00013411   
  418     0.00005176   
  419     0.00040464   
  420     0.00011335   
  421     0.00004234   
  422     0.00019085   
  423     0.00019612   
  424     0.00002979   
  425     0.00000114   
  426     0.00000070   
  427     0.00004818   
  428     0.00002746   
  429     0.00005366   
  430     0.00014634   
  431     0.00005004   
  432     0.00008178   
  433     0.00030285   
  434     0.00027687   
  435     0.00032410   
  436     0.00026001   
  437     0.00043686   
  438     0.00013582   
  439     0.00069988   
  440     0.00046381   
  441     0.00027023   
  442     0.00045975   
  443     0.00075121   
  444     0.00030625   
  445     0.00040379   
  446     0.00013551   
  447     0.00015867   
  448     0.00009876   
  449     0.00033870   
  450     0.00017728   
  451     0.00007001   
  452     0.00012972   
  453     0.00002143   
  454     0.00005399   
  455     0.00040751   
  456     0.00034984   
  457     0.00003978   
  458     0.00009556   
  459     0.00006178   
  460     0.00036290   
  461     0.00042239   
  462     0.00034225   
  463     0.00087516   
  464     0.00132096   
  465     0.00075565   
  466     0.00111040   
  467     0.00069486   
  468     0.00044098   
  469     0.00013566   
  470     0.00008200   
  471     0.00024487   
  472     0.00013877   
  473     0.00003392   
  474     0.00002407   
  475     0.00026609   
  476     0.00008793   
  477     0.00001268   
  478     0.00011693   
  479     0.00002753   
  480     0.00016154   
  481     0.00011118   
  482     0.00005517   
  483     0.00008044   
  484     0.00038985   
  485     0.00012178   
  486     0.00010014   
  487     0.00003553   
  488     0.00005168   
  489     0.00022814   
  490     0.00010401   
  491     0.00005710   
  492     0.00006274   
  493     0.00007144   
  494     0.00001563   
  495     0.00003533   
  496     0.00000707   
  497     0.00001339   
  498     0.00002600   
  499     0.00000948   
  500     0.00001908   
  501     0.00001290   
  502     0.00000509   
  503     0.00002762   
  504     0.00005956   
  505     0.00004350   
  506     0.00000732   
  507     0.00000799   
  508     0.00001221   
  509     0.00002738   
  510     0.00000748   
  511     0.00001629   
  512     0.00001919   
  513     0.00001890   
  514     0.00001164   
  515     0.00010549   
  516     0.00000889   
  517     0.00000701   
  518     0.00005014   
  519     0.00014847   
  520     0.00001284   
  521     0.00002645   
  522     0.00004828   
  523     0.00010584   
  524     0.00004892   
  525     0.00003959   
  526     0.00002640   
  527     0.00005879   
  528     0.00005240   
  529     0.00006069   
  530     0.00019299   
  531     0.00017854   
  532     0.00055003   
  533     0.00030288   
  534     0.00078158   
  535     0.00164614   
  536     0.00057645   
  537     0.00032826   
  538     0.00023040   
  539     0.00043749   
  540     0.00030569   
  541     0.00007413   
  542     0.00005293   
  543     0.00001127   
  544     0.00001445   
  545     0.00002463   
  546     0.00007058   
  547     0.00008710   
  548     0.00010414   
  549     0.00081619   
  550     0.00018863   
  551     0.00012341   
  552     0.00003598   
  553     0.00040682   
  554     0.00006438   
  555     0.00000677   
  556     0.00000377   
  557     0.00000100   
  558     0.00000246   
  559     0.00000864   
  560     0.00000514   
  561     0.00003636   
  562     0.00003870   
  563     0.00001452   
  564     0.00010022   
  565     0.00011730   
  566     0.00005688   
  567     0.00007329   
  568     0.00016128   
  569     0.00010756   
  570     0.00011565   
  571     0.00023918   
  572     0.00017798   
  573     0.00014330   
  574     0.00013531   
  575     0.00002812   
  576     0.00002780   
  577     0.00007857   
  578     0.00005872   
  579     0.00002870   
  580     0.00018547   
  581     0.00002749   
  582     0.00004024   
  583     0.00001368   
  584     0.00007346   
  585     0.00001415   
  586     0.00002055   
  587     0.00004781   
  588     0.00036050   
  589     0.00009706   
  590     0.00042160   
  591     0.00025856   
  592     0.00031469   
  593     0.00009244   
  594     0.00019708   
  595     0.00048029   
  596     0.00066786   
  597     0.00035393   
  598     0.00037591   
  599     0.00043962   
  600     0.00023729   
  601     0.00023156   
  602     0.00005069   
  603     0.00026386   
  604     0.00039176   
  605     0.00069751   
  606     0.00030504   
  607     0.00023623   
  608     0.00042753   
  609     0.00023736   
  610     0.00046690   
  611     0.00020917   
  612     0.00133784   
  613     0.00037501   
  614     0.00089651   
  615     0.00041530   
  616     0.00057888   
  617     0.00062029   
  618     0.00033353   
  619     0.00215391   
  620     0.00020875   
  621     0.00170782   
  622     0.00027455   
  623     0.00069737   
  624     0.00007713   
    1     0.00024235   
    2     0.00004378   
    3     0.00003847   
    4     0.00031924   
    5     0.00032220   
    6     0.00035181   
    7     0.00136838   
    8     0.00027909   
    9     0.00021912   
   10     0.00001323   
   11     0.00003531   
   12     0.00002323   
   13     0.00010191   
   14     0.00029192   
   15     0.00026811   
   16     0.00030923   
   17     0.00042610   
   18     0.00025492   
   19     0.00030469   
   20     0.00046528   
   21     0.00049455   
   22     0.00012818   
   23     0.00111369   
   24     0.00083701   
   25     0.00007064   
   26     0.00012527   
   27     0.00039971   
   28     0.00026084   
   29     0.00310393   
   30     0.00202699   
   31     0.00061276   
   32     0.00113049   
   33     0.00029677   
   34     0.00057370   
   35     0.00037391   
   36     0.00091477   
   37     0.00084438   
   38     0.00384636   
   39     0.00098945   
   40     0.00074712   
   41     0.00201060   
   42     0.00164634   
   43     0.00163283   
   44     0.00302087   
   45     0.00155310   
   46     0.00159897   
   47     0.00393416   
   48     0.00775591   
   49     0.00047173   
   50     0.00167009   
   51     0.00096022   
   52     0.00429561   
   53     0.00037471   
   54     0.00050411   
   55     0.00015362   
   56     0.00075226   
   57     0.00153462   
   58     0.00238107   
   59     0.00071341   
   60     0.00046737   
   61     0.00023252   
   62     0.00003937   
   63     0.00312308   
   64     0.00130739   
   65     0.00080220   
   66     0.00242193   
   67     0.00037922   
   68     0.00059491   
   69     0.00209079   
   70     0.00009439   
   71     0.00017403   
   72     0.00003194   
   73     0.00006291   
   74     0.00012718   
   75     0.00015125   
   76     0.00012664   
   77     0.00040700   
   78     0.00130816   
   79     0.00109400   
   80     0.00057444   
   81     0.00131526   
   82     0.00044065   
   83     0.00124636   
   84     0.00030398   
   85     0.00208472   
   86     0.00124399   
   87     0.00006872   
   88     0.00004402   
   89     0.00031946   
   90     0.00084289   
   91     0.00116997   
   92     0.00029772   
   93     0.00163942   
   94     0.00033742   
   95     0.00168095   
   96     0.00151876   
   97     0.00043816   
   98     0.00040980   
   99     0.00058079   
  100     0.00056388   
  101     0.00066187   
  102     0.00037993   
  103     0.00026299   
  104     0.00013211   
  105     0.00011093   
  106     0.00012633   
  107     0.00008246   
  108     0.00004641   
  109     0.00002129   
  110     0.00002495   
  111     0.00001960   
  112     0.00014650   
  113     0.00008103   
  114     0.00022208   
  115     0.00059894   
  116     0.00040772   
  117     0.00066029   
  118     0.00438171   
  119     0.00047779   
  120     0.00126483   
  121     0.00273884   
  122     0.00601956   
  123     0.00145934   
  124     0.00043007   
  125     0.00183928   
  126     0.00116244   
  127     0.00100638   
  128     0.00021346   
  129     0.00083613   
  130     0.00067322   
  131     0.00014676   
  132     0.00024316   
  133     0.00076020   
  134     0.00038064   
  135     0.00068265   
  136     0.00018453   
  137     0.00029925   
  138     0.00052749   
  139     0.00041331   
  140     0.00077567   
  141     0.00081662   
  142     0.00046497   
  143     0.00034082   
  144     0.00173917   
  145     0.00171305   
  146     0.00031413   
  147     0.00027812   
  148     0.00064128   
  149     0.00016257   
  150     0.00011194   
  151     0.00031648   
  152     0.00020536   
  153     0.00047984   
  154     0.00031654   
  155     0.00033994   
  156     0.00011516   
  157     0.00012895   
  158     0.00049659   
  159     0.00012081   
  160     0.00019319   
  161     0.00008474   
  162     0.00023784   
  163     0.00024456   
  164     0.00050545   
  165     0.00011466   
  166     0.00034702   
  167     0.00024122   
  168     0.00010194   
  169     0.00042824   
  170     0.00007211   
  171     0.00109226   
  172     0.00285640   
  173     0.00038377   
  174     0.00069933   
  175     0.00089252   
  176     0.00040670   
  177     0.00063311   
  178     0.00032273   
  179     0.00026568   
  180     0.00034483   
  181     0.00059481   
  182     0.00013006   
  183     0.00018827   
  184     0.00046428   
  185     0.00030289   
  186     0.00057278   
  187     0.00219305   
  188     0.00062918   
  189     0.00223285   
  190     0.01164983   
  191     0.00052953   
  192     0.00101591   
  193     0.00175569   
  194     0.00108794   
  195     0.00086728   
  196     0.00338015   
  197     0.00224260   
  198     0.00169513   
  199     0.00016876   
  200     0.00562980   
  201     0.00088305   
  202     0.00498773   
  203     0.00170032   
  204     0.00057452   
  205     0.00030782   
  206     0.00242856   
  207     0.00050627   
  208     0.00063596   
  209     0.00332373   
  210     0.00348792   
  211     0.00286694   
  212     0.01633067   
  213     0.00413371   
  214     0.00093644   
  215     0.00124676   
  216     0.00062113   
  217     0.00019018   
  218     0.00016204   
  219     0.00110616   
  220     0.00075231   
  221     0.00579699   
  222     0.00293317   
  223     0.00905471   
  224     0.01006529   
  225     0.00124223   
  226     0.00250702   
  227     0.00065640   
  228     0.00210267   
  229     0.00054668   
  230     0.00030965   
  231     0.00041076   
  232     0.00063741   
  233     0.00074942   
  234     0.00105096   
  235     0.00073575   
  236     0.00048557   
  237     0.00021818   
  238     0.00074603   
  239     0.00002241   
  240     0.00005873   
  241     0.00023558   
  242     0.00011607   
  243     0.00012900   
  244     0.00019454   
  245     0.00155295   
  246     0.00453250   
  247     0.00320131   
  248     0.00944430   
  249     0.00203601   
  250     0.00241277   
  251     0.00229945   
  252     0.00172486   
  253     0.00484210   
  254     0.00386286   
  255     0.00315489   
  256     0.00553062   
  257     0.00106156   
  258     0.00185279   
  259     0.00408534   
  260     0.00308375   
  261     0.00134427   
  262     0.00080234   
  263     0.00506160   
  264     0.00229580   
  265     0.00111619   
  266     0.00206505   
  267     0.00013013   
  268     0.00014436   
  269     0.00005378   
  270     0.00007922   
  271     0.00007097   
  272     0.00045944   
  273     0.00010254   
  274     0.00023181   
  275     0.00012417   
  276     0.00061338   
  277     0.00047783   
  278     0.00093337   
  279     0.00094123   
  280     0.00037707   
  281     0.00206317   
  282     0.00161405   
  283     0.00136807   
  284     0.00027548   
  285     0.00053833   
  286     0.00007713   
  287     0.00018509   
  288     0.00014369   
  289     0.00003390   
  290     0.00004266   
  291     0.00002193   
  292     0.00002030   
  293     0.00009062   
  294     0.00032425   
  295     0.00050797   
  296     0.00075714   
  297     0.00053872   
  298     0.00213178   
  299     0.00058131   
  300     0.00018727   
  301     0.00027472   
  302     0.00039435   
  303     0.00061176   
  304     0.00188858   
  305     0.00121514   
  306     0.00098535   
  307     0.00551415   
  308     0.00050573   
  309     0.00071281   
  310     0.00155328   
  311     0.00165974   
  312     0.00050435   
  313     0.00147521   
  314     0.00245262   
  315     0.00524035   
  316     0.00413181   
  317     0.00604000   
  318     0.00367928   
  319     0.00113449   
  320     0.00082201   
  321     0.00210728   
  322     0.00168013   
  323     0.00226718   
  324     0.00005086   
  325     0.00029595   
  326     0.00090557   
  327     0.00004893   
  328     0.00011625   
  329     0.00012770   
  330     0.00045692   
  331     0.00024821   
  332     0.00048151   
  333     0.00109264   
  334     0.00447109   
  335     0.00011559   
  336     0.00020079   
  337     0.00005792   
  338     0.00043176   
  339     0.00101495   
  340     0.00059118   
  341     0.00029628   
  342     0.00012403   
  343     0.00008026   
  344     0.00010415   
  345     0.00032490   
  346     0.00088408   
  347     0.00041897   
  348     0.00067786   
  349     0.00168911   
  350     0.00128245   
  351     0.00059145   
  352     0.00103606   
  353     0.00309042   
  354     0.00374727   
  355     0.00292753   
  356     0.00128620   
  357     0.00497145   
  358     0.00272607   
  359     0.00289720   
  360     0.00029364   
  361     0.00163645   
  362     0.00042407   
  363     0.00061406   
  364     0.00048757   
  365     0.00002788   
  366     0.00018284   
  367     0.00025732   
  368     0.00127692   
  369     0.00011333   
  370     0.00023334   
  371     0.00099082   
  372     0.00017015   
  373     0.00026117   
  374     0.00110323   
  375     0.00026557   
  376     0.00026877   
  377     0.00141345   
  378     0.00167093   
  379     0.00041668   
  380     0.00787771   
  381     0.00331692   
  382     0.00152040   
  383     0.00242608   
  384     0.00430588   
  385     0.00246298   
  386     0.00154537   
  387     0.00098204   
  388     0.00194298   
  389     0.00319520   
  390     0.00158343   
  391     0.00043523   
  392     0.00532506   
  393     0.00207538   
  394     0.00195068   
  395     0.00290532   
  396     0.00244900   
  397     0.00203808   
  398     0.00183978   
  399     0.00115836   
  400     0.00067175   
  401     0.00055109   
  402     0.00037060   
  403     0.00068313   
  404     0.00122567   
  405     0.00193682   
  406     0.00055996   
  407     0.00101429   
  408     0.00066233   
  409     0.00005196   
  410     0.00080092   
  411     0.00029954   
  412     0.00036624   
  413     0.00239400   
  414     0.00100782   
  415     0.00060697   
  416     0.00063611   
  417     0.00098201   
  418     0.00014937   
  419     0.00130659   
  420     0.00042908   
  421     0.00017360   
  422     0.00063977   
  423     0.00041716   
  424     0.00015117   
  425     0.00001421   
  426     0.00001295   
  427     0.00041802   
  428     0.00009487   
  429     0.00096907   
  430     0.00085404   
  431     0.00026782   
  432     0.00039460   
  433     0.00058413   
  434     0.00298662   
  435     0.00172374   
  436     0.00070482   
  437     0.00009494   
  438     0.00017813   
  439     0.00082997   
  440     0.00043502   
  441     0.00066417   
  442     0.00094240   
  443     0.00028200   
  444     0.00046985   
  445     0.00049030   
  446     0.00048079   
  447     0.00158032   
  448     0.00054515   
  449     0.00074793   
  450     0.00038400   
  451     0.00109899   
  452     0.00060761   
  453     0.00002854   
  454     0.00012236   
  455     0.00089971   
  456     0.00106534   
  457     0.00021687   
  458     0.00028080   
  459     0.00019188   
  460     0.00109061   
  461     0.00019291   
  462     0.00430074   
  463     0.00588047   
  464     0.00569780   
  465     0.00423491   
  466     0.01568074   
  467     0.00173967   
  468     0.00336846   
  469     0.00096177   
  470     0.00035751   
  471     0.00027782   
  472     0.00237725   
  473     0.00046343   
  474     0.00045181   
  475     0.00164646   
  476     0.00040617   
  477     0.00010876   
  478     0.00033449   
  479     0.00051513   
  480     0.00324651   
  481     0.00293295   
  482     0.00070976   
  483     0.00042007   
  484     0.00286665   
  485     0.00189044   
  486     0.00090792   
  487     0.00032116   
  488     0.00024251   
  489     0.00105931   
  490     0.00068186   
  491     0.00072817   
  492     0.00032376   
  493     0.00029268   
  494     0.00024685   
  495     0.00010332   
  496     0.00003371   
  497     0.00002090   
  498     0.00007399   
  499     0.00005251   
  500     0.00015011   
  501     0.00015118   
  502     0.00003220   
  503     0.00016989   
  504     0.00014146   
  505     0.00013026   
  506     0.00003966   
  507     0.00008624   
  508     0.00023058   
  509     0.00011066   
  510     0.00007009   
  511     0.00020787   
  512     0.00058051   
  513     0.00019691   
  514     0.00007007   
  515     0.00010049   
  516     0.00034596   
  517     0.00004297   
  518     0.00004373   
  519     0.00018681   
  520     0.00007364   
  521     0.00003597   
  522     0.00011609   
  523     0.00036772   
  524     0.00067922   
  525     0.00043266   
  526     0.00049539   
  527     0.00038527   
  528     0.00026941   
  529     0.00036707   
  530     0.00099495   
  531     0.00036671   
  532     0.00050347   
  533     0.00069281   
  534     0.00065160   
  535     0.00158758   
  536     0.00030429   
  537     0.00020639   
  538     0.00050774   
  539     0.00047954   
  540     0.00309220   
  541     0.00092701   
  542     0.00017341   
  543     0.00012092   
  544     0.00012941   
  545     0.00012500   
  546     0.00088796   
  547     0.00081355   
  548     0.00135601   
  549     0.00541161   
  550     0.00498673   
  551     0.00195907   
  552     0.00044291   
  553     0.00270663   
  554     0.00059215   
  555     0.00015067   
  556     0.00000830   
  557     0.00001378   
  558     0.00002970   
  559     0.00010502   
  560     0.00005961   
  561     0.00055304   
  562     0.00022835   
  563     0.00010752   
  564     0.00122894   
  565     0.00096588   
  566     0.00078529   
  567     0.00129583   
  568     0.00090835   
  569     0.00072235   
  570     0.00024828   
  571     0.00034806   
  572     0.00050670   
  573     0.00022318   
  574     0.00031880   
  575     0.00001304   
  576     0.00002089   
  577     0.00007398   
  578     0.00013813   
  579     0.00007938   
  580     0.00026563   
  581     0.00021277   
  582     0.00009991   
  583     0.00007960   
  584     0.00013999   
  585     0.00005592   
  586     0.00004009   
  587     0.00001937   
  588     0.00057521   
  589     0.00018469   
  590     0.00028018   
  591     0.00038226   
  592     0.00055750   
  593     0.00021622   
  594     0.00045031   
  595     0.00059478   
  596     0.00034682   
  597     0.00019852   
  598     0.00054466   
  599     0.00106423   
  600     0.00030695   
  601     0.00038268   
  602     0.00009335   
  603     0.00025630   
  604     0.00129486   
  605     0.00166844   
  606     0.00025809   
  607     0.00031707   
  608     0.00024742   
  609     0.00024375   
  610     0.00035153   
  611     0.00031130   
  612     0.00052479   
  613     0.00091113   
  614     0.00143719   
  615     0.00084870   
  616     0.00147851   
  617     0.00174396   
  618     0.00071001   
  619     0.00235601   
  620     0.00049325   
  621     0.00240716   
  622     0.00037883   
  623     0.00079696   
  624     0.00010037   
