    1     0.00001533   
    2     0.00000658   
    3     0.00002570   
    4     0.00001210   
    5     0.00002096   
    6     0.00001158   
    7     0.00007095   
    8     0.00016317   
    9     0.00051496   
   10     0.00025064   
   11     0.00083196   
   12     0.00244286   
   13     0.00135891   
   14     0.00059363   
   15     0.00024403   
   16     0.00009666   
   17     0.00012506   
   18     0.00004679   
   19     0.00003984   
   20     0.00000085   
   21     0.00000410   
   22     0.00000816   
   23     0.00000311   
   24     0.00002253   
   25     0.00002670   
   26     0.00019209   
   27     0.00006118   
   28     0.00006162   
   29     0.00010983   
   30     0.00000952   
   31     0.00000941   
   32     0.00000452   
   33     0.00027463   
   34     0.00015961   
   35     0.00049682   
   36     0.00073667   
   37     0.00015865   
   38     0.00013131   
   39     0.00012419   
   40     0.00009263   
   41     0.00005368   
   42     0.00006187   
   43     0.00004566   
   44     0.00002660   
   45     0.00001089   
   46     0.00001323   
   47     0.00002265   
   48     0.00004769   
   49     0.00005757   
   50     0.00006364   
   51     0.00018411   
   52     0.00026505   
   53     0.00002300   
   54     0.00009481   
   55     0.00005693   
   56     0.00002176   
   57     0.00005660   
   58     0.00001928   
   59     0.00056981   
   60     0.00002168   
   61     0.00004600   
   62     0.00003575   
   63     0.00001801   
   64     0.00003129   
   65     0.00007230   
   66     0.00015740   
   67     0.00009555   
   68     0.00009798   
   69     0.00034220   
   70     0.00137537   
   71     0.00003821   
   72     0.00005197   
   73     0.00019342   
   74     0.00091355   
   75     0.00025408   
   76     0.00000792   
   77     0.00001293   
   78     0.00001943   
   79     0.00001582   
   80     0.00000173   
   81     0.00014108   
   82     0.00003111   
   83     0.00000823   
   84     0.00000593   
   85     0.00000728   
   86     0.00000736   
   87     0.00000553   
   88     0.00000069   
   89     0.00000300   
   90     0.00001178   
   91     0.00001065   
   92     0.00000854   
   93     0.00001412   
   94     0.00000913   
   95     0.00001139   
   96     0.00004842   
   97     0.00000587   
   98     0.00000279   
   99     0.00000549   
  100     0.00006972   
  101     0.00016449   
  102     0.00019156   
  103     0.00010394   
  104     0.00002072   
  105     0.00005961   
  106     0.00003260   
  107     0.00000484   
  108     0.00000767   
  109     0.00002207   
  110     0.00011606   
  111     0.00018346   
  112     0.00024113   
  113     0.00028377   
  114     0.00025339   
  115     0.00026707   
  116     0.00009565   
  117     0.00011957   
  118     0.00025609   
  119     0.00015640   
  120     0.00005630   
  121     0.00002798   
  122     0.00008362   
  123     0.00010852   
  124     0.00005239   
  125     0.00001123   
  126     0.00001902   
  127     0.00004641   
  128     0.00000450   
  129     0.00001377   
  130     0.00001507   
  131     0.00000360   
  132     0.00000541   
  133     0.00000329   
  134     0.00000905   
  135     0.00003054   
  136     0.00002635   
  137     0.00002059   
  138     0.00005907   
  139     0.00003636   
  140     0.00022463   
  141     0.00047021   
  142     0.00171942   
  143     0.00034744   
  144     0.00059452   
  145     0.00035162   
  146     0.00063616   
  147     0.00311886   
  148     0.00011652   
  149     0.00026257   
  150     0.00233237   
  151     0.00040802   
  152     0.00025379   
  153     0.00044317   
  154     0.00079439   
  155     0.00024316   
  156     0.00005875   
  157     0.00008740   
  158     0.00003978   
  159     0.00002166   
  160     0.00011565   
  161     0.00012516   
  162     0.00003757   
  163     0.00004458   
  164     0.00003063   
  165     0.00002076   
  166     0.00001004   
  167     0.00011613   
  168     0.00033856   
  169     0.00208299   
  170     0.00068678   
  171     0.00015916   
  172     0.00033604   
  173     0.00061343   
  174     0.00017303   
  175     0.00052996   
  176     0.00039960   
  177     0.00022039   
  178     0.00022847   
  179     0.00152706   
  180     0.00033528   
  181     0.00013703   
  182     0.00022753   
  183     0.00039861   
  184     0.00006048   
  185     0.00011655   
  186     0.00027547   
  187     0.00027623   
  188     0.00077002   
  189     0.00034573   
  190     0.00037886   
  191     0.00010662   
  192     0.00024899   
  193     0.00034353   
  194     0.00013195   
  195     0.00035919   
  196     0.00135796   
  197     0.00346782   
  198     0.00157561   
  199     0.00125952   
  200     0.00049630   
  201     0.00038088   
  202     0.00048152   
  203     0.00036463   
  204     0.00035635   
  205     0.00054589   
  206     0.00050025   
  207     0.00047857   
  208     0.00060748   
  209     0.00039032   
  210     0.00610517   
  211     0.00015333   
  212     0.00013556   
  213     0.00032564   
  214     0.00065845   
  215     0.00115687   
  216     0.00044759   
  217     0.00020760   
  218     0.00074387   
  219     0.00042062   
  220     0.00038365   
  221     0.00086107   
  222     0.00156443   
  223     0.00254345   
  224     0.00208221   
  225     0.00036948   
  226     0.00136826   
  227     0.00402765   
  228     0.00187378   
  229     0.00504149   
  230     0.00144906   
  231     0.00332866   
  232     0.00454188   
  233     0.00234759   
  234     0.00221757   
  235     0.00129917   
  236     0.00088503   
  237     0.00164637   
  238     0.00127683   
  239     0.00103032   
  240     0.00149417   
  241     0.00083580   
  242     0.00053927   
  243     0.00022951   
  244     0.00196522   
  245     0.00033024   
  246     0.00007181   
  247     0.00002849   
  248     0.00105461   
  249     0.00002539   
  250     0.00031290   
  251     0.00033498   
  252     0.00050680   
  253     0.00039562   
  254     0.00001929   
  255     0.00005661   
  256     0.00003498   
  257     0.00061888   
  258     0.00009825   
  259     0.00032022   
  260     0.00008554   
  261     0.00035833   
  262     0.00091669   
  263     0.00079926   
  264     0.00012068   
  265     0.00121923   
  266     0.00264852   
  267     0.00264785   
  268     0.00131291   
  269     0.00329769   
  270     0.00232322   
  271     0.00882713   
  272     0.00137387   
  273     0.00066015   
  274     0.00038016   
  275     0.00063547   
  276     0.00030374   
  277     0.00008322   
  278     0.00049862   
  279     0.00169481   
  280     0.00095261   
  281     0.00177447   
  282     0.00023945   
  283     0.00032615   
  284     0.00001712   
  285     0.00022250   
  286     0.00016281   
  287     0.00032249   
  288     0.00008143   
  289     0.00053658   
  290     0.00007999   
  291     0.00006766   
  292     0.00013061   
  293     0.00044698   
  294     0.00094983   
  295     0.00024373   
  296     0.00135708   
  297     0.00046728   
  298     0.00214674   
  299     0.00010012   
  300     0.00030433   
  301     0.00014241   
  302     0.00022326   
  303     0.00001570   
  304     0.00021085   
  305     0.00087677   
  306     0.00017333   
  307     0.00012241   
  308     0.00154506   
  309     0.00217747   
  310     0.00138772   
  311     0.00254363   
  312     0.00387091   
  313     0.00093679   
  314     0.00189905   
  315     0.00379511   
  316     0.00167951   
  317     0.00140678   
  318     0.00188213   
  319     0.00236419   
  320     0.00103708   
  321     0.00057285   
  322     0.00057474   
  323     0.00081053   
  324     0.00063778   
  325     0.00037680   
  326     0.00083643   
  327     0.00051709   
  328     0.00105922   
  329     0.00024782   
  330     0.00008405   
  331     0.00016391   
  332     0.00001140   
  333     0.00003209   
  334     0.00021729   
  335     0.00024451   
  336     0.00074165   
  337     0.00030177   
  338     0.00031629   
  339     0.00060115   
  340     0.00046005   
  341     0.00037107   
  342     0.00045528   
  343     0.00404651   
  344     0.00120174   
  345     0.00818926   
  346     0.00403335   
  347     0.00245343   
  348     0.00055255   
  349     0.00044024   
  350     0.00349355   
  351     0.00124906   
  352     0.00036484   
  353     0.00052368   
  354     0.00063250   
  355     0.00024059   
  356     0.00042773   
  357     0.00036310   
  358     0.00016379   
  359     0.00034775   
  360     0.00100067   
  361     0.00155538   
  362     0.00082822   
  363     0.00496864   
  364     0.00043570   
  365     0.00086232   
  366     0.00076155   
  367     0.00208858   
  368     0.00166203   
  369     0.00126618   
  370     0.00045580   
  371     0.00017972   
  372     0.00009715   
  373     0.00039775   
  374     0.00015494   
  375     0.00011693   
  376     0.00005278   
  377     0.00017237   
  378     0.00023772   
  379     0.00000890   
  380     0.00004038   
  381     0.00010393   
  382     0.00002325   
  383     0.00004696   
  384     0.00007045   
  385     0.00060742   
  386     0.00026485   
  387     0.00059281   
  388     0.00047692   
  389     0.00015195   
  390     0.00046305   
  391     0.00125758   
  392     0.00216894   
  393     0.00314070   
  394     0.00002939   
  395     0.00010484   
  396     0.00014938   
  397     0.00065158   
  398     0.00052045   
  399     0.00018078   
  400     0.00014017   
  401     0.00010315   
  402     0.00027641   
  403     0.00035465   
  404     0.00050661   
  405     0.00389997   
  406     0.00030267   
  407     0.00051683   
  408     0.00060026   
  409     0.00031230   
  410     0.00034157   
  411     0.00037659   
  412     0.00064928   
  413     0.00036093   
  414     0.00129177   
  415     0.00069517   
  416     0.00247932   
  417     0.00023433   
  418     0.00024547   
  419     0.00029393   
  420     0.00116169   
  421     0.00008311   
  422     0.00022293   
  423     0.00010735   
  424     0.00015964   
  425     0.00003709   
  426     0.00009932   
  427     0.00000869   
  428     0.00000960   
  429     0.00003508   
  430     0.00000214   
  431     0.00000381   
  432     0.00000104   
  433     0.00000333   
  434     0.00000198   
  435     0.00000293   
  436     0.00000423   
  437     0.00001370   
  438     0.00001112   
  439     0.00007402   
  440     0.00006353   
  441     0.00010294   
  442     0.00040362   
  443     0.00019001   
  444     0.00080012   
  445     0.00012685   
  446     0.00022874   
  447     0.00032584   
  448     0.00022056   
  449     0.00025240   
  450     0.00005120   
  451     0.00011716   
  452     0.00023281   
  453     0.00036145   
  454     0.00019431   
  455     0.00010290   
  456     0.00002596   
  457     0.00002149   
  458     0.00000865   
  459     0.00000608   
  460     0.00000409   
  461     0.00000122   
  462     0.00000143   
  463     0.00000201   
  464     0.00000064   
  465     0.00000034   
  466     0.00000117   
  467     0.00000481   
  468     0.00001415   
  469     0.00000067   
  470     0.00000544   
  471     0.00000639   
  472     0.00000306   
  473     0.00005640   
  474     0.00008582   
  475     0.00003523   
  476     0.00014573   
  477     0.00007253   
  478     0.00011794   
  479     0.00015402   
  480     0.00033608   
  481     0.00165197   
  482     0.00011897   
  483     0.00028747   
  484     0.00014710   
  485     0.00006216   
  486     0.00006760   
  487     0.00001408   
  488     0.00001072   
  489     0.00001225   
  490     0.00000663   
  491     0.00000637   
  492     0.00000243   
  493     0.00000182   
  494     0.00000133   
  495     0.00000492   
  496     0.00000474   
  497     0.00000506   
  498     0.00000642   
  499     0.00002473   
  500     0.00001948   
  501     0.00024400   
  502     0.00006016   
  503     0.00100530   
  504     0.00003782   
  505     0.00016309   
  506     0.00075866   
  507     0.00012845   
  508     0.00002031   
  509     0.00000439   
  510     0.00000551   
  511     0.00002783   
  512     0.00007426   
  513     0.00001719   
  514     0.00001866   
  515     0.00011914   
  516     0.00014048   
  517     0.00002953   
  518     0.00003856   
  519     0.00011801   
  520     0.00001553   
  521     0.00002155   
  522     0.00004633   
  523     0.00001396   
  524     0.00003775   
  525     0.00007546   
  526     0.00020161   
  527     0.00013055   
  528     0.00030207   
  529     0.00041521   
  530     0.00104352   
  531     0.00148664   
  532     0.00117886   
  533     0.00105876   
  534     0.00174323   
  535     0.00168152   
  536     0.00461403   
  537     0.00153734   
  538     0.00087927   
  539     0.00036643   
  540     0.00054399   
  541     0.00010532   
  542     0.00022056   
  543     0.00025282   
  544     0.00009847   
  545     0.00005290   
  546     0.00015455   
  547     0.00009372   
  548     0.00005824   
  549     0.00005502   
  550     0.00006057   
  551     0.00002826   
  552     0.00000914   
  553     0.00001517   
  554     0.00000695   
  555     0.00000066   
  556     0.00000113   
  557     0.00000241   
  558     0.00000275   
  559     0.00000374   
  560     0.00000493   
  561     0.00003551   
  562     0.00000528   
  563     0.00002711   
  564     0.00003180   
  565     0.00001313   
  566     0.00004019   
  567     0.00007450   
  568     0.00007334   
  569     0.00006843   
  570     0.00003971   
  571     0.00009305   
  572     0.00009514   
  573     0.00022410   
  574     0.00003722   
  575     0.00005753   
  576     0.00116429   
  577     0.00001194   
  578     0.00002112   
  579     0.00015263   
  580     0.00012050   
  581     0.00136092   
  582     0.00001152   
  583     0.00005615   
  584     0.00057315   
  585     0.00053291   
  586     0.00006152   
  587     0.00009477   
  588     0.00036316   
  589     0.00003745   
  590     0.00009970   
  591     0.00003330   
  592     0.00010250   
  593     0.00009209   
  594     0.00008985   
  595     0.00004279   
  596     0.00003342   
  597     0.00000726   
  598     0.00004724   
  599     0.00004590   
  600     0.00001716   
  601     0.00000857   
  602     0.00000965   
  603     0.00000308   
  604     0.00000722   
  605     0.00000350   
    1     0.00002037   
    2     0.00000799   
    3     0.00000273   
    4     0.00001072   
    5     0.00001031   
    6     0.00002435   
    7     0.00004245   
    8     0.00004523   
    9     0.00004869   
   10     0.00004359   
   11     0.00002260   
   12     0.00003518   
   13     0.00002877   
   14     0.00011311   
   15     0.00002130   
   16     0.00001716   
   17     0.00002513   
   18     0.00001283   
   19     0.00001340   
   20     0.00000752   
   21     0.00000936   
   22     0.00000251   
   23     0.00001757   
   24     0.00003615   
   25     0.00000688   
   26     0.00000936   
   27     0.00002061   
   28     0.00004227   
   29     0.00010944   
   30     0.00024576   
   31     0.00006410   
   32     0.00038221   
   33     0.00030764   
   34     0.00045191   
   35     0.00031513   
   36     0.00080004   
   37     0.00255328   
   38     0.00019177   
   39     0.00050421   
   40     0.00058192   
   41     0.00025840   
   42     0.00048214   
   43     0.00049960   
   44     0.00200487   
   45     0.00067973   
   46     0.00074907   
   47     0.00070659   
   48     0.00082733   
   49     0.00074244   
   50     0.00086951   
   51     0.00529786   
   52     0.00183503   
   53     0.00019142   
   54     0.00061423   
   55     0.00005926   
   56     0.00209867   
   57     0.00070996   
   58     0.00088212   
   59     0.00021767   
   60     0.00021985   
   61     0.00004895   
   62     0.00004351   
   63     0.00081679   
   64     0.00047053   
   65     0.00035964   
   66     0.00139282   
   67     0.00203483   
   68     0.00161068   
   69     0.00194806   
   70     0.00001410   
   71     0.00005271   
   72     0.00000681   
   73     0.00003142   
   74     0.00010518   
   75     0.00021495   
   76     0.00050299   
   77     0.00058554   
   78     0.00090205   
   79     0.00039660   
   80     0.00054260   
   81     0.00089672   
   82     0.00053986   
   83     0.00065684   
   84     0.00009679   
   85     0.00011888   
   86     0.00010208   
   87     0.00008462   
   88     0.00002105   
   89     0.00003602   
   90     0.00007234   
   91     0.00005769   
   92     0.00004383   
   93     0.00005170   
   94     0.00013312   
   95     0.00012138   
   96     0.00019536   
   97     0.00035296   
   98     0.00023960   
   99     0.00008838   
  100     0.00003565   
  101     0.00007101   
  102     0.00002497   
  103     0.00003602   
  104     0.00000310   
  105     0.00000760   
  106     0.00001190   
  107     0.00000195   
  108     0.00000195   
  109     0.00000129   
  110     0.00000129   
  111     0.00000043   
  112     0.00000292   
  113     0.00000260   
  114     0.00000850   
  115     0.00003079   
  116     0.00003816   
  117     0.00003318   
  118     0.00026578   
  119     0.00010319   
  120     0.00031329   
  121     0.00029682   
  122     0.00278926   
  123     0.00075837   
  124     0.00033946   
  125     0.00019180   
  126     0.00043221   
  127     0.00021584   
  128     0.00011350   
  129     0.00007052   
  130     0.00026422   
  131     0.00009311   
  132     0.00007776   
  133     0.00007891   
  134     0.00011680   
  135     0.00020857   
  136     0.00016064   
  137     0.00017943   
  138     0.00019217   
  139     0.00019077   
  140     0.00030474   
  141     0.00029124   
  142     0.00023568   
  143     0.00011285   
  144     0.00084910   
  145     0.00054687   
  146     0.00009502   
  147     0.00005178   
  148     0.00015638   
  149     0.00003269   
  150     0.00006929   
  151     0.00005107   
  152     0.00007567   
  153     0.00012595   
  154     0.00011217   
  155     0.00009428   
  156     0.00005363   
  157     0.00010734   
  158     0.00011923   
  159     0.00016665   
  160     0.00006096   
  161     0.00004899   
  162     0.00012044   
  163     0.00005108   
  164     0.00005820   
  165     0.00002851   
  166     0.00004864   
  167     0.00002446   
  168     0.00001037   
  169     0.00003851   
  170     0.00002655   
  171     0.00033214   
  172     0.00102547   
  173     0.00024488   
  174     0.00037087   
  175     0.00052438   
  176     0.00045599   
  177     0.00037045   
  178     0.00036868   
  179     0.00019834   
  180     0.00015124   
  181     0.00006922   
  182     0.00001857   
  183     0.00000796   
  184     0.00001541   
  185     0.00009580   
  186     0.00003695   
  187     0.00007571   
  188     0.00022887   
  189     0.00031661   
  190     0.00112550   
  191     0.00008524   
  192     0.00016279   
  193     0.00077474   
  194     0.00041262   
  195     0.00029237   
  196     0.00071068   
  197     0.00128036   
  198     0.00024690   
  199     0.00007669   
  200     0.00331372   
  201     0.00027475   
  202     0.00134872   
  203     0.00046115   
  204     0.00084382   
  205     0.00023554   
  206     0.00086167   
  207     0.00015414   
  208     0.00091200   
  209     0.00201511   
  210     0.00372535   
  211     0.02325024   
  212     0.00970346   
  213     0.01500298   
  214     0.00778852   
  215     0.00127251   
  216     0.00218096   
  217     0.00032589   
  218     0.00034124   
  219     0.00139893   
  220     0.00256341   
  221     0.01288333   
  222     0.00943474   
  223     0.02104977   
  224     0.00768473   
  225     0.00230572   
  226     0.00139403   
  227     0.00071979   
  228     0.00037065   
  229     0.00044939   
  230     0.00051429   
  231     0.00061552   
  232     0.00059687   
  233     0.00138231   
  234     0.00105377   
  235     0.00277238   
  236     0.00091860   
  237     0.00089149   
  238     0.00063161   
  239     0.00207380   
  240     0.00049473   
  241     0.00186245   
  242     0.00089379   
  243     0.00070334   
  244     0.00009325   
  245     0.00179155   
  246     0.00084819   
  247     0.00071220   
  248     0.00366660   
  249     0.00015957   
  250     0.00179345   
  251     0.00060183   
  252     0.00241853   
  253     0.00038900   
  254     0.00179766   
  255     0.00032137   
  256     0.00087800   
  257     0.00020472   
  258     0.00054923   
  259     0.00144354   
  260     0.00166389   
  261     0.00185272   
  262     0.00038808   
  263     0.00091451   
  264     0.00024688   
  265     0.00064882   
  266     0.00042755   
  267     0.00019885   
  268     0.00058317   
  269     0.00120333   
  270     0.00159221   
  271     0.00073450   
  272     0.00087475   
  273     0.00028453   
  274     0.00036208   
  275     0.00018179   
  276     0.00053036   
  277     0.00021336   
  278     0.00045674   
  279     0.00041114   
  280     0.00018388   
  281     0.00181191   
  282     0.00092142   
  283     0.00026163   
  284     0.00003805   
  285     0.00002771   
  286     0.00000490   
  287     0.00001171   
  288     0.00002172   
  289     0.00000167   
  290     0.00000387   
  291     0.00000158   
  292     0.00000097   
  293     0.00000319   
  294     0.00005383   
  295     0.00005760   
  296     0.00018417   
  297     0.00015881   
  298     0.00013894   
  299     0.00073711   
  300     0.00007162   
  301     0.00028499   
  302     0.00002656   
  303     0.00032390   
  304     0.00041140   
  305     0.00067327   
  306     0.00281222   
  307     0.00047311   
  308     0.00009522   
  309     0.00006942   
  310     0.00129135   
  311     0.00080061   
  312     0.00139349   
  313     0.00119169   
  314     0.00081569   
  315     0.00256387   
  316     0.00101974   
  317     0.00158368   
  318     0.00053336   
  319     0.00018434   
  320     0.00004974   
  321     0.00009825   
  322     0.00022154   
  323     0.00038563   
  324     0.00010390   
  325     0.00005422   
  326     0.00013888   
  327     0.00011004   
  328     0.00014423   
  329     0.00039921   
  330     0.00050827   
  331     0.00079561   
  332     0.00177838   
  333     0.00823991   
  334     0.00255639   
  335     0.00056515   
  336     0.00046349   
  337     0.00004649   
  338     0.00037902   
  339     0.00044382   
  340     0.00134494   
  341     0.00004063   
  342     0.00019855   
  343     0.00012389   
  344     0.00036246   
  345     0.00049720   
  346     0.00013366   
  347     0.00011569   
  348     0.00033493   
  349     0.00066539   
  350     0.00034296   
  351     0.00033268   
  352     0.00036098   
  353     0.00053912   
  354     0.00051343   
  355     0.00016814   
  356     0.00026610   
  357     0.00061900   
  358     0.00007795   
  359     0.00053073   
  360     0.00046930   
  361     0.00104287   
  362     0.00056936   
  363     0.00055319   
  364     0.00015417   
  365     0.00002164   
  366     0.00002387   
  367     0.00001748   
  368     0.00021866   
  369     0.00003967   
  370     0.00104326   
  371     0.00076489   
  372     0.00142469   
  373     0.00095056   
  374     0.00110204   
  375     0.00090801   
  376     0.00014337   
  377     0.00031955   
  378     0.00037827   
  379     0.00023026   
  380     0.00325073   
  381     0.00064622   
  382     0.00015112   
  383     0.00126318   
  384     0.00237534   
  385     0.00069524   
  386     0.00063710   
  387     0.00108547   
  388     0.00111645   
  389     0.00027959   
  390     0.00119108   
  391     0.00239706   
  392     0.00424670   
  393     0.00052364   
  394     0.00032570   
  395     0.00031792   
  396     0.00022363   
  397     0.00089152   
  398     0.00109785   
  399     0.00117235   
  400     0.00041519   
  401     0.00089597   
  402     0.00030939   
  403     0.00067595   
  404     0.00087367   
  405     0.00033383   
  406     0.00001029   
  407     0.00040156   
  408     0.00001458   
  409     0.00001340   
  410     0.00043966   
  411     0.00006098   
  412     0.00026254   
  413     0.00211292   
  414     0.00040358   
  415     0.00038799   
  416     0.00077108   
  417     0.00009390   
  418     0.00003170   
  419     0.00050706   
  420     0.00014539   
  421     0.00002981   
  422     0.00004487   
  423     0.00019345   
  424     0.00003977   
  425     0.00001083   
  426     0.00000869   
  427     0.00025088   
  428     0.00019004   
  429     0.00014207   
  430     0.00051067   
  431     0.00012004   
  432     0.00018106   
  433     0.00022439   
  434     0.00099616   
  435     0.00118613   
  436     0.00137018   
  437     0.00098810   
  438     0.00031615   
  439     0.00064419   
  440     0.00095235   
  441     0.00053508   
  442     0.00045613   
  443     0.00090769   
  444     0.00017208   
  445     0.00014661   
  446     0.00005122   
  447     0.00018102   
  448     0.00010595   
  449     0.00014085   
  450     0.00032829   
  451     0.00017087   
  452     0.00002348   
  453     0.00002436   
  454     0.00002625   
  455     0.00016795   
  456     0.00019843   
  457     0.00022967   
  458     0.00036992   
  459     0.00034441   
  460     0.00033955   
  461     0.00040866   
  462     0.00311030   
  463     0.00106712   
  464     0.00184267   
  465     0.00163254   
  466     0.00207829   
  467     0.00083799   
  468     0.00142183   
  469     0.00034733   
  470     0.00007008   
  471     0.00058863   
  472     0.00080697   
  473     0.00012249   
  474     0.00006884   
  475     0.00061823   
  476     0.00010664   
  477     0.00006824   
  478     0.00016661   
  479     0.00017875   
  480     0.00045390   
  481     0.00034716   
  482     0.00013540   
  483     0.00014105   
  484     0.00019117   
  485     0.00014847   
  486     0.00011011   
  487     0.00008543   
  488     0.00045523   
  489     0.00032890   
  490     0.00027398   
  491     0.00012975   
  492     0.00028278   
  493     0.00007167   
  494     0.00009377   
  495     0.00002096   
  496     0.00002341   
  497     0.00003148   
  498     0.00002856   
  499     0.00004260   
  500     0.00009880   
  501     0.00016922   
  502     0.00008316   
  503     0.00008273   
  504     0.00009360   
  505     0.00033372   
  506     0.00002762   
  507     0.00002008   
  508     0.00010517   
  509     0.00007886   
  510     0.00003070   
  511     0.00003503   
  512     0.00025824   
  513     0.00004742   
  514     0.00001496   
  515     0.00016520   
  516     0.00004618   
  517     0.00001416   
  518     0.00017984   
  519     0.00061605   
  520     0.00003847   
  521     0.00006374   
  522     0.00014481   
  523     0.00025608   
  524     0.00015200   
  525     0.00012131   
  526     0.00011410   
  527     0.00045387   
  528     0.00043914   
  529     0.00033261   
  530     0.00041205   
  531     0.00019532   
  532     0.00052179   
  533     0.00026104   
  534     0.00150065   
  535     0.00145708   
  536     0.00048244   
  537     0.00031599   
  538     0.00025193   
  539     0.00067694   
  540     0.00020287   
  541     0.00013233   
  542     0.00007889   
  543     0.00000961   
  544     0.00001902   
  545     0.00003096   
  546     0.00003117   
  547     0.00011131   
  548     0.00008503   
  549     0.00067761   
  550     0.00023281   
  551     0.00015547   
  552     0.00004885   
  553     0.00014939   
  554     0.00002308   
  555     0.00001862   
  556     0.00000435   
  557     0.00000286   
  558     0.00000280   
  559     0.00000550   
  560     0.00000173   
  561     0.00003621   
  562     0.00001437   
  563     0.00001919   
  564     0.00019373   
  565     0.00029319   
  566     0.00003998   
  567     0.00027059   
  568     0.00030300   
  569     0.00011634   
  570     0.00011623   
  571     0.00027209   
  572     0.00025326   
  573     0.00018898   
  574     0.00010391   
  575     0.00006416   
  576     0.00004269   
  577     0.00008379   
  578     0.00008540   
  579     0.00004202   
  580     0.00029860   
  581     0.00005903   
  582     0.00007920   
  583     0.00002117   
  584     0.00008414   
  585     0.00001365   
  586     0.00004879   
  587     0.00008014   
  588     0.00079355   
  589     0.00009748   
  590     0.00126474   
  591     0.00089401   
  592     0.00067679   
  593     0.00035725   
  594     0.00059047   
  595     0.00093640   
  596     0.00056423   
  597     0.00066842   
  598     0.00060376   
  599     0.00190697   
  600     0.00020300   
  601     0.00008039   
  602     0.00022726   
  603     0.00067898   
  604     0.00027867   
  605     0.00015366   
  606     0.00011947   
  607     0.00006502   
  608     0.00020802   
  609     0.00047197   
  610     0.00039615   
  611     0.00016310   
  612     0.00062345   
  613     0.00076261   
  614     0.00187755   
  615     0.00092297   
  616     0.00151530   
  617     0.00164833   
  618     0.00081085   
  619     0.00342435   
  620     0.00040713   
  621     0.00333980   
  622     0.00054068   
  623     0.00124953   
  624     0.00013817   
    1     0.00002737   
    2     0.00000285   
    3     0.00000217   
    4     0.00002876   
    5     0.00002685   
    6     0.00004718   
    7     0.00009414   
    8     0.00004805   
    9     0.00002323   
   10     0.00000541   
   11     0.00000920   
   12     0.00001317   
   13     0.00002007   
   14     0.00005571   
   15     0.00002619   
   16     0.00002272   
   17     0.00004629   
   18     0.00001647   
   19     0.00001134   
   20     0.00003060   
   21     0.00002996   
   22     0.00000782   
   23     0.00007402   
   24     0.00003878   
   25     0.00000429   
   26     0.00000512   
   27     0.00001153   
   28     0.00003230   
   29     0.00022718   
   30     0.00026561   
   31     0.00009729   
   32     0.00023863   
   33     0.00020131   
   34     0.00023385   
   35     0.00012748   
   36     0.00033530   
   37     0.00081675   
   38     0.00067603   
   39     0.00022565   
   40     0.00015252   
   41     0.00057521   
   42     0.00047835   
   43     0.00046720   
   44     0.00090026   
   45     0.00047968   
   46     0.00043217   
   47     0.00135642   
   48     0.00206803   
   49     0.00005032   
   50     0.00042578   
   51     0.00035641   
   52     0.00125252   
   53     0.00007598   
   54     0.00019998   
   55     0.00002923   
   56     0.00026534   
   57     0.00050280   
   58     0.00061681   
   59     0.00017407   
   60     0.00011808   
   61     0.00006183   
   62     0.00000543   
   63     0.00098130   
   64     0.00035255   
   65     0.00019731   
   66     0.00083613   
   67     0.00117336   
   68     0.00086783   
   69     0.00102061   
   70     0.00000521   
   71     0.00002516   
   72     0.00000285   
   73     0.00001038   
   74     0.00003424   
   75     0.00005736   
   76     0.00017172   
   77     0.00023314   
   78     0.00061457   
   79     0.00020560   
   80     0.00013572   
   81     0.00042665   
   82     0.00019811   
   83     0.00014691   
   84     0.00003547   
   85     0.00020552   
   86     0.00023430   
   87     0.00000894   
   88     0.00000666   
   89     0.00004115   
   90     0.00011068   
   91     0.00010703   
   92     0.00003017   
   93     0.00013837   
   94     0.00004719   
   95     0.00010192   
   96     0.00011865   
   97     0.00004368   
   98     0.00005919   
   99     0.00006289   
  100     0.00003109   
  101     0.00003982   
  102     0.00002421   
  103     0.00002702   
  104     0.00000961   
  105     0.00000650   
  106     0.00001303   
  107     0.00000631   
  108     0.00000174   
  109     0.00000183   
  110     0.00000247   
  111     0.00000129   
  112     0.00000859   
  113     0.00000667   
  114     0.00000857   
  115     0.00002645   
  116     0.00006556   
  117     0.00003297   
  118     0.00012221   
  119     0.00013139   
  120     0.00019137   
  121     0.00065353   
  122     0.00328897   
  123     0.00039790   
  124     0.00026612   
  125     0.00027318   
  126     0.00042376   
  127     0.00013513   
  128     0.00006348   
  129     0.00012907   
  130     0.00022289   
  131     0.00004956   
  132     0.00004008   
  133     0.00010366   
  134     0.00008868   
  135     0.00007022   
  136     0.00002809   
  137     0.00008660   
  138     0.00008247   
  139     0.00007146   
  140     0.00014607   
  141     0.00019036   
  142     0.00010141   
  143     0.00003956   
  144     0.00034005   
  145     0.00035159   
  146     0.00005989   
  147     0.00004659   
  148     0.00012160   
  149     0.00002863   
  150     0.00002030   
  151     0.00005659   
  152     0.00003097   
  153     0.00006926   
  154     0.00002210   
  155     0.00005065   
  156     0.00001755   
  157     0.00002424   
  158     0.00003774   
  159     0.00005746   
  160     0.00002385   
  161     0.00001971   
  162     0.00004125   
  163     0.00002790   
  164     0.00007208   
  165     0.00001426   
  166     0.00004988   
  167     0.00004412   
  168     0.00001940   
  169     0.00008980   
  170     0.00001410   
  171     0.00024486   
  172     0.00075861   
  173     0.00011047   
  174     0.00012015   
  175     0.00019020   
  176     0.00014271   
  177     0.00013890   
  178     0.00016634   
  179     0.00004617   
  180     0.00004362   
  181     0.00002615   
  182     0.00000473   
  183     0.00000984   
  184     0.00001800   
  185     0.00004952   
  186     0.00002414   
  187     0.00005999   
  188     0.00008978   
  189     0.00017244   
  190     0.00065827   
  191     0.00007132   
  192     0.00013230   
  193     0.00040933   
  194     0.00045913   
  195     0.00019986   
  196     0.00069088   
  197     0.00097274   
  198     0.00027583   
  199     0.00005856   
  200     0.00205047   
  201     0.00018721   
  202     0.00083868   
  203     0.00041905   
  204     0.00034319   
  205     0.00008048   
  206     0.00071583   
  207     0.00018865   
  208     0.00042408   
  209     0.00115106   
  210     0.00219688   
  211     0.01311113   
  212     0.00535435   
  213     0.00867839   
  214     0.00423154   
  215     0.00077200   
  216     0.00117953   
  217     0.00017336   
  218     0.00017964   
  219     0.00074686   
  220     0.00150715   
  221     0.00723693   
  222     0.00532759   
  223     0.01196997   
  224     0.00451708   
  225     0.00128036   
  226     0.00098394   
  227     0.00064204   
  228     0.00061817   
  229     0.00055832   
  230     0.00060356   
  231     0.00131204   
  232     0.00074494   
  233     0.00021451   
  234     0.00085318   
  235     0.00080569   
  236     0.00008029   
  237     0.00004238   
  238     0.00013766   
  239     0.00000481   
  240     0.00001168   
  241     0.00001907   
  242     0.00002003   
  243     0.00002870   
  244     0.00003539   
  245     0.00009536   
  246     0.00052701   
  247     0.00094813   
  248     0.00296270   
  249     0.00026746   
  250     0.00114392   
  251     0.00065411   
  252     0.00135054   
  253     0.00107173   
  254     0.00228585   
  255     0.00063123   
  256     0.00022498   
  257     0.00022726   
  258     0.00025966   
  259     0.00120434   
  260     0.00124348   
  261     0.00109358   
  262     0.00038931   
  263     0.00104770   
  264     0.00014105   
  265     0.00007152   
  266     0.00018692   
  267     0.00005137   
  268     0.00000849   
  269     0.00001504   
  270     0.00000184   
  271     0.00000248   
  272     0.00021549   
  273     0.00001269   
  274     0.00006602   
  275     0.00005958   
  276     0.00032986   
  277     0.00008193   
  278     0.00028784   
  279     0.00034008   
  280     0.00020973   
  281     0.00056179   
  282     0.00056531   
  283     0.00020208   
  284     0.00002813   
  285     0.00006474   
  286     0.00000272   
  287     0.00000985   
  288     0.00003644   
  289     0.00000066   
  290     0.00000245   
  291     0.00000126   
  292     0.00000096   
  293     0.00003122   
  294     0.00008771   
  295     0.00009985   
  296     0.00037945   
  297     0.00027302   
  298     0.00025445   
  299     0.00072657   
  300     0.00008162   
  301     0.00009220   
  302     0.00006806   
  303     0.00043039   
  304     0.00056202   
  305     0.00055033   
  306     0.00041214   
  307     0.00196127   
  308     0.00014652   
  309     0.00019577   
  310     0.00135900   
  311     0.00094098   
  312     0.00085584   
  313     0.00087774   
  314     0.00059104   
  315     0.00172719   
  316     0.00094458   
  317     0.00114666   
  318     0.00034862   
  319     0.00037656   
  320     0.00015894   
  321     0.00017476   
  322     0.00034720   
  323     0.00086165   
  324     0.00014699   
  325     0.00014697   
  326     0.00021359   
  327     0.00003480   
  328     0.00002482   
  329     0.00002713   
  330     0.00029948   
  331     0.00005723   
  332     0.00010293   
  333     0.00045736   
  334     0.00138232   
  335     0.00005737   
  336     0.00019213   
  337     0.00003636   
  338     0.00019262   
  339     0.00048396   
  340     0.00080507   
  341     0.00006137   
  342     0.00004286   
  343     0.00001662   
  344     0.00016002   
  345     0.00029824   
  346     0.00013951   
  347     0.00002202   
  348     0.00014831   
  349     0.00023647   
  350     0.00022366   
  351     0.00004469   
  352     0.00020119   
  353     0.00026526   
  354     0.00023102   
  355     0.00002750   
  356     0.00024368   
  357     0.00034409   
  358     0.00024577   
  359     0.00065195   
  360     0.00040143   
  361     0.00089515   
  362     0.00011628   
  363     0.00037237   
  364     0.00010431   
  365     0.00001992   
  366     0.00001141   
  367     0.00000566   
  368     0.00004707   
  369     0.00002420   
  370     0.00069822   
  371     0.00058449   
  372     0.00120993   
  373     0.00071532   
  374     0.00079162   
  375     0.00082989   
  376     0.00012669   
  377     0.00030851   
  378     0.00028459   
  379     0.00019487   
  380     0.00221875   
  381     0.00062257   
  382     0.00010000   
  383     0.00041281   
  384     0.00158753   
  385     0.00048528   
  386     0.00041863   
  387     0.00101755   
  388     0.00099937   
  389     0.00012790   
  390     0.00003496   
  391     0.00000159   
  392     0.00018617   
  393     0.00013567   
  394     0.00044313   
  395     0.00039853   
  396     0.00010917   
  397     0.00071663   
  398     0.00130132   
  399     0.00113180   
  400     0.00026395   
  401     0.00075851   
  402     0.00016308   
  403     0.00047257   
  404     0.00070607   
  405     0.00032722   
  406     0.00000556   
  407     0.00030070   
  408     0.00001608   
  409     0.00000975   
  410     0.00059906   
  411     0.00008907   
  412     0.00017702   
  413     0.00161189   
  414     0.00040043   
  415     0.00041403   
  416     0.00079623   
  417     0.00004291   
  418     0.00004354   
  419     0.00046896   
  420     0.00020321   
  421     0.00001725   
  422     0.00004294   
  423     0.00021860   
  424     0.00007362   
  425     0.00002583   
  426     0.00001519   
  427     0.00037112   
  428     0.00018296   
  429     0.00015229   
  430     0.00059896   
  431     0.00010815   
  432     0.00016272   
  433     0.00018376   
  434     0.00057555   
  435     0.00044787   
  436     0.00041613   
  437     0.00016478   
  438     0.00032735   
  439     0.00104449   
  440     0.00063212   
  441     0.00039954   
  442     0.00072929   
  443     0.00070452   
  444     0.00015080   
  445     0.00045388   
  446     0.00008134   
  447     0.00019649   
  448     0.00015598   
  449     0.00010817   
  450     0.00030282   
  451     0.00022415   
  452     0.00009587   
  453     0.00004889   
  454     0.00005863   
  455     0.00017610   
  456     0.00013830   
  457     0.00017443   
  458     0.00027173   
  459     0.00027194   
  460     0.00016381   
  461     0.00012694   
  462     0.00170969   
  463     0.00076245   
  464     0.00061245   
  465     0.00058148   
  466     0.00046172   
  467     0.00027148   
  468     0.00042419   
  469     0.00029809   
  470     0.00011361   
  471     0.00025863   
  472     0.00117230   
  473     0.00014738   
  474     0.00015001   
  475     0.00096182   
  476     0.00016757   
  477     0.00006883   
  478     0.00021320   
  479     0.00035181   
  480     0.00049710   
  481     0.00059243   
  482     0.00029675   
  483     0.00010965   
  484     0.00028522   
  485     0.00027619   
  486     0.00015519   
  487     0.00012804   
  488     0.00044844   
  489     0.00029117   
  490     0.00031224   
  491     0.00013046   
  492     0.00025484   
  493     0.00006510   
  494     0.00010488   
  495     0.00003270   
  496     0.00003033   
  497     0.00003459   
  498     0.00002595   
  499     0.00004825   
  500     0.00012959   
  501     0.00023182   
  502     0.00008495   
  503     0.00009848   
  504     0.00008225   
  505     0.00035890   
  506     0.00002850   
  507     0.00002126   
  508     0.00022276   
  509     0.00008703   
  510     0.00003357   
  511     0.00006950   
  512     0.00034178   
  513     0.00005543   
  514     0.00001448   
  515     0.00017471   
  516     0.00006687   
  517     0.00002106   
  518     0.00016435   
  519     0.00082725   
  520     0.00005142   
  521     0.00006681   
  522     0.00017651   
  523     0.00027621   
  524     0.00018403   
  525     0.00013914   
  526     0.00013837   
  527     0.00055299   
  528     0.00058359   
  529     0.00048798   
  530     0.00054315   
  531     0.00026463   
  532     0.00080883   
  533     0.00031294   
  534     0.00152723   
  535     0.00205449   
  536     0.00108829   
  537     0.00080935   
  538     0.00052842   
  539     0.00079972   
  540     0.00024161   
  541     0.00017897   
  542     0.00011257   
  543     0.00000686   
  544     0.00001834   
  545     0.00002583   
  546     0.00003521   
  547     0.00020255   
  548     0.00008925   
  549     0.00018742   
  550     0.00008617   
  551     0.00011848   
  552     0.00003687   
  553     0.00033853   
  554     0.00002337   
  555     0.00000609   
  556     0.00000229   
  557     0.00000276   
  558     0.00000135   
  559     0.00000524   
  560     0.00000287   
  561     0.00002288   
  562     0.00001088   
  563     0.00001851   
  564     0.00024534   
  565     0.00037646   
  566     0.00004735   
  567     0.00025548   
  568     0.00031670   
  569     0.00014464   
  570     0.00016379   
  571     0.00043172   
  572     0.00039458   
  573     0.00025539   
  574     0.00014381   
  575     0.00008751   
  576     0.00004877   
  577     0.00017390   
  578     0.00012955   
  579     0.00007222   
  580     0.00066349   
  581     0.00013694   
  582     0.00015441   
  583     0.00002205   
  584     0.00011889   
  585     0.00001189   
  586     0.00007169   
  587     0.00007637   
  588     0.00073105   
  589     0.00014459   
  590     0.00125302   
  591     0.00126249   
  592     0.00138626   
  593     0.00041627   
  594     0.00085985   
  595     0.00155580   
  596     0.00148923   
  597     0.00072163   
  598     0.00106079   
  599     0.00270323   
  600     0.00045963   
  601     0.00022092   
  602     0.00028166   
  603     0.00054070   
  604     0.00024056   
  605     0.00025749   
  606     0.00006445   
  607     0.00007589   
  608     0.00095937   
  609     0.00127438   
  610     0.00155255   
  611     0.00033241   
  612     0.00143301   
  613     0.00168569   
  614     0.00487894   
  615     0.00124986   
  616     0.00120734   
  617     0.00324342   
  618     0.00091332   
  619     0.00285280   
  620     0.00044106   
  621     0.00389431   
  622     0.00068145   
  623     0.00163070   
  624     0.00020194   
