    1     0.00000267   
    2     0.00000123   
    3     0.00000389   
    4     0.00000128   
    5     0.00000184   
    6     0.00000273   
    7     0.00000227   
    8     0.00000907   
    9     0.00004470   
   10     0.00002019   
   11     0.00005587   
   12     0.00008777   
   13     0.00006870   
   14     0.00001693   
   15     0.00002240   
   16     0.00001369   
   17     0.00001531   
   18     0.00000453   
   19     0.00000208   
   20     0.00000049   
   21     0.00000114   
   22     0.00000166   
   23     0.00000108   
   24     0.00000116   
   25     0.00000196   
   26     0.00001305   
   27     0.00000814   
   28     0.00000343   
   29     0.00000733   
   30     0.00000439   
   31     0.00000190   
   32     0.00000092   
   33     0.00000902   
   34     0.00002626   
   35     0.00002973   
   36     0.00002998   
   37     0.00004271   
   38     0.00003084   
   39     0.00002774   
   40     0.00000946   
   41     0.00000663   
   42     0.00005077   
   43     0.00005663   
   44     0.00001696   
   45     0.00003560   
   46     0.00004171   
   47     0.00004005   
   48     0.00001613   
   49     0.00004745   
   50     0.00002609   
   51     0.00004428   
   52     0.00001967   
   53     0.00000747   
   54     0.00001925   
   55     0.00000989   
   56     0.00000467   
   57     0.00002136   
   58     0.00001380   
   59     0.00052904   
   60     0.00002098   
   61     0.00003961   
   62     0.00003523   
   63     0.00000482   
   64     0.00000887   
   65     0.00003615   
   66     0.00001411   
   67     0.00001515   
   68     0.00002675   
   69     0.00002412   
   70     0.00008135   
   71     0.00004119   
   72     0.00001325   
   73     0.00001328   
   74     0.00004908   
   75     0.00002106   
   76     0.00000332   
   77     0.00000182   
   78     0.00000475   
   79     0.00000367   
   80     0.00000228   
   81     0.00005853   
   82     0.00000692   
   83     0.00000392   
   84     0.00000206   
   85     0.00000485   
   86     0.00000232   
   87     0.00000255   
   88     0.00000265   
   89     0.00001298   
   90     0.00000378   
   91     0.00000624   
   92     0.00000285   
   93     0.00000301   
   94     0.00000249   
   95     0.00000150   
   96     0.00000807   
   97     0.00000177   
   98     0.00000099   
   99     0.00000235   
  100     0.00000938   
  101     0.00001124   
  102     0.00001484   
  103     0.00000467   
  104     0.00000377   
  105     0.00001325   
  106     0.00000971   
  107     0.00000101   
  108     0.00000185   
  109     0.00000398   
  110     0.00000888   
  111     0.00001756   
  112     0.00001283   
  113     0.00001231   
  114     0.00002325   
  115     0.00001386   
  116     0.00001134   
  117     0.00001070   
  118     0.00004014   
  119     0.00001025   
  120     0.00000574   
  121     0.00000284   
  122     0.00000987   
  123     0.00000478   
  124     0.00000416   
  125     0.00000262   
  126     0.00000121   
  127     0.00001556   
  128     0.00000087   
  129     0.00000625   
  130     0.00000511   
  131     0.00000258   
  132     0.00000273   
  133     0.00000165   
  134     0.00000170   
  135     0.00000404   
  136     0.00000091   
  137     0.00000035   
  138     0.00000235   
  139     0.00000993   
  140     0.00001232   
  141     0.00001149   
  142     0.00004009   
  143     0.00001156   
  144     0.00010157   
  145     0.00009821   
  146     0.00002471   
  147     0.00015658   
  148     0.00001159   
  149     0.00000792   
  150     0.00010626   
  151     0.00002771   
  152     0.00000876   
  153     0.00001503   
  154     0.00003537   
  155     0.00001100   
  156     0.00000201   
  157     0.00000656   
  158     0.00000217   
  159     0.00000077   
  160     0.00000850   
  161     0.00001179   
  162     0.00000279   
  163     0.00000224   
  164     0.00000110   
  165     0.00000392   
  166     0.00000190   
  167     0.00000975   
  168     0.00002064   
  169     0.00006652   
  170     0.00002938   
  171     0.00001914   
  172     0.00008634   
  173     0.00011058   
  174     0.00004081   
  175     0.00001656   
  176     0.00017104   
  177     0.00004760   
  178     0.00007695   
  179     0.00007240   
  180     0.00008938   
  181     0.00009363   
  182     0.00009954   
  183     0.00011956   
  184     0.00002972   
  185     0.00010595   
  186     0.00013830   
  187     0.00004225   
  188     0.00009913   
  189     0.00004723   
  190     0.00002545   
  191     0.00001222   
  192     0.00002029   
  193     0.00002740   
  194     0.00002091   
  195     0.00001828   
  196     0.00003753   
  197     0.00005979   
  198     0.00009417   
  199     0.00004238   
  200     0.00002720   
  201     0.00002481   
  202     0.00007773   
  203     0.00007661   
  204     0.00010529   
  205     0.00010843   
  206     0.00005830   
  207     0.00021928   
  208     0.00009275   
  209     0.00003991   
  210     0.00014053   
  211     0.00004251   
  212     0.00004712   
  213     0.00005493   
  214     0.00005658   
  215     0.00011265   
  216     0.00007217   
  217     0.00006251   
  218     0.00010576   
  219     0.00030892   
  220     0.00007521   
  221     0.00006726   
  222     0.00013166   
  223     0.00005527   
  224     0.00002189   
  225     0.00006074   
  226     0.00001087   
  227     0.00002088   
  228     0.00002125   
  229     0.00008590   
  230     0.00002585   
  231     0.00002266   
  232     0.00002592   
  233     0.00004622   
  234     0.00001884   
  235     0.00001053   
  236     0.00002250   
  237     0.00000585   
  238     0.00000700   
  239     0.00003482   
  240     0.00003818   
  241     0.00001615   
  242     0.00001590   
  243     0.00001026   
  244     0.00002266   
  245     0.00003292   
  246     0.00000804   
  247     0.00000347   
  248     0.00007347   
  249     0.00000471   
  250     0.00016822   
  251     0.00002115   
  252     0.00005678   
  253     0.00000709   
  254     0.00000277   
  255     0.00002917   
  256     0.00000187   
  257     0.00056420   
  258     0.00002839   
  259     0.00000561   
  260     0.00001527   
  261     0.00002191   
  262     0.00003968   
  263     0.00002027   
  264     0.00000971   
  265     0.00002119   
  266     0.00002744   
  267     0.00003118   
  268     0.00000573   
  269     0.00002255   
  270     0.00002172   
  271     0.00005314   
  272     0.00002515   
  273     0.00002308   
  274     0.00001191   
  275     0.00001895   
  276     0.00000665   
  277     0.00000531   
  278     0.00001652   
  279     0.00002079   
  280     0.00000646   
  281     0.00002323   
  282     0.00000623   
  283     0.00006085   
  284     0.00001508   
  285     0.00025626   
  286     0.00023135   
  287     0.00015402   
  288     0.00007714   
  289     0.00051994   
  290     0.00014046   
  291     0.00030064   
  292     0.00024673   
  293     0.00041022   
  294     0.00068226   
  295     0.00003070   
  296     0.00010328   
  297     0.00002291   
  298     0.00005481   
  299     0.00001890   
  300     0.00003877   
  301     0.00000792   
  302     0.00000481   
  303     0.00000190   
  304     0.00000367   
  305     0.00001406   
  306     0.00000170   
  307     0.00000279   
  308     0.00002108   
  309     0.00000751   
  310     0.00000248   
  311     0.00000613   
  312     0.00000667   
  313     0.00000750   
  314     0.00000447   
  315     0.00000769   
  316     0.00005574   
  317     0.00002820   
  318     0.00000629   
  319     0.00004186   
  320     0.00007272   
  321     0.00002549   
  322     0.00000979   
  323     0.00022688   
  324     0.00018719   
  325     0.00007831   
  326     0.00010645   
  327     0.00012623   
  328     0.00085423   
  329     0.00073503   
  330     0.00013301   
  331     0.00012684   
  332     0.00002003   
  333     0.00001175   
  334     0.00010617   
  335     0.00001581   
  336     0.00002958   
  337     0.00001438   
  338     0.00001524   
  339     0.00001102   
  340     0.00001697   
  341     0.00000827   
  342     0.00000589   
  343     0.00002362   
  344     0.00002254   
  345     0.00005396   
  346     0.00004121   
  347     0.00001478   
  348     0.00000243   
  349     0.00000825   
  350     0.00003521   
  351     0.00001176   
  352     0.00001071   
  353     0.00001364   
  354     0.00001655   
  355     0.00000919   
  356     0.00002544   
  357     0.00007764   
  358     0.00001680   
  359     0.00002311   
  360     0.00001287   
  361     0.00000999   
  362     0.00000984   
  363     0.00003113   
  364     0.00000158   
  365     0.00002039   
  366     0.00000628   
  367     0.00001670   
  368     0.00003702   
  369     0.00004822   
  370     0.00002485   
  371     0.00002420   
  372     0.00001727   
  373     0.00003950   
  374     0.00004678   
  375     0.00001746   
  376     0.00000666   
  377     0.00001549   
  378     0.00001140   
  379     0.00000096   
  380     0.00000392   
  381     0.00000780   
  382     0.00000324   
  383     0.00001393   
  384     0.00002966   
  385     0.00002710   
  386     0.00002762   
  387     0.00002905   
  388     0.00003506   
  389     0.00007570   
  390     0.00028161   
  391     0.00098695   
  392     0.00143594   
  393     0.00040333   
  394     0.00021996   
  395     0.00027521   
  396     0.00041991   
  397     0.00055994   
  398     0.00016767   
  399     0.00010748   
  400     0.00006752   
  401     0.00007826   
  402     0.00027237   
  403     0.00008946   
  404     0.00042145   
  405     0.00006445   
  406     0.00002470   
  407     0.00016268   
  408     0.00006231   
  409     0.00005797   
  410     0.00019405   
  411     0.00034311   
  412     0.00051529   
  413     0.00016410   
  414     0.00019145   
  415     0.00034794   
  416     0.00072430   
  417     0.00015441   
  418     0.00015286   
  419     0.00026371   
  420     0.00128301   
  421     0.00031935   
  422     0.00014967   
  423     0.00020150   
  424     0.00015088   
  425     0.00002499   
  426     0.00009759   
  427     0.00003058   
  428     0.00005682   
  429     0.00041231   
  430     0.00002251   
  431     0.00003511   
  432     0.00000735   
  433     0.00004453   
  434     0.00002822   
  435     0.00007314   
  436     0.00012418   
  437     0.00036363   
  438     0.00030368   
  439     0.00016958   
  440     0.00011628   
  441     0.00011502   
  442     0.00007422   
  443     0.00019394   
  444     0.00027136   
  445     0.00003836   
  446     0.00007752   
  447     0.00011216   
  448     0.00006601   
  449     0.00003108   
  450     0.00000862   
  451     0.00004952   
  452     0.00007101   
  453     0.00014830   
  454     0.00007558   
  455     0.00012953   
  456     0.00015197   
  457     0.00028206   
  458     0.00025093   
  459     0.00049441   
  460     0.00030263   
  461     0.00007400   
  462     0.00013444   
  463     0.00001612   
  464     0.00000645   
  465     0.00002219   
  466     0.00000573   
  467     0.00002410   
  468     0.00001673   
  469     0.00000391   
  470     0.00007653   
  471     0.00004883   
  472     0.00004871   
  473     0.00027521   
  474     0.00016918   
  475     0.00045247   
  476     0.00045701   
  477     0.00050905   
  478     0.00018783   
  479     0.00015966   
  480     0.00004243   
  481     0.00006995   
  482     0.00002515   
  483     0.00005077   
  484     0.00002112   
  485     0.00029730   
  486     0.00011041   
  487     0.00037515   
  488     0.00039682   
  489     0.00026891   
  490     0.00019141   
  491     0.00007483   
  492     0.00004311   
  493     0.00005089   
  494     0.00002479   
  495     0.00031388   
  496     0.00006673   
  497     0.00036115   
  498     0.00023388   
  499     0.00033778   
  500     0.00004762   
  501     0.00005608   
  502     0.00001747   
  503     0.00006172   
  504     0.00001826   
  505     0.00001265   
  506     0.00005214   
  507     0.00009361   
  508     0.00001090   
  509     0.00000776   
  510     0.00003449   
  511     0.00005251   
  512     0.00036972   
  513     0.00000667   
  514     0.00004275   
  515     0.00010976   
  516     0.00001233   
  517     0.00001373   
  518     0.00002336   
  519     0.00003347   
  520     0.00000624   
  521     0.00000598   
  522     0.00000646   
  523     0.00001255   
  524     0.00000617   
  525     0.00000221   
  526     0.00004907   
  527     0.00001859   
  528     0.00000341   
  529     0.00004521   
  530     0.00004334   
  531     0.00001679   
  532     0.00002973   
  533     0.00006707   
  534     0.00001964   
  535     0.00005368   
  536     0.00003634   
  537     0.00003962   
  538     0.00005341   
  539     0.00002001   
  540     0.00002573   
  541     0.00001719   
  542     0.00004833   
  543     0.00004089   
  544     0.00001881   
  545     0.00002288   
  546     0.00003161   
  547     0.00003054   
  548     0.00001706   
  549     0.00000782   
  550     0.00003178   
  551     0.00000525   
  552     0.00000222   
  553     0.00000399   
  554     0.00000215   
  555     0.00000093   
  556     0.00000148   
  557     0.00000958   
  558     0.00000090   
  559     0.00000269   
  560     0.00000276   
  561     0.00000905   
  562     0.00000860   
  563     0.00000521   
  564     0.00000706   
  565     0.00000535   
  566     0.00003162   
  567     0.00000923   
  568     0.00001210   
  569     0.00002658   
  570     0.00000645   
  571     0.00000656   
  572     0.00001106   
  573     0.00002867   
  574     0.00000238   
  575     0.00000370   
  576     0.00002980   
  577     0.00000074   
  578     0.00000047   
  579     0.00000099   
  580     0.00000232   
  581     0.00002601   
  582     0.00000266   
  583     0.00000622   
  584     0.00000402   
  585     0.00000206   
  586     0.00001323   
  587     0.00001530   
  588     0.00003113   
  589     0.00001156   
  590     0.00002239   
  591     0.00000767   
  592     0.00003099   
  593     0.00003120   
  594     0.00002383   
  595     0.00002795   
  596     0.00001410   
  597     0.00000281   
  598     0.00001182   
  599     0.00001861   
  600     0.00000825   
  601     0.00000503   
  602     0.00000427   
  603     0.00000093   
  604     0.00000209   
  605     0.00000098   
    1     0.00045269   
    2     0.00017468   
    3     0.00018321   
    4     0.00078808   
    5     0.00085158   
    6     0.00071978   
    7     0.00240723   
    8     0.00057792   
    9     0.00052388   
   10     0.00006978   
   11     0.00015125   
   12     0.00009455   
   13     0.00034355   
   14     0.00092401   
   15     0.00022197   
   16     0.00062497   
   17     0.00084133   
   18     0.00015974   
   19     0.00079089   
   20     0.00121935   
   21     0.00059494   
   22     0.00013594   
   23     0.00028948   
   24     0.00156013   
   25     0.00019518   
   26     0.00043070   
   27     0.00062120   
   28     0.00097131   
   29     0.00107311   
   30     0.00081757   
   31     0.00037721   
   32     0.00126711   
   33     0.00082424   
   34     0.00246204   
   35     0.00061065   
   36     0.00141471   
   37     0.00106373   
   38     0.00548378   
   39     0.00132834   
   40     0.00086988   
   41     0.00015839   
   42     0.00077685   
   43     0.00133745   
   44     0.00152943   
   45     0.00070201   
   46     0.00052585   
   47     0.00136731   
   48     0.00167723   
   49     0.00083777   
   50     0.00061947   
   51     0.00210628   
   52     0.00127237   
   53     0.00031505   
   54     0.00058033   
   55     0.00046749   
   56     0.00266398   
   57     0.00172502   
   58     0.00028794   
   59     0.00031542   
   60     0.00022974   
   61     0.00008770   
   62     0.00027274   
   63     0.00190716   
   64     0.00053034   
   65     0.00034447   
   66     0.00016058   
   67     0.00015109   
   68     0.00008807   
   69     0.00014540   
   70     0.00003556   
   71     0.00010114   
   72     0.00004893   
   73     0.00003060   
   74     0.00022220   
   75     0.00015542   
   76     0.00027410   
   77     0.00015698   
   78     0.00039885   
   79     0.00021801   
   80     0.00015108   
   81     0.00047785   
   82     0.00028968   
   83     0.00203308   
   84     0.00075747   
   85     0.00321266   
   86     0.00227381   
   87     0.00019596   
   88     0.00009630   
   89     0.00048726   
   90     0.00160754   
   91     0.00206960   
   92     0.00050920   
   93     0.00269410   
   94     0.00049005   
   95     0.00292128   
   96     0.00196007   
   97     0.00037378   
   98     0.00088626   
   99     0.00100763   
  100     0.00030239   
  101     0.00014521   
  102     0.00068980   
  103     0.00042003   
  104     0.00016370   
  105     0.00023659   
  106     0.00019961   
  107     0.00021949   
  108     0.00003876   
  109     0.00008711   
  110     0.00009934   
  111     0.00009852   
  112     0.00018576   
  113     0.00021951   
  114     0.00044969   
  115     0.00056624   
  116     0.00041116   
  117     0.00077208   
  118     0.00143339   
  119     0.00043119   
  120     0.00063352   
  121     0.00088575   
  122     0.00194239   
  123     0.00518908   
  124     0.00043675   
  125     0.00045770   
  126     0.00135595   
  127     0.00056543   
  128     0.00075171   
  129     0.00110067   
  130     0.00032541   
  131     0.00066939   
  132     0.00165090   
  133     0.00071005   
  134     0.00010445   
  135     0.00073556   
  136     0.00070974   
  137     0.00036523   
  138     0.00053112   
  139     0.00011829   
  140     0.00042134   
  141     0.00025544   
  142     0.00024106   
  143     0.00064685   
  144     0.00194561   
  145     0.00216045   
  146     0.00022659   
  147     0.00010864   
  148     0.00021679   
  149     0.00013712   
  150     0.00011414   
  151     0.00023374   
  152     0.00027831   
  153     0.00052933   
  154     0.00031136   
  155     0.00058527   
  156     0.00009800   
  157     0.00050657   
  158     0.00171196   
  159     0.00038470   
  160     0.00050930   
  161     0.00017474   
  162     0.00040517   
  163     0.00041389   
  164     0.00078186   
  165     0.00016974   
  166     0.00039307   
  167     0.00031726   
  168     0.00006906   
  169     0.00023926   
  170     0.00003458   
  171     0.00045605   
  172     0.00050230   
  173     0.00010469   
  174     0.00034341   
  175     0.00031162   
  176     0.00009970   
  177     0.00042272   
  178     0.00042438   
  179     0.00030709   
  180     0.00037720   
  181     0.00044516   
  182     0.00005201   
  183     0.00008025   
  184     0.00012908   
  185     0.00005517   
  186     0.00006233   
  187     0.00015717   
  188     0.00018911   
  189     0.00011003   
  190     0.00010121   
  191     0.00003104   
  192     0.00008769   
  193     0.00049862   
  194     0.00016116   
  195     0.00014748   
  196     0.00112493   
  197     0.00071515   
  198     0.00046929   
  199     0.00010605   
  200     0.00295390   
  201     0.00048939   
  202     0.00114670   
  203     0.00144430   
  204     0.00049217   
  205     0.00040136   
  206     0.00107287   
  207     0.00019617   
  208     0.00037452   
  209     0.00010389   
  210     0.00011534   
  211     0.00005792   
  212     0.00015656   
  213     0.00005628   
  214     0.00004275   
  215     0.00003282   
  216     0.00002596   
  217     0.00001067   
  218     0.00000283   
  219     0.00003313   
  220     0.00000418   
  221     0.00010472   
  222     0.00006344   
  223     0.00012712   
  224     0.00010189   
  225     0.00001411   
  226     0.00004014   
  227     0.00014519   
  228     0.00021695   
  229     0.00040291   
  230     0.00015874   
  231     0.00021328   
  232     0.00091812   
  233     0.00089648   
  234     0.00048609   
  235     0.00033717   
  236     0.00006039   
  237     0.00015453   
  238     0.00012623   
  239     0.00016267   
  240     0.00006728   
  241     0.00044135   
  242     0.00014186   
  243     0.00010710   
  244     0.00009578   
  245     0.00042865   
  246     0.00098521   
  247     0.00056102   
  248     0.00244072   
  249     0.00098447   
  250     0.00136836   
  251     0.00071106   
  252     0.00100372   
  253     0.00043451   
  254     0.00023511   
  255     0.00223224   
  256     0.00040136   
  257     0.00027256   
  258     0.00014034   
  259     0.00009704   
  260     0.00022812   
  261     0.00038139   
  262     0.00023919   
  263     0.00113608   
  264     0.00061640   
  265     0.00026708   
  266     0.00019105   
  267     0.00012793   
  268     0.00008099   
  269     0.00007266   
  270     0.00007822   
  271     0.00002502   
  272     0.00009206   
  273     0.00009456   
  274     0.00013521   
  275     0.00008449   
  276     0.00023927   
  277     0.00014458   
  278     0.00036912   
  279     0.00060899   
  280     0.00075344   
  281     0.00216844   
  282     0.00020545   
  283     0.00061348   
  284     0.00033166   
  285     0.00243506   
  286     0.00113247   
  287     0.00150158   
  288     0.00483763   
  289     0.00021509   
  290     0.00091844   
  291     0.00061382   
  292     0.00074574   
  293     0.00203312   
  294     0.00211342   
  295     0.00043108   
  296     0.00102650   
  297     0.00031934   
  298     0.00039362   
  299     0.00030648   
  300     0.00015733   
  301     0.00024160   
  302     0.00013193   
  303     0.00057189   
  304     0.00031480   
  305     0.00059366   
  306     0.00195133   
  307     0.00091700   
  308     0.00028072   
  309     0.00077516   
  310     0.00044087   
  311     0.00164553   
  312     0.00024754   
  313     0.00029614   
  314     0.00107225   
  315     0.00070632   
  316     0.00083541   
  317     0.00078313   
  318     0.00025740   
  319     0.00328513   
  320     0.00192231   
  321     0.00027398   
  322     0.00092445   
  323     0.00029016   
  324     0.00013020   
  325     0.00018651   
  326     0.00028037   
  327     0.00007116   
  328     0.00012014   
  329     0.00006672   
  330     0.00004461   
  331     0.00011276   
  332     0.00017011   
  333     0.00233739   
  334     0.00104902   
  335     0.00013142   
  336     0.00059219   
  337     0.00010903   
  338     0.00085086   
  339     0.00017935   
  340     0.00046980   
  341     0.00005111   
  342     0.00017752   
  343     0.00008901   
  344     0.00003858   
  345     0.00005289   
  346     0.00016919   
  347     0.00003399   
  348     0.00006727   
  349     0.00004640   
  350     0.00008752   
  351     0.00007647   
  352     0.00023711   
  353     0.00016375   
  354     0.00010146   
  355     0.00006046   
  356     0.00026851   
  357     0.00025127   
  358     0.00005929   
  359     0.00015274   
  360     0.00024719   
  361     0.00028046   
  362     0.00068756   
  363     0.00103283   
  364     0.00017417   
  365     0.00004213   
  366     0.00010819   
  367     0.00010032   
  368     0.00024873   
  369     0.00032990   
  370     0.00092596   
  371     0.00119979   
  372     0.00518284   
  373     0.00211615   
  374     0.00129644   
  375     0.00178129   
  376     0.00014428   
  377     0.00043588   
  378     0.00166661   
  379     0.00301023   
  380     0.00193573   
  381     0.00090201   
  382     0.00154366   
  383     0.00197168   
  384     0.00175084   
  385     0.00036045   
  386     0.00064752   
  387     0.00047711   
  388     0.00018856   
  389     0.00037011   
  390     0.00018225   
  391     0.00012753   
  392     0.00024165   
  393     0.00012513   
  394     0.00021440   
  395     0.00019141   
  396     0.00097387   
  397     0.00067215   
  398     0.00060244   
  399     0.00073529   
  400     0.00269297   
  401     0.00528989   
  402     0.00229811   
  403     0.00145067   
  404     0.00332965   
  405     0.00378949   
  406     0.00095854   
  407     0.00155848   
  408     0.00116939   
  409     0.00109149   
  410     0.00027193   
  411     0.00018418   
  412     0.00113452   
  413     0.00514202   
  414     0.00180000   
  415     0.00171318   
  416     0.00169261   
  417     0.00009553   
  418     0.00017350   
  419     0.00217647   
  420     0.00064471   
  421     0.00022268   
  422     0.00117599   
  423     0.00161925   
  424     0.00110464   
  425     0.00043905   
  426     0.00032301   
  427     0.00123621   
  428     0.00042179   
  429     0.00115613   
  430     0.00150432   
  431     0.00115585   
  432     0.00078322   
  433     0.00036182   
  434     0.00347350   
  435     0.00140436   
  436     0.00266874   
  437     0.00081587   
  438     0.00097487   
  439     0.00160186   
  440     0.00118203   
  441     0.00038583   
  442     0.00688313   
  443     0.00134320   
  444     0.00083317   
  445     0.00103258   
  446     0.00050250   
  447     0.00159724   
  448     0.00351338   
  449     0.00101990   
  450     0.00239196   
  451     0.00227359   
  452     0.00231370   
  453     0.00097196   
  454     0.00140096   
  455     0.00384121   
  456     0.00202715   
  457     0.00125028   
  458     0.00175015   
  459     0.00028478   
  460     0.00283692   
  461     0.00108230   
  462     0.00088765   
  463     0.00310093   
  464     0.00367910   
  465     0.00203261   
  466     0.00893371   
  467     0.00126778   
  468     0.00086315   
  469     0.00191412   
  470     0.00053372   
  471     0.00017098   
  472     0.00200080   
  473     0.00093665   
  474     0.00050930   
  475     0.00082205   
  476     0.00024734   
  477     0.00014801   
  478     0.00016155   
  479     0.00011024   
  480     0.00252331   
  481     0.00178893   
  482     0.00212792   
  483     0.00131443   
  484     0.00199455   
  485     0.00077050   
  486     0.00106035   
  487     0.00064225   
  488     0.00098591   
  489     0.00090677   
  490     0.00126780   
  491     0.00057509   
  492     0.00044130   
  493     0.00061622   
  494     0.00033748   
  495     0.00020062   
  496     0.00032435   
  497     0.00061018   
  498     0.00019639   
  499     0.00070849   
  500     0.00082505   
  501     0.00047856   
  502     0.00100736   
  503     0.00039634   
  504     0.00103199   
  505     0.00058562   
  506     0.00065149   
  507     0.00037149   
  508     0.00148816   
  509     0.00036926   
  510     0.00041087   
  511     0.00021920   
  512     0.00012843   
  513     0.00011913   
  514     0.00005495   
  515     0.00028786   
  516     0.00010377   
  517     0.00009849   
  518     0.00003869   
  519     0.00139806   
  520     0.00028916   
  521     0.00023911   
  522     0.00036144   
  523     0.00050878   
  524     0.00022335   
  525     0.00043415   
  526     0.00037986   
  527     0.00049101   
  528     0.00037497   
  529     0.00039454   
  530     0.00080180   
  531     0.00039760   
  532     0.00147453   
  533     0.00331167   
  534     0.01322411   
  535     0.00171548   
  536     0.00098065   
  537     0.00065105   
  538     0.00042756   
  539     0.00186900   
  540     0.00081357   
  541     0.00064284   
  542     0.00162488   
  543     0.00044922   
  544     0.00018592   
  545     0.00067809   
  546     0.00075497   
  547     0.00244970   
  548     0.00142028   
  549     0.00292390   
  550     0.00115765   
  551     0.00059000   
  552     0.00191108   
  553     0.00765716   
  554     0.00198164   
  555     0.00091738   
  556     0.00077497   
  557     0.00046197   
  558     0.00049343   
  559     0.00072082   
  560     0.00113475   
  561     0.00116517   
  562     0.00175976   
  563     0.00151313   
  564     0.00234412   
  565     0.00194380   
  566     0.00166475   
  567     0.00095837   
  568     0.00071730   
  569     0.00060311   
  570     0.00043703   
  571     0.00083851   
  572     0.00186678   
  573     0.00138088   
  574     0.00087141   
  575     0.00021210   
  576     0.00020300   
  577     0.00015070   
  578     0.00056468   
  579     0.00019872   
  580     0.00219991   
  581     0.00043150   
  582     0.00015392   
  583     0.00021463   
  584     0.00022098   
  585     0.00035047   
  586     0.00009073   
  587     0.00034338   
  588     0.00071213   
  589     0.00140516   
  590     0.00055347   
  591     0.00286401   
  592     0.00456800   
  593     0.00032005   
  594     0.00173638   
  595     0.00156287   
  596     0.00006883   
  597     0.00043601   
  598     0.00028884   
  599     0.00071380   
  600     0.00072278   
  601     0.00029486   
  602     0.00123058   
  603     0.00202489   
  604     0.00120584   
  605     0.00185127   
  606     0.00115542   
  607     0.00026963   
  608     0.00042808   
  609     0.00035630   
  610     0.00051069   
  611     0.00044462   
  612     0.00074838   
  613     0.00019289   
  614     0.00187470   
  615     0.00195118   
  616     0.00104004   
  617     0.00457217   
  618     0.00142561   
  619     0.00312234   
  620     0.00006959   
  621     0.00253023   
  622     0.00035821   
  623     0.00078148   
  624     0.00009823   
    1     0.00005407   
    2     0.00001559   
    3     0.00002369   
    4     0.00008803   
    5     0.00005163   
    6     0.00013398   
    7     0.00012513   
    8     0.00009825   
    9     0.00002800   
   10     0.00000726   
   11     0.00011576   
   12     0.00011867   
   13     0.00034276   
   14     0.00122764   
   15     0.00032386   
   16     0.00057617   
   17     0.00043343   
   18     0.00006757   
   19     0.00059754   
   20     0.00122659   
   21     0.00039422   
   22     0.00006966   
   23     0.00017079   
   24     0.00034751   
   25     0.00002939   
   26     0.00011561   
   27     0.00009136   
   28     0.00026580   
   29     0.00052928   
   30     0.00025451   
   31     0.00016444   
   32     0.00038466   
   33     0.00017805   
   34     0.00098165   
   35     0.00041371   
   36     0.00073984   
   37     0.00041912   
   38     0.00344590   
   39     0.00090483   
   40     0.00043604   
   41     0.00006430   
   42     0.00022903   
   43     0.00052303   
   44     0.00113635   
   45     0.00019682   
   46     0.00019913   
   47     0.00042467   
   48     0.00123809   
   49     0.00019158   
   50     0.00028868   
   51     0.00023242   
   52     0.00040661   
   53     0.00006554   
   54     0.00008303   
   55     0.00009176   
   56     0.00037812   
   57     0.00049841   
   58     0.00007055   
   59     0.00006964   
   60     0.00002824   
   61     0.00002271   
   62     0.00005610   
   63     0.00049336   
   64     0.00019397   
   65     0.00009809   
   66     0.00004680   
   67     0.00004461   
   68     0.00007881   
   69     0.00011431   
   70     0.00003123   
   71     0.00006929   
   72     0.00003174   
   73     0.00002438   
   74     0.00014806   
   75     0.00011450   
   76     0.00009174   
   77     0.00008583   
   78     0.00019418   
   79     0.00004376   
   80     0.00005732   
   81     0.00012157   
   82     0.00012058   
   83     0.00041220   
   84     0.00023392   
   85     0.00083221   
   86     0.00074055   
   87     0.00012879   
   88     0.00003070   
   89     0.00017695   
   90     0.00068222   
   91     0.00042994   
   92     0.00029580   
   93     0.00104064   
   94     0.00071650   
   95     0.00052730   
   96     0.00172440   
   97     0.00056091   
   98     0.00045871   
   99     0.00045959   
  100     0.00056649   
  101     0.00030932   
  102     0.00053377   
  103     0.00041617   
  104     0.00014281   
  105     0.00025027   
  106     0.00026331   
  107     0.00018369   
  108     0.00004421   
  109     0.00006110   
  110     0.00007809   
  111     0.00005454   
  112     0.00017580   
  113     0.00014109   
  114     0.00035052   
  115     0.00040558   
  116     0.00029880   
  117     0.00065555   
  118     0.00267560   
  119     0.00023562   
  120     0.00023637   
  121     0.00033705   
  122     0.00083301   
  123     0.00272948   
  124     0.00016493   
  125     0.00077509   
  126     0.00086018   
  127     0.00030105   
  128     0.00026786   
  129     0.00054059   
  130     0.00035175   
  131     0.00027050   
  132     0.00145094   
  133     0.00060074   
  134     0.00015255   
  135     0.00018576   
  136     0.00018014   
  137     0.00016458   
  138     0.00010831   
  139     0.00001624   
  140     0.00009400   
  141     0.00006647   
  142     0.00008513   
  143     0.00019320   
  144     0.00034588   
  145     0.00046295   
  146     0.00009636   
  147     0.00003147   
  148     0.00006228   
  149     0.00004504   
  150     0.00012908   
  151     0.00008942   
  152     0.00010325   
  153     0.00010637   
  154     0.00019666   
  155     0.00024000   
  156     0.00008280   
  157     0.00028630   
  158     0.00082397   
  159     0.00063914   
  160     0.00014498   
  161     0.00014204   
  162     0.00033856   
  163     0.00014989   
  164     0.00021027   
  165     0.00008113   
  166     0.00012527   
  167     0.00005803   
  168     0.00002068   
  169     0.00005888   
  170     0.00001051   
  171     0.00011748   
  172     0.00013859   
  173     0.00001902   
  174     0.00006209   
  175     0.00005965   
  176     0.00012361   
  177     0.00011709   
  178     0.00019097   
  179     0.00008719   
  180     0.00020982   
  181     0.00041174   
  182     0.00001535   
  183     0.00004832   
  184     0.00016489   
  185     0.00002528   
  186     0.00002500   
  187     0.00017843   
  188     0.00009598   
  189     0.00008513   
  190     0.00009651   
  191     0.00002689   
  192     0.00003692   
  193     0.00011587   
  194     0.00007324   
  195     0.00007771   
  196     0.00036830   
  197     0.00041925   
  198     0.00033860   
  199     0.00005654   
  200     0.00160098   
  201     0.00033307   
  202     0.00145417   
  203     0.00062625   
  204     0.00029331   
  205     0.00021708   
  206     0.00038881   
  207     0.00011028   
  208     0.00025516   
  209     0.00009565   
  210     0.00009398   
  211     0.00006079   
  212     0.00015003   
  213     0.00009598   
  214     0.00001433   
  215     0.00003430   
  216     0.00000926   
  217     0.00000710   
  218     0.00001439   
  219     0.00006248   
  220     0.00003832   
  221     0.00015139   
  222     0.00010988   
  223     0.00015230   
  224     0.00018622   
  225     0.00004001   
  226     0.00014049   
  227     0.00006922   
  228     0.00037906   
  229     0.00039659   
  230     0.00016991   
  231     0.00020580   
  232     0.00076233   
  233     0.00062139   
  234     0.00071624   
  235     0.00013560   
  236     0.00001981   
  237     0.00005870   
  238     0.00015062   
  239     0.00001521   
  240     0.00002321   
  241     0.00040147   
  242     0.00007262   
  243     0.00002117   
  244     0.00004155   
  245     0.00037094   
  246     0.00077317   
  247     0.00045777   
  248     0.00216237   
  249     0.00116893   
  250     0.00152992   
  251     0.00080751   
  252     0.00057414   
  253     0.00039761   
  254     0.00014605   
  255     0.00242413   
  256     0.00066582   
  257     0.00023343   
  258     0.00013128   
  259     0.00021390   
  260     0.00012478   
  261     0.00039548   
  262     0.00014229   
  263     0.00074195   
  264     0.00024511   
  265     0.00023346   
  266     0.00008844   
  267     0.00006041   
  268     0.00007521   
  269     0.00000637   
  270     0.00002548   
  271     0.00001448   
  272     0.00012089   
  273     0.00002787   
  274     0.00010542   
  275     0.00014565   
  276     0.00023405   
  277     0.00009505   
  278     0.00025915   
  279     0.00023559   
  280     0.00034722   
  281     0.00063295   
  282     0.00006738   
  283     0.00013041   
  284     0.00036985   
  285     0.00060063   
  286     0.00035899   
  287     0.00060344   
  288     0.00243007   
  289     0.00004074   
  290     0.00061291   
  291     0.00066642   
  292     0.00045976   
  293     0.00088800   
  294     0.00073808   
  295     0.00015318   
  296     0.00037268   
  297     0.00012847   
  298     0.00018224   
  299     0.00013764   
  300     0.00008617   
  301     0.00015742   
  302     0.00014913   
  303     0.00062659   
  304     0.00011949   
  305     0.00046006   
  306     0.00141193   
  307     0.00054414   
  308     0.00011116   
  309     0.00027323   
  310     0.00033669   
  311     0.00031785   
  312     0.00009273   
  313     0.00011804   
  314     0.00034451   
  315     0.00019040   
  316     0.00008714   
  317     0.00019169   
  318     0.00012594   
  319     0.00086965   
  320     0.00082165   
  321     0.00014811   
  322     0.00059649   
  323     0.00031284   
  324     0.00008216   
  325     0.00019132   
  326     0.00033538   
  327     0.00006575   
  328     0.00008177   
  329     0.00005267   
  330     0.00012566   
  331     0.00003757   
  332     0.00005847   
  333     0.00033633   
  334     0.00032809   
  335     0.00010245   
  336     0.00056075   
  337     0.00003489   
  338     0.00001093   
  339     0.00008075   
  340     0.00016814   
  341     0.00002667   
  342     0.00006447   
  343     0.00001995   
  344     0.00007457   
  345     0.00011067   
  346     0.00007559   
  347     0.00002251   
  348     0.00013603   
  349     0.00003803   
  350     0.00006401   
  351     0.00005258   
  352     0.00014403   
  353     0.00008261   
  354     0.00014875   
  355     0.00007723   
  356     0.00013089   
  357     0.00026258   
  358     0.00007429   
  359     0.00026544   
  360     0.00013636   
  361     0.00007527   
  362     0.00001656   
  363     0.00022868   
  364     0.00006300   
  365     0.00000377   
  366     0.00000835   
  367     0.00001845   
  368     0.00006760   
  369     0.00001926   
  370     0.00017650   
  371     0.00036188   
  372     0.00065196   
  373     0.00023707   
  374     0.00028992   
  375     0.00015038   
  376     0.00001098   
  377     0.00008008   
  378     0.00011202   
  379     0.00006188   
  380     0.00051106   
  381     0.00020905   
  382     0.00006018   
  383     0.00009056   
  384     0.00017931   
  385     0.00007139   
  386     0.00011838   
  387     0.00006989   
  388     0.00001771   
  389     0.00001384   
  390     0.00002011   
  391     0.00001215   
  392     0.00010643   
  393     0.00002304   
  394     0.00005583   
  395     0.00006282   
  396     0.00003538   
  397     0.00003131   
  398     0.00001829   
  399     0.00035020   
  400     0.00012680   
  401     0.00030326   
  402     0.00031019   
  403     0.00040488   
  404     0.00050635   
  405     0.00024492   
  406     0.00006896   
  407     0.00014913   
  408     0.00002825   
  409     0.00000891   
  410     0.00002751   
  411     0.00000875   
  412     0.00049059   
  413     0.00050225   
  414     0.00023266   
  415     0.00010283   
  416     0.00022608   
  417     0.00001339   
  418     0.00001505   
  419     0.00039571   
  420     0.00002313   
  421     0.00001238   
  422     0.00003522   
  423     0.00004932   
  424     0.00000768   
  425     0.00000211   
  426     0.00000413   
  427     0.00001444   
  428     0.00006421   
  429     0.00012000   
  430     0.00040899   
  431     0.00019569   
  432     0.00050910   
  433     0.00056906   
  434     0.00119089   
  435     0.00049581   
  436     0.00043054   
  437     0.00015714   
  438     0.00008778   
  439     0.00035080   
  440     0.00032492   
  441     0.00070069   
  442     0.00019054   
  443     0.00052760   
  444     0.00067201   
  445     0.00229444   
  446     0.00073671   
  447     0.00042783   
  448     0.00048753   
  449     0.00093295   
  450     0.00041419   
  451     0.00021321   
  452     0.00015067   
  453     0.00000876   
  454     0.00001839   
  455     0.00007433   
  456     0.00025906   
  457     0.00024563   
  458     0.00063992   
  459     0.00026508   
  460     0.00031488   
  461     0.00037881   
  462     0.00040477   
  463     0.00031515   
  464     0.00014977   
  465     0.00043100   
  466     0.00217798   
  467     0.00008389   
  468     0.00013525   
  469     0.00022377   
  470     0.00009456   
  471     0.00003744   
  472     0.00044361   
  473     0.00012495   
  474     0.00004367   
  475     0.00011360   
  476     0.00001188   
  477     0.00001678   
  478     0.00003520   
  479     0.00007079   
  480     0.00078910   
  481     0.00140226   
  482     0.00031191   
  483     0.00028708   
  484     0.00143263   
  485     0.00082295   
  486     0.00129496   
  487     0.00055347   
  488     0.00232578   
  489     0.00044744   
  490     0.00109209   
  491     0.00030335   
  492     0.00259801   
  493     0.00131011   
  494     0.00106928   
  495     0.00136066   
  496     0.00133032   
  497     0.00143199   
  498     0.00123995   
  499     0.00159117   
  500     0.00385603   
  501     0.00182033   
  502     0.00318132   
  503     0.00086045   
  504     0.00487985   
  505     0.00158713   
  506     0.00291053   
  507     0.00153311   
  508     0.00389263   
  509     0.00111859   
  510     0.00129161   
  511     0.00016592   
  512     0.00116095   
  513     0.00023824   
  514     0.00004719   
  515     0.00069999   
  516     0.00038005   
  517     0.00026734   
  518     0.00018434   
  519     0.00691265   
  520     0.00065554   
  521     0.00066839   
  522     0.00141071   
  523     0.00117152   
  524     0.00075211   
  525     0.00048271   
  526     0.00042533   
  527     0.00177616   
  528     0.00190333   
  529     0.00158433   
  530     0.00199855   
  531     0.00178693   
  532     0.00211048   
  533     0.00098371   
  534     0.00355189   
  535     0.00153382   
  536     0.00190543   
  537     0.00192149   
  538     0.00145048   
  539     0.00299601   
  540     0.00138043   
  541     0.00106377   
  542     0.00213837   
  543     0.00007786   
  544     0.00009322   
  545     0.00020006   
  546     0.00013918   
  547     0.00046131   
  548     0.00102953   
  549     0.00138157   
  550     0.00042095   
  551     0.00023845   
  552     0.00062417   
  553     0.00164550   
  554     0.00030068   
  555     0.00020657   
  556     0.00018854   
  557     0.00010221   
  558     0.00008651   
  559     0.00009774   
  560     0.00008411   
  561     0.00013394   
  562     0.00022060   
  563     0.00010032   
  564     0.00071922   
  565     0.00321744   
  566     0.00060044   
  567     0.00157422   
  568     0.00089696   
  569     0.00138778   
  570     0.00066261   
  571     0.00085861   
  572     0.00242834   
  573     0.00136849   
  574     0.00148518   
  575     0.00036581   
  576     0.00034234   
  577     0.00058176   
  578     0.00047193   
  579     0.00064531   
  580     0.00545641   
  581     0.00064546   
  582     0.00034364   
  583     0.00092304   
  584     0.00053271   
  585     0.00041670   
  586     0.00028211   
  587     0.00036570   
  588     0.00343262   
  589     0.00335945   
  590     0.00285218   
  591     0.01054633   
  592     0.00953602   
  593     0.00091052   
  594     0.01072215   
  595     0.00306564   
  596     0.00064552   
  597     0.00167546   
  598     0.00205038   
  599     0.00164365   
  600     0.00199343   
  601     0.00159152   
  602     0.00091884   
  603     0.00091134   
  604     0.00142421   
  605     0.00273965   
  606     0.00114481   
  607     0.00128945   
  608     0.00360772   
  609     0.00065844   
  610     0.00355480   
  611     0.00189161   
  612     0.00320044   
  613     0.00186148   
  614     0.00380849   
  615     0.00369726   
  616     0.00404385   
  617     0.01203950   
  618     0.00556226   
  619     0.01319098   
  620     0.00393821   
  621     0.01538448   
  622     0.00556464   
  623     0.00740967   
  624     0.00143958   
