    1     0.00000169   
    2     0.00000571   
    3     0.00000276   
    4     0.00000568   
    5     0.00000100   
    6     0.00000257   
    7     0.00000130   
    8     0.00000264   
    9     0.00000340   
   10     0.00000561   
   11     0.00000535   
   12     0.00002022   
   13     0.00000962   
   14     0.00000393   
   15     0.00000671   
   16     0.00000353   
   17     0.00000732   
   18     0.00000280   
   19     0.00000472   
   20     0.00000005   
   21     0.00000023   
   22     0.00000206   
   23     0.00000061   
   24     0.00000239   
   25     0.00000184   
   26     0.00000786   
   27     0.00000133   
   28     0.00000082   
   29     0.00000040   
   30     0.00000005   
   31     0.00000001   
   32     0.00000001   
   33     0.00000010   
   34     0.00000279   
   35     0.00000171   
   36     0.00000277   
   37     0.00000232   
   38     0.00000256   
   39     0.00000240   
   40     0.00000113   
   41     0.00000052   
   42     0.00000016   
   43     0.00000060   
   44     0.00000016   
   45     0.00000002   
   46     0.00000005   
   47     0.00000021   
   48     0.00000150   
   49     0.00000047   
   50     0.00000092   
   51     0.00000054   
   52     0.00000007   
   53     0.00000021   
   54     0.00000055   
   55     0.00000040   
   56     0.00000007   
   57     0.00000025   
   58     0.00000020   
   59     0.00000421   
   60     0.00000034   
   61     0.00000051   
   62     0.00000024   
   63     0.00000013   
   64     0.00000014   
   65     0.00000051   
   66     0.00000126   
   67     0.00000180   
   68     0.00000050   
   69     0.00000063   
   70     0.00000113   
   71     0.00000030   
   72     0.00000077   
   73     0.00000118   
   74     0.00000037   
   75     0.00000015   
   76     0.00000003   
   77     0.00000001   
   78     0.00000001   
   79     0.00000001   
   80     0.00000000   
   81     0.00000001   
   82     0.00000004   
   83     0.00000000   
   84     0.00000000   
   85     0.00000013   
   86     0.00000002   
   87     0.00000001   
   88     0.00000001   
   89     0.00000003   
   90     0.00000004   
   91     0.00000030   
   92     0.00000012   
   93     0.00000002   
   94     0.00000005   
   95     0.00000001   
   96     0.00000004   
   97     0.00000000   
   98     0.00000000   
   99     0.00000001   
  100     0.00000001   
  101     0.00000004   
  102     0.00000009   
  103     0.00000064   
  104     0.00000005   
  105     0.00000049   
  106     0.00000011   
  107     0.00000002   
  108     0.00000010   
  109     0.00000003   
  110     0.00000063   
  111     0.00000025   
  112     0.00000041   
  113     0.00000046   
  114     0.00000072   
  115     0.00000069   
  116     0.00000089   
  117     0.00000048   
  118     0.00000213   
  119     0.00000154   
  120     0.00000039   
  121     0.00000032   
  122     0.00000064   
  123     0.00000070   
  124     0.00000073   
  125     0.00000009   
  126     0.00000021   
  127     0.00000088   
  128     0.00000001   
  129     0.00000006   
  130     0.00000009   
  131     0.00000008   
  132     0.00000002   
  133     0.00000001   
  134     0.00000011   
  135     0.00000075   
  136     0.00000056   
  137     0.00000059   
  138     0.00000061   
  139     0.00000183   
  140     0.00000685   
  141     0.00001262   
  142     0.00001472   
  143     0.00000494   
  144     0.00001409   
  145     0.00001775   
  146     0.00000926   
  147     0.00003479   
  148     0.00000045   
  149     0.00000204   
  150     0.00000875   
  151     0.00000381   
  152     0.00000079   
  153     0.00000024   
  154     0.00000241   
  155     0.00000029   
  156     0.00000029   
  157     0.00000036   
  158     0.00000041   
  159     0.00000009   
  160     0.00000047   
  161     0.00000047   
  162     0.00000047   
  163     0.00000065   
  164     0.00000052   
  165     0.00000055   
  166     0.00000168   
  167     0.00001099   
  168     0.00000200   
  169     0.00007780   
  170     0.00001796   
  171     0.00001648   
  172     0.00004897   
  173     0.00015810   
  174     0.00001671   
  175     0.00002996   
  176     0.00007435   
  177     0.00001601   
  178     0.00002775   
  179     0.00001861   
  180     0.00001377   
  181     0.00004447   
  182     0.00001493   
  183     0.00005731   
  184     0.00000545   
  185     0.00007227   
  186     0.00003055   
  187     0.00018775   
  188     0.00019319   
  189     0.00007327   
  190     0.00005260   
  191     0.00001990   
  192     0.00001343   
  193     0.00001691   
  194     0.00001625   
  195     0.00001027   
  196     0.00000664   
  197     0.00000564   
  198     0.00000600   
  199     0.00002287   
  200     0.00000927   
  201     0.00000816   
  202     0.00005185   
  203     0.00002792   
  204     0.00006974   
  205     0.00003677   
  206     0.00006429   
  207     0.00020854   
  208     0.00049499   
  209     0.00007670   
  210     0.00243486   
  211     0.00019796   
  212     0.00008633   
  213     0.00007008   
  214     0.00024047   
  215     0.00054886   
  216     0.00013750   
  217     0.00002537   
  218     0.00002390   
  219     0.00005255   
  220     0.00002994   
  221     0.00003556   
  222     0.00006996   
  223     0.00002719   
  224     0.00002830   
  225     0.00000137   
  226     0.00000046   
  227     0.00000992   
  228     0.00000577   
  229     0.00000109   
  230     0.00000065   
  231     0.00000034   
  232     0.00000240   
  233     0.00000030   
  234     0.00000023   
  235     0.00000042   
  236     0.00000028   
  237     0.00000007   
  238     0.00000004   
  239     0.00000038   
  240     0.00000021   
  241     0.00000012   
  242     0.00000009   
  243     0.00000006   
  244     0.00000028   
  245     0.00000010   
  246     0.00000003   
  247     0.00000001   
  248     0.00000020   
  249     0.00000001   
  250     0.00000013   
  251     0.00000011   
  252     0.00000056   
  253     0.00000004   
  254     0.00000001   
  255     0.00000021   
  256     0.00000002   
  257     0.00000427   
  258     0.00000027   
  259     0.00000003   
  260     0.00000008   
  261     0.00000006   
  262     0.00000020   
  263     0.00000006   
  264     0.00000002   
  265     0.00000017   
  266     0.00000040   
  267     0.00000010   
  268     0.00000016   
  269     0.00000055   
  270     0.00000035   
  271     0.00000232   
  272     0.00000041   
  273     0.00000027   
  274     0.00000008   
  275     0.00000015   
  276     0.00000001   
  277     0.00000002   
  278     0.00000005   
  279     0.00000014   
  280     0.00000010   
  281     0.00000024   
  282     0.00000001   
  283     0.00000009   
  284     0.00000001   
  285     0.00000005   
  286     0.00000062   
  287     0.00000017   
  288     0.00000005   
  289     0.00000008   
  290     0.00000003   
  291     0.00000005   
  292     0.00000005   
  293     0.00000011   
  294     0.00000015   
  295     0.00000005   
  296     0.00000030   
  297     0.00000005   
  298     0.00000025   
  299     0.00000003   
  300     0.00000025   
  301     0.00000005   
  302     0.00000009   
  303     0.00000004   
  304     0.00000010   
  305     0.00000046   
  306     0.00000009   
  307     0.00000010   
  308     0.00000093   
  309     0.00000170   
  310     0.00000074   
  311     0.00000351   
  312     0.00000411   
  313     0.00000241   
  314     0.00000106   
  315     0.00001661   
  316     0.00004569   
  317     0.00002056   
  318     0.00001664   
  319     0.00007681   
  320     0.00007836   
  321     0.00002902   
  322     0.00000822   
  323     0.00027885   
  324     0.00026645   
  325     0.00004829   
  326     0.00008839   
  327     0.00021473   
  328     0.00200832   
  329     0.00079421   
  330     0.00008437   
  331     0.00011161   
  332     0.00002182   
  333     0.00000561   
  334     0.00010648   
  335     0.00001747   
  336     0.00007185   
  337     0.00002879   
  338     0.00001011   
  339     0.00000728   
  340     0.00001735   
  341     0.00000572   
  342     0.00000282   
  343     0.00000404   
  344     0.00000748   
  345     0.00000279   
  346     0.00000127   
  347     0.00000026   
  348     0.00000059   
  349     0.00000279   
  350     0.00000534   
  351     0.00000260   
  352     0.00000417   
  353     0.00000644   
  354     0.00000581   
  355     0.00000412   
  356     0.00000932   
  357     0.00005842   
  358     0.00000753   
  359     0.00002689   
  360     0.00001846   
  361     0.00002359   
  362     0.00001372   
  363     0.00001012   
  364     0.00000091   
  365     0.00000992   
  366     0.00000112   
  367     0.00000791   
  368     0.00000983   
  369     0.00002160   
  370     0.00001591   
  371     0.00002742   
  372     0.00000994   
  373     0.00003123   
  374     0.00002230   
  375     0.00001272   
  376     0.00000819   
  377     0.00005853   
  378     0.00007715   
  379     0.00003268   
  380     0.00000743   
  381     0.00007135   
  382     0.00018702   
  383     0.00025871   
  384     0.00009430   
  385     0.00173332   
  386     0.00317634   
  387     0.00498275   
  388     0.01232545   
  389     0.00381922   
  390     0.01487365   
  391     0.00429293   
  392     0.01046186   
  393     0.01492790   
  394     0.00021961   
  395     0.00013468   
  396     0.00050925   
  397     0.00075205   
  398     0.00023383   
  399     0.00020039   
  400     0.00093873   
  401     0.00037234   
  402     0.00137887   
  403     0.00057172   
  404     0.00299606   
  405     0.00250948   
  406     0.00290718   
  407     0.00223307   
  408     0.00085976   
  409     0.00050003   
  410     0.00075523   
  411     0.00175445   
  412     0.00606204   
  413     0.00110579   
  414     0.00190113   
  415     0.00183985   
  416     0.00626019   
  417     0.00954842   
  418     0.01071865   
  419     0.02378077   
  420     0.01647921   
  421     0.00310961   
  422     0.00116652   
  423     0.00043191   
  424     0.00026516   
  425     0.00008912   
  426     0.00032527   
  427     0.00001089   
  428     0.00001363   
  429     0.00002809   
  430     0.00000148   
  431     0.00000329   
  432     0.00000283   
  433     0.00002175   
  434     0.00001910   
  435     0.00001468   
  436     0.00006166   
  437     0.00008654   
  438     0.00033432   
  439     0.00010712   
  440     0.00032669   
  441     0.00014751   
  442     0.00038457   
  443     0.00033967   
  444     0.00077712   
  445     0.00031305   
  446     0.00243383   
  447     0.00192034   
  448     0.00104421   
  449     0.00059676   
  450     0.00012466   
  451     0.00037244   
  452     0.00084018   
  453     0.00049995   
  454     0.00034376   
  455     0.00006893   
  456     0.00005601   
  457     0.00005248   
  458     0.00002275   
  459     0.00005792   
  460     0.00003155   
  461     0.00001456   
  462     0.00001751   
  463     0.00000939   
  464     0.00000165   
  465     0.00000364   
  466     0.00000265   
  467     0.00000220   
  468     0.00001326   
  469     0.00000275   
  470     0.00003573   
  471     0.00005986   
  472     0.00001590   
  473     0.00010795   
  474     0.00084206   
  475     0.00019995   
  476     0.00168253   
  477     0.00280030   
  478     0.00528697   
  479     0.00805223   
  480     0.00355429   
  481     0.01784520   
  482     0.00309836   
  483     0.00177478   
  484     0.00362445   
  485     0.00075349   
  486     0.00053524   
  487     0.00015575   
  488     0.00016741   
  489     0.00005435   
  490     0.00002701   
  491     0.00002128   
  492     0.00002396   
  493     0.00001909   
  494     0.00000769   
  495     0.00004636   
  496     0.00005152   
  497     0.00007972   
  498     0.00010697   
  499     0.00010978   
  500     0.00007266   
  501     0.00038707   
  502     0.00023060   
  503     0.00591360   
  504     0.00041680   
  505     0.00093093   
  506     0.00244782   
  507     0.00025305   
  508     0.00011798   
  509     0.00000514   
  510     0.00002525   
  511     0.00003504   
  512     0.00003560   
  513     0.00002523   
  514     0.00002600   
  515     0.00018441   
  516     0.00031434   
  517     0.00020192   
  518     0.00024931   
  519     0.00022809   
  520     0.00015097   
  521     0.00035528   
  522     0.00079515   
  523     0.00054752   
  524     0.00022395   
  525     0.00205025   
  526     0.00137506   
  527     0.00120692   
  528     0.00238110   
  529     0.00670579   
  530     0.00696342   
  531     0.00153854   
  532     0.00938925   
  533     0.00179784   
  534     0.00497465   
  535     0.00287233   
  536     0.00142755   
  537     0.00259577   
  538     0.00040331   
  539     0.00035521   
  540     0.00005058   
  541     0.00002658   
  542     0.00005773   
  543     0.00004923   
  544     0.00000791   
  545     0.00001945   
  546     0.00004269   
  547     0.00002074   
  548     0.00000556   
  549     0.00001917   
  550     0.00002995   
  551     0.00000368   
  552     0.00000559   
  553     0.00000899   
  554     0.00000734   
  555     0.00000325   
  556     0.00000404   
  557     0.00001573   
  558     0.00000855   
  559     0.00000719   
  560     0.00000888   
  561     0.00000980   
  562     0.00001758   
  563     0.00000730   
  564     0.00001317   
  565     0.00000549   
  566     0.00001532   
  567     0.00001039   
  568     0.00001412   
  569     0.00003901   
  570     0.00001411   
  571     0.00001965   
  572     0.00003893   
  573     0.00001966   
  574     0.00000632   
  575     0.00003081   
  576     0.00005256   
  577     0.00000463   
  578     0.00001127   
  579     0.00013054   
  580     0.00016197   
  581     0.00148664   
  582     0.00001845   
  583     0.00004679   
  584     0.00012974   
  585     0.00007512   
  586     0.00003423   
  587     0.00002301   
  588     0.00012140   
  589     0.00000783   
  590     0.00001806   
  591     0.00001715   
  592     0.00002459   
  593     0.00000686   
  594     0.00001377   
  595     0.00000500   
  596     0.00000442   
  597     0.00000653   
  598     0.00002585   
  599     0.00000700   
  600     0.00000498   
  601     0.00000696   
  602     0.00000417   
  603     0.00000399   
  604     0.00000377   
  605     0.00000460   
    1     0.00000005   
    2     0.00000001   
    3     0.00000002   
    4     0.00000009   
    5     0.00000009   
    6     0.00000008   
    7     0.00000029   
    8     0.00000016   
    9     0.00000018   
   10     0.00000024   
   11     0.00000012   
   12     0.00000034   
   13     0.00000043   
   14     0.00000105   
   15     0.00000037   
   16     0.00000038   
   17     0.00000055   
   18     0.00000020   
   19     0.00000114   
   20     0.00000182   
   21     0.00000056   
   22     0.00000007   
   23     0.00000050   
   24     0.00000075   
   25     0.00000009   
   26     0.00000006   
   27     0.00000015   
   28     0.00000027   
   29     0.00000209   
   30     0.00000498   
   31     0.00000136   
   32     0.00000206   
   33     0.00000395   
   34     0.00000683   
   35     0.00000240   
   36     0.00001051   
   37     0.00003223   
   38     0.00001290   
   39     0.00000811   
   40     0.00002396   
   41     0.00001249   
   42     0.00001912   
   43     0.00005089   
   44     0.00021450   
   45     0.00003607   
   46     0.00004464   
   47     0.00035765   
   48     0.00029283   
   49     0.00002471   
   50     0.00013246   
   51     0.00204704   
   52     0.00047713   
   53     0.00001240   
   54     0.00004195   
   55     0.00000184   
   56     0.00008404   
   57     0.00009309   
   58     0.00000929   
   59     0.00000266   
   60     0.00000243   
   61     0.00000067   
   62     0.00000515   
   63     0.00004622   
   64     0.00001162   
   65     0.00000316   
   66     0.00000126   
   67     0.00000010   
   68     0.00000029   
   69     0.00000013   
   70     0.00000001   
   71     0.00000001   
   72     0.00000001   
   73     0.00000000   
   74     0.00000002   
   75     0.00000009   
   76     0.00000009   
   77     0.00000017   
   78     0.00000079   
   79     0.00000129   
   80     0.00000728   
   81     0.00000797   
   82     0.00002423   
   83     0.00002577   
   84     0.00000160   
   85     0.00000130   
   86     0.00000068   
   87     0.00000107   
   88     0.00000027   
   89     0.00000044   
   90     0.00000145   
   91     0.00000091   
   92     0.00000058   
   93     0.00000117   
   94     0.00000206   
   95     0.00000133   
   96     0.00000283   
   97     0.00000360   
   98     0.00000175   
   99     0.00000090   
  100     0.00000072   
  101     0.00000194   
  102     0.00000064   
  103     0.00000040   
  104     0.00000006   
  105     0.00000017   
  106     0.00000017   
  107     0.00000002   
  108     0.00000003   
  109     0.00000001   
  110     0.00000001   
  111     0.00000001   
  112     0.00000004   
  113     0.00000008   
  114     0.00000031   
  115     0.00000133   
  116     0.00000147   
  117     0.00000430   
  118     0.00000738   
  119     0.00000220   
  120     0.00000292   
  121     0.00000937   
  122     0.00004973   
  123     0.00000554   
  124     0.00000185   
  125     0.00000972   
  126     0.00000645   
  127     0.00000286   
  128     0.00000074   
  129     0.00000203   
  130     0.00000058   
  131     0.00000030   
  132     0.00000124   
  133     0.00000049   
  134     0.00000032   
  135     0.00000026   
  136     0.00000021   
  137     0.00000025   
  138     0.00000030   
  139     0.00000006   
  140     0.00000030   
  141     0.00000064   
  142     0.00000203   
  143     0.00000168   
  144     0.00001202   
  145     0.00000068   
  146     0.00000028   
  147     0.00000011   
  148     0.00000029   
  149     0.00000011   
  150     0.00000073   
  151     0.00000065   
  152     0.00000058   
  153     0.00000045   
  154     0.00000063   
  155     0.00000032   
  156     0.00000008   
  157     0.00000022   
  158     0.00000058   
  159     0.00000134   
  160     0.00000029   
  161     0.00000017   
  162     0.00000066   
  163     0.00000026   
  164     0.00000024   
  165     0.00000025   
  166     0.00000026   
  167     0.00000009   
  168     0.00000004   
  169     0.00000065   
  170     0.00000019   
  171     0.00000219   
  172     0.00001281   
  173     0.00000183   
  174     0.00000171   
  175     0.00000064   
  176     0.00000053   
  177     0.00000025   
  178     0.00000036   
  179     0.00000015   
  180     0.00000009   
  181     0.00000016   
  182     0.00000001   
  183     0.00000003   
  184     0.00000007   
  185     0.00000002   
  186     0.00000001   
  187     0.00000010   
  188     0.00000010   
  189     0.00000005   
  190     0.00000022   
  191     0.00000002   
  192     0.00000005   
  193     0.00000028   
  194     0.00000034   
  195     0.00000040   
  196     0.00000359   
  197     0.00000403   
  198     0.00000096   
  199     0.00000062   
  200     0.00001735   
  201     0.00001448   
  202     0.00006063   
  203     0.00007243   
  204     0.00004985   
  205     0.00001749   
  206     0.00004076   
  207     0.00000906   
  208     0.00000747   
  209     0.00000037   
  210     0.00000047   
  211     0.00000066   
  212     0.00000051   
  213     0.00000023   
  214     0.00000010   
  215     0.00000001   
  216     0.00000002   
  217     0.00000000   
  218     0.00000000   
  219     0.00000001   
  220     0.00000004   
  221     0.00000008   
  222     0.00000033   
  223     0.00000008   
  224     0.00000037   
  225     0.00000017   
  226     0.00000059   
  227     0.00000101   
  228     0.00000451   
  229     0.00000232   
  230     0.00000435   
  231     0.00002609   
  232     0.00003410   
  233     0.00003101   
  234     0.00022588   
  235     0.00011832   
  236     0.00002497   
  237     0.00005212   
  238     0.00005303   
  239     0.00002484   
  240     0.00001238   
  241     0.00002767   
  242     0.00002066   
  243     0.00004501   
  244     0.00001093   
  245     0.00009009   
  246     0.00003622   
  247     0.00004162   
  248     0.00007543   
  249     0.00004371   
  250     0.00012039   
  251     0.00003526   
  252     0.00002735   
  253     0.00008229   
  254     0.00003678   
  255     0.00001952   
  256     0.00001515   
  257     0.00001670   
  258     0.00003069   
  259     0.00014686   
  260     0.00020961   
  261     0.00124500   
  262     0.00061339   
  263     0.00032706   
  264     0.00074137   
  265     0.00016779   
  266     0.00014075   
  267     0.00004928   
  268     0.00010766   
  269     0.00016699   
  270     0.00013397   
  271     0.00100373   
  272     0.00040676   
  273     0.00009269   
  274     0.00032657   
  275     0.00014067   
  276     0.00030348   
  277     0.00016584   
  278     0.00067693   
  279     0.00013251   
  280     0.00017406   
  281     0.00009720   
  282     0.00006438   
  283     0.00007146   
  284     0.00022172   
  285     0.00010649   
  286     0.00001077   
  287     0.00002579   
  288     0.00006095   
  289     0.00000306   
  290     0.00000248   
  291     0.00000270   
  292     0.00000003   
  293     0.00002551   
  294     0.00008138   
  295     0.00033732   
  296     0.00027788   
  297     0.00023804   
  298     0.00016169   
  299     0.00054136   
  300     0.00012614   
  301     0.00074907   
  302     0.00041093   
  303     0.00018563   
  304     0.00025095   
  305     0.00038391   
  306     0.00047771   
  307     0.00038373   
  308     0.00006694   
  309     0.00007660   
  310     0.00094996   
  311     0.00153109   
  312     0.00244524   
  313     0.00203764   
  314     0.00195477   
  315     0.00303618   
  316     0.00256704   
  317     0.00302903   
  318     0.00072552   
  319     0.00059208   
  320     0.00047091   
  321     0.00052588   
  322     0.00021455   
  323     0.00017160   
  324     0.00033973   
  325     0.00027049   
  326     0.00025304   
  327     0.00006420   
  328     0.00037669   
  329     0.00062023   
  330     0.00040870   
  331     0.00204252   
  332     0.00467858   
  333     0.01936879   
  334     0.00166717   
  335     0.00129702   
  336     0.00059278   
  337     0.00036752   
  338     0.00696830   
  339     0.00108270   
  340     0.00378837   
  341     0.00045959   
  342     0.00543116   
  343     0.00832077   
  344     0.00258978   
  345     0.00124526   
  346     0.00150247   
  347     0.00070877   
  348     0.00066188   
  349     0.00103176   
  350     0.00071303   
  351     0.00038223   
  352     0.00047044   
  353     0.00106748   
  354     0.00082922   
  355     0.00029858   
  356     0.00036357   
  357     0.00174301   
  358     0.00019663   
  359     0.00129850   
  360     0.00064724   
  361     0.00153035   
  362     0.00134618   
  363     0.00290834   
  364     0.00088036   
  365     0.00019244   
  366     0.00039477   
  367     0.00062425   
  368     0.00418562   
  369     0.00037276   
  370     0.00117894   
  371     0.00383272   
  372     0.00185733   
  373     0.00033858   
  374     0.00018112   
  375     0.00032278   
  376     0.00013736   
  377     0.00023241   
  378     0.00055223   
  379     0.00075631   
  380     0.00311896   
  381     0.00177200   
  382     0.00032796   
  383     0.00155336   
  384     0.00507197   
  385     0.00069134   
  386     0.00067924   
  387     0.00151684   
  388     0.00153743   
  389     0.00080155   
  390     0.00249411   
  391     0.00298064   
  392     0.00146494   
  393     0.00096724   
  394     0.00073302   
  395     0.00137443   
  396     0.00044432   
  397     0.00026984   
  398     0.00225143   
  399     0.00312046   
  400     0.00041294   
  401     0.00137046   
  402     0.00056040   
  403     0.00172021   
  404     0.00290695   
  405     0.00181317   
  406     0.00039616   
  407     0.00096822   
  408     0.00053403   
  409     0.00019075   
  410     0.00187082   
  411     0.00046706   
  412     0.00181622   
  413     0.00596170   
  414     0.00073586   
  415     0.00126582   
  416     0.00064723   
  417     0.00096962   
  418     0.00011003   
  419     0.00153725   
  420     0.00063713   
  421     0.00012472   
  422     0.00064400   
  423     0.00047979   
  424     0.00010063   
  425     0.00000435   
  426     0.00000606   
  427     0.00010160   
  428     0.00008879   
  429     0.00018518   
  430     0.00092705   
  431     0.00017636   
  432     0.00028498   
  433     0.00106141   
  434     0.00122732   
  435     0.00212815   
  436     0.00186798   
  437     0.00122639   
  438     0.00114902   
  439     0.00305394   
  440     0.00097879   
  441     0.00126763   
  442     0.00454792   
  443     0.00605868   
  444     0.00190710   
  445     0.00154631   
  446     0.00138498   
  447     0.00187912   
  448     0.00040565   
  449     0.00127079   
  450     0.00058224   
  451     0.00083186   
  452     0.00121883   
  453     0.00004179   
  454     0.00020322   
  455     0.00107233   
  456     0.00123118   
  457     0.00049110   
  458     0.00017889   
  459     0.00138793   
  460     0.00117183   
  461     0.00016182   
  462     0.00155790   
  463     0.00127935   
  464     0.00353775   
  465     0.00273001   
  466     0.01511510   
  467     0.00199375   
  468     0.00364735   
  469     0.00130462   
  470     0.00039265   
  471     0.00062986   
  472     0.00076441   
  473     0.00020003   
  474     0.00018959   
  475     0.00029550   
  476     0.00062323   
  477     0.00007030   
  478     0.00023915   
  479     0.00031695   
  480     0.00177893   
  481     0.00204595   
  482     0.00080722   
  483     0.00020987   
  484     0.00401170   
  485     0.00132233   
  486     0.00048105   
  487     0.00031376   
  488     0.00004083   
  489     0.00014019   
  490     0.00005123   
  491     0.00000769   
  492     0.00002292   
  493     0.00000643   
  494     0.00000371   
  495     0.00000921   
  496     0.00000367   
  497     0.00000256   
  498     0.00000664   
  499     0.00000583   
  500     0.00002168   
  501     0.00002921   
  502     0.00001392   
  503     0.00001884   
  504     0.00003457   
  505     0.00003525   
  506     0.00003524   
  507     0.00002344   
  508     0.00014034   
  509     0.00008788   
  510     0.00002345   
  511     0.00025498   
  512     0.00008553   
  513     0.00007482   
  514     0.00002954   
  515     0.00029754   
  516     0.00003571   
  517     0.00003436   
  518     0.00032266   
  519     0.00108902   
  520     0.00007083   
  521     0.00015395   
  522     0.00032550   
  523     0.00080905   
  524     0.00028940   
  525     0.00014605   
  526     0.00008515   
  527     0.00007598   
  528     0.00008198   
  529     0.00009217   
  530     0.00029681   
  531     0.00036554   
  532     0.00133872   
  533     0.00166874   
  534     0.00074641   
  535     0.00185557   
  536     0.00237979   
  537     0.00149969   
  538     0.00111387   
  539     0.00203289   
  540     0.00153202   
  541     0.00035773   
  542     0.00031366   
  543     0.00004025   
  544     0.00009501   
  545     0.00010114   
  546     0.00046159   
  547     0.00105001   
  548     0.00158104   
  549     0.01367971   
  550     0.00196527   
  551     0.00115201   
  552     0.00104704   
  553     0.00050840   
  554     0.00035782   
  555     0.00005261   
  556     0.00000508   
  557     0.00000835   
  558     0.00000618   
  559     0.00002554   
  560     0.00003108   
  561     0.00025246   
  562     0.00019658   
  563     0.00011390   
  564     0.00049863   
  565     0.00071460   
  566     0.00034873   
  567     0.00037262   
  568     0.00064350   
  569     0.00014447   
  570     0.00026343   
  571     0.00035723   
  572     0.00024274   
  573     0.00031320   
  574     0.00042979   
  575     0.00012992   
  576     0.00009957   
  577     0.00054615   
  578     0.00035431   
  579     0.00013913   
  580     0.00164200   
  581     0.00031735   
  582     0.00025494   
  583     0.00007243   
  584     0.00027899   
  585     0.00002762   
  586     0.00014109   
  587     0.00017305   
  588     0.00145729   
  589     0.00027805   
  590     0.00224379   
  591     0.00281582   
  592     0.00236891   
  593     0.00072222   
  594     0.00085553   
  595     0.00186365   
  596     0.00343281   
  597     0.00134770   
  598     0.00165219   
  599     0.00215760   
  600     0.00064706   
  601     0.00193624   
  602     0.00067321   
  603     0.00149379   
  604     0.00584485   
  605     0.01162988   
  606     0.00376622   
  607     0.00433959   
  608     0.00878553   
  609     0.00063487   
  610     0.00638618   
  611     0.00162370   
  612     0.00258337   
  613     0.00117380   
  614     0.00179453   
  615     0.00187694   
  616     0.00441205   
  617     0.00480509   
  618     0.00142841   
  619     0.00454369   
  620     0.00065991   
  621     0.00512564   
  622     0.00073827   
  623     0.00087319   
  624     0.00009472   
    1     0.00000052   
    2     0.00000013   
    3     0.00000009   
    4     0.00000069   
    5     0.00000074   
    6     0.00000165   
    7     0.00000203   
    8     0.00000245   
    9     0.00000217   
   10     0.00000192   
   11     0.00000085   
   12     0.00000140   
   13     0.00000160   
   14     0.00000550   
   15     0.00000207   
   16     0.00000186   
   17     0.00000487   
   18     0.00000107   
   19     0.00000536   
   20     0.00000766   
   21     0.00000296   
   22     0.00000044   
   23     0.00000310   
   24     0.00000356   
   25     0.00000036   
   26     0.00000043   
   27     0.00000063   
   28     0.00000086   
   29     0.00000317   
   30     0.00000789   
   31     0.00000402   
   32     0.00000961   
   33     0.00000410   
   34     0.00002450   
   35     0.00000570   
   36     0.00001541   
   37     0.00002631   
   38     0.00001693   
   39     0.00001769   
   40     0.00003590   
   41     0.00001298   
   42     0.00002227   
   43     0.00004916   
   44     0.00029298   
   45     0.00015171   
   46     0.00001835   
   47     0.00010976   
   48     0.00019813   
   49     0.00000342   
   50     0.00000983   
   51     0.00002993   
   52     0.00005456   
   53     0.00000663   
   54     0.00000146   
   55     0.00000098   
   56     0.00001130   
   57     0.00000563   
   58     0.00000764   
   59     0.00000238   
   60     0.00000581   
   61     0.00000099   
   62     0.00000085   
   63     0.00004520   
   64     0.00003719   
   65     0.00004643   
   66     0.00003509   
   67     0.00002097   
   68     0.00001131   
   69     0.00000656   
   70     0.00000016   
   71     0.00000036   
   72     0.00000012   
   73     0.00000020   
   74     0.00000092   
   75     0.00000130   
   76     0.00000228   
   77     0.00000555   
   78     0.00001105   
   79     0.00001927   
   80     0.00003005   
   81     0.00003083   
   82     0.00003395   
   83     0.00003033   
   84     0.00000199   
   85     0.00000284   
   86     0.00000519   
   87     0.00000092   
   88     0.00000042   
   89     0.00000112   
   90     0.00000249   
   91     0.00000204   
   92     0.00000127   
   93     0.00000288   
   94     0.00000329   
   95     0.00000228   
   96     0.00000620   
   97     0.00000818   
   98     0.00000781   
   99     0.00000328   
  100     0.00000176   
  101     0.00000964   
  102     0.00000260   
  103     0.00000207   
  104     0.00000073   
  105     0.00000117   
  106     0.00000060   
  107     0.00000016   
  108     0.00000027   
  109     0.00000013   
  110     0.00000016   
  111     0.00000011   
  112     0.00000034   
  113     0.00000074   
  114     0.00000341   
  115     0.00000888   
  116     0.00001120   
  117     0.00001590   
  118     0.00007607   
  119     0.00001653   
  120     0.00001947   
  121     0.00005848   
  122     0.00039243   
  123     0.00001772   
  124     0.00001989   
  125     0.00004732   
  126     0.00002838   
  127     0.00000457   
  128     0.00000518   
  129     0.00000847   
  130     0.00000421   
  131     0.00000206   
  132     0.00000671   
  133     0.00000291   
  134     0.00000177   
  135     0.00000298   
  136     0.00000278   
  137     0.00000194   
  138     0.00000309   
  139     0.00000176   
  140     0.00000443   
  141     0.00000381   
  142     0.00000310   
  143     0.00000238   
  144     0.00000719   
  145     0.00000689   
  146     0.00000142   
  147     0.00000086   
  148     0.00000298   
  149     0.00000068   
  150     0.00000096   
  151     0.00000080   
  152     0.00000110   
  153     0.00000205   
  154     0.00000093   
  155     0.00000194   
  156     0.00000101   
  157     0.00000246   
  158     0.00000443   
  159     0.00000667   
  160     0.00000312   
  161     0.00000138   
  162     0.00000326   
  163     0.00000130   
  164     0.00000244   
  165     0.00000078   
  166     0.00000126   
  167     0.00000094   
  168     0.00000039   
  169     0.00000085   
  170     0.00000061   
  171     0.00000595   
  172     0.00001158   
  173     0.00000524   
  174     0.00000766   
  175     0.00000910   
  176     0.00000287   
  177     0.00000496   
  178     0.00000363   
  179     0.00000246   
  180     0.00000243   
  181     0.00000099   
  182     0.00000045   
  183     0.00000009   
  184     0.00000093   
  185     0.00000105   
  186     0.00000050   
  187     0.00000310   
  188     0.00000462   
  189     0.00000276   
  190     0.00001673   
  191     0.00000082   
  192     0.00000317   
  193     0.00001753   
  194     0.00000580   
  195     0.00000170   
  196     0.00000414   
  197     0.00000967   
  198     0.00000572   
  199     0.00000091   
  200     0.00000934   
  201     0.00001369   
  202     0.00010348   
  203     0.00011350   
  204     0.00010333   
  205     0.00004437   
  206     0.00011969   
  207     0.00002466   
  208     0.00002534   
  209     0.00001418   
  210     0.00002608   
  211     0.00004994   
  212     0.00004255   
  213     0.00002411   
  214     0.00001019   
  215     0.00000049   
  216     0.00000117   
  217     0.00000028   
  218     0.00000026   
  219     0.00000022   
  220     0.00000402   
  221     0.00000705   
  222     0.00003206   
  223     0.00000678   
  224     0.00001081   
  225     0.00001688   
  226     0.00002019   
  227     0.00001296   
  228     0.00002629   
  229     0.00003518   
  230     0.00006644   
  231     0.00018708   
  232     0.00008057   
  233     0.00008581   
  234     0.00042606   
  235     0.00016056   
  236     0.00004648   
  237     0.00005532   
  238     0.00012559   
  239     0.00000253   
  240     0.00000916   
  241     0.00004932   
  242     0.00001447   
  243     0.00001786   
  244     0.00001417   
  245     0.00011616   
  246     0.00016391   
  247     0.00006793   
  248     0.00004200   
  249     0.00006161   
  250     0.00014646   
  251     0.00006951   
  252     0.00010799   
  253     0.00020736   
  254     0.00032461   
  255     0.00011239   
  256     0.00013017   
  257     0.00006084   
  258     0.00025191   
  259     0.00018428   
  260     0.00009572   
  261     0.00050411   
  262     0.00028201   
  263     0.00036241   
  264     0.00042661   
  265     0.00018808   
  266     0.00056962   
  267     0.00007245   
  268     0.00002830   
  269     0.00001172   
  270     0.00000104   
  271     0.00000022   
  272     0.00001283   
  273     0.00000794   
  274     0.00001448   
  275     0.00002965   
  276     0.00012122   
  277     0.00012287   
  278     0.00022593   
  279     0.00009692   
  280     0.00030022   
  281     0.00025224   
  282     0.00026685   
  283     0.00058612   
  284     0.00013402   
  285     0.00011620   
  286     0.00000188   
  287     0.00000952   
  288     0.00002766   
  289     0.00000069   
  290     0.00000139   
  291     0.00000056   
  292     0.00000088   
  293     0.00004864   
  294     0.00011468   
  295     0.00008247   
  296     0.00018518   
  297     0.00011078   
  298     0.00009402   
  299     0.00017380   
  300     0.00005317   
  301     0.00011274   
  302     0.00002406   
  303     0.00005926   
  304     0.00014663   
  305     0.00022692   
  306     0.00045333   
  307     0.00043475   
  308     0.00007658   
  309     0.00007102   
  310     0.00033833   
  311     0.00038034   
  312     0.00019959   
  313     0.00027692   
  314     0.00034883   
  315     0.00047930   
  316     0.00067089   
  317     0.00141739   
  318     0.00053802   
  319     0.00050161   
  320     0.00062717   
  321     0.00030865   
  322     0.00077953   
  323     0.00012793   
  324     0.00015493   
  325     0.00005133   
  326     0.00011509   
  327     0.00001062   
  328     0.00000662   
  329     0.00000509   
  330     0.00002732   
  331     0.00000562   
  332     0.00005336   
  333     0.00000313   
  334     0.00007083   
  335     0.00001786   
  336     0.00013734   
  337     0.00000342   
  338     0.00002541   
  339     0.00004254   
  340     0.00011912   
  341     0.00001489   
  342     0.00000567   
  343     0.00000331   
  344     0.00001724   
  345     0.00003279   
  346     0.00004385   
  347     0.00000404   
  348     0.00003245   
  349     0.00003850   
  350     0.00005224   
  351     0.00000815   
  352     0.00013928   
  353     0.00023991   
  354     0.00005578   
  355     0.00051253   
  356     0.00021066   
  357     0.00073788   
  358     0.00029451   
  359     0.00055741   
  360     0.00038655   
  361     0.00094109   
  362     0.00009113   
  363     0.00028014   
  364     0.00004423   
  365     0.00001199   
  366     0.00001690   
  367     0.00001570   
  368     0.00014165   
  369     0.00003095   
  370     0.00053859   
  371     0.00059730   
  372     0.00088599   
  373     0.00057297   
  374     0.00064833   
  375     0.00040912   
  376     0.00015380   
  377     0.00101473   
  378     0.00117121   
  379     0.00038212   
  380     0.00419756   
  381     0.00164943   
  382     0.00037981   
  383     0.00091581   
  384     0.00180282   
  385     0.00029160   
  386     0.00037647   
  387     0.00102419   
  388     0.00063340   
  389     0.00007865   
  390     0.00011634   
  391     0.00000704   
  392     0.00027844   
  393     0.00011400   
  394     0.00043901   
  395     0.00063430   
  396     0.00021669   
  397     0.00029950   
  398     0.00175055   
  399     0.00110289   
  400     0.00029245   
  401     0.00044698   
  402     0.00024331   
  403     0.00057197   
  404     0.00156699   
  405     0.00166918   
  406     0.00038089   
  407     0.00084173   
  408     0.00018707   
  409     0.00003437   
  410     0.00021668   
  411     0.00005445   
  412     0.00013489   
  413     0.00214982   
  414     0.00069238   
  415     0.00049210   
  416     0.00078338   
  417     0.00057981   
  418     0.00014903   
  419     0.00173019   
  420     0.00035225   
  421     0.00013683   
  422     0.00057260   
  423     0.00070467   
  424     0.00009353   
  425     0.00001101   
  426     0.00000644   
  427     0.00044874   
  428     0.00023791   
  429     0.00022201   
  430     0.00047049   
  431     0.00004645   
  432     0.00016306   
  433     0.00050241   
  434     0.00134440   
  435     0.00119227   
  436     0.00093236   
  437     0.00188414   
  438     0.00076916   
  439     0.00370733   
  440     0.00192549   
  441     0.00072542   
  442     0.00158769   
  443     0.00288768   
  444     0.00127447   
  445     0.00129858   
  446     0.00059924   
  447     0.00119055   
  448     0.00034414   
  449     0.00180373   
  450     0.00112871   
  451     0.00092938   
  452     0.00058591   
  453     0.00008666   
  454     0.00015656   
  455     0.00138790   
  456     0.00144639   
  457     0.00045600   
  458     0.00043554   
  459     0.00045481   
  460     0.00067945   
  461     0.00062949   
  462     0.00164372   
  463     0.00271607   
  464     0.00223908   
  465     0.00191089   
  466     0.00742212   
  467     0.00089256   
  468     0.00138780   
  469     0.00077125   
  470     0.00008239   
  471     0.00024084   
  472     0.00072991   
  473     0.00011355   
  474     0.00007153   
  475     0.00076218   
  476     0.00018282   
  477     0.00007105   
  478     0.00035630   
  479     0.00019666   
  480     0.00090532   
  481     0.00025037   
  482     0.00003413   
  483     0.00034352   
  484     0.00177369   
  485     0.00012414   
  486     0.00023227   
  487     0.00010931   
  488     0.00019783   
  489     0.00060234   
  490     0.00038328   
  491     0.00016284   
  492     0.00003942   
  493     0.00007615   
  494     0.00001252   
  495     0.00001013   
  496     0.00001122   
  497     0.00000851   
  498     0.00004445   
  499     0.00001945   
  500     0.00001002   
  501     0.00001226   
  502     0.00001456   
  503     0.00003934   
  504     0.00002293   
  505     0.00006048   
  506     0.00000862   
  507     0.00003913   
  508     0.00019407   
  509     0.00004485   
  510     0.00000953   
  511     0.00029381   
  512     0.00003807   
  513     0.00004946   
  514     0.00000692   
  515     0.00026851   
  516     0.00003261   
  517     0.00001950   
  518     0.00019803   
  519     0.00045864   
  520     0.00002019   
  521     0.00002465   
  522     0.00007138   
  523     0.00022222   
  524     0.00023365   
  525     0.00013118   
  526     0.00007535   
  527     0.00014179   
  528     0.00014942   
  529     0.00018719   
  530     0.00071260   
  531     0.00108988   
  532     0.00176568   
  533     0.00096246   
  534     0.00142764   
  535     0.00309945   
  536     0.00240838   
  537     0.00211368   
  538     0.00146761   
  539     0.00040131   
  540     0.00065900   
  541     0.00014010   
  542     0.00016937   
  543     0.00001954   
  544     0.00002277   
  545     0.00007376   
  546     0.00033326   
  547     0.00026048   
  548     0.00062538   
  549     0.00719726   
  550     0.00116138   
  551     0.00101391   
  552     0.00045458   
  553     0.00129032   
  554     0.00036636   
  555     0.00003903   
  556     0.00001158   
  557     0.00000416   
  558     0.00000482   
  559     0.00003343   
  560     0.00003496   
  561     0.00024349   
  562     0.00022210   
  563     0.00015883   
  564     0.00079088   
  565     0.00064598   
  566     0.00032912   
  567     0.00018970   
  568     0.00020391   
  569     0.00030370   
  570     0.00034453   
  571     0.00063388   
  572     0.00048943   
  573     0.00039760   
  574     0.00034421   
  575     0.00010063   
  576     0.00010303   
  577     0.00068367   
  578     0.00045004   
  579     0.00012991   
  580     0.00207083   
  581     0.00045830   
  582     0.00027993   
  583     0.00010770   
  584     0.00032527   
  585     0.00002925   
  586     0.00014186   
  587     0.00013886   
  588     0.00125259   
  589     0.00031405   
  590     0.00128721   
  591     0.00253639   
  592     0.00320151   
  593     0.00089341   
  594     0.00035314   
  595     0.00351097   
  596     0.00420063   
  597     0.00053963   
  598     0.00066398   
  599     0.00362775   
  600     0.00083859   
  601     0.00060352   
  602     0.00028831   
  603     0.00065419   
  604     0.00256139   
  605     0.00559298   
  606     0.00148569   
  607     0.00235718   
  608     0.00305760   
  609     0.00044610   
  610     0.00293691   
  611     0.00093508   
  612     0.00341645   
  613     0.00258553   
  614     0.00507424   
  615     0.00331646   
  616     0.00629857   
  617     0.00882602   
  618     0.00176617   
  619     0.00253458   
  620     0.00041476   
  621     0.00432145   
  622     0.00061555   
  623     0.00022177   
  624     0.00003420   
