    1     0.00002622   
    2     0.00005499   
    3     0.00004403   
    4     0.00006378   
    5     0.00006945   
    6     0.00010441   
    7     0.00008769   
    8     0.00004877   
    9     0.00017772   
   10     0.00015134   
   11     0.00036663   
   12     0.00026720   
   13     0.00026393   
   14     0.00020447   
   15     0.00026515   
   16     0.00023826   
   17     0.00022857   
   18     0.00024793   
   19     0.00028219   
   20     0.00002349   
   21     0.00002616   
   22     0.00023075   
   23     0.00004582   
   24     0.00014549   
   25     0.00009265   
   26     0.00022645   
   27     0.00026331   
   28     0.00010908   
   29     0.00007791   
   30     0.00000525   
   31     0.00001043   
   32     0.00001158   
   33     0.00025154   
   34     0.00020927   
   35     0.00020365   
   36     0.00032723   
   37     0.00047207   
   38     0.00012120   
   39     0.00014891   
   40     0.00022651   
   41     0.00011710   
   42     0.00015287   
   43     0.00036399   
   44     0.00004890   
   45     0.00009717   
   46     0.00013991   
   47     0.00015507   
   48     0.00059151   
   49     0.00013648   
   50     0.00013253   
   51     0.00007577   
   52     0.00030256   
   53     0.00007285   
   54     0.00030528   
   55     0.00036191   
   56     0.00004049   
   57     0.00015207   
   58     0.00003583   
   59     0.00024516   
   60     0.00000967   
   61     0.00004378   
   62     0.00002308   
   63     0.00000900   
   64     0.00004160   
   65     0.00013182   
   66     0.00024464   
   67     0.00019913   
   68     0.00007888   
   69     0.00003310   
   70     0.00036784   
   71     0.00022312   
   72     0.00021673   
   73     0.00027210   
   74     0.00081044   
   75     0.00043953   
   76     0.00009115   
   77     0.00002730   
   78     0.00010115   
   79     0.00009460   
   80     0.00001567   
   81     0.00057914   
   82     0.00014809   
   83     0.00003184   
   84     0.00001275   
   85     0.00013500   
   86     0.00001887   
   87     0.00003074   
   88     0.00002404   
   89     0.00003585   
   90     0.00001772   
   91     0.00009918   
   92     0.00004220   
   93     0.00002096   
   94     0.00003501   
   95     0.00001328   
   96     0.00009349   
   97     0.00003316   
   98     0.00002446   
   99     0.00006043   
  100     0.00013895   
  101     0.00011669   
  102     0.00014405   
  103     0.00021985   
  104     0.00004955   
  105     0.00021199   
  106     0.00003440   
  107     0.00001499   
  108     0.00008215   
  109     0.00003959   
  110     0.00040250   
  111     0.00040717   
  112     0.00031738   
  113     0.00050906   
  114     0.00025042   
  115     0.00052114   
  116     0.00014465   
  117     0.00020112   
  118     0.00091670   
  119     0.00019865   
  120     0.00011943   
  121     0.00012258   
  122     0.00015870   
  123     0.00007622   
  124     0.00008391   
  125     0.00009507   
  126     0.00005930   
  127     0.00021396   
  128     0.00002102   
  129     0.00004919   
  130     0.00010691   
  131     0.00004782   
  132     0.00003950   
  133     0.00001923   
  134     0.00003896   
  135     0.00007693   
  136     0.00001630   
  137     0.00001344   
  138     0.00005475   
  139     0.00018448   
  140     0.00022740   
  141     0.00013935   
  142     0.00033569   
  143     0.00004802   
  144     0.00052087   
  145     0.00032049   
  146     0.00026132   
  147     0.00076620   
  148     0.00003920   
  149     0.00022607   
  150     0.00060044   
  151     0.00014681   
  152     0.00013573   
  153     0.00043895   
  154     0.00048676   
  155     0.00015010   
  156     0.00007772   
  157     0.00013628   
  158     0.00006253   
  159     0.00001873   
  160     0.00005264   
  161     0.00015963   
  162     0.00003584   
  163     0.00005836   
  164     0.00002292   
  165     0.00004083   
  166     0.00007715   
  167     0.00014802   
  168     0.00025922   
  169     0.00126427   
  170     0.00015413   
  171     0.00011833   
  172     0.00084943   
  173     0.00148293   
  174     0.00037870   
  175     0.00010907   
  176     0.00061422   
  177     0.00021352   
  178     0.00013965   
  179     0.00020441   
  180     0.00014104   
  181     0.00008884   
  182     0.00017635   
  183     0.00012644   
  184     0.00004171   
  185     0.00007460   
  186     0.00025272   
  187     0.00008581   
  188     0.00047413   
  189     0.00071569   
  190     0.00031406   
  191     0.00017463   
  192     0.00010461   
  193     0.00010137   
  194     0.00003392   
  195     0.00025600   
  196     0.00016285   
  197     0.00060951   
  198     0.00050624   
  199     0.00002628   
  200     0.00008316   
  201     0.00003816   
  202     0.00021015   
  203     0.00041747   
  204     0.00047917   
  205     0.00119607   
  206     0.00044004   
  207     0.00090448   
  208     0.00055079   
  209     0.00017709   
  210     0.00065934   
  211     0.00021546   
  212     0.00036693   
  213     0.00011781   
  214     0.00083027   
  215     0.00083444   
  216     0.00149872   
  217     0.00054189   
  218     0.00123136   
  219     0.00067376   
  220     0.00052532   
  221     0.00049305   
  222     0.00043813   
  223     0.00042027   
  224     0.00035633   
  225     0.00060492   
  226     0.00013045   
  227     0.00068826   
  228     0.00062427   
  229     0.00265696   
  230     0.00032081   
  231     0.00033581   
  232     0.00100743   
  233     0.00093354   
  234     0.00065680   
  235     0.00050731   
  236     0.00039461   
  237     0.00037907   
  238     0.00036284   
  239     0.00034451   
  240     0.00014160   
  241     0.00051916   
  242     0.00053599   
  243     0.00012514   
  244     0.00065608   
  245     0.00080492   
  246     0.00018775   
  247     0.00006840   
  248     0.00211880   
  249     0.00003984   
  250     0.00284224   
  251     0.00060014   
  252     0.00054447   
  253     0.00020594   
  254     0.00005278   
  255     0.00029098   
  256     0.00003199   
  257     0.00030707   
  258     0.00004145   
  259     0.00032250   
  260     0.00008044   
  261     0.00044979   
  262     0.00068890   
  263     0.00076024   
  264     0.00028132   
  265     0.00162690   
  266     0.00040601   
  267     0.00170805   
  268     0.00026696   
  269     0.00088593   
  270     0.00039974   
  271     0.00047065   
  272     0.00061621   
  273     0.00035222   
  274     0.00121670   
  275     0.00044386   
  276     0.00039247   
  277     0.00013373   
  278     0.00025352   
  279     0.00070500   
  280     0.00057920   
  281     0.00117431   
  282     0.00024500   
  283     0.00195284   
  284     0.00029743   
  285     0.00392489   
  286     0.00226263   
  287     0.00246029   
  288     0.00115817   
  289     0.00661348   
  290     0.00138871   
  291     0.00287143   
  292     0.00305479   
  293     0.00706824   
  294     0.00799832   
  295     0.00060781   
  296     0.00125888   
  297     0.00032560   
  298     0.00064368   
  299     0.00013650   
  300     0.00027045   
  301     0.00014060   
  302     0.00040204   
  303     0.00007620   
  304     0.00014181   
  305     0.00019229   
  306     0.00011222   
  307     0.00021696   
  308     0.00027046   
  309     0.00064042   
  310     0.00033614   
  311     0.00102981   
  312     0.00090375   
  313     0.00077526   
  314     0.00061792   
  315     0.00172076   
  316     0.00065990   
  317     0.00058622   
  318     0.00099430   
  319     0.00094563   
  320     0.00058296   
  321     0.00048356   
  322     0.00049112   
  323     0.00085360   
  324     0.00038570   
  325     0.00044236   
  326     0.00060741   
  327     0.00066520   
  328     0.00084351   
  329     0.00027927   
  330     0.00006680   
  331     0.00016397   
  332     0.00015314   
  333     0.00016327   
  334     0.00051475   
  335     0.00020178   
  336     0.00024119   
  337     0.00028843   
  338     0.00005477   
  339     0.00006901   
  340     0.00003895   
  341     0.00006938   
  342     0.00007248   
  343     0.00055137   
  344     0.00009570   
  345     0.00029912   
  346     0.00023996   
  347     0.00057590   
  348     0.00093331   
  349     0.00060000   
  350     0.00021823   
  351     0.00032197   
  352     0.00040931   
  353     0.00031747   
  354     0.00009955   
  355     0.00005554   
  356     0.00023482   
  357     0.00039026   
  358     0.00003332   
  359     0.00024237   
  360     0.00006877   
  361     0.00016765   
  362     0.00005930   
  363     0.00013726   
  364     0.00001645   
  365     0.00005232   
  366     0.00002528   
  367     0.00017088   
  368     0.00020233   
  369     0.00010005   
  370     0.00005103   
  371     0.00011433   
  372     0.00013139   
  373     0.00038854   
  374     0.00041757   
  375     0.00013989   
  376     0.00022036   
  377     0.00113309   
  378     0.00043193   
  379     0.00029392   
  380     0.00038950   
  381     0.00077756   
  382     0.00309508   
  383     0.00130309   
  384     0.00012598   
  385     0.00490134   
  386     0.00345540   
  387     0.00084814   
  388     0.00444616   
  389     0.00318629   
  390     0.00188676   
  391     0.00121664   
  392     0.00428329   
  393     0.00132814   
  394     0.00149803   
  395     0.00132330   
  396     0.00098008   
  397     0.00257062   
  398     0.00030872   
  399     0.00044809   
  400     0.00017897   
  401     0.00055598   
  402     0.00191069   
  403     0.00118349   
  404     0.00108064   
  405     0.00997688   
  406     0.00021129   
  407     0.00474809   
  408     0.00214336   
  409     0.00056441   
  410     0.00112119   
  411     0.00052609   
  412     0.00119896   
  413     0.00035060   
  414     0.00047848   
  415     0.00034717   
  416     0.00183848   
  417     0.00159599   
  418     0.00575665   
  419     0.00347898   
  420     0.00388480   
  421     0.00407927   
  422     0.00403044   
  423     0.00401099   
  424     0.00387728   
  425     0.00310001   
  426     0.00507858   
  427     0.00181772   
  428     0.00324659   
  429     0.00185302   
  430     0.00007696   
  431     0.00012902   
  432     0.00017984   
  433     0.00124960   
  434     0.00031605   
  435     0.00026067   
  436     0.00400270   
  437     0.00237401   
  438     0.00143715   
  439     0.00031020   
  440     0.00024831   
  441     0.00025055   
  442     0.00060505   
  443     0.00081708   
  444     0.00310560   
  445     0.00036911   
  446     0.00479247   
  447     0.00054555   
  448     0.00047729   
  449     0.00013751   
  450     0.00003269   
  451     0.00030515   
  452     0.00049510   
  453     0.00020719   
  454     0.00080026   
  455     0.00196614   
  456     0.00080970   
  457     0.00304742   
  458     0.00152584   
  459     0.00051005   
  460     0.00053126   
  461     0.00005568   
  462     0.00034993   
  463     0.00008322   
  464     0.00005768   
  465     0.00017912   
  466     0.00007484   
  467     0.00026669   
  468     0.00035249   
  469     0.00017004   
  470     0.00085384   
  471     0.00133414   
  472     0.00077288   
  473     0.00232406   
  474     0.00180018   
  475     0.00278238   
  476     0.00180447   
  477     0.00165188   
  478     0.00234677   
  479     0.00110379   
  480     0.00278384   
  481     0.00690657   
  482     0.00071077   
  483     0.00098710   
  484     0.00090483   
  485     0.00042717   
  486     0.00031659   
  487     0.00047635   
  488     0.00028294   
  489     0.00044029   
  490     0.00048937   
  491     0.00005085   
  492     0.00013886   
  493     0.00003264   
  494     0.00001366   
  495     0.00007135   
  496     0.00008064   
  497     0.00050251   
  498     0.00036903   
  499     0.00228705   
  500     0.00046130   
  501     0.00166503   
  502     0.00040853   
  503     0.00208436   
  504     0.00031854   
  505     0.00070338   
  506     0.00175732   
  507     0.00064718   
  508     0.00023140   
  509     0.00016468   
  510     0.00020338   
  511     0.00019388   
  512     0.00103789   
  513     0.00027943   
  514     0.00033175   
  515     0.00052975   
  516     0.00112002   
  517     0.00084847   
  518     0.00038138   
  519     0.00145061   
  520     0.00138694   
  521     0.00018512   
  522     0.00069849   
  523     0.00256960   
  524     0.00088766   
  525     0.00057209   
  526     0.00100031   
  527     0.00216796   
  528     0.00188471   
  529     0.00268519   
  530     0.00545716   
  531     0.00064493   
  532     0.01042847   
  533     0.00597558   
  534     0.00210236   
  535     0.00662363   
  536     0.01318812   
  537     0.00319026   
  538     0.00146856   
  539     0.00776310   
  540     0.00284188   
  541     0.00270216   
  542     0.00523787   
  543     0.00300187   
  544     0.00209642   
  545     0.00244907   
  546     0.00666804   
  547     0.00147330   
  548     0.00086447   
  549     0.00346361   
  550     0.00174545   
  551     0.00086258   
  552     0.00019639   
  553     0.00054741   
  554     0.00024388   
  555     0.00000505   
  556     0.00014914   
  557     0.00033406   
  558     0.00013230   
  559     0.00008508   
  560     0.00009404   
  561     0.00195040   
  562     0.00026092   
  563     0.00035484   
  564     0.00073066   
  565     0.00043838   
  566     0.00042625   
  567     0.00071899   
  568     0.00145302   
  569     0.00075393   
  570     0.00049420   
  571     0.00091798   
  572     0.00042778   
  573     0.00103946   
  574     0.00060228   
  575     0.00037898   
  576     0.00062591   
  577     0.00018353   
  578     0.00017830   
  579     0.00026414   
  580     0.00033343   
  581     0.00857300   
  582     0.00011478   
  583     0.00043960   
  584     0.00314310   
  585     0.00517971   
  586     0.00069911   
  587     0.00089836   
  588     0.00782053   
  589     0.00128254   
  590     0.00086519   
  591     0.00126358   
  592     0.00231237   
  593     0.00094762   
  594     0.00262162   
  595     0.00043588   
  596     0.00072519   
  597     0.00054846   
  598     0.00184112   
  599     0.00164715   
  600     0.00037973   
  601     0.00060803   
  602     0.00055845   
  603     0.00017536   
  604     0.00040065   
  605     0.00019030   
    1     0.00012968   
    2     0.00007589   
    3     0.00005761   
    4     0.00018968   
    5     0.00023755   
    6     0.00014773   
    7     0.00060900   
    8     0.00012968   
    9     0.00009917   
   10     0.00000281   
   11     0.00000920   
   12     0.00000503   
   13     0.00003311   
   14     0.00005008   
   15     0.00006018   
   16     0.00007882   
   17     0.00009672   
   18     0.00004834   
   19     0.00006614   
   20     0.00007532   
   21     0.00010029   
   22     0.00001853   
   23     0.00020952   
   24     0.00012137   
   25     0.00001590   
   26     0.00002501   
   27     0.00006354   
   28     0.00002998   
   29     0.00038206   
   30     0.00025024   
   31     0.00005324   
   32     0.00016173   
   33     0.00004219   
   34     0.00007867   
   35     0.00006112   
   36     0.00022480   
   37     0.00004131   
   38     0.00024562   
   39     0.00012179   
   40     0.00012998   
   41     0.00012121   
   42     0.00016690   
   43     0.00047117   
   44     0.00027497   
   45     0.00021289   
   46     0.00009229   
   47     0.00042123   
   48     0.00061112   
   49     0.00013524   
   50     0.00017552   
   51     0.00058528   
   52     0.00075682   
   53     0.00009364   
   54     0.00012437   
   55     0.00014409   
   56     0.00031841   
   57     0.00097561   
   58     0.00016301   
   59     0.00010208   
   60     0.00008473   
   61     0.00005120   
   62     0.00019956   
   63     0.00096508   
   64     0.00048159   
   65     0.00048076   
   66     0.00222156   
   67     0.00039652   
   68     0.00178089   
   69     0.00052705   
   70     0.00001076   
   71     0.00001256   
   72     0.00000111   
   73     0.00001224   
   74     0.00005074   
   75     0.00008686   
   76     0.00014648   
   77     0.00022974   
   78     0.00037185   
   79     0.00013882   
   80     0.00012052   
   81     0.00025432   
   82     0.00025134   
   83     0.00034367   
   84     0.00017643   
   85     0.00057680   
   86     0.00059024   
   87     0.00007276   
   88     0.00002129   
   89     0.00012353   
   90     0.00027948   
   91     0.00042586   
   92     0.00010010   
   93     0.00058492   
   94     0.00011098   
   95     0.00076596   
   96     0.00065116   
   97     0.00025161   
   98     0.00017731   
   99     0.00028289   
  100     0.00024024   
  101     0.00029469   
  102     0.00010418   
  103     0.00008746   
  104     0.00004397   
  105     0.00004696   
  106     0.00003610   
  107     0.00002461   
  108     0.00002638   
  109     0.00000957   
  110     0.00001141   
  111     0.00001149   
  112     0.00005735   
  113     0.00002699   
  114     0.00011400   
  115     0.00024230   
  116     0.00008285   
  117     0.00019100   
  118     0.00175783   
  119     0.00007831   
  120     0.00053747   
  121     0.00072587   
  122     0.00047489   
  123     0.00025420   
  124     0.00009218   
  125     0.00035750   
  126     0.00006158   
  127     0.00010275   
  128     0.00002579   
  129     0.00012433   
  130     0.00012242   
  131     0.00001804   
  132     0.00004716   
  133     0.00007169   
  134     0.00003502   
  135     0.00005396   
  136     0.00010569   
  137     0.00009587   
  138     0.00015439   
  139     0.00005064   
  140     0.00013774   
  141     0.00007913   
  142     0.00009105   
  143     0.00021050   
  144     0.00034947   
  145     0.00041163   
  146     0.00009830   
  147     0.00004633   
  148     0.00006578   
  149     0.00005884   
  150     0.00007837   
  151     0.00005518   
  152     0.00008637   
  153     0.00013872   
  154     0.00010156   
  155     0.00014624   
  156     0.00006435   
  157     0.00005354   
  158     0.00004716   
  159     0.00002250   
  160     0.00010138   
  161     0.00005413   
  162     0.00011549   
  163     0.00009122   
  164     0.00019403   
  165     0.00008495   
  166     0.00010975   
  167     0.00013435   
  168     0.00001169   
  169     0.00008176   
  170     0.00001825   
  171     0.00016468   
  172     0.00016687   
  173     0.00003879   
  174     0.00008003   
  175     0.00010129   
  176     0.00008697   
  177     0.00014636   
  178     0.00008011   
  179     0.00013712   
  180     0.00012714   
  181     0.00002868   
  182     0.00000895   
  183     0.00000778   
  184     0.00003493   
  185     0.00004360   
  186     0.00004186   
  187     0.00036187   
  188     0.00025020   
  189     0.00004032   
  190     0.00510040   
  191     0.00002476   
  192     0.00014288   
  193     0.00030782   
  194     0.00016608   
  195     0.00012410   
  196     0.00025412   
  197     0.00038374   
  198     0.00030435   
  199     0.00002750   
  200     0.00042271   
  201     0.00025527   
  202     0.00060130   
  203     0.00047439   
  204     0.00016556   
  205     0.00007865   
  206     0.00021208   
  207     0.00027354   
  208     0.00029878   
  209     0.00112161   
  210     0.00232254   
  211     0.01825541   
  212     0.02344444   
  213     0.02236481   
  214     0.02396975   
  215     0.00702807   
  216     0.00786767   
  217     0.00362116   
  218     0.00564493   
  219     0.00874696   
  220     0.01187193   
  221     0.01337475   
  222     0.02129945   
  223     0.02439618   
  224     0.00781375   
  225     0.00903429   
  226     0.00054584   
  227     0.00316834   
  228     0.00038125   
  229     0.00026344   
  230     0.00002263   
  231     0.00018380   
  232     0.00026646   
  233     0.00034693   
  234     0.00061068   
  235     0.00037905   
  236     0.00047180   
  237     0.00032365   
  238     0.00059198   
  239     0.00030780   
  240     0.00003551   
  241     0.00020589   
  242     0.00011659   
  243     0.00017077   
  244     0.00005642   
  245     0.00020895   
  246     0.00043743   
  247     0.00022149   
  248     0.00080529   
  249     0.00073346   
  250     0.00062038   
  251     0.00059050   
  252     0.00032178   
  253     0.00024734   
  254     0.00028977   
  255     0.00132813   
  256     0.00149890   
  257     0.00033889   
  258     0.00054707   
  259     0.00058771   
  260     0.00017311   
  261     0.00087751   
  262     0.00032714   
  263     0.00052502   
  264     0.00054177   
  265     0.00057339   
  266     0.00111196   
  267     0.00031323   
  268     0.00093395   
  269     0.00123452   
  270     0.00142574   
  271     0.00428356   
  272     0.00265066   
  273     0.00043462   
  274     0.00041934   
  275     0.00018694   
  276     0.00071356   
  277     0.00020139   
  278     0.00038084   
  279     0.00040768   
  280     0.00032015   
  281     0.00091620   
  282     0.00028398   
  283     0.00035625   
  284     0.00120999   
  285     0.00104441   
  286     0.00057457   
  287     0.00119917   
  288     0.00634554   
  289     0.00009916   
  290     0.00156309   
  291     0.00187031   
  292     0.00096608   
  293     0.00201896   
  294     0.00233841   
  295     0.00087312   
  296     0.00142928   
  297     0.00042277   
  298     0.00018221   
  299     0.00091335   
  300     0.00008307   
  301     0.00011585   
  302     0.00005680   
  303     0.00014423   
  304     0.00029621   
  305     0.00041023   
  306     0.00084068   
  307     0.00136120   
  308     0.00034040   
  309     0.00132595   
  310     0.00357829   
  311     0.00217055   
  312     0.00034933   
  313     0.00091698   
  314     0.00062129   
  315     0.00267577   
  316     0.00113874   
  317     0.00069750   
  318     0.00077675   
  319     0.00359803   
  320     0.00233403   
  321     0.00052873   
  322     0.00108614   
  323     0.00023136   
  324     0.00011369   
  325     0.00016296   
  326     0.00016513   
  327     0.00018664   
  328     0.00018895   
  329     0.00067291   
  330     0.00028186   
  331     0.00052532   
  332     0.00014460   
  333     0.00091756   
  334     0.00191307   
  335     0.00018290   
  336     0.00117881   
  337     0.00034397   
  338     0.00358027   
  339     0.00157031   
  340     0.00165693   
  341     0.00026695   
  342     0.00084076   
  343     0.00030670   
  344     0.00086799   
  345     0.00038851   
  346     0.00031744   
  347     0.00071029   
  348     0.00017763   
  349     0.00010642   
  350     0.00014430   
  351     0.00022185   
  352     0.00069301   
  353     0.00132088   
  354     0.00048466   
  355     0.00068903   
  356     0.00022165   
  357     0.00113401   
  358     0.00006662   
  359     0.00044861   
  360     0.00006189   
  361     0.00023735   
  362     0.00021927   
  363     0.00029796   
  364     0.00012757   
  365     0.00001876   
  366     0.00000750   
  367     0.00001034   
  368     0.00007609   
  369     0.00001750   
  370     0.00036207   
  371     0.00011060   
  372     0.00039300   
  373     0.00027411   
  374     0.00029271   
  375     0.00006215   
  376     0.00003518   
  377     0.00015864   
  378     0.00010552   
  379     0.00015293   
  380     0.00052186   
  381     0.00008989   
  382     0.00033675   
  383     0.00056489   
  384     0.00063032   
  385     0.00139022   
  386     0.00053624   
  387     0.00115659   
  388     0.00088095   
  389     0.00135865   
  390     0.00037263   
  391     0.00009938   
  392     0.00183823   
  393     0.00042962   
  394     0.00102110   
  395     0.00062811   
  396     0.00019730   
  397     0.00061047   
  398     0.00031240   
  399     0.00061210   
  400     0.00028147   
  401     0.00016158   
  402     0.00027005   
  403     0.00046688   
  404     0.00027001   
  405     0.00109337   
  406     0.00017374   
  407     0.00012320   
  408     0.00006680   
  409     0.00014530   
  410     0.00007805   
  411     0.00004780   
  412     0.00016043   
  413     0.00031367   
  414     0.00044301   
  415     0.00010824   
  416     0.00046808   
  417     0.00025117   
  418     0.00006890   
  419     0.00068874   
  420     0.00021766   
  421     0.00003401   
  422     0.00010043   
  423     0.00020394   
  424     0.00028522   
  425     0.00014249   
  426     0.00017056   
  427     0.00043204   
  428     0.00031527   
  429     0.00009102   
  430     0.00047483   
  431     0.00022046   
  432     0.00009698   
  433     0.00024234   
  434     0.00059814   
  435     0.00111817   
  436     0.00099131   
  437     0.00035253   
  438     0.00026908   
  439     0.00012301   
  440     0.00014664   
  441     0.00036172   
  442     0.00046380   
  443     0.00017992   
  444     0.00035668   
  445     0.00138803   
  446     0.00023223   
  447     0.00122214   
  448     0.00034250   
  449     0.00074803   
  450     0.00022606   
  451     0.00066941   
  452     0.00017373   
  453     0.00006936   
  454     0.00004604   
  455     0.00054785   
  456     0.00059448   
  457     0.00019049   
  458     0.00021486   
  459     0.00020088   
  460     0.00044746   
  461     0.00061194   
  462     0.00054107   
  463     0.00119552   
  464     0.00086890   
  465     0.00063760   
  466     0.00150856   
  467     0.00061717   
  468     0.00086174   
  469     0.00032447   
  470     0.00013764   
  471     0.00040596   
  472     0.00085184   
  473     0.00010434   
  474     0.00008369   
  475     0.00062420   
  476     0.00048605   
  477     0.00005832   
  478     0.00032797   
  479     0.00014708   
  480     0.00025435   
  481     0.00036087   
  482     0.00025207   
  483     0.00021738   
  484     0.00033217   
  485     0.00073884   
  486     0.00048197   
  487     0.00123774   
  488     0.00077590   
  489     0.00092581   
  490     0.00066016   
  491     0.00052722   
  492     0.00092088   
  493     0.00035156   
  494     0.00034762   
  495     0.00012486   
  496     0.00011454   
  497     0.00008056   
  498     0.00014378   
  499     0.00009011   
  500     0.00029370   
  501     0.00026047   
  502     0.00022840   
  503     0.00021012   
  504     0.00037571   
  505     0.00028296   
  506     0.00019104   
  507     0.00015608   
  508     0.00044183   
  509     0.00023028   
  510     0.00015283   
  511     0.00039307   
  512     0.00052383   
  513     0.00022823   
  514     0.00008645   
  515     0.00040633   
  516     0.00020343   
  517     0.00003294   
  518     0.00009290   
  519     0.00023458   
  520     0.00007095   
  521     0.00001436   
  522     0.00006959   
  523     0.00004294   
  524     0.00023241   
  525     0.00024810   
  526     0.00027079   
  527     0.00054182   
  528     0.00044019   
  529     0.00030782   
  530     0.00082943   
  531     0.00040693   
  532     0.00045376   
  533     0.00041399   
  534     0.00036851   
  535     0.00055080   
  536     0.00028178   
  537     0.00027742   
  538     0.00015442   
  539     0.00016608   
  540     0.00015180   
  541     0.00009860   
  542     0.00027111   
  543     0.00100655   
  544     0.00035027   
  545     0.00178001   
  546     0.00212574   
  547     0.00091446   
  548     0.00045729   
  549     0.00300206   
  550     0.00082367   
  551     0.00132612   
  552     0.00382696   
  553     0.00147401   
  554     0.00259503   
  555     0.00099655   
  556     0.00082159   
  557     0.00045923   
  558     0.00029234   
  559     0.00026317   
  560     0.00090037   
  561     0.00083420   
  562     0.00311570   
  563     0.00044788   
  564     0.00056760   
  565     0.00045670   
  566     0.00034928   
  567     0.00029326   
  568     0.00012500   
  569     0.00028129   
  570     0.00016552   
  571     0.00022525   
  572     0.00070911   
  573     0.00025776   
  574     0.00027882   
  575     0.00007168   
  576     0.00005406   
  577     0.00006845   
  578     0.00028119   
  579     0.00003966   
  580     0.00028560   
  581     0.00047932   
  582     0.00009998   
  583     0.00007024   
  584     0.00023062   
  585     0.00016289   
  586     0.00006528   
  587     0.00030576   
  588     0.00060728   
  589     0.00033098   
  590     0.00067765   
  591     0.00020945   
  592     0.00052848   
  593     0.00016042   
  594     0.00016967   
  595     0.00041155   
  596     0.00015804   
  597     0.00006502   
  598     0.00005542   
  599     0.00019154   
  600     0.00021941   
  601     0.00010064   
  602     0.00028255   
  603     0.00040408   
  604     0.00012592   
  605     0.00145045   
  606     0.00090697   
  607     0.00003240   
  608     0.00017688   
  609     0.00001190   
  610     0.00004968   
  611     0.00008673   
  612     0.00011353   
  613     0.00017708   
  614     0.00027866   
  615     0.00017864   
  616     0.00098400   
  617     0.00043611   
  618     0.00054509   
  619     0.00074282   
  620     0.00072913   
  621     0.00071312   
  622     0.00029328   
  623     0.00021978   
  624     0.00011546   
    1     0.00000602   
    2     0.00000429   
    3     0.00000323   
    4     0.00001150   
    5     0.00001733   
    6     0.00000689   
    7     0.00004870   
    8     0.00000573   
    9     0.00000753   
   10     0.00000055   
   11     0.00000138   
   12     0.00000201   
   13     0.00000742   
   14     0.00001839   
   15     0.00000530   
   16     0.00000385   
   17     0.00000511   
   18     0.00000149   
   19     0.00000511   
   20     0.00001468   
   21     0.00000989   
   22     0.00000122   
   23     0.00001757   
   24     0.00000956   
   25     0.00000091   
   26     0.00000070   
   27     0.00000244   
   28     0.00000067   
   29     0.00000227   
   30     0.00003462   
   31     0.00000394   
   32     0.00000299   
   33     0.00000760   
   34     0.00002038   
   35     0.00000545   
   36     0.00001919   
   37     0.00001858   
   38     0.00001955   
   39     0.00001224   
   40     0.00000767   
   41     0.00000439   
   42     0.00000745   
   43     0.00001142   
   44     0.00001511   
   45     0.00002892   
   46     0.00000394   
   47     0.00002738   
   48     0.00003094   
   49     0.00000719   
   50     0.00000882   
   51     0.00001094   
   52     0.00001515   
   53     0.00000429   
   54     0.00000402   
   55     0.00000526   
   56     0.00001213   
   57     0.00003708   
   58     0.00000463   
   59     0.00000333   
   60     0.00001396   
   61     0.00000197   
   62     0.00000969   
   63     0.00004419   
   64     0.00002930   
   65     0.00003135   
   66     0.00006225   
   67     0.00001371   
   68     0.00006576   
   69     0.00001397   
   70     0.00000272   
   71     0.00000087   
   72     0.00000017   
   73     0.00000082   
   74     0.00000194   
   75     0.00000710   
   76     0.00000969   
   77     0.00001572   
   78     0.00001074   
   79     0.00001030   
   80     0.00000845   
   81     0.00002699   
   82     0.00000840   
   83     0.00002375   
   84     0.00000802   
   85     0.00001609   
   86     0.00001005   
   87     0.00000744   
   88     0.00000151   
   89     0.00000384   
   90     0.00000849   
   91     0.00003240   
   92     0.00000601   
   93     0.00001425   
   94     0.00001430   
   95     0.00007288   
   96     0.00003654   
   97     0.00006330   
   98     0.00004006   
   99     0.00001972   
  100     0.00000697   
  101     0.00004165   
  102     0.00000317   
  103     0.00000904   
  104     0.00000062   
  105     0.00000831   
  106     0.00000218   
  107     0.00000168   
  108     0.00000177   
  109     0.00000136   
  110     0.00000161   
  111     0.00000127   
  112     0.00000134   
  113     0.00000070   
  114     0.00002279   
  115     0.00003163   
  116     0.00001812   
  117     0.00001302   
  118     0.00037298   
  119     0.00001505   
  120     0.00005754   
  121     0.00001578   
  122     0.00014447   
  123     0.00004015   
  124     0.00002712   
  125     0.00002806   
  126     0.00001881   
  127     0.00001503   
  128     0.00000690   
  129     0.00000719   
  130     0.00000923   
  131     0.00000485   
  132     0.00002343   
  133     0.00000645   
  134     0.00000520   
  135     0.00000416   
  136     0.00000539   
  137     0.00000624   
  138     0.00000671   
  139     0.00000285   
  140     0.00000484   
  141     0.00000337   
  142     0.00000464   
  143     0.00000825   
  144     0.00000891   
  145     0.00000979   
  146     0.00000154   
  147     0.00000071   
  148     0.00000121   
  149     0.00000143   
  150     0.00000227   
  151     0.00000109   
  152     0.00000851   
  153     0.00000735   
  154     0.00001241   
  155     0.00000373   
  156     0.00000323   
  157     0.00000303   
  158     0.00001207   
  159     0.00001283   
  160     0.00000643   
  161     0.00000252   
  162     0.00001202   
  163     0.00000644   
  164     0.00000599   
  165     0.00000441   
  166     0.00000376   
  167     0.00000517   
  168     0.00000067   
  169     0.00000400   
  170     0.00000117   
  171     0.00001109   
  172     0.00000691   
  173     0.00000392   
  174     0.00000561   
  175     0.00000829   
  176     0.00000295   
  177     0.00000983   
  178     0.00000712   
  179     0.00000478   
  180     0.00000397   
  181     0.00000415   
  182     0.00000018   
  183     0.00000018   
  184     0.00000106   
  185     0.00000092   
  186     0.00000069   
  187     0.00000156   
  188     0.00000739   
  189     0.00000205   
  190     0.00012987   
  191     0.00000130   
  192     0.00000146   
  193     0.00000619   
  194     0.00000893   
  195     0.00000220   
  196     0.00000257   
  197     0.00001420   
  198     0.00001345   
  199     0.00000113   
  200     0.00003659   
  201     0.00001902   
  202     0.00005596   
  203     0.00002607   
  204     0.00001874   
  205     0.00000575   
  206     0.00002666   
  207     0.00001388   
  208     0.00001398   
  209     0.00003792   
  210     0.00007170   
  211     0.00049615   
  212     0.00067286   
  213     0.00070123   
  214     0.00057887   
  215     0.00016974   
  216     0.00009843   
  217     0.00004861   
  218     0.00008216   
  219     0.00016656   
  220     0.00029245   
  221     0.00035985   
  222     0.00057318   
  223     0.00072766   
  224     0.00024151   
  225     0.00026378   
  226     0.00003367   
  227     0.00009669   
  228     0.00002974   
  229     0.00002527   
  230     0.00002355   
  231     0.00002841   
  232     0.00001720   
  233     0.00002876   
  234     0.00004508   
  235     0.00001612   
  236     0.00000442   
  237     0.00000413   
  238     0.00002015   
  239     0.00000147   
  240     0.00000231   
  241     0.00002089   
  242     0.00000476   
  243     0.00000056   
  244     0.00000249   
  245     0.00002386   
  246     0.00004102   
  247     0.00002942   
  248     0.00006913   
  249     0.00004747   
  250     0.00016123   
  251     0.00007770   
  252     0.00003121   
  253     0.00007859   
  254     0.00006602   
  255     0.00019872   
  256     0.00019847   
  257     0.00002308   
  258     0.00009369   
  259     0.00008866   
  260     0.00003478   
  261     0.00003952   
  262     0.00004422   
  263     0.00005293   
  264     0.00003793   
  265     0.00001502   
  266     0.00002700   
  267     0.00001387   
  268     0.00002341   
  269     0.00000626   
  270     0.00001737   
  271     0.00000885   
  272     0.00003764   
  273     0.00001849   
  274     0.00000360   
  275     0.00001303   
  276     0.00002461   
  277     0.00000404   
  278     0.00002185   
  279     0.00000838   
  280     0.00001311   
  281     0.00006929   
  282     0.00002007   
  283     0.00005498   
  284     0.00003861   
  285     0.00001607   
  286     0.00000205   
  287     0.00000456   
  288     0.00003429   
  289     0.00000231   
  290     0.00000442   
  291     0.00000869   
  292     0.00000111   
  293     0.00001317   
  294     0.00000736   
  295     0.00000662   
  296     0.00000918   
  297     0.00000374   
  298     0.00000410   
  299     0.00000658   
  300     0.00000584   
  301     0.00000339   
  302     0.00000305   
  303     0.00001293   
  304     0.00002134   
  305     0.00002345   
  306     0.00000947   
  307     0.00003502   
  308     0.00000932   
  309     0.00001319   
  310     0.00002282   
  311     0.00006201   
  312     0.00001662   
  313     0.00001807   
  314     0.00002336   
  315     0.00006318   
  316     0.00007776   
  317     0.00005081   
  318     0.00003316   
  319     0.00004650   
  320     0.00002126   
  321     0.00000840   
  322     0.00004932   
  323     0.00005293   
  324     0.00001523   
  325     0.00001486   
  326     0.00002977   
  327     0.00000231   
  328     0.00000721   
  329     0.00000640   
  330     0.00000302   
  331     0.00000037   
  332     0.00000309   
  333     0.00001572   
  334     0.00000432   
  335     0.00000079   
  336     0.00000359   
  337     0.00000083   
  338     0.00000175   
  339     0.00000172   
  340     0.00001543   
  341     0.00000317   
  342     0.00000196   
  343     0.00000061   
  344     0.00000087   
  345     0.00000299   
  346     0.00001917   
  347     0.00001270   
  348     0.00002320   
  349     0.00001936   
  350     0.00001944   
  351     0.00000873   
  352     0.00001029   
  353     0.00002892   
  354     0.00002097   
  355     0.00002819   
  356     0.00000855   
  357     0.00003608   
  358     0.00002798   
  359     0.00003363   
  360     0.00000543   
  361     0.00002275   
  362     0.00000586   
  363     0.00003385   
  364     0.00000625   
  365     0.00000428   
  366     0.00000301   
  367     0.00000263   
  368     0.00001205   
  369     0.00000476   
  370     0.00001758   
  371     0.00001553   
  372     0.00002393   
  373     0.00000628   
  374     0.00002433   
  375     0.00002461   
  376     0.00000432   
  377     0.00001939   
  378     0.00002004   
  379     0.00003147   
  380     0.00006818   
  381     0.00002585   
  382     0.00002869   
  383     0.00001358   
  384     0.00000517   
  385     0.00004788   
  386     0.00002176   
  387     0.00001893   
  388     0.00001650   
  389     0.00004630   
  390     0.00001075   
  391     0.00000305   
  392     0.00003133   
  393     0.00001223   
  394     0.00000996   
  395     0.00002068   
  396     0.00001879   
  397     0.00001881   
  398     0.00001113   
  399     0.00003001   
  400     0.00003122   
  401     0.00004125   
  402     0.00002127   
  403     0.00002293   
  404     0.00002029   
  405     0.00001170   
  406     0.00000428   
  407     0.00000501   
  408     0.00000140   
  409     0.00000458   
  410     0.00003770   
  411     0.00000616   
  412     0.00001671   
  413     0.00002922   
  414     0.00001256   
  415     0.00002138   
  416     0.00001863   
  417     0.00000701   
  418     0.00000343   
  419     0.00002735   
  420     0.00000536   
  421     0.00000296   
  422     0.00000776   
  423     0.00001371   
  424     0.00000149   
  425     0.00000136   
  426     0.00000045   
  427     0.00002235   
  428     0.00000374   
  429     0.00000713   
  430     0.00001047   
  431     0.00000191   
  432     0.00000344   
  433     0.00001189   
  434     0.00001756   
  435     0.00006457   
  436     0.00004172   
  437     0.00001427   
  438     0.00002346   
  439     0.00021964   
  440     0.00012314   
  441     0.00002828   
  442     0.00009929   
  443     0.00006232   
  444     0.00002795   
  445     0.00005202   
  446     0.00001966   
  447     0.00003104   
  448     0.00003099   
  449     0.00001364   
  450     0.00001579   
  451     0.00000457   
  452     0.00000072   
  453     0.00000102   
  454     0.00000169   
  455     0.00001962   
  456     0.00001776   
  457     0.00000635   
  458     0.00001047   
  459     0.00002298   
  460     0.00001966   
  461     0.00000877   
  462     0.00005220   
  463     0.00005406   
  464     0.00003246   
  465     0.00001083   
  466     0.00003317   
  467     0.00000587   
  468     0.00000955   
  469     0.00000529   
  470     0.00000433   
  471     0.00000428   
  472     0.00002105   
  473     0.00000244   
  474     0.00000150   
  475     0.00000772   
  476     0.00000527   
  477     0.00000172   
  478     0.00001034   
  479     0.00000369   
  480     0.00000718   
  481     0.00001070   
  482     0.00001310   
  483     0.00001010   
  484     0.00005436   
  485     0.00003746   
  486     0.00002672   
  487     0.00002588   
  488     0.00000350   
  489     0.00005232   
  490     0.00001545   
  491     0.00000344   
  492     0.00001148   
  493     0.00002949   
  494     0.00000293   
  495     0.00000594   
  496     0.00000156   
  497     0.00000530   
  498     0.00000730   
  499     0.00000232   
  500     0.00000731   
  501     0.00000660   
  502     0.00000160   
  503     0.00000802   
  504     0.00001147   
  505     0.00000830   
  506     0.00000350   
  507     0.00000262   
  508     0.00003314   
  509     0.00000416   
  510     0.00000128   
  511     0.00000363   
  512     0.00000907   
  513     0.00000230   
  514     0.00000062   
  515     0.00000614   
  516     0.00000583   
  517     0.00000216   
  518     0.00000677   
  519     0.00003614   
  520     0.00000518   
  521     0.00000110   
  522     0.00001012   
  523     0.00001196   
  524     0.00000765   
  525     0.00000518   
  526     0.00000337   
  527     0.00000239   
  528     0.00001154   
  529     0.00000527   
  530     0.00002641   
  531     0.00001576   
  532     0.00005059   
  533     0.00004181   
  534     0.00008111   
  535     0.00010672   
  536     0.00001283   
  537     0.00003140   
  538     0.00002627   
  539     0.00007053   
  540     0.00002690   
  541     0.00001695   
  542     0.00003302   
  543     0.00003586   
  544     0.00001860   
  545     0.00011075   
  546     0.00013780   
  547     0.00005257   
  548     0.00003063   
  549     0.00022025   
  550     0.00006265   
  551     0.00012446   
  552     0.00033040   
  553     0.00005920   
  554     0.00017935   
  555     0.00008087   
  556     0.00006199   
  557     0.00003610   
  558     0.00002101   
  559     0.00001857   
  560     0.00005965   
  561     0.00006078   
  562     0.00020255   
  563     0.00002953   
  564     0.00004840   
  565     0.00004327   
  566     0.00003103   
  567     0.00000634   
  568     0.00001450   
  569     0.00000503   
  570     0.00002064   
  571     0.00001338   
  572     0.00002410   
  573     0.00002225   
  574     0.00003304   
  575     0.00000394   
  576     0.00000255   
  577     0.00001356   
  578     0.00001518   
  579     0.00001620   
  580     0.00002530   
  581     0.00002685   
  582     0.00000041   
  583     0.00002264   
  584     0.00001564   
  585     0.00000464   
  586     0.00001270   
  587     0.00002563   
  588     0.00002203   
  589     0.00002891   
  590     0.00005876   
  591     0.00008029   
  592     0.00002863   
  593     0.00005577   
  594     0.00005531   
  595     0.00011122   
  596     0.00004978   
  597     0.00006350   
  598     0.00005858   
  599     0.00004884   
  600     0.00004440   
  601     0.00004364   
  602     0.00002902   
  603     0.00001640   
  604     0.00004955   
  605     0.00016244   
  606     0.00011236   
  607     0.00002764   
  608     0.00003842   
  609     0.00000985   
  610     0.00010856   
  611     0.00028154   
  612     0.00055122   
  613     0.00024815   
  614     0.00008487   
  615     0.00056180   
  616     0.00034031   
  617     0.00030985   
  618     0.00028994   
  619     0.00024062   
  620     0.00019406   
  621     0.00012996   
  622     0.00007660   
  623     0.00005514   
  624     0.00004425   
