    1     0.00007639   
    2     0.00004478   
    3     0.00009169   
    4     0.00004718   
    5     0.00007048   
    6     0.00009140   
    7     0.00023898   
    8     0.00013086   
    9     0.00038769   
   10     0.00029231   
   11     0.00099894   
   12     0.00238894   
   13     0.00080030   
   14     0.00037212   
   15     0.00020709   
   16     0.00007295   
   17     0.00006619   
   18     0.00010176   
   19     0.00019719   
   20     0.00000958   
   21     0.00004524   
   22     0.00012311   
   23     0.00001257   
   24     0.00002912   
   25     0.00002502   
   26     0.00007882   
   27     0.00006702   
   28     0.00006100   
   29     0.00002870   
   30     0.00000895   
   31     0.00000920   
   32     0.00001450   
   33     0.00018925   
   34     0.00010437   
   35     0.00036126   
   36     0.00032189   
   37     0.00083751   
   38     0.00046882   
   39     0.00089357   
   40     0.00054348   
   41     0.00030884   
   42     0.00029982   
   43     0.00051436   
   44     0.00007322   
   45     0.00011991   
   46     0.00019631   
   47     0.00018804   
   48     0.00092637   
   49     0.00018242   
   50     0.00040126   
   51     0.00011697   
   52     0.00030743   
   53     0.00004664   
   54     0.00029946   
   55     0.00069903   
   56     0.00004196   
   57     0.00024940   
   58     0.00020964   
   59     0.00551641   
   60     0.00022626   
   61     0.00064426   
   62     0.00047117   
   63     0.00010671   
   64     0.00059112   
   65     0.00071242   
   66     0.00155238   
   67     0.00171996   
   68     0.00194812   
   69     0.00077962   
   70     0.00053111   
   71     0.00060091   
   72     0.00032552   
   73     0.00014466   
   74     0.00069599   
   75     0.00039673   
   76     0.00004322   
   77     0.00004661   
   78     0.00006421   
   79     0.00004056   
   80     0.00000629   
   81     0.00093097   
   82     0.00009563   
   83     0.00009120   
   84     0.00007260   
   85     0.00036607   
   86     0.00008213   
   87     0.00016981   
   88     0.00009709   
   89     0.00017172   
   90     0.00029751   
   91     0.00078142   
   92     0.00020125   
   93     0.00008868   
   94     0.00022281   
   95     0.00005002   
   96     0.00014771   
   97     0.00003339   
   98     0.00003534   
   99     0.00001825   
  100     0.00020422   
  101     0.00007239   
  102     0.00021153   
  103     0.00099409   
  104     0.00024299   
  105     0.00063055   
  106     0.00007350   
  107     0.00008804   
  108     0.00033053   
  109     0.00021708   
  110     0.00130834   
  111     0.00041133   
  112     0.00040271   
  113     0.00108703   
  114     0.00058379   
  115     0.00079224   
  116     0.00025105   
  117     0.00012758   
  118     0.00115248   
  119     0.00021617   
  120     0.00022081   
  121     0.00007467   
  122     0.00028952   
  123     0.00010799   
  124     0.00009448   
  125     0.00002360   
  126     0.00001559   
  127     0.00004509   
  128     0.00000716   
  129     0.00000817   
  130     0.00001105   
  131     0.00000867   
  132     0.00000670   
  133     0.00000452   
  134     0.00000432   
  135     0.00003636   
  136     0.00002011   
  137     0.00002900   
  138     0.00010092   
  139     0.00009600   
  140     0.00020468   
  141     0.00016622   
  142     0.00022801   
  143     0.00007601   
  144     0.00020822   
  145     0.00038807   
  146     0.00007971   
  147     0.00016505   
  148     0.00002047   
  149     0.00013385   
  150     0.00048717   
  151     0.00009308   
  152     0.00003710   
  153     0.00031910   
  154     0.00084793   
  155     0.00034132   
  156     0.00012506   
  157     0.00017718   
  158     0.00018498   
  159     0.00006037   
  160     0.00009937   
  161     0.00016675   
  162     0.00004170   
  163     0.00013270   
  164     0.00006855   
  165     0.00012801   
  166     0.00020695   
  167     0.00024662   
  168     0.00032260   
  169     0.00031875   
  170     0.00005962   
  171     0.00007137   
  172     0.00037067   
  173     0.00123117   
  174     0.00009146   
  175     0.00025554   
  176     0.00020508   
  177     0.00041864   
  178     0.00020651   
  179     0.00038919   
  180     0.00013839   
  181     0.00014788   
  182     0.00012568   
  183     0.00014562   
  184     0.00002637   
  185     0.00001985   
  186     0.00001476   
  187     0.00004710   
  188     0.00002107   
  189     0.00003673   
  190     0.00011380   
  191     0.00011762   
  192     0.00017347   
  193     0.00033065   
  194     0.00032818   
  195     0.00106569   
  196     0.00265045   
  197     0.00167415   
  198     0.00146483   
  199     0.00007964   
  200     0.00033065   
  201     0.00029787   
  202     0.00036424   
  203     0.00033930   
  204     0.00012021   
  205     0.00025000   
  206     0.00007991   
  207     0.00020548   
  208     0.00012672   
  209     0.00002231   
  210     0.00009996   
  211     0.00015053   
  212     0.00004035   
  213     0.00005826   
  214     0.00007826   
  215     0.00022604   
  216     0.00013126   
  217     0.00020545   
  218     0.00044407   
  219     0.00027759   
  220     0.00019962   
  221     0.00027820   
  222     0.00056876   
  223     0.00025644   
  224     0.00012381   
  225     0.00084190   
  226     0.00009304   
  227     0.00043713   
  228     0.00113177   
  229     0.00145912   
  230     0.00060452   
  231     0.00059867   
  232     0.00114974   
  233     0.00074909   
  234     0.00214893   
  235     0.00077660   
  236     0.00031658   
  237     0.00167621   
  238     0.00239564   
  239     0.00044761   
  240     0.00198326   
  241     0.00176398   
  242     0.00107177   
  243     0.00047454   
  244     0.00274018   
  245     0.00074596   
  246     0.00021841   
  247     0.00009815   
  248     0.00138275   
  249     0.00002435   
  250     0.00109757   
  251     0.00074842   
  252     0.00157499   
  253     0.00049061   
  254     0.00028079   
  255     0.00055271   
  256     0.00012443   
  257     0.00627059   
  258     0.00076221   
  259     0.00150759   
  260     0.00057554   
  261     0.00054074   
  262     0.00118962   
  263     0.00189739   
  264     0.00160781   
  265     0.00044314   
  266     0.00054435   
  267     0.00212716   
  268     0.00170427   
  269     0.00055466   
  270     0.00059786   
  271     0.00305722   
  272     0.00090990   
  273     0.00042595   
  274     0.00072055   
  275     0.00244500   
  276     0.00060953   
  277     0.00040275   
  278     0.00090360   
  279     0.00081227   
  280     0.00048388   
  281     0.00036210   
  282     0.00014401   
  283     0.00029745   
  284     0.00012650   
  285     0.00098134   
  286     0.00215565   
  287     0.00181949   
  288     0.00056551   
  289     0.00258533   
  290     0.00025769   
  291     0.00044532   
  292     0.00061609   
  293     0.00174027   
  294     0.00308441   
  295     0.00061443   
  296     0.00214982   
  297     0.00064545   
  298     0.00306981   
  299     0.00053454   
  300     0.00102239   
  301     0.00015976   
  302     0.00016555   
  303     0.00003129   
  304     0.00006632   
  305     0.00027370   
  306     0.00000987   
  307     0.00005529   
  308     0.00016733   
  309     0.00029273   
  310     0.00009392   
  311     0.00017654   
  312     0.00051903   
  313     0.00021184   
  314     0.00015282   
  315     0.00016147   
  316     0.00060786   
  317     0.00016855   
  318     0.00011705   
  319     0.00013996   
  320     0.00017459   
  321     0.00004958   
  322     0.00004916   
  323     0.00012175   
  324     0.00008302   
  325     0.00003976   
  326     0.00024454   
  327     0.00009310   
  328     0.00004347   
  329     0.00003433   
  330     0.00000826   
  331     0.00004402   
  332     0.00001560   
  333     0.00000493   
  334     0.00002631   
  335     0.00000789   
  336     0.00004274   
  337     0.00005455   
  338     0.00009936   
  339     0.00011420   
  340     0.00027967   
  341     0.00025699   
  342     0.00054551   
  343     0.00349659   
  344     0.00066484   
  345     0.00249953   
  346     0.00210865   
  347     0.00089693   
  348     0.00019329   
  349     0.00049007   
  350     0.00017290   
  351     0.00018763   
  352     0.00011414   
  353     0.00007638   
  354     0.00002529   
  355     0.00002755   
  356     0.00003481   
  357     0.00002881   
  358     0.00000892   
  359     0.00001006   
  360     0.00001288   
  361     0.00005260   
  362     0.00011291   
  363     0.00029377   
  364     0.00004520   
  365     0.00021512   
  366     0.00021283   
  367     0.00052230   
  368     0.00122964   
  369     0.00041474   
  370     0.00021624   
  371     0.00017327   
  372     0.00006184   
  373     0.00014241   
  374     0.00010379   
  375     0.00016726   
  376     0.00009531   
  377     0.00028930   
  378     0.00023371   
  379     0.00011918   
  380     0.00032458   
  381     0.00080091   
  382     0.00160126   
  383     0.00043790   
  384     0.00074418   
  385     0.00289657   
  386     0.00237265   
  387     0.00079534   
  388     0.00065232   
  389     0.00016690   
  390     0.00014005   
  391     0.00023437   
  392     0.00046343   
  393     0.00038526   
  394     0.00013241   
  395     0.00015099   
  396     0.00038425   
  397     0.00180848   
  398     0.00021273   
  399     0.00035271   
  400     0.00021080   
  401     0.00011741   
  402     0.00229622   
  403     0.00331386   
  404     0.01247914   
  405     0.00457076   
  406     0.00110171   
  407     0.00274642   
  408     0.00086338   
  409     0.00018857   
  410     0.00024246   
  411     0.00078862   
  412     0.00064352   
  413     0.00034403   
  414     0.00100099   
  415     0.00018314   
  416     0.00060086   
  417     0.00014615   
  418     0.00088889   
  419     0.00051116   
  420     0.00083434   
  421     0.00028939   
  422     0.00023683   
  423     0.00026511   
  424     0.00050506   
  425     0.00045862   
  426     0.00345721   
  427     0.00049849   
  428     0.00121450   
  429     0.01147537   
  430     0.00056827   
  431     0.00092361   
  432     0.00006897   
  433     0.00083016   
  434     0.00001911   
  435     0.00007854   
  436     0.00024345   
  437     0.00080169   
  438     0.00145066   
  439     0.00035021   
  440     0.00043824   
  441     0.00015298   
  442     0.00073024   
  443     0.00027355   
  444     0.00150879   
  445     0.00124294   
  446     0.00059803   
  447     0.00180781   
  448     0.00046610   
  449     0.00012896   
  450     0.00001701   
  451     0.00041900   
  452     0.00035015   
  453     0.00042083   
  454     0.00084368   
  455     0.00120786   
  456     0.00039669   
  457     0.00071462   
  458     0.00040093   
  459     0.00031693   
  460     0.00007947   
  461     0.00000977   
  462     0.00003581   
  463     0.00001318   
  464     0.00002673   
  465     0.00005159   
  466     0.00005744   
  467     0.00089527   
  468     0.00026082   
  469     0.00005023   
  470     0.00014234   
  471     0.00067106   
  472     0.00014513   
  473     0.00047981   
  474     0.00061854   
  475     0.00043927   
  476     0.00037368   
  477     0.00061911   
  478     0.00045118   
  479     0.00048632   
  480     0.00152606   
  481     0.00429675   
  482     0.00024908   
  483     0.00035982   
  484     0.00023523   
  485     0.00036627   
  486     0.00033698   
  487     0.00032050   
  488     0.00031924   
  489     0.00023068   
  490     0.00005214   
  491     0.00007911   
  492     0.00005377   
  493     0.00002009   
  494     0.00001319   
  495     0.00004783   
  496     0.00010370   
  497     0.00012427   
  498     0.00021023   
  499     0.00074008   
  500     0.00029416   
  501     0.00168469   
  502     0.00022652   
  503     0.00163169   
  504     0.00018854   
  505     0.00108844   
  506     0.00081890   
  507     0.00117179   
  508     0.00063534   
  509     0.00034148   
  510     0.00063315   
  511     0.00044459   
  512     0.00205441   
  513     0.00018772   
  514     0.00062272   
  515     0.00079071   
  516     0.00098276   
  517     0.00060852   
  518     0.00095626   
  519     0.00101413   
  520     0.00027122   
  521     0.00034698   
  522     0.00151421   
  523     0.00029560   
  524     0.00055894   
  525     0.00099320   
  526     0.00229670   
  527     0.00111612   
  528     0.00145110   
  529     0.00170182   
  530     0.00189459   
  531     0.00260900   
  532     0.00196481   
  533     0.00412317   
  534     0.00233167   
  535     0.00092219   
  536     0.00282754   
  537     0.00777093   
  538     0.00107081   
  539     0.00057535   
  540     0.00257927   
  541     0.00476641   
  542     0.00240977   
  543     0.00157756   
  544     0.00087675   
  545     0.00375300   
  546     0.00387191   
  547     0.00197601   
  548     0.00030909   
  549     0.00288820   
  550     0.00350725   
  551     0.00043460   
  552     0.00022886   
  553     0.00042735   
  554     0.00031072   
  555     0.00009905   
  556     0.00023451   
  557     0.00188775   
  558     0.00022325   
  559     0.00022161   
  560     0.00015333   
  561     0.00027488   
  562     0.00197018   
  563     0.00017858   
  564     0.00012681   
  565     0.00041786   
  566     0.00142012   
  567     0.00055921   
  568     0.00044914   
  569     0.00180624   
  570     0.00032962   
  571     0.00088666   
  572     0.00034251   
  573     0.00011798   
  574     0.00012413   
  575     0.00066255   
  576     0.00024065   
  577     0.00005775   
  578     0.00013089   
  579     0.00011060   
  580     0.00018290   
  581     0.00162655   
  582     0.00017575   
  583     0.00037743   
  584     0.00011869   
  585     0.00017741   
  586     0.00027722   
  587     0.00054562   
  588     0.00153140   
  589     0.00027890   
  590     0.00035597   
  591     0.00040910   
  592     0.00081601   
  593     0.00004070   
  594     0.00030194   
  595     0.00069012   
  596     0.00039679   
  597     0.00044541   
  598     0.00122297   
  599     0.00073563   
  600     0.00026705   
  601     0.00089731   
  602     0.00021678   
  603     0.00014832   
  604     0.00019154   
  605     0.00016043   
    1     0.00011500   
    2     0.00008249   
    3     0.00006820   
    4     0.00017162   
    5     0.00022673   
    6     0.00012157   
    7     0.00079457   
    8     0.00010190   
    9     0.00012757   
   10     0.00001903   
   11     0.00001337   
   12     0.00000967   
   13     0.00006864   
   14     0.00002822   
   15     0.00004646   
   16     0.00005376   
   17     0.00008107   
   18     0.00005193   
   19     0.00009146   
   20     0.00004867   
   21     0.00008958   
   22     0.00001729   
   23     0.00027148   
   24     0.00012253   
   25     0.00001548   
   26     0.00002045   
   27     0.00005370   
   28     0.00002139   
   29     0.00025880   
   30     0.00032023   
   31     0.00002435   
   32     0.00011620   
   33     0.00002914   
   34     0.00013249   
   35     0.00006940   
   36     0.00011050   
   37     0.00036962   
   38     0.00021958   
   39     0.00034411   
   40     0.00094220   
   41     0.00011696   
   42     0.00045468   
   43     0.00070783   
   44     0.00191902   
   45     0.00113235   
   46     0.00067736   
   47     0.00096497   
   48     0.00235736   
   49     0.00085444   
   50     0.00038323   
   51     0.00171083   
   52     0.00035287   
   53     0.00007676   
   54     0.00024159   
   55     0.00009811   
   56     0.00042369   
   57     0.00038020   
   58     0.00020941   
   59     0.00005194   
   60     0.00012142   
   61     0.00002830   
   62     0.00006164   
   63     0.00052327   
   64     0.00017824   
   65     0.00012757   
   66     0.00016329   
   67     0.00007190   
   68     0.00006537   
   69     0.00007434   
   70     0.00000633   
   71     0.00003033   
   72     0.00000239   
   73     0.00001090   
   74     0.00003529   
   75     0.00003523   
   76     0.00005168   
   77     0.00008500   
   78     0.00005889   
   79     0.00011510   
   80     0.00013763   
   81     0.00029507   
   82     0.00033530   
   83     0.00129341   
   84     0.00045681   
   85     0.00081050   
   86     0.00036686   
   87     0.00007600   
   88     0.00003127   
   89     0.00010249   
   90     0.00028886   
   91     0.00049572   
   92     0.00013811   
   93     0.00082296   
   94     0.00020834   
   95     0.00131729   
   96     0.00117061   
   97     0.00099405   
   98     0.00056526   
   99     0.00048804   
  100     0.00045126   
  101     0.00070918   
  102     0.00012152   
  103     0.00017758   
  104     0.00006289   
  105     0.00009373   
  106     0.00003533   
  107     0.00002684   
  108     0.00005157   
  109     0.00002403   
  110     0.00002397   
  111     0.00002991   
  112     0.00009584   
  113     0.00002782   
  114     0.00030138   
  115     0.00055179   
  116     0.00019246   
  117     0.00031580   
  118     0.00491194   
  119     0.00020821   
  120     0.00145161   
  121     0.00085005   
  122     0.00199697   
  123     0.00086128   
  124     0.00049367   
  125     0.00039844   
  126     0.00016012   
  127     0.00030264   
  128     0.00007840   
  129     0.00008734   
  130     0.00003612   
  131     0.00003034   
  132     0.00002618   
  133     0.00002490   
  134     0.00000873   
  135     0.00003465   
  136     0.00006886   
  137     0.00008840   
  138     0.00012615   
  139     0.00003864   
  140     0.00008525   
  141     0.00013621   
  142     0.00030792   
  143     0.00043824   
  144     0.00051419   
  145     0.00023032   
  146     0.00009108   
  147     0.00004905   
  148     0.00006607   
  149     0.00004024   
  150     0.00009072   
  151     0.00006207   
  152     0.00010167   
  153     0.00008784   
  154     0.00011057   
  155     0.00009087   
  156     0.00006052   
  157     0.00001992   
  158     0.00007413   
  159     0.00002972   
  160     0.00014914   
  161     0.00004198   
  162     0.00011301   
  163     0.00006845   
  164     0.00013897   
  165     0.00008564   
  166     0.00010980   
  167     0.00008623   
  168     0.00000903   
  169     0.00004578   
  170     0.00001840   
  171     0.00018616   
  172     0.00012004   
  173     0.00005277   
  174     0.00009112   
  175     0.00012354   
  176     0.00003759   
  177     0.00014313   
  178     0.00004776   
  179     0.00007324   
  180     0.00003297   
  181     0.00000921   
  182     0.00000983   
  183     0.00000777   
  184     0.00001858   
  185     0.00003521   
  186     0.00002774   
  187     0.00014193   
  188     0.00006371   
  189     0.00005146   
  190     0.00002375   
  191     0.00001909   
  192     0.00008355   
  193     0.00028711   
  194     0.00014606   
  195     0.00016147   
  196     0.00030405   
  197     0.00015893   
  198     0.00039291   
  199     0.00006879   
  200     0.00029905   
  201     0.00006105   
  202     0.00055876   
  203     0.00091875   
  204     0.00043693   
  205     0.00098503   
  206     0.00069511   
  207     0.00008425   
  208     0.00011982   
  209     0.00019102   
  210     0.00043078   
  211     0.00025375   
  212     0.00053708   
  213     0.00058438   
  214     0.00013949   
  215     0.00012994   
  216     0.00002859   
  217     0.00001184   
  218     0.00004773   
  219     0.00006424   
  220     0.00020164   
  221     0.00020912   
  222     0.00028547   
  223     0.00030943   
  224     0.00016371   
  225     0.00027682   
  226     0.00036064   
  227     0.00053156   
  228     0.00024037   
  229     0.00109154   
  230     0.00032148   
  231     0.00146223   
  232     0.00258886   
  233     0.00143734   
  234     0.00137389   
  235     0.00166576   
  236     0.00116149   
  237     0.00069242   
  238     0.00024540   
  239     0.00073991   
  240     0.00028076   
  241     0.00130401   
  242     0.00045908   
  243     0.00032568   
  244     0.00012438   
  245     0.00095031   
  246     0.00071227   
  247     0.00023502   
  248     0.00078743   
  249     0.00099636   
  250     0.00198955   
  251     0.00148714   
  252     0.00065010   
  253     0.00118644   
  254     0.00123151   
  255     0.00283212   
  256     0.00417140   
  257     0.00063008   
  258     0.00135260   
  259     0.00169423   
  260     0.00052525   
  261     0.00124315   
  262     0.00065909   
  263     0.00062233   
  264     0.00028521   
  265     0.00021898   
  266     0.00039996   
  267     0.00049844   
  268     0.00036215   
  269     0.00058451   
  270     0.00043566   
  271     0.00049086   
  272     0.00044313   
  273     0.00037228   
  274     0.00060329   
  275     0.00068167   
  276     0.00043707   
  277     0.00008349   
  278     0.00045373   
  279     0.00033318   
  280     0.00034556   
  281     0.00501755   
  282     0.00017345   
  283     0.00119969   
  284     0.00100504   
  285     0.00625469   
  286     0.00204907   
  287     0.00288357   
  288     0.00844239   
  289     0.00027497   
  290     0.00181080   
  291     0.00153038   
  292     0.00151269   
  293     0.00414296   
  294     0.00418581   
  295     0.00047688   
  296     0.00156612   
  297     0.00020964   
  298     0.00122387   
  299     0.00025636   
  300     0.00026578   
  301     0.00033097   
  302     0.00020066   
  303     0.00204626   
  304     0.00162535   
  305     0.00168622   
  306     0.00170272   
  307     0.00088138   
  308     0.00020608   
  309     0.00150892   
  310     0.00028811   
  311     0.00211251   
  312     0.00054527   
  313     0.00058561   
  314     0.00176644   
  315     0.00089419   
  316     0.00018937   
  317     0.00038120   
  318     0.00124117   
  319     0.00526629   
  320     0.00254024   
  321     0.00146835   
  322     0.00092609   
  323     0.00056073   
  324     0.00010514   
  325     0.00022342   
  326     0.00135052   
  327     0.00014540   
  328     0.00019546   
  329     0.00026845   
  330     0.00017958   
  331     0.00010693   
  332     0.00067493   
  333     0.00166318   
  334     0.00068719   
  335     0.00016183   
  336     0.00007981   
  337     0.00001415   
  338     0.00011276   
  339     0.00013588   
  340     0.00023965   
  341     0.00003983   
  342     0.00005807   
  343     0.00003532   
  344     0.00023159   
  345     0.00008775   
  346     0.00023619   
  347     0.00017318   
  348     0.00019825   
  349     0.00024152   
  350     0.00051797   
  351     0.00029096   
  352     0.00027757   
  353     0.00028240   
  354     0.00013825   
  355     0.00015856   
  356     0.00031311   
  357     0.00016163   
  358     0.00009118   
  359     0.00011861   
  360     0.00032281   
  361     0.00033683   
  362     0.00007322   
  363     0.00048252   
  364     0.00013080   
  365     0.00004265   
  366     0.00003092   
  367     0.00003327   
  368     0.00022580   
  369     0.00005661   
  370     0.00035914   
  371     0.00021219   
  372     0.00010234   
  373     0.00020778   
  374     0.00033740   
  375     0.00002390   
  376     0.00004503   
  377     0.00021707   
  378     0.00064990   
  379     0.00039841   
  380     0.00058422   
  381     0.00019863   
  382     0.00030680   
  383     0.00056460   
  384     0.00035474   
  385     0.00022255   
  386     0.00005232   
  387     0.00012176   
  388     0.00011817   
  389     0.00009600   
  390     0.00007460   
  391     0.00004920   
  392     0.00013278   
  393     0.00006187   
  394     0.00022125   
  395     0.00016244   
  396     0.00020663   
  397     0.00027260   
  398     0.00026112   
  399     0.00027453   
  400     0.00038559   
  401     0.00066364   
  402     0.00045276   
  403     0.00041839   
  404     0.00032925   
  405     0.00055347   
  406     0.00019379   
  407     0.00023202   
  408     0.00017416   
  409     0.00002145   
  410     0.00011210   
  411     0.00002342   
  412     0.00013898   
  413     0.00046081   
  414     0.00035481   
  415     0.00014114   
  416     0.00009647   
  417     0.00003539   
  418     0.00006029   
  419     0.00027065   
  420     0.00002044   
  421     0.00002548   
  422     0.00005766   
  423     0.00023673   
  424     0.00010322   
  425     0.00003383   
  426     0.00000680   
  427     0.00078125   
  428     0.00003607   
  429     0.00002504   
  430     0.00010627   
  431     0.00010548   
  432     0.00004414   
  433     0.00012501   
  434     0.00024824   
  435     0.00035760   
  436     0.00060089   
  437     0.00049340   
  438     0.00029029   
  439     0.00131320   
  440     0.00107645   
  441     0.00025784   
  442     0.00080686   
  443     0.00032933   
  444     0.00017939   
  445     0.00042333   
  446     0.00047360   
  447     0.00032302   
  448     0.00011726   
  449     0.00021522   
  450     0.00041541   
  451     0.00032313   
  452     0.00007869   
  453     0.00017385   
  454     0.00006628   
  455     0.00034598   
  456     0.00019709   
  457     0.00017046   
  458     0.00014595   
  459     0.00026905   
  460     0.00054775   
  461     0.00070644   
  462     0.00042685   
  463     0.00035947   
  464     0.00116011   
  465     0.00025756   
  466     0.00164334   
  467     0.00044734   
  468     0.00023882   
  469     0.00006335   
  470     0.00007248   
  471     0.00004239   
  472     0.00032132   
  473     0.00020282   
  474     0.00009305   
  475     0.00038904   
  476     0.00003003   
  477     0.00002869   
  478     0.00006746   
  479     0.00013544   
  480     0.00071019   
  481     0.00062637   
  482     0.00017302   
  483     0.00037774   
  484     0.00047240   
  485     0.00120519   
  486     0.00049174   
  487     0.00075515   
  488     0.00027581   
  489     0.00088529   
  490     0.00055687   
  491     0.00003145   
  492     0.00035630   
  493     0.00070349   
  494     0.00013426   
  495     0.00023162   
  496     0.00017809   
  497     0.00006163   
  498     0.00041782   
  499     0.00028959   
  500     0.00011975   
  501     0.00013807   
  502     0.00029025   
  503     0.00029737   
  504     0.00034422   
  505     0.00047906   
  506     0.00008592   
  507     0.00014354   
  508     0.00010609   
  509     0.00035397   
  510     0.00019444   
  511     0.00045764   
  512     0.00023601   
  513     0.00019687   
  514     0.00022616   
  515     0.00088978   
  516     0.00024972   
  517     0.00007154   
  518     0.00023847   
  519     0.00127601   
  520     0.00008614   
  521     0.00007189   
  522     0.00016468   
  523     0.00036352   
  524     0.00028413   
  525     0.00025974   
  526     0.00036273   
  527     0.00045433   
  528     0.00033777   
  529     0.00030501   
  530     0.00069473   
  531     0.00042197   
  532     0.00038899   
  533     0.00018623   
  534     0.00045081   
  535     0.00282395   
  536     0.00025809   
  537     0.00018416   
  538     0.00030408   
  539     0.00032044   
  540     0.00112782   
  541     0.00059694   
  542     0.00035272   
  543     0.00085737   
  544     0.00052508   
  545     0.00195795   
  546     0.00196974   
  547     0.00175903   
  548     0.00150128   
  549     0.00266910   
  550     0.00112764   
  551     0.00253742   
  552     0.00535429   
  553     0.00090120   
  554     0.00253142   
  555     0.00105728   
  556     0.00077210   
  557     0.00054265   
  558     0.00028326   
  559     0.00025194   
  560     0.00069866   
  561     0.00071963   
  562     0.00298069   
  563     0.00024704   
  564     0.00070602   
  565     0.00044081   
  566     0.00021618   
  567     0.00113255   
  568     0.00065549   
  569     0.00072582   
  570     0.00035100   
  571     0.00035667   
  572     0.00041207   
  573     0.00001971   
  574     0.00016954   
  575     0.00006338   
  576     0.00003814   
  577     0.00021285   
  578     0.00008472   
  579     0.00012640   
  580     0.00051240   
  581     0.00050652   
  582     0.00007673   
  583     0.00008566   
  584     0.00006744   
  585     0.00007439   
  586     0.00010101   
  587     0.00002539   
  588     0.00022682   
  589     0.00037164   
  590     0.00079871   
  591     0.00084302   
  592     0.00116270   
  593     0.00103864   
  594     0.00102816   
  595     0.00164666   
  596     0.00014663   
  597     0.00042904   
  598     0.00040292   
  599     0.00147142   
  600     0.00078220   
  601     0.00024031   
  602     0.00159364   
  603     0.00221226   
  604     0.00083784   
  605     0.00453888   
  606     0.00398859   
  607     0.00056413   
  608     0.00137073   
  609     0.00006842   
  610     0.00027178   
  611     0.00049441   
  612     0.00076608   
  613     0.00087433   
  614     0.00163410   
  615     0.00188023   
  616     0.00228055   
  617     0.00215186   
  618     0.00074351   
  619     0.00198661   
  620     0.00116615   
  621     0.00111387   
  622     0.00027249   
  623     0.00038597   
  624     0.00017391   
    1     0.00003089   
    2     0.00001847   
    3     0.00001599   
    4     0.00001697   
    5     0.00001394   
    6     0.00000771   
    7     0.00001670   
    8     0.00000516   
    9     0.00000555   
   10     0.00000195   
   11     0.00000160   
   12     0.00000145   
   13     0.00000522   
   14     0.00001578   
   15     0.00000721   
   16     0.00001080   
   17     0.00000684   
   18     0.00000250   
   19     0.00001073   
   20     0.00001204   
   21     0.00000517   
   22     0.00000159   
   23     0.00001276   
   24     0.00001297   
   25     0.00000278   
   26     0.00000515   
   27     0.00002257   
   28     0.00000978   
   29     0.00006707   
   30     0.00008110   
   31     0.00001825   
   32     0.00006005   
   33     0.00003062   
   34     0.00003011   
   35     0.00001319   
   36     0.00001159   
   37     0.00005277   
   38     0.00002780   
   39     0.00003550   
   40     0.00007495   
   41     0.00000180   
   42     0.00008079   
   43     0.00012479   
   44     0.00034732   
   45     0.00047016   
   46     0.00033203   
   47     0.00065022   
   48     0.00058896   
   49     0.00029338   
   50     0.00005915   
   51     0.00028362   
   52     0.00018128   
   53     0.00003158   
   54     0.00005941   
   55     0.00000774   
   56     0.00024970   
   57     0.00008362   
   58     0.00007236   
   59     0.00002927   
   60     0.00004070   
   61     0.00000579   
   62     0.00000654   
   63     0.00022222   
   64     0.00007836   
   65     0.00004380   
   66     0.00001733   
   67     0.00000863   
   68     0.00001278   
   69     0.00001557   
   70     0.00000209   
   71     0.00000659   
   72     0.00000042   
   73     0.00000322   
   74     0.00001374   
   75     0.00001042   
   76     0.00001148   
   77     0.00001576   
   78     0.00001886   
   79     0.00001196   
   80     0.00004063   
   81     0.00005141   
   82     0.00007007   
   83     0.00077804   
   84     0.00021124   
   85     0.00022150   
   86     0.00005870   
   87     0.00006956   
   88     0.00002194   
   89     0.00002651   
   90     0.00009232   
   91     0.00003007   
   92     0.00002409   
   93     0.00009545   
   94     0.00005578   
   95     0.00006047   
   96     0.00016657   
   97     0.00009943   
   98     0.00005904   
   99     0.00004593   
  100     0.00011416   
  101     0.00004830   
  102     0.00002370   
  103     0.00002375   
  104     0.00001596   
  105     0.00000909   
  106     0.00000836   
  107     0.00000427   
  108     0.00000741   
  109     0.00000399   
  110     0.00000342   
  111     0.00000556   
  112     0.00002407   
  113     0.00000674   
  114     0.00001841   
  115     0.00003075   
  116     0.00001915   
  117     0.00003587   
  118     0.00016609   
  119     0.00002610   
  120     0.00013519   
  121     0.00006159   
  122     0.00059465   
  123     0.00012158   
  124     0.00007316   
  125     0.00006028   
  126     0.00004073   
  127     0.00003510   
  128     0.00002858   
  129     0.00000538   
  130     0.00001596   
  131     0.00000663   
  132     0.00001936   
  133     0.00003883   
  134     0.00000370   
  135     0.00001688   
  136     0.00003015   
  137     0.00001638   
  138     0.00002320   
  139     0.00001073   
  140     0.00002136   
  141     0.00007920   
  142     0.00015357   
  143     0.00014966   
  144     0.00017294   
  145     0.00008701   
  146     0.00003068   
  147     0.00001244   
  148     0.00001592   
  149     0.00000880   
  150     0.00004809   
  151     0.00003887   
  152     0.00007372   
  153     0.00002410   
  154     0.00003721   
  155     0.00002237   
  156     0.00001814   
  157     0.00002066   
  158     0.00002999   
  159     0.00001071   
  160     0.00002619   
  161     0.00001114   
  162     0.00002219   
  163     0.00001900   
  164     0.00002491   
  165     0.00002900   
  166     0.00003931   
  167     0.00002019   
  168     0.00000709   
  169     0.00002583   
  170     0.00000749   
  171     0.00006966   
  172     0.00004589   
  173     0.00002020   
  174     0.00004464   
  175     0.00003320   
  176     0.00000948   
  177     0.00002759   
  178     0.00000724   
  179     0.00003082   
  180     0.00001877   
  181     0.00000912   
  182     0.00000716   
  183     0.00000407   
  184     0.00001972   
  185     0.00001771   
  186     0.00001693   
  187     0.00007403   
  188     0.00002289   
  189     0.00001173   
  190     0.00000680   
  191     0.00000787   
  192     0.00003416   
  193     0.00011291   
  194     0.00004465   
  195     0.00004155   
  196     0.00005255   
  197     0.00005091   
  198     0.00007445   
  199     0.00001354   
  200     0.00010591   
  201     0.00005985   
  202     0.00013321   
  203     0.00043765   
  204     0.00012393   
  205     0.00023981   
  206     0.00030689   
  207     0.00004593   
  208     0.00002046   
  209     0.00004736   
  210     0.00005520   
  211     0.00002040   
  212     0.00010540   
  213     0.00010381   
  214     0.00002203   
  215     0.00002734   
  216     0.00000357   
  217     0.00000369   
  218     0.00000884   
  219     0.00001935   
  220     0.00003601   
  221     0.00005122   
  222     0.00005329   
  223     0.00007378   
  224     0.00006457   
  225     0.00005460   
  226     0.00004530   
  227     0.00012650   
  228     0.00013883   
  229     0.00027318   
  230     0.00006399   
  231     0.00027300   
  232     0.00079850   
  233     0.00019989   
  234     0.00036581   
  235     0.00053623   
  236     0.00010925   
  237     0.00003290   
  238     0.00028496   
  239     0.00000675   
  240     0.00001804   
  241     0.00007663   
  242     0.00002160   
  243     0.00001567   
  244     0.00002201   
  245     0.00007583   
  246     0.00015652   
  247     0.00011811   
  248     0.00011896   
  249     0.00007035   
  250     0.00029735   
  251     0.00012463   
  252     0.00022092   
  253     0.00025087   
  254     0.00054013   
  255     0.00008825   
  256     0.00031038   
  257     0.00003120   
  258     0.00026360   
  259     0.00033882   
  260     0.00032124   
  261     0.00060571   
  262     0.00036948   
  263     0.00030979   
  264     0.00015652   
  265     0.00007087   
  266     0.00037039   
  267     0.00013242   
  268     0.00016490   
  269     0.00003694   
  270     0.00008251   
  271     0.00007263   
  272     0.00058433   
  273     0.00009512   
  274     0.00017926   
  275     0.00020284   
  276     0.00026066   
  277     0.00005402   
  278     0.00050531   
  279     0.00036144   
  280     0.00067998   
  281     0.00489951   
  282     0.00020001   
  283     0.00087036   
  284     0.00209073   
  285     0.00793882   
  286     0.00282184   
  287     0.00384385   
  288     0.01159230   
  289     0.00033037   
  290     0.00300396   
  291     0.00274229   
  292     0.00216733   
  293     0.00585510   
  294     0.00703027   
  295     0.00080923   
  296     0.00293359   
  297     0.00029700   
  298     0.00049366   
  299     0.00060938   
  300     0.00014150   
  301     0.00011024   
  302     0.00013602   
  303     0.00072636   
  304     0.00078203   
  305     0.00052625   
  306     0.00023614   
  307     0.00047711   
  308     0.00026211   
  309     0.00212016   
  310     0.00059494   
  311     0.00267823   
  312     0.00068384   
  313     0.00083168   
  314     0.00161386   
  315     0.00109023   
  316     0.00051540   
  317     0.00053889   
  318     0.00172470   
  319     0.00705372   
  320     0.00369206   
  321     0.00129915   
  322     0.00072264   
  323     0.00032458   
  324     0.00019085   
  325     0.00018659   
  326     0.00065502   
  327     0.00003235   
  328     0.00007364   
  329     0.00007585   
  330     0.00012667   
  331     0.00003460   
  332     0.00029848   
  333     0.00013510   
  334     0.00010855   
  335     0.00002179   
  336     0.00012995   
  337     0.00001085   
  338     0.00004172   
  339     0.00007887   
  340     0.00067101   
  341     0.00007134   
  342     0.00006745   
  343     0.00006178   
  344     0.00007747   
  345     0.00023967   
  346     0.00023408   
  347     0.00019646   
  348     0.00059351   
  349     0.00052567   
  350     0.00031120   
  351     0.00023277   
  352     0.00037280   
  353     0.00031813   
  354     0.00009432   
  355     0.00051273   
  356     0.00037761   
  357     0.00014606   
  358     0.00014631   
  359     0.00026690   
  360     0.00023399   
  361     0.00019309   
  362     0.00004983   
  363     0.00015736   
  364     0.00004028   
  365     0.00000958   
  366     0.00000958   
  367     0.00001472   
  368     0.00007281   
  369     0.00004789   
  370     0.00029660   
  371     0.00016556   
  372     0.00087414   
  373     0.00034987   
  374     0.00037205   
  375     0.00067214   
  376     0.00006257   
  377     0.00072813   
  378     0.00089747   
  379     0.00071540   
  380     0.00074203   
  381     0.00042969   
  382     0.00055875   
  383     0.00038642   
  384     0.00077095   
  385     0.00046561   
  386     0.00014326   
  387     0.00023743   
  388     0.00025471   
  389     0.00005874   
  390     0.00003775   
  391     0.00000516   
  392     0.00011893   
  393     0.00004364   
  394     0.00019175   
  395     0.00010558   
  396     0.00008823   
  397     0.00023410   
  398     0.00034707   
  399     0.00030906   
  400     0.00056784   
  401     0.00116533   
  402     0.00031230   
  403     0.00015165   
  404     0.00046117   
  405     0.00047832   
  406     0.00014386   
  407     0.00014069   
  408     0.00011774   
  409     0.00012664   
  410     0.00002015   
  411     0.00002179   
  412     0.00008300   
  413     0.00075368   
  414     0.00025443   
  415     0.00042128   
  416     0.00064268   
  417     0.00004432   
  418     0.00004750   
  419     0.00046546   
  420     0.00023312   
  421     0.00006285   
  422     0.00024308   
  423     0.00039257   
  424     0.00022622   
  425     0.00003663   
  426     0.00001154   
  427     0.00030966   
  428     0.00014024   
  429     0.00048535   
  430     0.00049434   
  431     0.00038580   
  432     0.00022051   
  433     0.00011711   
  434     0.00068603   
  435     0.00020425   
  436     0.00009282   
  437     0.00005996   
  438     0.00011071   
  439     0.00033794   
  440     0.00056733   
  441     0.00019696   
  442     0.00082333   
  443     0.00059207   
  444     0.00022110   
  445     0.00011364   
  446     0.00019631   
  447     0.00054903   
  448     0.00075581   
  449     0.00077707   
  450     0.00059435   
  451     0.00039221   
  452     0.00095473   
  453     0.00020927   
  454     0.00032465   
  455     0.00085493   
  456     0.00050105   
  457     0.00035703   
  458     0.00024107   
  459     0.00005471   
  460     0.00025397   
  461     0.00006610   
  462     0.00035306   
  463     0.00011463   
  464     0.00057407   
  465     0.00062076   
  466     0.00045917   
  467     0.00029935   
  468     0.00028432   
  469     0.00016229   
  470     0.00005015   
  471     0.00005569   
  472     0.00050223   
  473     0.00023232   
  474     0.00007942   
  475     0.00065811   
  476     0.00006898   
  477     0.00004206   
  478     0.00015927   
  479     0.00006588   
  480     0.00070720   
  481     0.00062627   
  482     0.00025692   
  483     0.00040359   
  484     0.00028191   
  485     0.00022589   
  486     0.00010766   
  487     0.00007227   
  488     0.00019255   
  489     0.00067513   
  490     0.00036012   
  491     0.00033533   
  492     0.00025733   
  493     0.00014987   
  494     0.00023073   
  495     0.00017923   
  496     0.00019059   
  497     0.00007028   
  498     0.00029655   
  499     0.00012816   
  500     0.00041245   
  501     0.00016103   
  502     0.00039095   
  503     0.00013509   
  504     0.00090961   
  505     0.00030812   
  506     0.00047649   
  507     0.00019579   
  508     0.00021914   
  509     0.00011505   
  510     0.00012686   
  511     0.00059465   
  512     0.00039444   
  513     0.00009479   
  514     0.00004400   
  515     0.00077049   
  516     0.00013919   
  517     0.00006996   
  518     0.00037221   
  519     0.00539478   
  520     0.00011882   
  521     0.00009568   
  522     0.00053544   
  523     0.00078088   
  524     0.00019013   
  525     0.00020408   
  526     0.00015082   
  527     0.00045659   
  528     0.00056456   
  529     0.00051380   
  530     0.00052283   
  531     0.00043084   
  532     0.00073920   
  533     0.00173381   
  534     0.00050656   
  535     0.00137586   
  536     0.00109998   
  537     0.00086769   
  538     0.00047033   
  539     0.00078413   
  540     0.00024772   
  541     0.00023353   
  542     0.00049591   
  543     0.00002277   
  544     0.00004879   
  545     0.00012598   
  546     0.00006236   
  547     0.00020192   
  548     0.00011168   
  549     0.00035502   
  550     0.00012135   
  551     0.00030025   
  552     0.00062302   
  553     0.00007986   
  554     0.00013100   
  555     0.00012259   
  556     0.00008112   
  557     0.00005333   
  558     0.00002072   
  559     0.00001728   
  560     0.00005896   
  561     0.00009252   
  562     0.00018411   
  563     0.00005987   
  564     0.00022761   
  565     0.00085637   
  566     0.00017278   
  567     0.00035969   
  568     0.00058709   
  569     0.00020180   
  570     0.00053380   
  571     0.00017184   
  572     0.00045609   
  573     0.00026835   
  574     0.00128166   
  575     0.00025848   
  576     0.00014140   
  577     0.00066375   
  578     0.00036688   
  579     0.00051404   
  580     0.00064417   
  581     0.00090250   
  582     0.00006325   
  583     0.00041472   
  584     0.00028813   
  585     0.00007674   
  586     0.00037874   
  587     0.00061224   
  588     0.00082626   
  589     0.00054675   
  590     0.00383866   
  591     0.00251061   
  592     0.00085675   
  593     0.00176058   
  594     0.00447270   
  595     0.00244164   
  596     0.00153656   
  597     0.00111781   
  598     0.00039516   
  599     0.00192608   
  600     0.00056305   
  601     0.00045340   
  602     0.00023718   
  603     0.00051986   
  604     0.00023014   
  605     0.00036177   
  606     0.00041028   
  607     0.00069242   
  608     0.00142861   
  609     0.00067804   
  610     0.00147925   
  611     0.00172163   
  612     0.00191197   
  613     0.00149268   
  614     0.00565965   
  615     0.00484297   
  616     0.00909103   
  617     0.00422335   
  618     0.00336771   
  619     0.00640506   
  620     0.00504166   
  621     0.00196162   
  622     0.00133223   
  623     0.00090429   
  624     0.00074386   
