    1     0.00001496   
    2     0.00001286   
    3     0.00002288   
    4     0.00001503   
    5     0.00002221   
    6     0.00001383   
    7     0.00001111   
    8     0.00002805   
    9     0.00013917   
   10     0.00005020   
   11     0.00017813   
   12     0.00004204   
   13     0.00004777   
   14     0.00008901   
   15     0.00005590   
   16     0.00004924   
   17     0.00003039   
   18     0.00003610   
   19     0.00005563   
   20     0.00001094   
   21     0.00001801   
   22     0.00004803   
   23     0.00002791   
   24     0.00006418   
   25     0.00000743   
   26     0.00001699   
   27     0.00008310   
   28     0.00003391   
   29     0.00002047   
   30     0.00001849   
   31     0.00001008   
   32     0.00000923   
   33     0.00003271   
   34     0.00001336   
   35     0.00004209   
   36     0.00006033   
   37     0.00015705   
   38     0.00010806   
   39     0.00006702   
   40     0.00012912   
   41     0.00009441   
   42     0.00112101   
   43     0.00077241   
   44     0.00035161   
   45     0.00057695   
   46     0.00076503   
   47     0.00062079   
   48     0.00025537   
   49     0.00041064   
   50     0.00008893   
   51     0.00009178   
   52     0.00006822   
   53     0.00003112   
   54     0.00014369   
   55     0.00007233   
   56     0.00001770   
   57     0.00009497   
   58     0.00000734   
   59     0.00012983   
   60     0.00003464   
   61     0.00012236   
   62     0.00018329   
   63     0.00002910   
   64     0.00010586   
   65     0.00010573   
   66     0.00021268   
   67     0.00017938   
   68     0.00003833   
   69     0.00004664   
   70     0.00034939   
   71     0.00034844   
   72     0.00009959   
   73     0.00007970   
   74     0.00008561   
   75     0.00003458   
   76     0.00002153   
   77     0.00006008   
   78     0.00008603   
   79     0.00002239   
   80     0.00002368   
   81     0.00034706   
   82     0.00008008   
   83     0.00002389   
   84     0.00002911   
   85     0.00005965   
   86     0.00012418   
   87     0.00005534   
   88     0.00003741   
   89     0.00016809   
   90     0.00011943   
   91     0.00013036   
   92     0.00013426   
   93     0.00009059   
   94     0.00006471   
   95     0.00014460   
   96     0.00019976   
   97     0.00014712   
   98     0.00006902   
   99     0.00014830   
  100     0.00011728   
  101     0.00006638   
  102     0.00005773   
  103     0.00002294   
  104     0.00005773   
  105     0.00037452   
  106     0.00015353   
  107     0.00000407   
  108     0.00000491   
  109     0.00001836   
  110     0.00006479   
  111     0.00028218   
  112     0.00008329   
  113     0.00002754   
  114     0.00017711   
  115     0.00013715   
  116     0.00004216   
  117     0.00005501   
  118     0.00031621   
  119     0.00006449   
  120     0.00002965   
  121     0.00004738   
  122     0.00008014   
  123     0.00002721   
  124     0.00006271   
  125     0.00013941   
  126     0.00003350   
  127     0.00013788   
  128     0.00005422   
  129     0.00011921   
  130     0.00015255   
  131     0.00005383   
  132     0.00008270   
  133     0.00005688   
  134     0.00009185   
  135     0.00007311   
  136     0.00001309   
  137     0.00001514   
  138     0.00001453   
  139     0.00000806   
  140     0.00001448   
  141     0.00003819   
  142     0.00013577   
  143     0.00002557   
  144     0.00003753   
  145     0.00010576   
  146     0.00004335   
  147     0.00013900   
  148     0.00001857   
  149     0.00001967   
  150     0.00004422   
  151     0.00003723   
  152     0.00003255   
  153     0.00001518   
  154     0.00005010   
  155     0.00000635   
  156     0.00000974   
  157     0.00003000   
  158     0.00001283   
  159     0.00000334   
  160     0.00001944   
  161     0.00003689   
  162     0.00001472   
  163     0.00001454   
  164     0.00000598   
  165     0.00000198   
  166     0.00000104   
  167     0.00001359   
  168     0.00002199   
  169     0.00012005   
  170     0.00004484   
  171     0.00001258   
  172     0.00003442   
  173     0.00004726   
  174     0.00002534   
  175     0.00003906   
  176     0.00010968   
  177     0.00017503   
  178     0.00007109   
  179     0.00005858   
  180     0.00003319   
  181     0.00013668   
  182     0.00005771   
  183     0.00002390   
  184     0.00002189   
  185     0.00009145   
  186     0.00001453   
  187     0.00001304   
  188     0.00005928   
  189     0.00001346   
  190     0.00003636   
  191     0.00000523   
  192     0.00001668   
  193     0.00001278   
  194     0.00000526   
  195     0.00003172   
  196     0.00000850   
  197     0.00002894   
  198     0.00008075   
  199     0.00003540   
  200     0.00001770   
  201     0.00002520   
  202     0.00001202   
  203     0.00000984   
  204     0.00001370   
  205     0.00003768   
  206     0.00001518   
  207     0.00002701   
  208     0.00002251   
  209     0.00003004   
  210     0.00025737   
  211     0.00005496   
  212     0.00002257   
  213     0.00003493   
  214     0.00003841   
  215     0.00007035   
  216     0.00002133   
  217     0.00002196   
  218     0.00002440   
  219     0.00001623   
  220     0.00000773   
  221     0.00003962   
  222     0.00003062   
  223     0.00000745   
  224     0.00001954   
  225     0.00025395   
  226     0.00003021   
  227     0.00007752   
  228     0.00005423   
  229     0.00005196   
  230     0.00002216   
  231     0.00002019   
  232     0.00003150   
  233     0.00002203   
  234     0.00009283   
  235     0.00003060   
  236     0.00002064   
  237     0.00005217   
  238     0.00007575   
  239     0.00003076   
  240     0.00009826   
  241     0.00002959   
  242     0.00003540   
  243     0.00001863   
  244     0.00010443   
  245     0.00000929   
  246     0.00001027   
  247     0.00000602   
  248     0.00010091   
  249     0.00000807   
  250     0.00014322   
  251     0.00001808   
  252     0.00004187   
  253     0.00002003   
  254     0.00001338   
  255     0.00004189   
  256     0.00000850   
  257     0.00012325   
  258     0.00006677   
  259     0.00003429   
  260     0.00001272   
  261     0.00002200   
  262     0.00001802   
  263     0.00001983   
  264     0.00001298   
  265     0.00001130   
  266     0.00001811   
  267     0.00001151   
  268     0.00001556   
  269     0.00001017   
  270     0.00001754   
  271     0.00005159   
  272     0.00001163   
  273     0.00000405   
  274     0.00000748   
  275     0.00001691   
  276     0.00000899   
  277     0.00000500   
  278     0.00001144   
  279     0.00001165   
  280     0.00001249   
  281     0.00001969   
  282     0.00002684   
  283     0.00004542   
  284     0.00002872   
  285     0.00003771   
  286     0.00011494   
  287     0.00026390   
  288     0.00012840   
  289     0.00019039   
  290     0.00004882   
  291     0.00016917   
  292     0.00002058   
  293     0.00009833   
  294     0.00035904   
  295     0.00009365   
  296     0.00012156   
  297     0.00001921   
  298     0.00012164   
  299     0.00001070   
  300     0.00007327   
  301     0.00000498   
  302     0.00000579   
  303     0.00000370   
  304     0.00000498   
  305     0.00003322   
  306     0.00000087   
  307     0.00000569   
  308     0.00001254   
  309     0.00000612   
  310     0.00000262   
  311     0.00000313   
  312     0.00000873   
  313     0.00000954   
  314     0.00000217   
  315     0.00000090   
  316     0.00002132   
  317     0.00000273   
  318     0.00000058   
  319     0.00000238   
  320     0.00000238   
  321     0.00000120   
  322     0.00000233   
  323     0.00000848   
  324     0.00000412   
  325     0.00000117   
  326     0.00000360   
  327     0.00001585   
  328     0.00000802   
  329     0.00000591   
  330     0.00000249   
  331     0.00000372   
  332     0.00000397   
  333     0.00000087   
  334     0.00000968   
  335     0.00000183   
  336     0.00000431   
  337     0.00000638   
  338     0.00001247   
  339     0.00001303   
  340     0.00001200   
  341     0.00000510   
  342     0.00000312   
  343     0.00005536   
  344     0.00001298   
  345     0.00006041   
  346     0.00003200   
  347     0.00000958   
  348     0.00000914   
  349     0.00001380   
  350     0.00001699   
  351     0.00000227   
  352     0.00000629   
  353     0.00000294   
  354     0.00000146   
  355     0.00000037   
  356     0.00000256   
  357     0.00000720   
  358     0.00000223   
  359     0.00000468   
  360     0.00000572   
  361     0.00001491   
  362     0.00002068   
  363     0.00002842   
  364     0.00000193   
  365     0.00002938   
  366     0.00000284   
  367     0.00002185   
  368     0.00002988   
  369     0.00004233   
  370     0.00003405   
  371     0.00001857   
  372     0.00003512   
  373     0.00011866   
  374     0.00006196   
  375     0.00002762   
  376     0.00001795   
  377     0.00010328   
  378     0.00002190   
  379     0.00001005   
  380     0.00002683   
  381     0.00002790   
  382     0.00001467   
  383     0.00002515   
  384     0.00002271   
  385     0.00004582   
  386     0.00006508   
  387     0.00006742   
  388     0.00019741   
  389     0.00019363   
  390     0.00026390   
  391     0.00016619   
  392     0.00035606   
  393     0.00012439   
  394     0.00015860   
  395     0.00008646   
  396     0.00019297   
  397     0.00038071   
  398     0.00002589   
  399     0.00002991   
  400     0.00006882   
  401     0.00002946   
  402     0.00012079   
  403     0.00004768   
  404     0.00039956   
  405     0.00009583   
  406     0.00006683   
  407     0.00009168   
  408     0.00003177   
  409     0.00005797   
  410     0.00009641   
  411     0.00026905   
  412     0.00009411   
  413     0.00011936   
  414     0.00024119   
  415     0.00013123   
  416     0.00020809   
  417     0.00024192   
  418     0.00057139   
  419     0.00027743   
  420     0.00015056   
  421     0.00003983   
  422     0.00012478   
  423     0.00006604   
  424     0.00016447   
  425     0.00008702   
  426     0.00007301   
  427     0.00001708   
  428     0.00001578   
  429     0.00037409   
  430     0.00001773   
  431     0.00003345   
  432     0.00000853   
  433     0.00003614   
  434     0.00005787   
  435     0.00004610   
  436     0.00009351   
  437     0.00011158   
  438     0.00019383   
  439     0.00010719   
  440     0.00009754   
  441     0.00002730   
  442     0.00010674   
  443     0.00003663   
  444     0.00018756   
  445     0.00005344   
  446     0.00006107   
  447     0.00008317   
  448     0.00003481   
  449     0.00002780   
  450     0.00001129   
  451     0.00002846   
  452     0.00001062   
  453     0.00007162   
  454     0.00018116   
  455     0.00005681   
  456     0.00009026   
  457     0.00014520   
  458     0.00004841   
  459     0.00024731   
  460     0.00011727   
  461     0.00004191   
  462     0.00003546   
  463     0.00001650   
  464     0.00000500   
  465     0.00001686   
  466     0.00000401   
  467     0.00002917   
  468     0.00002007   
  469     0.00000886   
  470     0.00005204   
  471     0.00007430   
  472     0.00002426   
  473     0.00004374   
  474     0.00020742   
  475     0.00007146   
  476     0.00013653   
  477     0.00009134   
  478     0.00025995   
  479     0.00009824   
  480     0.00012848   
  481     0.00025565   
  482     0.00031812   
  483     0.00017643   
  484     0.00007571   
  485     0.00023791   
  486     0.00010807   
  487     0.00019226   
  488     0.00017010   
  489     0.00007315   
  490     0.00006364   
  491     0.00001054   
  492     0.00002370   
  493     0.00002923   
  494     0.00000609   
  495     0.00009998   
  496     0.00004817   
  497     0.00020606   
  498     0.00024391   
  499     0.00011396   
  500     0.00008006   
  501     0.00004853   
  502     0.00005378   
  503     0.00017419   
  504     0.00007048   
  505     0.00004058   
  506     0.00023347   
  507     0.00021272   
  508     0.00004027   
  509     0.00005824   
  510     0.00013344   
  511     0.00008682   
  512     0.00052283   
  513     0.00002720   
  514     0.00011408   
  515     0.00014071   
  516     0.00008961   
  517     0.00003287   
  518     0.00004540   
  519     0.00003411   
  520     0.00002103   
  521     0.00002008   
  522     0.00002004   
  523     0.00001841   
  524     0.00000923   
  525     0.00002210   
  526     0.00005529   
  527     0.00002525   
  528     0.00003161   
  529     0.00003571   
  530     0.00006176   
  531     0.00005942   
  532     0.00000276   
  533     0.00003809   
  534     0.00005683   
  535     0.00002097   
  536     0.00003999   
  537     0.00002521   
  538     0.00000565   
  539     0.00001904   
  540     0.00001965   
  541     0.00000485   
  542     0.00002278   
  543     0.00001338   
  544     0.00001193   
  545     0.00001245   
  546     0.00001971   
  547     0.00001548   
  548     0.00000741   
  549     0.00000305   
  550     0.00002844   
  551     0.00000240   
  552     0.00000194   
  553     0.00000554   
  554     0.00000529   
  555     0.00000240   
  556     0.00000522   
  557     0.00001894   
  558     0.00000277   
  559     0.00000577   
  560     0.00000423   
  561     0.00000951   
  562     0.00001862   
  563     0.00000460   
  564     0.00000616   
  565     0.00000572   
  566     0.00002452   
  567     0.00000437   
  568     0.00001284   
  569     0.00000681   
  570     0.00000237   
  571     0.00000521   
  572     0.00000417   
  573     0.00000290   
  574     0.00000194   
  575     0.00000369   
  576     0.00001143   
  577     0.00000145   
  578     0.00000094   
  579     0.00000093   
  580     0.00000088   
  581     0.00001961   
  582     0.00000219   
  583     0.00000398   
  584     0.00000730   
  585     0.00000704   
  586     0.00000583   
  587     0.00001101   
  588     0.00001812   
  589     0.00000684   
  590     0.00001183   
  591     0.00000832   
  592     0.00002503   
  593     0.00002231   
  594     0.00001741   
  595     0.00003890   
  596     0.00001392   
  597     0.00000691   
  598     0.00001221   
  599     0.00001571   
  600     0.00000783   
  601     0.00001003   
  602     0.00000121   
  603     0.00000130   
  604     0.00000112   
  605     0.00000134   
    1     0.00000875   
    2     0.00000485   
    3     0.00000572   
    4     0.00000478   
    5     0.00000256   
    6     0.00000625   
    7     0.00001979   
    8     0.00000835   
    9     0.00002043   
   10     0.00001761   
   11     0.00001074   
   12     0.00000362   
   13     0.00001138   
   14     0.00004236   
   15     0.00000635   
   16     0.00000280   
   17     0.00002643   
   18     0.00001220   
   19     0.00001211   
   20     0.00000454   
   21     0.00001886   
   22     0.00001070   
   23     0.00005342   
   24     0.00006175   
   25     0.00002219   
   26     0.00003444   
   27     0.00008165   
   28     0.00006630   
   29     0.00012607   
   30     0.00010046   
   31     0.00002883   
   32     0.00005169   
   33     0.00002239   
   34     0.00008707   
   35     0.00001952   
   36     0.00003981   
   37     0.00002173   
   38     0.00001501   
   39     0.00003142   
   40     0.00000924   
   41     0.00000389   
   42     0.00001623   
   43     0.00009403   
   44     0.00025612   
   45     0.00007623   
   46     0.00009168   
   47     0.00025678   
   48     0.00020581   
   49     0.00015105   
   50     0.00016711   
   51     0.00045853   
   52     0.00035976   
   53     0.00004744   
   54     0.00014559   
   55     0.00007734   
   56     0.00065836   
   57     0.00027270   
   58     0.00006672   
   59     0.00003982   
   60     0.00001437   
   61     0.00002534   
   62     0.00004137   
   63     0.00021897   
   64     0.00003425   
   65     0.00004466   
   66     0.00001939   
   67     0.00002190   
   68     0.00000626   
   69     0.00003246   
   70     0.00000364   
   71     0.00001907   
   72     0.00000924   
   73     0.00001457   
   74     0.00002328   
   75     0.00002840   
   76     0.00001830   
   77     0.00002316   
   78     0.00003995   
   79     0.00002509   
   80     0.00001844   
   81     0.00002547   
   82     0.00005264   
   83     0.00013661   
   84     0.00002592   
   85     0.00002550   
   86     0.00004960   
   87     0.00000456   
   88     0.00000329   
   89     0.00000484   
   90     0.00002162   
   91     0.00002476   
   92     0.00000669   
   93     0.00000598   
   94     0.00000413   
   95     0.00001444   
   96     0.00001567   
   97     0.00001791   
   98     0.00012967   
   99     0.00002207   
  100     0.00004475   
  101     0.00001014   
  102     0.00000259   
  103     0.00001315   
  104     0.00001057   
  105     0.00000512   
  106     0.00000214   
  107     0.00000248   
  108     0.00000794   
  109     0.00000563   
  110     0.00000525   
  111     0.00000848   
  112     0.00001770   
  113     0.00000550   
  114     0.00002631   
  115     0.00001194   
  116     0.00001496   
  117     0.00003184   
  118     0.00007099   
  119     0.00001189   
  120     0.00000725   
  121     0.00002112   
  122     0.00005707   
  123     0.00003515   
  124     0.00000984   
  125     0.00007104   
  126     0.00001682   
  127     0.00001290   
  128     0.00004782   
  129     0.00001524   
  130     0.00003656   
  131     0.00003833   
  132     0.00006897   
  133     0.00007125   
  134     0.00002052   
  135     0.00005066   
  136     0.00008415   
  137     0.00004880   
  138     0.00003858   
  139     0.00001609   
  140     0.00001997   
  141     0.00001364   
  142     0.00003090   
  143     0.00002105   
  144     0.00026492   
  145     0.00020976   
  146     0.00001236   
  147     0.00000522   
  148     0.00000923   
  149     0.00000138   
  150     0.00000314   
  151     0.00000986   
  152     0.00001618   
  153     0.00000949   
  154     0.00001501   
  155     0.00001866   
  156     0.00002251   
  157     0.00004269   
  158     0.00014295   
  159     0.00004487   
  160     0.00006263   
  161     0.00001109   
  162     0.00001148   
  163     0.00000539   
  164     0.00001406   
  165     0.00000612   
  166     0.00001649   
  167     0.00000612   
  168     0.00000210   
  169     0.00001620   
  170     0.00000254   
  171     0.00001180   
  172     0.00006122   
  173     0.00000944   
  174     0.00003750   
  175     0.00002043   
  176     0.00001942   
  177     0.00004511   
  178     0.00001439   
  179     0.00007222   
  180     0.00004453   
  181     0.00001034   
  182     0.00000440   
  183     0.00000263   
  184     0.00002275   
  185     0.00001222   
  186     0.00000603   
  187     0.00014995   
  188     0.00003258   
  189     0.00001641   
  190     0.00000643   
  191     0.00001003   
  192     0.00001835   
  193     0.00004405   
  194     0.00001327   
  195     0.00000967   
  196     0.00002988   
  197     0.00002585   
  198     0.00001112   
  199     0.00000187   
  200     0.00005821   
  201     0.00002416   
  202     0.00004913   
  203     0.00002336   
  204     0.00003058   
  205     0.00003031   
  206     0.00004181   
  207     0.00002547   
  208     0.00002216   
  209     0.00001258   
  210     0.00002696   
  211     0.00002092   
  212     0.00000816   
  213     0.00001218   
  214     0.00000299   
  215     0.00000672   
  216     0.00000269   
  217     0.00000203   
  218     0.00000296   
  219     0.00001428   
  220     0.00000551   
  221     0.00002582   
  222     0.00001845   
  223     0.00001718   
  224     0.00001682   
  225     0.00000915   
  226     0.00001121   
  227     0.00001524   
  228     0.00002983   
  229     0.00000939   
  230     0.00002237   
  231     0.00004876   
  232     0.00004191   
  233     0.00004949   
  234     0.00004881   
  235     0.00002246   
  236     0.00013171   
  237     0.00007308   
  238     0.00004031   
  239     0.00000601   
  240     0.00000158   
  241     0.00004569   
  242     0.00000298   
  243     0.00000291   
  244     0.00000353   
  245     0.00001477   
  246     0.00001240   
  247     0.00002277   
  248     0.00006773   
  249     0.00001922   
  250     0.00004292   
  251     0.00001512   
  252     0.00002981   
  253     0.00000112   
  254     0.00000530   
  255     0.00006408   
  256     0.00001764   
  257     0.00000996   
  258     0.00000766   
  259     0.00001949   
  260     0.00003024   
  261     0.00013184   
  262     0.00005083   
  263     0.00003343   
  264     0.00006697   
  265     0.00004646   
  266     0.00007819   
  267     0.00003235   
  268     0.00002444   
  269     0.00005566   
  270     0.00004890   
  271     0.00006750   
  272     0.00015516   
  273     0.00002454   
  274     0.00008180   
  275     0.00006979   
  276     0.00008486   
  277     0.00005279   
  278     0.00007258   
  279     0.00005351   
  280     0.00008178   
  281     0.00074809   
  282     0.00005942   
  283     0.00019913   
  284     0.00217542   
  285     0.00152455   
  286     0.00085954   
  287     0.00089089   
  288     0.00313684   
  289     0.00056071   
  290     0.00073014   
  291     0.00198630   
  292     0.00060462   
  293     0.00150367   
  294     0.00060417   
  295     0.00001861   
  296     0.00007966   
  297     0.00001315   
  298     0.00001538   
  299     0.00005044   
  300     0.00004995   
  301     0.00017753   
  302     0.00005167   
  303     0.00002235   
  304     0.00008452   
  305     0.00017099   
  306     0.00015704   
  307     0.00011851   
  308     0.00001800   
  309     0.00038574   
  310     0.00005230   
  311     0.00021831   
  312     0.00006507   
  313     0.00006691   
  314     0.00005653   
  315     0.00020522   
  316     0.00009615   
  317     0.00010031   
  318     0.00007958   
  319     0.00065569   
  320     0.00027077   
  321     0.00000933   
  322     0.00002062   
  323     0.00003468   
  324     0.00005015   
  325     0.00008382   
  326     0.00008227   
  327     0.00009008   
  328     0.00005818   
  329     0.00011965   
  330     0.00010161   
  331     0.00019620   
  332     0.00013118   
  333     0.00044823   
  334     0.00029270   
  335     0.00000803   
  336     0.00006922   
  337     0.00000741   
  338     0.00012177   
  339     0.00009182   
  340     0.00006551   
  341     0.00002337   
  342     0.00010955   
  343     0.00011117   
  344     0.00028068   
  345     0.00009444   
  346     0.00006098   
  347     0.00008451   
  348     0.00012190   
  349     0.00011097   
  350     0.00007721   
  351     0.00004867   
  352     0.00005917   
  353     0.00020618   
  354     0.00010064   
  355     0.00004838   
  356     0.00005661   
  357     0.00031953   
  358     0.00002396   
  359     0.00003152   
  360     0.00005566   
  361     0.00007885   
  362     0.00001102   
  363     0.00005470   
  364     0.00002871   
  365     0.00000441   
  366     0.00001188   
  367     0.00001511   
  368     0.00008877   
  369     0.00001844   
  370     0.00006921   
  371     0.00009738   
  372     0.00003653   
  373     0.00009779   
  374     0.00016630   
  375     0.00004689   
  376     0.00005499   
  377     0.00021287   
  378     0.00072989   
  379     0.00005731   
  380     0.00025875   
  381     0.00010392   
  382     0.00014567   
  383     0.00017852   
  384     0.00008937   
  385     0.00009680   
  386     0.00012258   
  387     0.00006286   
  388     0.00001339   
  389     0.00005096   
  390     0.00006309   
  391     0.00004604   
  392     0.00042757   
  393     0.00006393   
  394     0.00006817   
  395     0.00011029   
  396     0.00001888   
  397     0.00003520   
  398     0.00007485   
  399     0.00023841   
  400     0.00003207   
  401     0.00002714   
  402     0.00002965   
  403     0.00004830   
  404     0.00004857   
  405     0.00021529   
  406     0.00005830   
  407     0.00001780   
  408     0.00001387   
  409     0.00005378   
  410     0.00009693   
  411     0.00003494   
  412     0.00005714   
  413     0.00013049   
  414     0.00007579   
  415     0.00007345   
  416     0.00005324   
  417     0.00001875   
  418     0.00012056   
  419     0.00049104   
  420     0.00006668   
  421     0.00004707   
  422     0.00036524   
  423     0.00184734   
  424     0.00089460   
  425     0.00206871   
  426     0.00217713   
  427     0.00294181   
  428     0.00136786   
  429     0.00103183   
  430     0.00059773   
  431     0.00018021   
  432     0.00007096   
  433     0.00003006   
  434     0.00006730   
  435     0.00010977   
  436     0.00014521   
  437     0.00006474   
  438     0.00006306   
  439     0.00009065   
  440     0.00006105   
  441     0.00003177   
  442     0.00007350   
  443     0.00003548   
  444     0.00008872   
  445     0.00020457   
  446     0.00031588   
  447     0.00051817   
  448     0.00030459   
  449     0.00080596   
  450     0.00155198   
  451     0.00062798   
  452     0.00054249   
  453     0.00020269   
  454     0.00033143   
  455     0.00124895   
  456     0.00051639   
  457     0.00018724   
  458     0.00007526   
  459     0.00002677   
  460     0.00004648   
  461     0.00002264   
  462     0.00018089   
  463     0.00012370   
  464     0.00018491   
  465     0.00009381   
  466     0.00116846   
  467     0.00010682   
  468     0.00015119   
  469     0.00020365   
  470     0.00003187   
  471     0.00006587   
  472     0.00015367   
  473     0.00008188   
  474     0.00004984   
  475     0.00005547   
  476     0.00002051   
  477     0.00004358   
  478     0.00013406   
  479     0.00012495   
  480     0.00027595   
  481     0.00137043   
  482     0.00017389   
  483     0.00024932   
  484     0.00020406   
  485     0.00081217   
  486     0.00040827   
  487     0.00059760   
  488     0.00087287   
  489     0.00215379   
  490     0.00284342   
  491     0.00170609   
  492     0.00425804   
  493     0.00093204   
  494     0.00099431   
  495     0.00267716   
  496     0.00112821   
  497     0.00084514   
  498     0.00142391   
  499     0.00060124   
  500     0.00114432   
  501     0.00097665   
  502     0.00144074   
  503     0.00166597   
  504     0.00157071   
  505     0.00319706   
  506     0.00102773   
  507     0.00083843   
  508     0.00152402   
  509     0.00088743   
  510     0.00016956   
  511     0.00117609   
  512     0.00082523   
  513     0.00048316   
  514     0.00017837   
  515     0.00030552   
  516     0.00012965   
  517     0.00012876   
  518     0.00006764   
  519     0.00073921   
  520     0.00025275   
  521     0.00016403   
  522     0.00011151   
  523     0.00038279   
  524     0.00049385   
  525     0.00050494   
  526     0.00036916   
  527     0.00268534   
  528     0.00123045   
  529     0.00010687   
  530     0.00144421   
  531     0.00066843   
  532     0.00039398   
  533     0.00077004   
  534     0.00014566   
  535     0.00019494   
  536     0.00050726   
  537     0.00026969   
  538     0.00011884   
  539     0.00099806   
  540     0.00121592   
  541     0.00136965   
  542     0.00122132   
  543     0.00045492   
  544     0.00042354   
  545     0.00161317   
  546     0.00249545   
  547     0.00045689   
  548     0.00064883   
  549     0.00122669   
  550     0.00100030   
  551     0.00150194   
  552     0.00166868   
  553     0.00152315   
  554     0.00166305   
  555     0.00036505   
  556     0.00050698   
  557     0.00049268   
  558     0.00012352   
  559     0.00041428   
  560     0.00070446   
  561     0.00098091   
  562     0.00286230   
  563     0.00220148   
  564     0.00483160   
  565     0.00136435   
  566     0.00344192   
  567     0.00186425   
  568     0.00128075   
  569     0.00071002   
  570     0.00058882   
  571     0.00026469   
  572     0.00189773   
  573     0.00036789   
  574     0.00078519   
  575     0.00008136   
  576     0.00007184   
  577     0.00077313   
  578     0.00078029   
  579     0.00015438   
  580     0.00070587   
  581     0.00161764   
  582     0.00012504   
  583     0.00041519   
  584     0.00039735   
  585     0.00022994   
  586     0.00034015   
  587     0.00015902   
  588     0.00136329   
  589     0.00111366   
  590     0.00080309   
  591     0.00131661   
  592     0.00088107   
  593     0.00069780   
  594     0.00035494   
  595     0.00052394   
  596     0.00024877   
  597     0.00084036   
  598     0.00012031   
  599     0.00014881   
  600     0.00016848   
  601     0.00010577   
  602     0.00012377   
  603     0.00022909   
  604     0.00019107   
  605     0.00085307   
  606     0.00049874   
  607     0.00019547   
  608     0.00051704   
  609     0.00009869   
  610     0.00076878   
  611     0.00027380   
  612     0.00055172   
  613     0.00012435   
  614     0.00038496   
  615     0.00117257   
  616     0.00055350   
  617     0.00287895   
  618     0.00080537   
  619     0.00207072   
  620     0.00049232   
  621     0.00279437   
  622     0.00056077   
  623     0.00098303   
  624     0.00019944   
    1     0.00009896   
    2     0.00007333   
    3     0.00009085   
    4     0.00017004   
    5     0.00027455   
    6     0.00014923   
    7     0.00057707   
    8     0.00015960   
    9     0.00035277   
   10     0.00022250   
   11     0.00020470   
   12     0.00006781   
   13     0.00035421   
   14     0.00090982   
   15     0.00006244   
   16     0.00014766   
   17     0.00046262   
   18     0.00006622   
   19     0.00014725   
   20     0.00037571   
   21     0.00021891   
   22     0.00005274   
   23     0.00022014   
   24     0.00057687   
   25     0.00013921   
   26     0.00024854   
   27     0.00053922   
   28     0.00053471   
   29     0.00018588   
   30     0.00054202   
   31     0.00032830   
   32     0.00042283   
   33     0.00019975   
   34     0.00043794   
   35     0.00040771   
   36     0.00041158   
   37     0.00024078   
   38     0.00009082   
   39     0.00041016   
   40     0.00082081   
   41     0.00008325   
   42     0.00032791   
   43     0.00050952   
   44     0.00096716   
   45     0.00029288   
   46     0.00009873   
   47     0.00028607   
   48     0.00053422   
   49     0.00020290   
   50     0.00017611   
   51     0.00024504   
   52     0.00044483   
   53     0.00003738   
   54     0.00012164   
   55     0.00006275   
   56     0.00026992   
   57     0.00026424   
   58     0.00006138   
   59     0.00003043   
   60     0.00007371   
   61     0.00003303   
   62     0.00003942   
   63     0.00030670   
   64     0.00017330   
   65     0.00015723   
   66     0.00027526   
   67     0.00036497   
   68     0.00145997   
   69     0.00094853   
   70     0.00005483   
   71     0.00006843   
   72     0.00003180   
   73     0.00006830   
   74     0.00015985   
   75     0.00047085   
   76     0.00069178   
   77     0.00069063   
   78     0.00057456   
   79     0.00025486   
   80     0.00015365   
   81     0.00018446   
   82     0.00026061   
   83     0.00028785   
   84     0.00035965   
   85     0.00023262   
   86     0.00007560   
   87     0.00005905   
   88     0.00002387   
   89     0.00001468   
   90     0.00009930   
   91     0.00024539   
   92     0.00004557   
   93     0.00008082   
   94     0.00010022   
   95     0.00033457   
   96     0.00010626   
   97     0.00027257   
   98     0.00181356   
   99     0.00022595   
  100     0.00013508   
  101     0.00015389   
  102     0.00011675   
  103     0.00020046   
  104     0.00004208   
  105     0.00005316   
  106     0.00002834   
  107     0.00004931   
  108     0.00000924   
  109     0.00002695   
  110     0.00003836   
  111     0.00004890   
  112     0.00006654   
  113     0.00003645   
  114     0.00016751   
  115     0.00014170   
  116     0.00010745   
  117     0.00017905   
  118     0.00119261   
  119     0.00009635   
  120     0.00016141   
  121     0.00044657   
  122     0.00061543   
  123     0.00009434   
  124     0.00018582   
  125     0.00012558   
  126     0.00023721   
  127     0.00014962   
  128     0.00099937   
  129     0.00044676   
  130     0.00046375   
  131     0.00142909   
  132     0.00059899   
  133     0.00055709   
  134     0.00019464   
  135     0.00074189   
  136     0.00128774   
  137     0.00084497   
  138     0.00037205   
  139     0.00007210   
  140     0.00011643   
  141     0.00017215   
  142     0.00011378   
  143     0.00015515   
  144     0.00014264   
  145     0.00004490   
  146     0.00000742   
  147     0.00000196   
  148     0.00000731   
  149     0.00000960   
  150     0.00002196   
  151     0.00002780   
  152     0.00009234   
  153     0.00005454   
  154     0.00015910   
  155     0.00008746   
  156     0.00029511   
  157     0.00087610   
  158     0.00324504   
  159     0.00047858   
  160     0.00088698   
  161     0.00007574   
  162     0.00007456   
  163     0.00005664   
  164     0.00008351   
  165     0.00007607   
  166     0.00006549   
  167     0.00008179   
  168     0.00002379   
  169     0.00012332   
  170     0.00002257   
  171     0.00018180   
  172     0.00010356   
  173     0.00002259   
  174     0.00024167   
  175     0.00014744   
  176     0.00028013   
  177     0.00056847   
  178     0.00078330   
  179     0.00054984   
  180     0.00040312   
  181     0.00019010   
  182     0.00003918   
  183     0.00003996   
  184     0.00007606   
  185     0.00007308   
  186     0.00005592   
  187     0.00014120   
  188     0.00022543   
  189     0.00009498   
  190     0.00017105   
  191     0.00002351   
  192     0.00011903   
  193     0.00053294   
  194     0.00008407   
  195     0.00012668   
  196     0.00024757   
  197     0.00086783   
  198     0.00044998   
  199     0.00008822   
  200     0.00158304   
  201     0.00128521   
  202     0.00721572   
  203     0.00140069   
  204     0.00157955   
  205     0.00047308   
  206     0.00078039   
  207     0.00026506   
  208     0.00061334   
  209     0.00063446   
  210     0.00010689   
  211     0.00206398   
  212     0.00325001   
  213     0.00252125   
  214     0.00351041   
  215     0.00095224   
  216     0.00229527   
  217     0.00098451   
  218     0.00061258   
  219     0.00044963   
  220     0.00329896   
  221     0.00097407   
  222     0.00369644   
  223     0.00252245   
  224     0.00270196   
  225     0.00197127   
  226     0.00181995   
  227     0.00080943   
  228     0.00128996   
  229     0.00054457   
  230     0.00084733   
  231     0.00132407   
  232     0.00060580   
  233     0.00296142   
  234     0.00711235   
  235     0.00189962   
  236     0.00033784   
  237     0.00128186   
  238     0.00241259   
  239     0.00027877   
  240     0.00014430   
  241     0.00626079   
  242     0.00335295   
  243     0.00199793   
  244     0.00116299   
  245     0.01057503   
  246     0.00434644   
  247     0.00291996   
  248     0.00316005   
  249     0.00161519   
  250     0.00345004   
  251     0.00106176   
  252     0.00060352   
  253     0.00149006   
  254     0.00032516   
  255     0.00175389   
  256     0.00051927   
  257     0.00082825   
  258     0.00132820   
  259     0.00067538   
  260     0.00131536   
  261     0.00143565   
  262     0.00152557   
  263     0.00237981   
  264     0.00097542   
  265     0.00229535   
  266     0.00368611   
  267     0.00056482   
  268     0.00035483   
  269     0.00016688   
  270     0.00043033   
  271     0.00012097   
  272     0.00060854   
  273     0.00046373   
  274     0.00012754   
  275     0.00038159   
  276     0.00134314   
  277     0.00111951   
  278     0.00136987   
  279     0.00176887   
  280     0.00165208   
  281     0.01984417   
  282     0.00073697   
  283     0.00267056   
  284     0.05142641   
  285     0.03680386   
  286     0.02272614   
  287     0.02359640   
  288     0.06823166   
  289     0.01409219   
  290     0.01890502   
  291     0.04540283   
  292     0.01382838   
  293     0.03197035   
  294     0.01481547   
  295     0.00093538   
  296     0.00215788   
  297     0.00078352   
  298     0.00110647   
  299     0.00041520   
  300     0.00019208   
  301     0.00024670   
  302     0.00006734   
  303     0.00051764   
  304     0.00029576   
  305     0.00057355   
  306     0.00121455   
  307     0.00032634   
  308     0.00027793   
  309     0.00818397   
  310     0.00055174   
  311     0.00477273   
  312     0.00030493   
  313     0.00050576   
  314     0.00216860   
  315     0.00165935   
  316     0.00091197   
  317     0.00076033   
  318     0.00044877   
  319     0.01600737   
  320     0.00592194   
  321     0.00075750   
  322     0.00183413   
  323     0.00095734   
  324     0.00023312   
  325     0.00025315   
  326     0.00103672   
  327     0.00008088   
  328     0.00010065   
  329     0.00009495   
  330     0.00028242   
  331     0.00006080   
  332     0.00012498   
  333     0.00022255   
  334     0.00061709   
  335     0.00013146   
  336     0.00046288   
  337     0.00009679   
  338     0.00016691   
  339     0.00040696   
  340     0.00023877   
  341     0.00006835   
  342     0.00007266   
  343     0.00003377   
  344     0.00021196   
  345     0.00006640   
  346     0.00013889   
  347     0.00003791   
  348     0.00036768   
  349     0.00011772   
  350     0.00008681   
  351     0.00006742   
  352     0.00064203   
  353     0.00038694   
  354     0.00014361   
  355     0.00006003   
  356     0.00042232   
  357     0.00027498   
  358     0.00009821   
  359     0.00029972   
  360     0.00015748   
  361     0.00017430   
  362     0.00002801   
  363     0.00030354   
  364     0.00003703   
  365     0.00003278   
  366     0.00004159   
  367     0.00003707   
  368     0.00013224   
  369     0.00005675   
  370     0.00023190   
  371     0.00012892   
  372     0.00030568   
  373     0.00055681   
  374     0.00168975   
  375     0.00158587   
  376     0.00050016   
  377     0.00358398   
  378     0.01066980   
  379     0.00119971   
  380     0.00059398   
  381     0.00102985   
  382     0.00149791   
  383     0.00080027   
  384     0.00013391   
  385     0.00060174   
  386     0.00025364   
  387     0.00016664   
  388     0.00019758   
  389     0.00032580   
  390     0.00006734   
  391     0.00002871   
  392     0.00027320   
  393     0.00008091   
  394     0.00047160   
  395     0.00020405   
  396     0.00012648   
  397     0.00072492   
  398     0.00070759   
  399     0.00061251   
  400     0.00046783   
  401     0.00071814   
  402     0.00021839   
  403     0.00022817   
  404     0.00019327   
  405     0.00048129   
  406     0.00003245   
  407     0.00002576   
  408     0.00003266   
  409     0.00002123   
  410     0.00007373   
  411     0.00002156   
  412     0.00012962   
  413     0.00023368   
  414     0.00011384   
  415     0.00023002   
  416     0.00055502   
  417     0.00005547   
  418     0.00003207   
  419     0.00023455   
  420     0.00013644   
  421     0.00004229   
  422     0.00018945   
  423     0.00076867   
  424     0.00084788   
  425     0.00032958   
  426     0.00013187   
  427     0.00083414   
  428     0.00097743   
  429     0.00140991   
  430     0.00090519   
  431     0.00079559   
  432     0.00039974   
  433     0.00027678   
  434     0.00161070   
  435     0.00080131   
  436     0.00016762   
  437     0.00025708   
  438     0.00020119   
  439     0.00034234   
  440     0.00016449   
  441     0.00024216   
  442     0.00041212   
  443     0.00036303   
  444     0.00074698   
  445     0.00067272   
  446     0.00031501   
  447     0.00128789   
  448     0.00053791   
  449     0.00161791   
  450     0.00130285   
  451     0.00107226   
  452     0.00114243   
  453     0.00094873   
  454     0.00090232   
  455     0.00111921   
  456     0.00058860   
  457     0.00042535   
  458     0.00040347   
  459     0.00022007   
  460     0.00061848   
  461     0.00035713   
  462     0.00023209   
  463     0.00132517   
  464     0.00044034   
  465     0.00021016   
  466     0.00309282   
  467     0.00019732   
  468     0.00014121   
  469     0.00049648   
  470     0.00013298   
  471     0.00007703   
  472     0.00100205   
  473     0.00055561   
  474     0.00024898   
  475     0.00165783   
  476     0.00019912   
  477     0.00014005   
  478     0.00048279   
  479     0.00018532   
  480     0.00186248   
  481     0.00141296   
  482     0.00037600   
  483     0.00032279   
  484     0.00118448   
  485     0.00024690   
  486     0.00044242   
  487     0.00200099   
  488     0.00136424   
  489     0.00282511   
  490     0.00356481   
  491     0.00081339   
  492     0.00351741   
  493     0.00212681   
  494     0.00110557   
  495     0.00029117   
  496     0.00022178   
  497     0.00035652   
  498     0.00017945   
  499     0.00007222   
  500     0.00064683   
  501     0.00043433   
  502     0.00031015   
  503     0.00093916   
  504     0.00075411   
  505     0.00062650   
  506     0.00041208   
  507     0.00010860   
  508     0.00021616   
  509     0.00026482   
  510     0.00006836   
  511     0.00033117   
  512     0.00028051   
  513     0.00013535   
  514     0.00002076   
  515     0.00007193   
  516     0.00004506   
  517     0.00003956   
  518     0.00003463   
  519     0.00041703   
  520     0.00009369   
  521     0.00009892   
  522     0.00004350   
  523     0.00015219   
  524     0.00014836   
  525     0.00011211   
  526     0.00018730   
  527     0.00039289   
  528     0.00034428   
  529     0.00015335   
  530     0.00111462   
  531     0.00051479   
  532     0.00117869   
  533     0.00182055   
  534     0.00094859   
  535     0.00074788   
  536     0.00033819   
  537     0.00026084   
  538     0.00012997   
  539     0.00066329   
  540     0.00044751   
  541     0.00030309   
  542     0.00113171   
  543     0.00108481   
  544     0.00026706   
  545     0.00117850   
  546     0.00044808   
  547     0.00050358   
  548     0.00055295   
  549     0.00373929   
  550     0.00011514   
  551     0.00180280   
  552     0.00090153   
  553     0.00338873   
  554     0.00026163   
  555     0.00049405   
  556     0.00028073   
  557     0.00011234   
  558     0.00021873   
  559     0.00006668   
  560     0.00027086   
  561     0.00093125   
  562     0.00140107   
  563     0.00062002   
  564     0.00123862   
  565     0.00015391   
  566     0.00009559   
  567     0.00053479   
  568     0.00045124   
  569     0.00031420   
  570     0.00029735   
  571     0.00019600   
  572     0.00074941   
  573     0.00048657   
  574     0.00107644   
  575     0.00004181   
  576     0.00002167   
  577     0.00038054   
  578     0.00042426   
  579     0.00016999   
  580     0.00039891   
  581     0.00031610   
  582     0.00006327   
  583     0.00026841   
  584     0.00017810   
  585     0.00005460   
  586     0.00005734   
  587     0.00002866   
  588     0.00002990   
  589     0.00045955   
  590     0.00032268   
  591     0.00023574   
  592     0.00018664   
  593     0.00026062   
  594     0.00028491   
  595     0.00023383   
  596     0.00034130   
  597     0.00038216   
  598     0.00011182   
  599     0.00039613   
  600     0.00009757   
  601     0.00013297   
  602     0.00024535   
  603     0.00089998   
  604     0.00056854   
  605     0.00102894   
  606     0.00016396   
  607     0.00008131   
  608     0.00025053   
  609     0.00007665   
  610     0.00014051   
  611     0.00008135   
  612     0.00023187   
  613     0.00003814   
  614     0.00027306   
  615     0.00008404   
  616     0.00016333   
  617     0.00037402   
  618     0.00015244   
  619     0.00020818   
  620     0.00018390   
  621     0.00010850   
  622     0.00005749   
  623     0.00007018   
  624     0.00002854   
