    1     0.00001318   
    2     0.00001785   
    3     0.00001861   
    4     0.00001560   
    5     0.00006325   
    6     0.00003612   
    7     0.00018304   
    8     0.00010344   
    9     0.00028678   
   10     0.00025988   
   11     0.00075693   
   12     0.00236157   
   13     0.00066664   
   14     0.00027143   
   15     0.00011774   
   16     0.00009078   
   17     0.00001436   
   18     0.00001677   
   19     0.00000693   
   20     0.00000217   
   21     0.00000268   
   22     0.00000328   
   23     0.00000580   
   24     0.00000474   
   25     0.00001236   
   26     0.00004240   
   27     0.00002444   
   28     0.00002430   
   29     0.00006443   
   30     0.00000876   
   31     0.00001800   
   32     0.00000870   
   33     0.00003943   
   34     0.00016068   
   35     0.00027356   
   36     0.00012868   
   37     0.00059712   
   38     0.00043071   
   39     0.00078215   
   40     0.00036475   
   41     0.00027772   
   42     0.00022283   
   43     0.00041084   
   44     0.00006147   
   45     0.00009864   
   46     0.00016653   
   47     0.00017464   
   48     0.00081571   
   49     0.00017801   
   50     0.00047771   
   51     0.00006821   
   52     0.00009389   
   53     0.00004021   
   54     0.00021262   
   55     0.00047002   
   56     0.00002276   
   57     0.00021011   
   58     0.00017008   
   59     0.00564106   
   60     0.00021918   
   61     0.00056011   
   62     0.00040386   
   63     0.00007959   
   64     0.00044456   
   65     0.00070218   
   66     0.00101271   
   67     0.00145370   
   68     0.00164715   
   69     0.00054909   
   70     0.00039775   
   71     0.00047127   
   72     0.00022895   
   73     0.00014046   
   74     0.00043986   
   75     0.00043252   
   76     0.00004270   
   77     0.00003111   
   78     0.00000957   
   79     0.00000916   
   80     0.00001027   
   81     0.00032685   
   82     0.00007569   
   83     0.00006172   
   84     0.00004716   
   85     0.00032056   
   86     0.00006287   
   87     0.00013932   
   88     0.00007129   
   89     0.00011707   
   90     0.00019992   
   91     0.00056283   
   92     0.00010328   
   93     0.00005391   
   94     0.00012670   
   95     0.00001025   
   96     0.00008506   
   97     0.00001466   
   98     0.00001570   
   99     0.00001276   
  100     0.00007343   
  101     0.00005415   
  102     0.00011730   
  103     0.00053532   
  104     0.00015179   
  105     0.00040108   
  106     0.00005282   
  107     0.00005769   
  108     0.00020580   
  109     0.00012353   
  110     0.00074232   
  111     0.00021380   
  112     0.00022636   
  113     0.00056717   
  114     0.00031296   
  115     0.00044843   
  116     0.00021618   
  117     0.00012735   
  118     0.00106454   
  119     0.00021360   
  120     0.00021066   
  121     0.00010211   
  122     0.00043166   
  123     0.00016671   
  124     0.00016068   
  125     0.00005004   
  126     0.00002615   
  127     0.00010464   
  128     0.00000607   
  129     0.00000886   
  130     0.00002819   
  131     0.00000375   
  132     0.00000442   
  133     0.00000281   
  134     0.00000733   
  135     0.00002517   
  136     0.00001035   
  137     0.00001049   
  138     0.00006269   
  139     0.00008741   
  140     0.00015551   
  141     0.00010884   
  142     0.00018492   
  143     0.00006059   
  144     0.00010540   
  145     0.00044263   
  146     0.00009587   
  147     0.00056407   
  148     0.00005072   
  149     0.00023115   
  150     0.00037728   
  151     0.00013196   
  152     0.00015538   
  153     0.00035465   
  154     0.00050698   
  155     0.00019383   
  156     0.00007018   
  157     0.00014066   
  158     0.00007282   
  159     0.00002534   
  160     0.00004604   
  161     0.00010923   
  162     0.00002925   
  163     0.00007668   
  164     0.00004076   
  165     0.00004792   
  166     0.00002735   
  167     0.00014165   
  168     0.00026651   
  169     0.00032729   
  170     0.00009088   
  171     0.00002504   
  172     0.00023771   
  173     0.00017529   
  174     0.00004302   
  175     0.00014117   
  176     0.00014273   
  177     0.00023593   
  178     0.00017118   
  179     0.00025790   
  180     0.00006609   
  181     0.00003857   
  182     0.00004595   
  183     0.00006173   
  184     0.00000835   
  185     0.00001021   
  186     0.00004334   
  187     0.00004530   
  188     0.00013496   
  189     0.00010782   
  190     0.00003299   
  191     0.00006996   
  192     0.00013379   
  193     0.00030756   
  194     0.00025383   
  195     0.00081953   
  196     0.00241690   
  197     0.00140515   
  198     0.00132826   
  199     0.00014363   
  200     0.00038817   
  201     0.00031959   
  202     0.00042764   
  203     0.00031649   
  204     0.00012475   
  205     0.00009895   
  206     0.00004591   
  207     0.00012415   
  208     0.00014961   
  209     0.00003480   
  210     0.00026621   
  211     0.00008309   
  212     0.00004782   
  213     0.00003453   
  214     0.00014471   
  215     0.00013002   
  216     0.00005989   
  217     0.00004781   
  218     0.00008684   
  219     0.00018305   
  220     0.00010825   
  221     0.00034785   
  222     0.00050752   
  223     0.00025955   
  224     0.00011685   
  225     0.00016651   
  226     0.00003908   
  227     0.00046249   
  228     0.00130088   
  229     0.00108755   
  230     0.00054841   
  231     0.00061177   
  232     0.00145509   
  233     0.00080661   
  234     0.00200290   
  235     0.00078118   
  236     0.00029874   
  237     0.00160341   
  238     0.00217078   
  239     0.00042378   
  240     0.00174837   
  241     0.00159692   
  242     0.00093113   
  243     0.00040316   
  244     0.00214634   
  245     0.00068767   
  246     0.00017799   
  247     0.00007908   
  248     0.00111894   
  249     0.00002081   
  250     0.00088365   
  251     0.00065977   
  252     0.00145831   
  253     0.00040667   
  254     0.00024103   
  255     0.00050225   
  256     0.00010763   
  257     0.00639787   
  258     0.00059436   
  259     0.00124424   
  260     0.00049636   
  261     0.00052770   
  262     0.00122515   
  263     0.00156564   
  264     0.00130834   
  265     0.00038922   
  266     0.00051334   
  267     0.00169434   
  268     0.00158173   
  269     0.00034868   
  270     0.00065193   
  271     0.00307003   
  272     0.00065964   
  273     0.00021700   
  274     0.00065684   
  275     0.00206660   
  276     0.00038596   
  277     0.00029079   
  278     0.00060597   
  279     0.00040158   
  280     0.00025759   
  281     0.00034794   
  282     0.00007452   
  283     0.00025567   
  284     0.00007579   
  285     0.00070564   
  286     0.00199391   
  287     0.00125551   
  288     0.00035296   
  289     0.00184735   
  290     0.00021406   
  291     0.00036040   
  292     0.00049535   
  293     0.00120952   
  294     0.00226681   
  295     0.00035249   
  296     0.00167618   
  297     0.00043980   
  298     0.00233318   
  299     0.00041479   
  300     0.00087773   
  301     0.00014581   
  302     0.00015019   
  303     0.00003636   
  304     0.00009633   
  305     0.00025303   
  306     0.00002894   
  307     0.00008196   
  308     0.00018893   
  309     0.00046612   
  310     0.00017985   
  311     0.00031828   
  312     0.00073238   
  313     0.00029716   
  314     0.00029055   
  315     0.00039020   
  316     0.00075418   
  317     0.00027108   
  318     0.00025741   
  319     0.00016976   
  320     0.00034256   
  321     0.00013358   
  322     0.00002897   
  323     0.00022520   
  324     0.00029691   
  325     0.00016441   
  326     0.00027828   
  327     0.00003737   
  328     0.00060324   
  329     0.00008105   
  330     0.00004162   
  331     0.00012368   
  332     0.00005897   
  333     0.00003125   
  334     0.00012631   
  335     0.00008181   
  336     0.00012624   
  337     0.00009992   
  338     0.00006062   
  339     0.00016279   
  340     0.00032489   
  341     0.00021829   
  342     0.00054677   
  343     0.00282211   
  344     0.00046564   
  345     0.00233491   
  346     0.00209980   
  347     0.00116735   
  348     0.00037104   
  349     0.00032130   
  350     0.00045924   
  351     0.00040909   
  352     0.00016221   
  353     0.00014906   
  354     0.00008528   
  355     0.00005781   
  356     0.00011045   
  357     0.00017238   
  358     0.00002388   
  359     0.00010166   
  360     0.00008174   
  361     0.00020350   
  362     0.00013041   
  363     0.00048571   
  364     0.00006241   
  365     0.00019025   
  366     0.00024800   
  367     0.00060353   
  368     0.00121814   
  369     0.00042449   
  370     0.00015879   
  371     0.00009000   
  372     0.00003919   
  373     0.00009458   
  374     0.00006665   
  375     0.00009695   
  376     0.00001841   
  377     0.00008381   
  378     0.00019716   
  379     0.00009105   
  380     0.00001998   
  381     0.00001873   
  382     0.00002359   
  383     0.00003927   
  384     0.00001500   
  385     0.00001506   
  386     0.00005068   
  387     0.00008934   
  388     0.00075287   
  389     0.00039946   
  390     0.00020760   
  391     0.00027125   
  392     0.00077384   
  393     0.00020779   
  394     0.00024805   
  395     0.00018106   
  396     0.00032390   
  397     0.00041977   
  398     0.00009999   
  399     0.00008218   
  400     0.00003994   
  401     0.00010213   
  402     0.00087872   
  403     0.00050854   
  404     0.00154582   
  405     0.00061841   
  406     0.00019393   
  407     0.00051332   
  408     0.00039170   
  409     0.00019202   
  410     0.00032332   
  411     0.00024386   
  412     0.00019086   
  413     0.00009040   
  414     0.00013021   
  415     0.00005260   
  416     0.00030019   
  417     0.00025215   
  418     0.00050721   
  419     0.00022518   
  420     0.00015568   
  421     0.00016476   
  422     0.00011446   
  423     0.00012836   
  424     0.00009792   
  425     0.00008196   
  426     0.00019226   
  427     0.00002675   
  428     0.00021297   
  429     0.00153532   
  430     0.00006089   
  431     0.00010662   
  432     0.00001622   
  433     0.00034579   
  434     0.00005498   
  435     0.00005325   
  436     0.00073433   
  437     0.00051765   
  438     0.00068784   
  439     0.00010354   
  440     0.00003475   
  441     0.00008846   
  442     0.00015395   
  443     0.00004910   
  444     0.00037293   
  445     0.00014648   
  446     0.00051469   
  447     0.00008768   
  448     0.00014046   
  449     0.00012000   
  450     0.00001715   
  451     0.00006505   
  452     0.00021379   
  453     0.00006314   
  454     0.00012705   
  455     0.00034210   
  456     0.00023268   
  457     0.00067846   
  458     0.00043144   
  459     0.00020041   
  460     0.00011158   
  461     0.00001036   
  462     0.00004002   
  463     0.00000927   
  464     0.00001174   
  465     0.00001210   
  466     0.00001492   
  467     0.00005744   
  468     0.00002178   
  469     0.00000407   
  470     0.00003198   
  471     0.00003158   
  472     0.00001903   
  473     0.00006661   
  474     0.00016296   
  475     0.00009501   
  476     0.00015648   
  477     0.00006647   
  478     0.00007867   
  479     0.00029105   
  480     0.00051853   
  481     0.00087722   
  482     0.00010621   
  483     0.00045662   
  484     0.00022256   
  485     0.00015170   
  486     0.00009832   
  487     0.00003874   
  488     0.00011703   
  489     0.00001976   
  490     0.00003846   
  491     0.00000633   
  492     0.00000626   
  493     0.00000279   
  494     0.00000169   
  495     0.00003358   
  496     0.00002521   
  497     0.00013594   
  498     0.00012197   
  499     0.00036224   
  500     0.00018273   
  501     0.00034498   
  502     0.00018905   
  503     0.00105736   
  504     0.00040564   
  505     0.00018675   
  506     0.00089092   
  507     0.00030339   
  508     0.00024533   
  509     0.00002105   
  510     0.00007520   
  511     0.00008420   
  512     0.00031907   
  513     0.00006297   
  514     0.00014636   
  515     0.00033245   
  516     0.00007738   
  517     0.00017955   
  518     0.00013487   
  519     0.00015456   
  520     0.00015574   
  521     0.00006668   
  522     0.00003885   
  523     0.00040600   
  524     0.00007929   
  525     0.00004297   
  526     0.00014420   
  527     0.00032406   
  528     0.00021731   
  529     0.00017660   
  530     0.00029914   
  531     0.00024803   
  532     0.00086515   
  533     0.00077718   
  534     0.00010787   
  535     0.00017588   
  536     0.00072702   
  537     0.00071914   
  538     0.00004754   
  539     0.00009443   
  540     0.00030685   
  541     0.00027693   
  542     0.00010061   
  543     0.00008044   
  544     0.00008631   
  545     0.00014891   
  546     0.00007219   
  547     0.00006274   
  548     0.00004134   
  549     0.00006572   
  550     0.00011934   
  551     0.00001220   
  552     0.00000890   
  553     0.00001471   
  554     0.00001416   
  555     0.00000562   
  556     0.00000401   
  557     0.00005294   
  558     0.00000380   
  559     0.00001111   
  560     0.00000830   
  561     0.00002510   
  562     0.00004213   
  563     0.00000951   
  564     0.00001077   
  565     0.00002632   
  566     0.00005533   
  567     0.00001103   
  568     0.00004286   
  569     0.00007871   
  570     0.00001473   
  571     0.00001259   
  572     0.00001613   
  573     0.00003723   
  574     0.00001686   
  575     0.00001863   
  576     0.00015876   
  577     0.00001780   
  578     0.00002379   
  579     0.00039286   
  580     0.00001534   
  581     0.00037506   
  582     0.00001723   
  583     0.00003170   
  584     0.00002341   
  585     0.00011611   
  586     0.00003289   
  587     0.00003540   
  588     0.00002334   
  589     0.00002636   
  590     0.00003968   
  591     0.00001810   
  592     0.00000531   
  593     0.00000570   
  594     0.00005419   
  595     0.00001747   
  596     0.00000403   
  597     0.00000380   
  598     0.00002680   
  599     0.00001163   
  600     0.00000426   
  601     0.00001568   
  602     0.00000476   
  603     0.00000256   
  604     0.00000257   
  605     0.00000256   
    1     0.00009597   
    2     0.00006721   
    3     0.00004897   
    4     0.00010063   
    5     0.00013892   
    6     0.00005808   
    7     0.00036888   
    8     0.00005509   
    9     0.00007046   
   10     0.00001086   
   11     0.00001161   
   12     0.00000827   
   13     0.00007615   
   14     0.00005315   
   15     0.00001989   
   16     0.00001282   
   17     0.00005342   
   18     0.00001694   
   19     0.00004910   
   20     0.00007433   
   21     0.00005303   
   22     0.00000990   
   23     0.00022754   
   24     0.00005784   
   25     0.00000652   
   26     0.00001234   
   27     0.00003707   
   28     0.00000540   
   29     0.00013451   
   30     0.00034496   
   31     0.00002316   
   32     0.00014577   
   33     0.00012570   
   34     0.00020175   
   35     0.00003252   
   36     0.00026496   
   37     0.00031817   
   38     0.00006573   
   39     0.00010298   
   40     0.00028747   
   41     0.00004930   
   42     0.00029122   
   43     0.00024880   
   44     0.00103350   
   45     0.00106989   
   46     0.00046912   
   47     0.00103308   
   48     0.00137645   
   49     0.00043773   
   50     0.00018482   
   51     0.00052698   
   52     0.00051817   
   53     0.00008034   
   54     0.00006681   
   55     0.00004016   
   56     0.00035753   
   57     0.00041996   
   58     0.00021033   
   59     0.00008802   
   60     0.00028998   
   61     0.00002253   
   62     0.00009383   
   63     0.00046930   
   64     0.00010113   
   65     0.00008488   
   66     0.00012256   
   67     0.00009580   
   68     0.00013911   
   69     0.00015117   
   70     0.00002087   
   71     0.00004517   
   72     0.00000447   
   73     0.00002272   
   74     0.00004761   
   75     0.00010371   
   76     0.00014984   
   77     0.00022115   
   78     0.00015719   
   79     0.00019364   
   80     0.00019481   
   81     0.00059320   
   82     0.00015353   
   83     0.00168143   
   84     0.00054286   
   85     0.00061472   
   86     0.00020707   
   87     0.00011048   
   88     0.00003412   
   89     0.00005842   
   90     0.00017169   
   91     0.00020834   
   92     0.00006368   
   93     0.00038625   
   94     0.00010601   
   95     0.00069256   
   96     0.00069165   
   97     0.00066100   
   98     0.00049266   
   99     0.00032815   
  100     0.00033576   
  101     0.00059952   
  102     0.00006623   
  103     0.00014398   
  104     0.00004630   
  105     0.00011438   
  106     0.00001805   
  107     0.00002210   
  108     0.00004991   
  109     0.00003034   
  110     0.00003086   
  111     0.00003837   
  112     0.00008461   
  113     0.00002108   
  114     0.00037244   
  115     0.00049957   
  116     0.00024356   
  117     0.00024355   
  118     0.00536714   
  119     0.00019985   
  120     0.00099666   
  121     0.00064407   
  122     0.00209661   
  123     0.00038459   
  124     0.00039391   
  125     0.00031215   
  126     0.00018336   
  127     0.00013762   
  128     0.00014290   
  129     0.00005850   
  130     0.00008835   
  131     0.00007585   
  132     0.00008645   
  133     0.00002036   
  134     0.00002542   
  135     0.00006542   
  136     0.00016131   
  137     0.00011706   
  138     0.00014970   
  139     0.00007526   
  140     0.00011922   
  141     0.00021173   
  142     0.00035255   
  143     0.00039308   
  144     0.00031017   
  145     0.00016652   
  146     0.00007382   
  147     0.00002863   
  148     0.00006004   
  149     0.00003005   
  150     0.00008370   
  151     0.00007702   
  152     0.00013561   
  153     0.00008038   
  154     0.00008700   
  155     0.00007821   
  156     0.00007123   
  157     0.00007563   
  158     0.00022060   
  159     0.00003731   
  160     0.00013992   
  161     0.00003319   
  162     0.00006260   
  163     0.00004082   
  164     0.00008528   
  165     0.00007691   
  166     0.00007838   
  167     0.00008128   
  168     0.00002330   
  169     0.00010748   
  170     0.00004163   
  171     0.00039745   
  172     0.00022240   
  173     0.00010296   
  174     0.00017103   
  175     0.00025274   
  176     0.00008481   
  177     0.00022168   
  178     0.00010298   
  179     0.00015314   
  180     0.00004987   
  181     0.00001584   
  182     0.00001072   
  183     0.00000523   
  184     0.00000597   
  185     0.00003173   
  186     0.00002158   
  187     0.00010454   
  188     0.00009826   
  189     0.00007536   
  190     0.00007204   
  191     0.00002388   
  192     0.00007595   
  193     0.00029863   
  194     0.00017366   
  195     0.00015885   
  196     0.00024066   
  197     0.00027113   
  198     0.00042340   
  199     0.00005457   
  200     0.00108485   
  201     0.00019489   
  202     0.00093839   
  203     0.00059959   
  204     0.00042834   
  205     0.00043613   
  206     0.00024259   
  207     0.00005784   
  208     0.00015982   
  209     0.00009105   
  210     0.00027249   
  211     0.00016979   
  212     0.00015238   
  213     0.00009106   
  214     0.00005962   
  215     0.00001651   
  216     0.00001856   
  217     0.00000440   
  218     0.00000624   
  219     0.00001321   
  220     0.00003359   
  221     0.00005129   
  222     0.00010493   
  223     0.00013665   
  224     0.00009249   
  225     0.00011163   
  226     0.00026333   
  227     0.00031563   
  228     0.00029112   
  229     0.00057425   
  230     0.00025328   
  231     0.00074267   
  232     0.00092120   
  233     0.00100292   
  234     0.00086920   
  235     0.00070805   
  236     0.00094797   
  237     0.00058875   
  238     0.00011415   
  239     0.00059933   
  240     0.00030264   
  241     0.00096105   
  242     0.00036573   
  243     0.00035431   
  244     0.00022995   
  245     0.00088354   
  246     0.00168857   
  247     0.00082608   
  248     0.00209930   
  249     0.00130112   
  250     0.00236835   
  251     0.00170074   
  252     0.00075809   
  253     0.00106574   
  254     0.00113494   
  255     0.00352687   
  256     0.00312054   
  257     0.00062387   
  258     0.00128224   
  259     0.00151849   
  260     0.00091208   
  261     0.00073914   
  262     0.00044802   
  263     0.00092173   
  264     0.00035036   
  265     0.00018501   
  266     0.00031561   
  267     0.00007416   
  268     0.00005459   
  269     0.00007105   
  270     0.00010207   
  271     0.00016582   
  272     0.00021454   
  273     0.00003906   
  274     0.00010782   
  275     0.00013237   
  276     0.00042777   
  277     0.00019149   
  278     0.00034116   
  279     0.00028404   
  280     0.00068580   
  281     0.00453358   
  282     0.00068534   
  283     0.00163841   
  284     0.00154325   
  285     0.00558523   
  286     0.00162792   
  287     0.00198692   
  288     0.00548027   
  289     0.00022270   
  290     0.00135146   
  291     0.00115598   
  292     0.00108378   
  293     0.00340550   
  294     0.00358647   
  295     0.00039494   
  296     0.00131792   
  297     0.00022644   
  298     0.00020991   
  299     0.00013492   
  300     0.00018755   
  301     0.00021004   
  302     0.00019070   
  303     0.00072595   
  304     0.00189675   
  305     0.00074817   
  306     0.00039328   
  307     0.00105322   
  308     0.00021096   
  309     0.00101648   
  310     0.00048615   
  311     0.00230169   
  312     0.00031251   
  313     0.00036988   
  314     0.00150866   
  315     0.00050401   
  316     0.00026466   
  317     0.00044425   
  318     0.00117635   
  319     0.00351201   
  320     0.00174417   
  321     0.00126147   
  322     0.00124051   
  323     0.00068888   
  324     0.00024761   
  325     0.00023012   
  326     0.00061001   
  327     0.00006339   
  328     0.00004196   
  329     0.00039001   
  330     0.00011449   
  331     0.00025031   
  332     0.00050317   
  333     0.00041149   
  334     0.00027022   
  335     0.00002412   
  336     0.00026273   
  337     0.00005295   
  338     0.00070461   
  339     0.00022250   
  340     0.00061143   
  341     0.00007627   
  342     0.00014951   
  343     0.00007386   
  344     0.00009259   
  345     0.00011975   
  346     0.00006508   
  347     0.00012501   
  348     0.00010545   
  349     0.00012546   
  350     0.00020495   
  351     0.00020532   
  352     0.00022539   
  353     0.00026419   
  354     0.00021082   
  355     0.00014914   
  356     0.00022474   
  357     0.00019581   
  358     0.00009176   
  359     0.00004715   
  360     0.00011068   
  361     0.00012678   
  362     0.00041389   
  363     0.00031097   
  364     0.00008184   
  365     0.00004646   
  366     0.00001358   
  367     0.00001516   
  368     0.00005002   
  369     0.00003878   
  370     0.00044649   
  371     0.00032930   
  372     0.00083693   
  373     0.00039824   
  374     0.00053499   
  375     0.00029635   
  376     0.00013902   
  377     0.00141396   
  378     0.00114832   
  379     0.00049941   
  380     0.00109921   
  381     0.00041106   
  382     0.00036134   
  383     0.00030090   
  384     0.00039132   
  385     0.00009797   
  386     0.00017772   
  387     0.00035693   
  388     0.00025515   
  389     0.00004122   
  390     0.00005025   
  391     0.00005235   
  392     0.00035316   
  393     0.00015113   
  394     0.00027071   
  395     0.00006162   
  396     0.00028652   
  397     0.00013560   
  398     0.00009691   
  399     0.00017913   
  400     0.00030307   
  401     0.00059205   
  402     0.00008853   
  403     0.00024762   
  404     0.00108613   
  405     0.00138004   
  406     0.00004235   
  407     0.00029893   
  408     0.00021434   
  409     0.00015159   
  410     0.00083505   
  411     0.00012387   
  412     0.00024758   
  413     0.00121464   
  414     0.00025501   
  415     0.00021066   
  416     0.00025499   
  417     0.00001532   
  418     0.00012629   
  419     0.00030170   
  420     0.00017784   
  421     0.00003808   
  422     0.00006532   
  423     0.00038115   
  424     0.00009965   
  425     0.00005278   
  426     0.00003435   
  427     0.00050903   
  428     0.00027522   
  429     0.00013545   
  430     0.00033402   
  431     0.00010667   
  432     0.00020310   
  433     0.00104958   
  434     0.00044588   
  435     0.00063487   
  436     0.00049310   
  437     0.00041392   
  438     0.00080308   
  439     0.00228691   
  440     0.00102551   
  441     0.00070259   
  442     0.00444841   
  443     0.00132780   
  444     0.00080471   
  445     0.00261035   
  446     0.00093906   
  447     0.00219594   
  448     0.00063926   
  449     0.00106807   
  450     0.00020624   
  451     0.00060723   
  452     0.00035587   
  453     0.00015868   
  454     0.00006821   
  455     0.00012170   
  456     0.00020947   
  457     0.00015300   
  458     0.00018965   
  459     0.00051652   
  460     0.00023119   
  461     0.00032119   
  462     0.00033309   
  463     0.00055310   
  464     0.00082651   
  465     0.00021261   
  466     0.00091142   
  467     0.00020807   
  468     0.00014186   
  469     0.00016466   
  470     0.00001398   
  471     0.00013032   
  472     0.00050992   
  473     0.00016398   
  474     0.00001660   
  475     0.00019657   
  476     0.00024068   
  477     0.00000650   
  478     0.00002324   
  479     0.00017470   
  480     0.00049905   
  481     0.00031767   
  482     0.00011403   
  483     0.00065924   
  484     0.00104624   
  485     0.00228386   
  486     0.00039570   
  487     0.00071964   
  488     0.00042959   
  489     0.00059339   
  490     0.00145189   
  491     0.00071627   
  492     0.00115216   
  493     0.00169184   
  494     0.00080603   
  495     0.00065804   
  496     0.00025134   
  497     0.00020999   
  498     0.00052814   
  499     0.00032190   
  500     0.00083105   
  501     0.00099761   
  502     0.00020358   
  503     0.00119803   
  504     0.00151651   
  505     0.00087483   
  506     0.00028319   
  507     0.00030944   
  508     0.00042633   
  509     0.00062850   
  510     0.00038846   
  511     0.00148272   
  512     0.00127528   
  513     0.00071369   
  514     0.00053605   
  515     0.00121812   
  516     0.00073505   
  517     0.00017820   
  518     0.00037385   
  519     0.00256670   
  520     0.00018940   
  521     0.00023079   
  522     0.00043497   
  523     0.00064998   
  524     0.00208789   
  525     0.00116001   
  526     0.00090065   
  527     0.00154360   
  528     0.00043090   
  529     0.00035366   
  530     0.00252011   
  531     0.00071502   
  532     0.00095859   
  533     0.00081723   
  534     0.00082957   
  535     0.00810966   
  536     0.00101076   
  537     0.00031222   
  538     0.00116171   
  539     0.00096638   
  540     0.00365998   
  541     0.00156227   
  542     0.00055177   
  543     0.00097187   
  544     0.00076655   
  545     0.00262000   
  546     0.00215380   
  547     0.00297864   
  548     0.00389273   
  549     0.00444026   
  550     0.00146538   
  551     0.00789793   
  552     0.00835627   
  553     0.00076344   
  554     0.00260853   
  555     0.00197419   
  556     0.00100121   
  557     0.00062075   
  558     0.00033417   
  559     0.00034052   
  560     0.00073071   
  561     0.00172818   
  562     0.00382354   
  563     0.00055694   
  564     0.00306883   
  565     0.00295643   
  566     0.00087764   
  567     0.00325084   
  568     0.00152195   
  569     0.00236959   
  570     0.00080233   
  571     0.00086133   
  572     0.00243657   
  573     0.00027923   
  574     0.00088755   
  575     0.00007225   
  576     0.00007812   
  577     0.00023699   
  578     0.00026625   
  579     0.00029772   
  580     0.00028354   
  581     0.00133454   
  582     0.00026121   
  583     0.00025821   
  584     0.00022972   
  585     0.00015030   
  586     0.00014191   
  587     0.00002077   
  588     0.00045087   
  589     0.00050935   
  590     0.00086921   
  591     0.00051029   
  592     0.00124175   
  593     0.00119884   
  594     0.00233931   
  595     0.00267208   
  596     0.00089015   
  597     0.00049050   
  598     0.00082314   
  599     0.00176707   
  600     0.00120155   
  601     0.00064288   
  602     0.00403398   
  603     0.00531287   
  604     0.00126400   
  605     0.00785962   
  606     0.00537548   
  607     0.00087573   
  608     0.00215282   
  609     0.00108010   
  610     0.00297352   
  611     0.00144721   
  612     0.00216987   
  613     0.00176632   
  614     0.00252653   
  615     0.00418837   
  616     0.00236368   
  617     0.00285044   
  618     0.00153090   
  619     0.00526874   
  620     0.00184274   
  621     0.00319010   
  622     0.00042767   
  623     0.00171762   
  624     0.00038874   
    1     0.00000954   
    2     0.00000677   
    3     0.00000368   
    4     0.00001791   
    5     0.00003118   
    6     0.00001044   
    7     0.00010286   
    8     0.00000969   
    9     0.00001579   
   10     0.00000317   
   11     0.00000938   
   12     0.00000923   
   13     0.00004426   
   14     0.00008574   
   15     0.00002240   
   16     0.00001916   
   17     0.00002425   
   18     0.00000914   
   19     0.00005201   
   20     0.00011735   
   21     0.00005415   
   22     0.00001025   
   23     0.00016386   
   24     0.00003767   
   25     0.00000440   
   26     0.00000687   
   27     0.00001509   
   28     0.00000677   
   29     0.00003129   
   30     0.00023914   
   31     0.00001431   
   32     0.00017035   
   33     0.00009667   
   34     0.00023318   
   35     0.00005850   
   36     0.00030061   
   37     0.00032960   
   38     0.00028579   
   39     0.00012613   
   40     0.00011379   
   41     0.00002153   
   42     0.00003590   
   43     0.00009895   
   44     0.00044469   
   45     0.00008381   
   46     0.00003063   
   47     0.00056178   
   48     0.00058570   
   49     0.00002615   
   50     0.00010979   
   51     0.00007109   
   52     0.00005342   
   53     0.00001133   
   54     0.00001075   
   55     0.00001601   
   56     0.00006217   
   57     0.00028737   
   58     0.00001871   
   59     0.00002704   
   60     0.00012412   
   61     0.00001479   
   62     0.00006698   
   63     0.00034481   
   64     0.00018432   
   65     0.00015568   
   66     0.00010015   
   67     0.00009241   
   68     0.00008147   
   69     0.00009828   
   70     0.00001075   
   71     0.00002619   
   72     0.00000395   
   73     0.00001121   
   74     0.00002315   
   75     0.00004484   
   76     0.00005598   
   77     0.00008881   
   78     0.00008399   
   79     0.00012512   
   80     0.00008735   
   81     0.00027033   
   82     0.00007102   
   83     0.00006733   
   84     0.00001839   
   85     0.00002419   
   86     0.00001923   
   87     0.00001627   
   88     0.00000187   
   89     0.00000626   
   90     0.00001364   
   91     0.00006492   
   92     0.00000931   
   93     0.00001878   
   94     0.00004073   
   95     0.00018374   
   96     0.00011395   
   97     0.00021722   
   98     0.00016094   
   99     0.00007689   
  100     0.00004450   
  101     0.00020757   
  102     0.00002066   
  103     0.00005702   
  104     0.00000876   
  105     0.00006193   
  106     0.00001215   
  107     0.00001386   
  108     0.00001604   
  109     0.00001402   
  110     0.00001476   
  111     0.00001493   
  112     0.00001842   
  113     0.00000786   
  114     0.00018353   
  115     0.00020174   
  116     0.00011048   
  117     0.00013803   
  118     0.00245398   
  119     0.00006750   
  120     0.00025155   
  121     0.00020695   
  122     0.00032346   
  123     0.00022479   
  124     0.00007694   
  125     0.00021402   
  126     0.00013319   
  127     0.00004430   
  128     0.00005552   
  129     0.00004898   
  130     0.00004540   
  131     0.00003520   
  132     0.00013172   
  133     0.00003734   
  134     0.00001951   
  135     0.00002378   
  136     0.00005892   
  137     0.00004626   
  138     0.00004737   
  139     0.00003648   
  140     0.00005652   
  141     0.00003814   
  142     0.00002066   
  143     0.00000945   
  144     0.00001497   
  145     0.00002076   
  146     0.00000315   
  147     0.00000122   
  148     0.00000739   
  149     0.00000548   
  150     0.00000447   
  151     0.00001005   
  152     0.00001870   
  153     0.00002464   
  154     0.00003589   
  155     0.00001312   
  156     0.00001546   
  157     0.00003300   
  158     0.00010896   
  159     0.00004835   
  160     0.00003306   
  161     0.00000798   
  162     0.00002948   
  163     0.00001624   
  164     0.00000790   
  165     0.00001243   
  166     0.00001342   
  167     0.00001727   
  168     0.00000713   
  169     0.00004902   
  170     0.00001503   
  171     0.00010839   
  172     0.00008202   
  173     0.00005431   
  174     0.00006703   
  175     0.00010331   
  176     0.00004402   
  177     0.00007769   
  178     0.00004309   
  179     0.00005369   
  180     0.00001963   
  181     0.00003419   
  182     0.00000384   
  183     0.00000557   
  184     0.00000414   
  185     0.00000950   
  186     0.00001074   
  187     0.00003587   
  188     0.00005619   
  189     0.00005127   
  190     0.00008106   
  191     0.00001370   
  192     0.00004590   
  193     0.00025858   
  194     0.00011401   
  195     0.00011773   
  196     0.00016418   
  197     0.00043592   
  198     0.00035196   
  199     0.00003442   
  200     0.00149807   
  201     0.00028243   
  202     0.00162461   
  203     0.00074631   
  204     0.00037087   
  205     0.00011966   
  206     0.00045750   
  207     0.00017745   
  208     0.00038773   
  209     0.00015841   
  210     0.00025135   
  211     0.00020196   
  212     0.00012282   
  213     0.00008147   
  214     0.00004810   
  215     0.00000542   
  216     0.00001700   
  217     0.00000242   
  218     0.00000984   
  219     0.00001626   
  220     0.00006739   
  221     0.00006474   
  222     0.00022551   
  223     0.00004846   
  224     0.00017611   
  225     0.00007067   
  226     0.00031429   
  227     0.00017413   
  228     0.00049513   
  229     0.00042453   
  230     0.00055714   
  231     0.00124240   
  232     0.00067052   
  233     0.00082688   
  234     0.00237166   
  235     0.00073156   
  236     0.00017835   
  237     0.00003079   
  238     0.00003065   
  239     0.00000208   
  240     0.00000838   
  241     0.00004792   
  242     0.00002085   
  243     0.00002319   
  244     0.00003192   
  245     0.00079142   
  246     0.00174740   
  247     0.00060166   
  248     0.00213450   
  249     0.00118157   
  250     0.00175979   
  251     0.00078000   
  252     0.00064747   
  253     0.00026461   
  254     0.00015337   
  255     0.00158193   
  256     0.00118719   
  257     0.00024923   
  258     0.00041040   
  259     0.00072395   
  260     0.00111210   
  261     0.00050123   
  262     0.00024680   
  263     0.00102425   
  264     0.00089871   
  265     0.00055817   
  266     0.00169316   
  267     0.00009133   
  268     0.00012640   
  269     0.00003402   
  270     0.00008313   
  271     0.00006356   
  272     0.00080729   
  273     0.00012729   
  274     0.00013221   
  275     0.00003493   
  276     0.00102268   
  277     0.00047889   
  278     0.00062870   
  279     0.00018513   
  280     0.00023979   
  281     0.00066908   
  282     0.00049096   
  283     0.00048178   
  284     0.00006799   
  285     0.00008619   
  286     0.00001094   
  287     0.00004751   
  288     0.00005063   
  289     0.00001190   
  290     0.00002042   
  291     0.00000924   
  292     0.00000456   
  293     0.00000388   
  294     0.00014323   
  295     0.00008771   
  296     0.00021558   
  297     0.00031163   
  298     0.00006666   
  299     0.00079784   
  300     0.00004658   
  301     0.00005631   
  302     0.00003993   
  303     0.00029126   
  304     0.00034441   
  305     0.00057544   
  306     0.00034844   
  307     0.00078543   
  308     0.00008588   
  309     0.00009460   
  310     0.00080816   
  311     0.00042648   
  312     0.00097019   
  313     0.00140096   
  314     0.00139623   
  315     0.00327589   
  316     0.00127531   
  317     0.00255646   
  318     0.00110296   
  319     0.00035270   
  320     0.00040942   
  321     0.00050889   
  322     0.00064166   
  323     0.00015059   
  324     0.00013109   
  325     0.00005408   
  326     0.00013911   
  327     0.00002943   
  328     0.00006135   
  329     0.00008833   
  330     0.00023868   
  331     0.00001098   
  332     0.00006813   
  333     0.00004186   
  334     0.00005004   
  335     0.00001996   
  336     0.00010981   
  337     0.00001239   
  338     0.00003259   
  339     0.00011758   
  340     0.00062126   
  341     0.00003114   
  342     0.00008710   
  343     0.00004579   
  344     0.00022028   
  345     0.00040617   
  346     0.00006993   
  347     0.00013664   
  348     0.00074244   
  349     0.00086582   
  350     0.00037529   
  351     0.00017763   
  352     0.00094018   
  353     0.00069584   
  354     0.00092469   
  355     0.00134198   
  356     0.00026247   
  357     0.00082884   
  358     0.00034193   
  359     0.00075916   
  360     0.00020166   
  361     0.00009032   
  362     0.00002147   
  363     0.00015553   
  364     0.00005921   
  365     0.00001576   
  366     0.00006518   
  367     0.00007032   
  368     0.00055762   
  369     0.00011601   
  370     0.00016424   
  371     0.00028234   
  372     0.00130587   
  373     0.00047066   
  374     0.00061949   
  375     0.00083865   
  376     0.00007733   
  377     0.00049634   
  378     0.00062638   
  379     0.00112730   
  380     0.00349586   
  381     0.00132433   
  382     0.00046672   
  383     0.00083560   
  384     0.00352927   
  385     0.00074487   
  386     0.00043606   
  387     0.00070125   
  388     0.00157612   
  389     0.00021124   
  390     0.00017744   
  391     0.00006829   
  392     0.00089117   
  393     0.00012449   
  394     0.00017429   
  395     0.00007580   
  396     0.00053380   
  397     0.00035590   
  398     0.00020348   
  399     0.00062655   
  400     0.00101050   
  401     0.00194779   
  402     0.00108701   
  403     0.00099325   
  404     0.00106990   
  405     0.00116352   
  406     0.00046120   
  407     0.00033424   
  408     0.00020016   
  409     0.00002280   
  410     0.00026197   
  411     0.00007099   
  412     0.00049342   
  413     0.00117532   
  414     0.00089019   
  415     0.00068946   
  416     0.00088007   
  417     0.00014493   
  418     0.00008802   
  419     0.00208043   
  420     0.00037740   
  421     0.00012845   
  422     0.00066889   
  423     0.00084912   
  424     0.00032780   
  425     0.00004026   
  426     0.00001423   
  427     0.00024100   
  428     0.00043119   
  429     0.00087852   
  430     0.00121706   
  431     0.00051036   
  432     0.00059664   
  433     0.00091082   
  434     0.00150364   
  435     0.00067355   
  436     0.00056310   
  437     0.00075402   
  438     0.00040654   
  439     0.00059902   
  440     0.00040779   
  441     0.00077419   
  442     0.00047900   
  443     0.00031313   
  444     0.00030687   
  445     0.00095932   
  446     0.00070208   
  447     0.00273230   
  448     0.00193171   
  449     0.00162189   
  450     0.00125997   
  451     0.00084371   
  452     0.00232820   
  453     0.00011186   
  454     0.00048555   
  455     0.00166177   
  456     0.00200515   
  457     0.00070276   
  458     0.00100524   
  459     0.00060325   
  460     0.00094675   
  461     0.00046363   
  462     0.00247538   
  463     0.00046173   
  464     0.00141178   
  465     0.00135915   
  466     0.00060671   
  467     0.00034784   
  468     0.00063921   
  469     0.00045009   
  470     0.00011905   
  471     0.00012384   
  472     0.00082690   
  473     0.00017340   
  474     0.00003771   
  475     0.00031103   
  476     0.00007094   
  477     0.00004170   
  478     0.00017757   
  479     0.00033566   
  480     0.00088923   
  481     0.00116520   
  482     0.00067951   
  483     0.00021995   
  484     0.00109869   
  485     0.00100687   
  486     0.00032757   
  487     0.00016103   
  488     0.00019737   
  489     0.00098416   
  490     0.00019170   
  491     0.00022832   
  492     0.00027314   
  493     0.00028702   
  494     0.00021552   
  495     0.00017413   
  496     0.00016316   
  497     0.00007424   
  498     0.00022133   
  499     0.00015289   
  500     0.00046357   
  501     0.00025971   
  502     0.00048827   
  503     0.00024117   
  504     0.00161499   
  505     0.00033842   
  506     0.00065946   
  507     0.00023691   
  508     0.00025394   
  509     0.00021426   
  510     0.00031059   
  511     0.00186508   
  512     0.00066469   
  513     0.00039821   
  514     0.00018808   
  515     0.00150773   
  516     0.00036903   
  517     0.00014830   
  518     0.00039144   
  519     0.00945221   
  520     0.00017481   
  521     0.00019633   
  522     0.00068827   
  523     0.00147388   
  524     0.00030890   
  525     0.00037132   
  526     0.00018092   
  527     0.00025687   
  528     0.00031592   
  529     0.00019609   
  530     0.00040761   
  531     0.00023979   
  532     0.00157824   
  533     0.00458487   
  534     0.00167165   
  535     0.00452963   
  536     0.00127999   
  537     0.00105576   
  538     0.00063861   
  539     0.00206084   
  540     0.00064881   
  541     0.00049090   
  542     0.00079876   
  543     0.00019186   
  544     0.00025615   
  545     0.00053484   
  546     0.00068203   
  547     0.00062039   
  548     0.00049287   
  549     0.00100185   
  550     0.00035262   
  551     0.00027107   
  552     0.00247479   
  553     0.00040607   
  554     0.00100295   
  555     0.00031589   
  556     0.00033865   
  557     0.00027909   
  558     0.00012704   
  559     0.00010199   
  560     0.00039536   
  561     0.00039014   
  562     0.00087012   
  563     0.00049907   
  564     0.00076064   
  565     0.00149191   
  566     0.00071887   
  567     0.00040384   
  568     0.00098406   
  569     0.00030527   
  570     0.00125413   
  571     0.00025144   
  572     0.00146778   
  573     0.00086170   
  574     0.00330836   
  575     0.00032742   
  576     0.00016502   
  577     0.00113808   
  578     0.00101874   
  579     0.00094403   
  580     0.00068288   
  581     0.00208398   
  582     0.00012431   
  583     0.00081744   
  584     0.00030331   
  585     0.00015275   
  586     0.00050300   
  587     0.00063208   
  588     0.00069385   
  589     0.00100879   
  590     0.00503519   
  591     0.00320044   
  592     0.00102872   
  593     0.00257201   
  594     0.00825631   
  595     0.00316007   
  596     0.00130891   
  597     0.00159753   
  598     0.00063392   
  599     0.00341781   
  600     0.00071865   
  601     0.00067919   
  602     0.00069472   
  603     0.00160208   
  604     0.00195917   
  605     0.00286531   
  606     0.00329029   
  607     0.00246543   
  608     0.00423572   
  609     0.00066036   
  610     0.00239692   
  611     0.00355850   
  612     0.00312159   
  613     0.00233507   
  614     0.00625607   
  615     0.00970296   
  616     0.01117852   
  617     0.00705852   
  618     0.00544793   
  619     0.01156700   
  620     0.00595448   
  621     0.00245927   
  622     0.00137405   
  623     0.00116049   
  624     0.00099804   
