  1     0.008976 
  2     0.010141 
  3     0.009452 
  4     0.009623 
  5     0.007496 
  6     0.005264 
  7     0.004642 
  8     0.003689 
  9     0.003667 
 10     0.002245 
 11     0.003040 
 12     0.003227 
 13     0.003747 
 14     0.004863 
 15     0.004959 
 16     0.005347 
 17     0.005144 
 18     0.006371 
 19     0.006920 
 20     0.008257 
 21     0.010222 
 22     0.009478 
 23     0.007005 
 24     0.005081 
 25     0.005112 
 26     0.005040 
 27     0.006948 
 28     0.008618 
 29     0.010497 
 30     0.013728 
 31     0.015947 
 32     0.012550 
 33     0.010694 
 34     0.007808 
 35     0.006664 
 36     0.006934 
 37     0.005414 
 38     0.004594 
 39     0.005306 
 40     0.004620 
 41     0.003222 
 42     0.006808 
 43     0.009792 
 44     0.013162 
 45     0.020755 
 46     0.017026 
 47     0.011354 
 48     0.007508 
 49     0.004514 
 50     0.005238 
 51     0.005846 
 52     0.004919 
 53     0.004242 
 54     0.003010 
 55     0.005373 
 56     0.007415 
 57     0.010674 
 58     0.009907 
 59     0.017458 
 60     0.016332 
 61     0.010214 
 62     0.007507 
 63     0.003627 
 64     0.002706 
 65     0.003373 
 66     0.004512 
 67     0.003035 
 68     0.002595 
 69     0.004027 
 70     0.004246 
 71     0.007135 
 72     0.007626 
 73     0.005831 
 74     0.005630 
 75     0.009875 
 76     0.013788 
 77     0.015220 
 78     0.016973 
 79     0.015912 
 80     0.016823 
 81     0.009819 
 82     0.012368 
 83     0.016156 
 84     0.017770 
 85     0.013987 
 86     0.015481 
 87     0.019841 
 88     0.017807 
 89     0.011712 
 90     0.009181 
 91     0.006549 
 92     0.007722 
 93     0.010399 
 94     0.013240 
 95     0.015365 
 96     0.014327 
 97     0.020015 
 98     0.018729 
 99     0.017188 
100     0.012891 
101     0.011309 
102     0.010001 
103     0.008179 
104     0.007677 
105     0.004397 
106     0.004467 
107     0.008924 
108     0.010776 
109     0.010346 
110     0.008205 
111     0.008263 
112     0.005456 
113     0.004608 
114     0.005508 
115     0.004495 
116     0.004622 
117     0.005639 
118     0.006139 
119     0.005435 
120     0.005365 
121     0.007570 
122     0.006980 
123     0.007156 
124     0.008593 
125     0.011635 
126     0.010358 
127     0.009606 
128     0.012705 
129     0.013933 
130     0.012584 
131     0.014581 
132     0.017443 
133     0.017939 
134     0.014963 
135     0.012287 
136     0.011898 
137     0.009910 
138     0.007375 
139     0.006028 
140     0.004187 
141     0.003686 
142     0.004222 
143     0.006434 
144     0.007162 
145     0.009147 
146     0.006741 
147     0.006627 
148     0.003905 
149     0.003356 
150     0.004089 
151     0.003589 
152     0.003366 
153     0.003786 
154     0.003198 
155     0.004104 
156     0.004211 
157     0.004077 
158     0.004963 
159     0.006481 
160     0.006800 
161     0.007107 
162     0.009263 
163     0.007976 
164     0.008772 
165     0.007452 
166     0.009039 
167     0.007592 
168     0.005735 
169     0.005399 
170     0.005722 
171     0.005837 
172     0.007292 
173     0.005620 
174     0.005597 
175     0.005995 
176     0.006227 
177     0.006222 
178     0.004836 
179     0.005504 
180     0.007603 
181     0.011253 
182     0.010178 
183     0.016890 
184     0.019567 
185     0.016631 
186     0.014988 
187     0.015700 
188     0.009937 
189     0.007965 
190     0.007020 
191     0.007625 
192     0.007809 
193     0.007815 
194     0.008510 
195     0.008985 
196     0.008731 
197     0.007595 
198     0.011359 
199     0.011264 
200     0.009854 
201     0.009319 
202     0.008680 
203     0.008247 
204     0.008028 
205     0.006892 
206     0.006917 
207     0.006278 
208     0.011653 
209     0.010856 
210     0.008947 
211     0.004955 
212     0.002193 
213     0.008241 
214     0.005016 
215     0.005772 
216     0.003287 
217     0.004482 
218     0.006040 
219     0.007729 
220     0.007830 
221     0.008629 
222     0.009103 
223     0.010586 
224     0.012792 
225     0.014166 
226     0.016715 
227     0.013706 
228     0.013307 
229     0.015840 
230     0.020125 
231     0.019373 
232     0.019268 
233     0.021033 
234     0.022966 
235     0.022149 
236     0.023592 
237     0.024022 
238     0.022559 
239     0.023045 
240     0.024126 
241     0.018575 
242     0.017582 
243     0.024358 
244     0.021834 
245     0.015904 
246     0.024087 
247     0.029925 
248     0.023780 
249     0.020423 
250     0.011618 
251     0.011337 
252     0.012924 
253     0.015298 
254     0.016086 
255     0.013137 
256     0.015067 
257     0.014915 
258     0.015162 
259     0.016630 
260     0.020453 
261     0.023815 
262     0.022665 
263     0.023492 
264     0.028316 
265     0.030040 
266     0.026338 
267     0.024316 
268     0.028881 
269     0.025558 
270     0.021811 
271     0.018954 
272     0.021164 
273     0.019016 
274     0.016413 
275     0.014879 
276     0.018176 
277     0.018207 
278     0.020283 
279     0.024450 
280     0.030253 
281     0.030908 
282     0.037033 
283     0.033500 
284     0.036512 
285     0.018650 
286     0.022687 
287     0.011352 
288     0.016852 
289     0.021629 
290     0.128914 
291     0.123688 
292     0.083107 
293     0.020367 
294     0.029384 
295     0.032509 
296     0.033526 
297     0.034864 
298     0.030631 
299     0.026855 
300     0.022765 
301     0.021863 
302     0.019787 
303     0.021535 
304     0.024855 
305     0.021585 
306     0.020067 
307     0.020779 
308     0.021032 
309     0.019869 
310     0.017864 
311     0.014981 
312     0.013120 
313     0.008805 
314     0.007920 
315     0.010150 
316     0.008490 
317     0.007313 
318     0.007992 
319     0.007578 
320     0.006207 
321     0.006225 
322     0.006448 
323     0.006221 
324     0.005782 
325     0.005104 
326     0.005332 
327     0.005859 
328     0.006703 
329     0.005418 
330     0.010155 
331     0.011552 
332     0.011247 
333     0.010128 
334     0.009440 
335     0.007649 
336     0.006411 
337     0.006978 
338     0.006933 
339     0.006883 
340     0.006832 
341     0.007729 
342     0.007453 
343     0.011290 
344     0.009000 
345     0.011495 
346     0.014973 
347     0.012200 
348     0.012995 
349     0.012915 
350     0.011082 
351     0.011193 
352     0.011972 
353     0.011368 
354     0.009489 
355     0.011357 
356     0.011986 
357     0.009967 
358     0.008813 
359     0.007064 
360     0.006367 
361     0.006322 
362     0.006281 
363     0.006502 
364     0.005449 
365     0.004472 
366     0.005106 
367     0.005552 
368     0.004943 
369     0.003950 
370     0.003933 
371     0.004224 
372     0.003358 
373     0.003825 
374     0.004246 
375     0.004594 
376     0.005326 
377     0.006504 
378     0.007514 
379     0.007868 
380     0.008521 
381     0.010600 
382     0.010396 
383     0.010927 
384     0.010530 
385     0.008745 
386     0.014742 
387     0.016965 
388     0.003821 
389     0.005904 
390     0.008031 
391     0.007803 
392     0.004242 
393     0.004379 
394     0.009070 
395     0.010013 
396     0.014921 
397     0.008533 
398     0.007630 
399     0.007199 
400     0.006378 
401     0.004372 
402     0.004564 
403     0.005440 
404     0.004881 
405     0.003145 
406     0.004777 
407     0.004365 
408     0.005062 
409     0.004807 
410     0.007459 
411     0.009430 
412     0.007680 
413     0.009139 
414     0.009425 
415     0.010009 
416     0.005322 
417     0.004443 
418     0.004888 
419     0.005820 
420     0.002233 
421     0.006481 
422     0.010021 
423     0.012070 
424     0.014594 
425     0.015120 
426     0.009785 
427     0.008207 
428     0.008601 
429     0.016640 
430     0.019735 
431     0.016692 
432     0.017332 
433     0.015792 
434     0.016070 
435     0.012586 
436     0.008366 
437     0.005730 
438     0.001228 
439     0.001448 
440     0.004490 
441     0.005693 
442     0.007223 
443     0.007223 
444     0.006251 
445     0.005885 
446     0.004542 
447     0.005479 
448     0.005601 
449     0.006386 
450     0.006577 
451     0.006578 
452     0.007438 
453     0.005802 
454     0.005613 
455     0.002372 
456     0.000767 
457     0.005673 
458     0.007606 
459     0.008824 
460     0.014653 
461     0.018856 
462     0.012184 
463     0.014548 
464     0.014267 
465     0.005939 
466     0.008009 
467     0.011523 
468     0.013987 
469     0.009189 
470     0.004880 
471     0.010750 
472     0.007974 
473     0.012230 
474     0.010214 
475     0.010926 
476     0.007744 
477     0.005539 
478     0.002813 
479     0.001822 
480     0.002308 
481     0.002512 
482     0.004392 
483     0.006883 
484     0.007125 
485     0.007684 
486     0.007576 
487     0.009259 
488     0.007078 
489     0.010646 
490     0.011250 
491     0.017320 
492     0.016991 
493     0.021076 
494     0.023059 
495     0.019566 
496     0.015509 
497     0.010955 
498     0.008254 
499     0.004509 
500     0.006680 
501     0.007172 
502     0.009182 
503     0.012367 
504     0.012927 
505     0.007392 
506     0.008124 
507     0.012480 
508     0.021502 
509     0.026742 
510     0.026506 
511     0.018059 
512     0.012230 
513     0.019116 
514     0.016672 
515     0.010210 
516     0.011325 
517     0.012848 
518     0.011126 
519     0.007483 
520     0.008070 
521     0.008843 
522     0.007957 
523     0.004215 
524     0.006148 
525     0.008823 
526     0.005091 
527     0.003851 
528     0.007635 
529     0.005347 
530     0.002505 
531     0.005540 
532     0.004907 
533     0.002685 
534     0.003322 
535     0.003163 
536     0.002073 
537     0.001548 
538     0.001980 
539     0.000586 
540     0.000316 
541     0.001005 
542     0.001168 
543     0.001310 
544     0.001989 
545     0.002052 
546     0.002264 
547     0.001955 
548     0.001750 
549     0.001822 
550     0.000886 
551     0.000622 
552     0.002030 
553     0.002539 
554     0.003119 
555     0.004076 
556     0.003978 
557     0.002327 
558     0.002220 
559     0.002764 
560     0.002258 
561     0.002070 
562     0.002127 
563     0.002240 
564     0.001998 
565     0.002151 
566     0.002273 
567     0.002032 
568     0.001963 
569     0.002283 
570     0.002694 
571     0.002317 
572     0.001933 
573     0.002377 
574     0.003032 
575     0.002539 
576     0.002106 
577     0.003238 
578     0.003710 
579     0.004262 
580     0.003262 
581     0.002603 
582     0.002137 
583     0.002190 
584     0.001577 
585     0.001105 
586     0.001247 
587     0.001609 
588     0.000989 
589     0.001459 
590     0.001867 
591     0.001791 
592     0.001833 
593     0.002245 
594     0.001935 
595     0.002334 
596     0.002372 
597     0.002570 
598     0.002745 
599     0.004294 
600     0.005047 
601     0.004561 
602     0.004834 
603     0.007298 
604     0.005836 
605     0.007631 
606     0.011614 
607     0.011757 
608     0.012121 
609     0.008767 
610     0.006806 
611     0.004728 
612     0.005565 
613     0.007360 
614     0.009681 
615     0.011264 
616     0.012152 
617     0.012152 
618     0.008482 
619     0.007784 
620     0.007616 
621     0.006242 
622     0.003498 
623     0.004448 
624     0.001773 
625     0.002523 
626     0.005622 
627     0.007741 
628     0.006334 
629     0.006412 
630     0.012293 
631     0.014403 
632     0.010655 
633     0.006965 
634     0.007256 
635     0.007320 
636     0.005746 
637     0.005989 
638     0.007160 
639     0.007276 
640     0.006151 
641     0.005666 
642     0.007051 
643     0.006843 
644     0.005531 
645     0.006587 
646     0.008960 
647     0.008107 
648     0.008392 
649     0.010434 
650     0.013527 
651     0.011954 
652     0.014357 
653     0.017258 
654     0.021104 
655     0.021825 
656     0.026338 
657     0.031038 
658     0.029955 
659     0.028552 
660     0.021182 
661     0.014204 
662     0.015860 
663     0.014909 
664     0.016765 
665     0.017361 
666     0.021308 
667     0.020406 
668     0.011763 
669     0.005836 
670     0.003772 
671     0.002709 
672     0.001969 
673     0.001659 
674     0.001522 
675     0.002991 
676     0.004225 
677     0.006614 
678     0.005321 
679     0.003530 
680     0.001376 
681     0.000939 
682     0.002586 
683     0.002743 
684     0.003369 
685     0.004669 
686     0.006861 
687     0.007259 
688     0.007566 
689     0.004168 
690     0.001598 
691     0.001893 
692     0.003245 
693     0.002929 
694     0.001618 
695     0.001750 
696     0.002856 
697     0.002515 
698     0.003725 
699     0.005059 
700     0.004855 
701     0.006708 
702     0.005342 
703     0.004623 
704     0.007769 
705     0.009255 
706     0.006486 
707     0.005854 
708     0.009637 
709     0.010376 
710     0.007219 
711     0.008859 
712     0.012699 
713     0.010018 
714     0.013101 
715     0.015849 
716     0.018254 
717     0.014643 
718     0.014248 
719     0.010042 
720     0.009300 
721     0.005887 
722     0.004394 
723     0.006894 
724     0.005112 
725     0.007990 
726     0.009647 
727     0.008372 
728     0.006907 
729     0.004019 
730     0.004499 
731     0.005551 
732     0.003773 
733     0.002257 
734     0.003774 
735     0.003829 
736     0.002574 
737     0.004233 
738     0.004232 
739     0.001979 
740     0.001827 
741     0.000835 
742     0.001806 
743     0.003107 
744     0.003354 
745     0.004030 
746     0.003713 
747     0.004028 
748     0.003559 
749     0.006645 
750     0.007246 
751     0.002839 
752     0.005073 
753     0.006737 
754     0.007108 
755     0.004853 
756     0.005372 
757     0.004552 
758     0.004769 
759     0.003167 
760     0.003049 
761     0.003321 
762     0.002449 
763     0.002114 
764     0.005392 
765     0.005619 
766     0.004570 
767     0.003706 
768     0.004082 
769     0.006024 
770     0.007368 
771     0.007346 
772     0.010614 
773     0.010883 
774     0.009381 
775     0.009462 
776     0.009910 
777     0.007527 
778     0.005145 
779     0.003240 
780     0.003518 
781     0.003102 
782     0.003145 
783     0.001526 
784     0.000763 
785     0.001705 
786     0.003420 
787     0.005749 
788     0.006894 
789     0.004919 
790     0.004848 
791     0.005300 
792     0.003474 
793     0.003229 
794     0.004121 
795     0.003376 
796     0.004369 
797     0.004752 
798     0.003515 
799     0.003368 
800     0.005041 
801     0.005354 
802     0.004334 
803     0.004940 
804     0.006512 
805     0.006570 
806     0.005608 
807     0.006108 
808     0.006566 
809     0.006543 
810     0.006750 
811     0.006601 
812     0.004485 
813     0.003216 
814     0.002286 
815     0.001620 
816     0.002147 
817     0.002473 
818     0.002356 
819     0.001735 
820     0.002293 
821     0.002719 
822     0.004512 
823     0.002141 
824     0.002630 
825     0.003348 
826     0.004035 
827     0.004089 
828     0.003903 
829     0.002823 
830     0.002539 
831     0.002661 
832     0.002408 
833     0.003560 
834     0.004051 
835     0.005252 
836     0.005378 
837     0.004797 
838     0.005241 
839     0.004465 
840     0.004864 
841     0.005859 
842     0.007490 
843     0.006184 
844     0.007235 
845     0.004693 
846     0.002409 
847     0.004081 
848     0.007137 
849     0.008148 
850     0.006241 
851     0.007796 
852     0.009594 
853     0.008751 
854     0.008647 
855     0.008507 
856     0.009451 
857     0.008340 
858     0.008611 
859     0.009923 
860     0.010204 
861     0.010333 
862     0.010307 
863     0.010675 
864     0.010669 
865     0.009692 
866     0.010438 
867     0.010558 
868     0.007051 
869     0.007149 
870     0.003604 
871     0.003777 
872     0.005233 
873     0.005060 
874     0.002434 
875     0.003646 
876     0.003208 
877     0.002188 
878     0.004056 
879     0.003863 
880     0.005728 
881     0.004917 
882     0.004238 
883     0.006205 
884     0.007801 
885     0.009708 
886     0.010524 
887     0.010685 
888     0.010789 
889     0.011560 
890     0.015547 
891     0.026865 
892     0.022367 
893     0.017584 
894     0.033354 
895     0.034377 
896     0.035355 
897     0.023103 
898     0.017242 
899     0.010985 
900     0.011551 
901     0.010434 
902     0.009353 
903     0.009459 
904     0.009536 
905     0.010094 
906     0.010391 
907     0.010156 
908     0.010785 
909     0.011395 
910     0.011877 
911     0.012682 
912     0.012860 
913     0.011594 
914     0.012562 
915     0.012125 
916     0.013468 
917     0.012622 
918     0.010716 
919     0.012755 
920     0.014874 
921     0.018074 
922     0.021685 
923     0.012940 
924     0.012304 
925     0.010570 
926     0.010415 
927     0.009266 
928     0.006906 
929     0.006764 
930     0.007525 
931     0.007922 
932     0.007757 
933     0.007868 
934     0.006168 
935     0.007957 
936     0.010714 
937     0.013709 
938     0.015600 
939     0.014547 
940     0.016479 
941     0.015374 
942     0.016471 
943     0.012494 
944     0.011605 
945     0.013429 
946     0.013821 
947     0.009744 
948     0.008737 
949     0.006943 
950     0.008502 
951     0.010082 
952     0.007389 
953     0.007389 
954     0.010859 
955     0.011233 
956     0.009739 
957     0.010458 
958     0.013559 
959     0.016534 
960     0.011114 
961     0.010683 
962     0.016455 
963     0.017510 
964     0.012073 
965     0.014740 
966     0.021391 
967     0.019148 
968     0.017367 
969     0.021447 
970     0.023949 
971     0.023784 
972     0.021289 
973     0.017081 
974     0.018269 
975     0.018448 
976     0.017668 
977     0.017070 
978     0.013076 
979     0.013670 
980     0.013837 
981     0.008751 
982     0.007883 
983     0.011045 
984     0.014789 
985     0.018918 
986     0.020696 
987     0.023698 
988     0.025059 
989     0.032713 
990     0.034228 
991     0.036684 
992     0.039816 
993     0.042338 
994     0.045297 
995     0.046013 
996     0.047033 
997     0.043732 
998     0.042669 
999     0.044157 
1000     0.039617 
1001     0.034198 
1002     0.034762 
1003     0.036032 
1004     0.026433 
1005     0.024442 
1006     0.015480 
1007     0.012259 
1008     0.020329 
1009     0.021287 
1010     0.026203 
1011     0.034821 
1012     0.039630 
1013     0.044498 
1014     0.042284 
1015     0.037304 
1016     0.033617 
1017     0.021469 
1018     0.022777 
1019     0.022948 
1020     0.027607 
1021     0.030546 
1022     0.043719 
1023     0.040329 
1024     0.029354 
1025     0.039760 
1026     0.049523 
1027     0.039229 
1028     0.030808 
1029     0.033763 
1030     0.045767 
1031     0.039886 
1032     0.026504 
1033     0.037201 
1034     0.027447 
1035     0.018025 
1036     0.016216 
1037     0.019623 
1038     0.025330 
1039     0.023275 
1040     0.030108 
1041     0.034239 
1042     0.035056 
1043     0.033654 
1044     0.034236 
1045     0.034179 
1046     0.030101 
1047     0.031521 
1048     0.031731 
1049     0.030385 
1050     0.027356 
1051     0.030367 
1052     0.027391 
1053     0.034334 
1054     0.035539 
1055     0.023429 
1056     0.019503 
1057     0.024959 
1058     0.029815 
1059     0.018837 
1060     0.021770 
1061     0.020778 
1062     0.018165 
1063     0.016345 
1064     0.023073 
1065     0.022132 
1066     0.029027 
1067     0.031180 
1068     0.035779 
1069     0.030371 
1070     0.020486 
1071     0.025056 
1072     0.034683 
1073     0.025723 
1074     0.021216 
1075     0.038021 
1076     0.042824 
1077     0.037693 
1078     0.048709 
1079     0.048555 
1080     0.045100 
1081     0.055379 
1082     0.059912 
1083     0.044951 
1084     0.040870 
1085     0.027133 
1086     0.020001 
1087     0.026371 
1088     0.026983 
1089     0.027535 
1090     0.032160 
1091     0.033762 
1092     0.041964 
1093     0.045717 
1094     0.051217 
1095     0.044487 
1096     0.038781 
1097     0.031836 
1098     0.034550 
1099     0.052391 
1100     0.049610 
1101     0.082242 
1102     0.083899 
1103     0.052871 
1104     0.048369 
1105     0.055132 
1106     0.051671 
1107     0.031826 
1108     0.034003 
1109     0.039855 
1110     0.040994 
1111     0.040827 
1112     0.036408 
1113     0.029019 
1114     0.043956 
1115     0.048819 
1116     0.040104 
1117     0.033237 
1118     0.050374 
1119     0.051258 
1120     0.032853 
1121     0.045561 
1122     0.061444 
1123     0.057154 
1124     0.056324 
1125     0.067879 
1126     0.076591 
1127     0.055387 
1128     0.030391 
1129     0.038510 
1130     0.036054 
1131     0.024517 
1132     0.026316 
1133     0.023206 
1134     0.028944 
1135     0.042147 
1136     0.036382 
1137     0.034437 
1138     0.034348 
1139     0.030740 
1140     0.020405 
1141     0.016492 
1142     0.008797 
1143     0.013040 
1144     0.010068 
1145     0.013511 
1146     0.012408 
1147     0.017575 
1148     0.030167 
1149     0.039446 
1150     0.028904 
1151     0.023909 
1152     0.020449 
1153     0.016811 
1154     0.020639 
1155     0.022820 
1156     0.015339 
1157     0.012147 
1158     0.022652 
1159     0.021201 
1160     0.009693 
1161     0.007719 
1162     0.020769 
1163     0.024912 
1164     0.037670 
1165     0.042324 
1166     0.021814 
1167     0.025732 
1168     0.025071 
1169     0.012859 
1170     0.013937 
1171     0.010246 
1172     0.017047 
1173     0.014497 
1174     0.017585 
1175     0.011151 
1176     0.022242 
1177     0.024866 
1178     0.048598 
1179     0.043660 
1180     0.066623 
1181     0.056325 
1182     0.034629 
1183     0.053482 
1184     0.073263 
1185     0.061518 
1186     0.055654 
1187     0.081886 
1188     0.094336 
1189     0.113394 
1190     0.105874 
1191     0.085430 
1192     0.081083 
1193     0.064061 
1194     0.070144 
1195     0.064099 
1196     0.050727 
1197     0.049148 
1198     0.049860 
1199     0.049391 
1200     0.038255 
1201     0.025717 
1202     0.022012 
1203     0.020100 
1204     0.003097 
1205     0.005009 
1206     0.014695 
1207     0.018639 
1208     0.019538 
1209     0.022680 
1210     0.026109 
1211     0.026341 
1212     0.025331 
1213     0.019810 
1214     0.032881 
1215     0.024123 
1216     0.018815 
1217     0.012830 
1218     0.012960 
1219     0.017365 
1220     0.019869 
1221     0.018553 
1222     0.023181 
1223     0.058012 
1224     0.089992 
1225     0.101773 
1226     0.066455 
1227     0.172431 
1228     0.221930 
1229     0.201697 
1230     0.033811 
1231     0.037231 
1232     0.043384 
1233     0.031310 
1234     0.019345 
1235     0.011818 
1236     0.010945 
1237     0.010565 
1238     0.018982 
1239     0.024465 
1240     0.028674 
1241     0.033726 
1242     0.021168 
1243     0.019120 
1244     0.022530 
1245     0.018721 
1246     0.007427 
1247     0.011058 
1248     0.003718 
1249     0.007244 
1250     0.016552 
1251     0.024137 
1252     0.022804 
1253     0.025130 
1254     0.044057 
1255     0.055295 
1256     0.041571 
1257     0.029751 
1258     0.029701 
1259     0.029101 
1260     0.024428 
1261     0.023067 
1262     0.026818 
1263     0.028021 
1264     0.022295 
1265     0.020622 
1266     0.024506 
1267     0.024351 
1268     0.016939 
1269     0.018931 
1270     0.026554 
1271     0.023254 
1272     0.020638 
1273     0.026199 
1274     0.036618 
1275     0.032375 
1276     0.033774 
1277     0.041239 
1278     0.054925 
1279     0.054772 
1280     0.066232 
1281     0.077237 
1282     0.076044 
1283     0.071825 
1284     0.058169 
1285     0.041956 
1286     0.040136 
1287     0.039379 
1288     0.040706 
1289     0.039024 
1290     0.049234 
1291     0.042560 
1292     0.023242 
1293     0.009154 
1294     0.008095 
1295     0.007375 
1296     0.009739 
1297     0.010593 
1298     0.015105 
1299     0.017147 
1300     0.023164 
1301     0.027275 
1302     0.020871 
1303     0.020115 
1304     0.013627 
1305     0.012900 
1306     0.008320 
1307     0.009634 
1308     0.007594 
1309     0.010996 
1310     0.014731 
1311     0.019574 
1312     0.022904 
1313     0.014825 
1314     0.010585 
1315     0.013222 
1316     0.015738 
1317     0.018990 
1318     0.013066 
1319     0.009540 
1320     0.011056 
1321     0.009761 
1322     0.005649 
1323     0.011110 
1324     0.011327 
1325     0.014159 
1326     0.015554 
1327     0.007909 
1328     0.017124 
1329     0.025976 
1330     0.021037 
1331     0.018310 
1332     0.030563 
1333     0.035949 
1334     0.027891 
1335     0.033514 
1336     0.047037 
1337     0.040847 
1338     0.050302 
1339     0.059178 
1340     0.066289 
1341     0.051463 
1342     0.052189 
1343     0.038748 
1344     0.034012 
1345     0.023232 
1346     0.018974 
1347     0.026007 
1348     0.020368 
1349     0.030434 
1350     0.035591 
1351     0.029845 
1352     0.026170 
1353     0.016955 
1354     0.017362 
1355     0.022185 
1356     0.017660 
1357     0.011962 
1358     0.017667 
1359     0.018089 
1360     0.014830 
1361     0.019861 
1362     0.022370 
1363     0.016620 
1364     0.014497 
1365     0.010029 
1366     0.008565 
1367     0.006151 
1368     0.006880 
1369     0.008012 
1370     0.007562 
1371     0.008586 
1372     0.011434 
1373     0.018451 
1374     0.022627 
1375     0.009742 
1376     0.010216 
1377     0.012402 
1378     0.015172 
1379     0.012377 
1380     0.011472 
1381     0.011725 
1382     0.011341 
1383     0.008256 
1384     0.006043 
1385     0.004656 
1386     0.007809 
1387     0.005730 
1388     0.009444 
1389     0.006517 
1390     0.002038 
1391     0.006042 
1392     0.012998 
1393     0.018695 
1394     0.021109 
1395     0.018217 
1396     0.025726 
1397     0.024233 
1398     0.018982 
1399     0.018586 
1400     0.018414 
1401     0.015062 
1402     0.012004 
1403     0.009176 
1404     0.007793 
1405     0.008777 
1406     0.007727 
1407     0.011120 
1408     0.013032 
1409     0.017667 
1410     0.021074 
1411     0.028622 
1412     0.033178 
1413     0.028164 
1414     0.027774 
1415     0.029443 
1416     0.023748 
1417     0.022633 
1418     0.025373 
1419     0.023065 
1420     0.026249 
1421     0.025839 
1422     0.021292 
1423     0.021556 
1424     0.025685 
1425     0.023531 
1426     0.019565 
1427     0.022497 
1428     0.026963 
1429     0.023819 
1430     0.020921 
1431     0.021571 
1432     0.019351 
1433     0.020885 
1434     0.019358 
1435     0.016266 
1436     0.012415 
1437     0.012112 
1438     0.009824 
1439     0.011290 
1440     0.011481 
1441     0.012426 
1442     0.010517 
1443     0.006774 
1444     0.008713 
1445     0.008305 
1446     0.015319 
1447     0.012962 
1448     0.011712 
1449     0.014093 
1450     0.015262 
1451     0.015731 
1452     0.016374 
1453     0.012036 
1454     0.012491 
1455     0.011939 
1456     0.015355 
1457     0.015835 
1458     0.014979 
1459     0.016108 
1460     0.014407 
1461     0.009907 
1462     0.002866 
1463     0.008495 
1464     0.013057 
1465     0.011831 
1466     0.016062 
1467     0.014938 
1468     0.020508 
1469     0.016126 
1470     0.011742 
1471     0.015750 
1472     0.016895 
1473     0.016860 
1474     0.010218 
1475     0.010161 
1476     0.012609 
1477     0.010368 
1478     0.008389 
1479     0.012571 
1480     0.012462 
1481     0.010367 
1482     0.013593 
1483     0.009425 
1484     0.015889 
1485     0.013211 
1486     0.015481 
1487     0.014862 
1488     0.014634 
1489     0.011712 
1490     0.010916 
1491     0.011620 
1492     0.010384 
1493     0.010686 
1494     0.003540 
1495     0.005521 
1496     0.006281 
1497     0.019028 
1498     0.027985 
1499     0.041322 
1500     0.028855 
1501     0.013148 
1502     0.006736 
1503     0.004294 
1504     0.003184 
1505     0.007450 
1506     0.008003 
1507     0.013528 
1508     0.012185 
1509     0.011283 
1510     0.010029 
1511     0.008259 
1512     0.006887 
1513     0.004848 
1514     0.022530 
1515     0.052964 
1516     0.037495 
1517     0.016034 
1518     0.061239 
1519     0.065296 
1520     0.067395 
1521     0.027976 
1522     0.024831 
1523     0.017601 
1524     0.025673 
1525     0.025896 
1526     0.020694 
1527     0.020038 
1528     0.018994 
1529     0.019014 
1530     0.017172 
1531     0.016964 
1532     0.018635 
1533     0.022716 
1534     0.023260 
1535     0.022253 
1536     0.031369 
1537     0.028061 
1538     0.033442 
1539     0.031570 
1540     0.029060 
1541     0.031343 
1542     0.025467 
1543     0.023618 
1544     0.021857 
1545     0.016542 
1546     0.015061 
1547     0.017232 
1548     0.017489 
1549     0.014485 
1550     0.014868 
1551     0.011401 
1552     0.013418 
1553     0.013485 
1554     0.010954 
1555     0.011170 
1556     0.009189 
1557     0.008428 
1558     0.008087 
1559     0.017661 
1560     0.021352 
1561     0.026880 
1562     0.033866 
1563     0.036538 
1564     0.045465 
1565     0.046891 
1566     0.052291 
1567     0.043790 
1568     0.040562 
1569     0.046513 
1570     0.047662 
1571     0.039379 
1572     0.038957 
1573     0.028988 
1574     0.031398 
1575     0.034639 
1576     0.030726 
1577     0.025701 
1578     0.025501 
1579     0.025107 
1580     0.024710 
1581     0.019940 
1582     0.018249 
1583     0.020392 
1584     0.016839 
1585     0.014219 
1586     0.014045 
1587     0.014803 
1588     0.012232 
1589     0.010591 
1590     0.012876 
1591     0.015770 
1592     0.012215 
1593     0.012777 
1594     0.018097 
1595     0.017383 
1596     0.012369 
1597     0.011044 
1598     0.007913 
1599     0.008260 
1600     0.007645 
1601     0.007910 
1602     0.008620 
1603     0.010462 
1604     0.009136 
1605     0.008359 
1606     0.008604 
1607     0.013787 
1608     0.012257 
1609     0.014014 
1610     0.015973 
1611     0.017433 
1612     0.017607 
1613     0.015733 
1614     0.019248 
1615     0.017250 
1616     0.017396 
1617     0.018924 
1618     0.022841 
1619     0.020492 
1620     0.020550 
1621     0.015710 
1622     0.016357 
1623     0.013188 
1624     0.012345 
1625     0.012586 
1626     0.011172 
1627     0.010132 
1628     0.010078 
1629     0.009630 
1630     0.011638 
1631     0.017450 
1632     0.022975 
1633     0.021254 
1634     0.022608 
1635     0.027087 
1636     0.029378 
1637     0.032110 
1638     0.031743 
1639     0.030079 
1640     0.029647 
1641     0.023563 
1642     0.018285 
1643     0.016336 
1644     0.012302 
1645     0.010743 
1646     0.011667 
1647     0.014978 
1648     0.013783 
1649     0.013252 
1650     0.016680 
1651     0.018097 
1652     0.016546 
1653     0.020273 
1654     0.026308 
1655     0.027676 
1656     0.018783 
1657     0.015772 
1658     0.012791 
1659     0.010750 
1660     0.013586 
1661     0.014367 
1662     0.014827 
1663     0.017349 
1664     0.017930 
1665     0.020904 
1666     0.018652 
1667     0.021091 
1668     0.011511 
1669     0.009218 
1670     0.012816 
1671     0.014296 
1672     0.010275 
1673     0.007624 
1674     0.007819 
1675     0.009033 
1676     0.010155 
1677     0.009805 
1678     0.009440 
1679     0.011837 
1680     0.017703 
1681     0.016064 
1682     0.019308 
1683     0.026987 
1684     0.021324 
1685     0.020544 
1686     0.017839 
1687     0.017514 
1688     0.020202 
1689     0.021119 
1690     0.024348 
1691     0.033389 
1692     0.034023 
1693     0.024823 
1694     0.027535 
1695     0.025636 
1696     0.020786 
1697     0.020243 
1698     0.020993 
1699     0.017923 
1700     0.017681 
1701     0.015823 
1702     0.012577 
1703     0.009461 
1704     0.009616 
1705     0.011042 
1706     0.010758 
1707     0.010631 
1708     0.009839 
1709     0.008198 
1710     0.008396 
1711     0.011630 
1712     0.011004 
1713     0.013054 
1714     0.011015 
1715     0.008852 
1716     0.007844 
1717     0.012876 
1718     0.014675 
1719     0.012864 
1720     0.014821 
1721     0.029390 
1722     0.023809 
1723     0.022195 
1724     0.024707 
1725     0.021339 
1726     0.019020 
1727     0.023677 
1728     0.028407 
1729     0.023327 
1730     0.022813 
1731     0.026235 
1732     0.024702 
1733     0.022630 
1734     0.018352 
1735     0.020514 
1736     0.020213 
1737     0.012484 
1738     0.011849 
1739     0.013400 
1740     0.011371 
1741     0.008029 
1742     0.008952 
1743     0.011496 
1744     0.007773 
1745     0.006727 
1746     0.010541 
1747     0.006555 
1748     0.004121 
1749     0.009486 
1750     0.013200 
1751     0.010994 
1752     0.004754 
1753     0.005936 
1754     0.003231 
1755     0.005644 
1756     0.007623 
1757     0.010953 
1758     0.011940 
1759     0.011663 
1760     0.011353 
1761     0.009483 
1762     0.007783 
1763     0.015776 
1764     0.007725 
1765     0.010567 
1766     0.010506 
1767     0.010230 
1768     0.011951 
1769     0.010251 
1770     0.007270 
1771     0.005269 
1772     0.004886 
1773     0.008740 
1774     0.012177 
1775     0.017872 
1776     0.014882 
1777     0.016946 
1778     0.024241 
1779     0.029182 
1780     0.028521 
1781     0.033920 
1782     0.040288 
1783     0.042727 
1784     0.045180 
1785     0.052046 
1786     0.057431 
1787     0.058841 
1788     0.053686 
1789     0.049833 
1790     0.038669 
1791     0.032243 
1792     0.030930 
1793     0.017830 
1794     0.015122 
1795     0.007106 
1796     0.006092 
1797     0.007983 
1798     0.009477 
1799     0.010566 
1800     0.009469 
1801     0.010330 
1802     0.007226 
1803     0.008037 
1804     0.009296 
1805     0.013032 
1806     0.012283 
1807     0.013307 
1808     0.017099 
1809     0.019262 
1810     0.017315 
1811     0.020311 
1812     0.023676 
1813     0.025087 
1814     0.025774 
1815     0.026357 
1816     0.026533 
1817     0.025694 
1818     0.022450 
1819     0.019565 
1820     0.022714 
1821     0.021194 
1822     0.018248 
1823     0.018864 
1824     0.020279 
1825     0.016052 
1826     0.017233 
1827     0.018663 
1828     0.014538 
1829     0.012723 
1830     0.017427 
1831     0.016181 
1832     0.011560 
1833     0.011351 
1834     0.018314 
1835     0.020238 
1836     0.027525 
1837     0.026753 
1838     0.033894 
1839     0.036904 
1840     0.029030 
1841     0.031335 
1842     0.032484 
1843     0.026184 
1844     0.025085 
1845     0.029327 
1846     0.027902 
1847     0.025738 
1848     0.031499 
1849     0.032025 
1850     0.029170 
1851     0.036103 
1852     0.038796 
1853     0.037261 
