  1     0.029794 
  2     0.028217 
  3     0.031511 
  4     0.026836 
  5     0.023699 
  6     0.018618 
  7     0.014352 
  8     0.017798 
  9     0.015674 
 10     0.021262 
 11     0.017817 
 12     0.018216 
 13     0.024336 
 14     0.017934 
 15     0.018143 
 16     0.018957 
 17     0.023621 
 18     0.031432 
 19     0.043691 
 20     0.065490 
 21     0.082477 
 22     0.080691 
 23     0.073258 
 24     0.050908 
 25     0.038735 
 26     0.029187 
 27     0.039823 
 28     0.030624 
 29     0.018474 
 30     0.047484 
 31     0.024143 
 32     0.020710 
 33     0.017660 
 34     0.023451 
 35     0.024096 
 36     0.021087 
 37     0.030334 
 38     0.019565 
 39     0.022372 
 40     0.022502 
 41     0.032261 
 42     0.057466 
 43     0.078856 
 44     0.042368 
 45     0.268092 
 46     0.244098 
 47     0.191596 
 48     0.090160 
 49     0.066209 
 50     0.043792 
 51     0.036627 
 52     0.065385 
 53     0.075227 
 54     0.049210 
 55     0.063266 
 56     0.100765 
 57     0.083292 
 58     0.057942 
 59     0.078741 
 60     0.061688 
 61     0.022721 
 62     0.032266 
 63     0.057661 
 64     0.042298 
 65     0.023786 
 66     0.018264 
 67     0.015799 
 68     0.015917 
 69     0.017589 
 70     0.021282 
 71     0.024457 
 72     0.028994 
 73     0.030675 
 74     0.035352 
 75     0.049969 
 76     0.062500 
 77     0.052054 
 78     0.064632 
 79     0.065369 
 80     0.070353 
 81     0.041374 
 82     0.034466 
 83     0.043587 
 84     0.048924 
 85     0.031281 
 86     0.018351 
 87     0.032469 
 88     0.042269 
 89     0.033484 
 90     0.041646 
 91     0.034284 
 92     0.037996 
 93     0.016927 
 94     0.026459 
 95     0.050136 
 96     0.065942 
 97     0.105092 
 98     0.105263 
 99     0.082198 
100     0.063533 
101     0.042429 
102     0.040906 
103     0.034572 
104     0.045630 
105     0.085534 
106     0.128310 
107     0.101400 
108     0.083272 
109     0.057878 
110     0.072227 
111     0.056104 
112     0.029395 
113     0.025323 
114     0.025013 
115     0.019030 
116     0.015852 
117     0.015625 
118     0.016262 
119     0.010811 
120     0.013715 
121     0.021819 
122     0.017967 
123     0.014065 
124     0.021807 
125     0.039281 
126     0.027401 
127     0.034945 
128     0.063747 
129     0.074733 
130     0.076029 
131     0.124331 
132     0.146325 
133     0.149900 
134     0.094120 
135     0.033479 
136     0.028608 
137     0.022560 
138     0.016414 
139     0.017051 
140     0.014892 
141     0.019311 
142     0.020641 
143     0.019577 
144     0.019588 
145     0.022949 
146     0.025717 
147     0.021071 
148     0.019713 
149     0.012063 
150     0.019212 
151     0.022671 
152     0.013384 
153     0.016288 
154     0.014373 
155     0.012284 
156     0.013344 
157     0.013498 
158     0.011135 
159     0.015867 
160     0.021036 
161     0.019111 
162     0.024118 
163     0.017834 
164     0.017235 
165     0.013368 
166     0.017797 
167     0.017533 
168     0.017013 
169     0.020996 
170     0.019588 
171     0.019614 
172     0.014953 
173     0.013159 
174     0.024902 
175     0.019386 
176     0.010446 
177     0.023951 
178     0.027593 
179     0.006404 
180     0.011129 
181     0.024222 
182     0.049143 
183     0.073445 
184     0.104394 
185     0.068851 
186     0.047103 
187     0.036515 
188     0.031190 
189     0.027222 
190     0.013347 
191     0.014167 
192     0.011779 
193     0.010473 
194     0.014334 
195     0.008001 
196     0.006860 
197     0.008853 
198     0.012854 
199     0.009251 
200     0.009713 
201     0.014284 
202     0.014900 
203     0.012332 
204     0.013207 
205     0.006351 
206     0.012201 
207     0.018262 
208     0.020639 
209     0.032793 
210     0.025234 
211     0.024425 
212     0.034911 
213     0.043770 
214     0.029334 
215     0.020149 
216     0.013853 
217     0.006347 
218     0.003667 
219     0.010481 
220     0.016013 
221     0.015088 
222     0.022764 
223     0.021366 
224     0.020385 
225     0.015875 
226     0.017920 
227     0.014524 
228     0.008612 
229     0.004056 
230     0.012933 
231     0.018027 
232     0.013615 
233     0.007006 
234     0.008667 
235     0.013750 
236     0.006166 
237     0.003952 
238     0.006950 
239     0.003087 
240     0.003023 
241     0.008540 
242     0.014567 
243     0.013832 
244     0.014773 
245     0.020754 
246     0.028716 
247     0.030831 
248     0.026252 
249     0.030192 
250     0.020394 
251     0.016824 
252     0.010096 
253     0.017390 
254     0.018209 
255     0.013460 
256     0.018986 
257     0.016087 
258     0.011129 
259     0.012260 
260     0.015133 
261     0.012690 
262     0.006822 
263     0.007765 
264     0.011344 
265     0.009971 
266     0.006177 
267     0.005933 
268     0.008345 
269     0.009379 
270     0.010797 
271     0.008804 
272     0.010271 
273     0.015247 
274     0.013762 
275     0.015258 
276     0.021031 
277     0.023751 
278     0.019444 
279     0.015039 
280     0.013984 
281     0.010699 
282     0.014960 
283     0.014417 
284     0.017616 
285     0.015294 
286     0.014768 
287     0.018924 
288     0.027296 
289     0.047885 
290     0.057027 
291     0.061994 
292     0.029335 
293     0.012908 
294     0.016505 
295     0.015596 
296     0.015350 
297     0.016137 
298     0.010655 
299     0.012328 
300     0.012719 
301     0.020400 
302     0.022340 
303     0.024323 
304     0.020239 
305     0.020019 
306     0.026124 
307     0.021737 
308     0.020727 
309     0.028016 
310     0.034902 
311     0.035227 
312     0.026499 
313     0.025166 
314     0.033911 
315     0.030038 
316     0.022044 
317     0.031285 
318     0.038484 
319     0.029758 
320     0.026525 
321     0.036225 
322     0.035017 
323     0.024203 
324     0.030838 
325     0.040433 
326     0.030310 
327     0.023314 
328     0.034088 
329     0.038892 
330     0.045933 
331     0.043387 
332     0.047393 
333     0.043972 
334     0.037366 
335     0.038929 
336     0.027275 
337     0.017925 
338     0.008840 
339     0.011400 
340     0.014279 
341     0.015414 
342     0.015194 
343     0.012030 
344     0.010177 
345     0.009602 
346     0.010678 
347     0.017338 
348     0.027138 
349     0.023518 
350     0.027508 
351     0.031380 
352     0.032305 
353     0.029123 
354     0.033160 
355     0.039947 
356     0.038206 
357     0.035328 
358     0.040803 
359     0.037115 
360     0.030718 
361     0.020867 
362     0.012486 
363     0.010999 
364     0.012680 
365     0.014756 
366     0.017065 
367     0.013527 
368     0.020037 
369     0.023182 
370     0.018965 
371     0.022535 
372     0.022208 
373     0.026315 
374     0.024591 
375     0.021394 
376     0.025279 
377     0.031166 
378     0.026781 
379     0.024904 
380     0.034328 
381     0.044917 
382     0.037261 
383     0.026629 
384     0.035282 
385     0.023131 
386     0.018965 
387     0.025402 
388     0.022388 
389     0.021832 
390     0.022372 
391     0.022298 
392     0.020646 
393     0.035543 
394     0.032880 
395     0.020503 
396     0.015853 
397     0.020090 
398     0.022161 
399     0.024811 
400     0.026932 
401     0.029522 
402     0.030867 
403     0.029391 
404     0.047089 
405     0.033281 
406     0.032840 
407     0.033469 
408     0.030609 
409     0.031618 
410     0.030024 
411     0.028363 
412     0.024177 
413     0.028759 
414     0.023324 
415     0.025060 
416     0.026188 
417     0.024122 
418     0.023088 
419     0.020880 
420     0.019254 
421     0.019989 
422     0.022680 
423     0.020673 
424     0.022661 
425     0.015587 
426     0.018627 
427     0.025293 
428     0.032095 
429     0.039960 
430     0.054401 
431     0.052854 
432     0.044351 
433     0.037201 
434     0.024540 
435     0.023658 
436     0.023073 
437     0.024169 
438     0.024358 
439     0.030923 
440     0.028534 
441     0.026277 
442     0.023854 
443     0.021432 
444     0.021910 
445     0.026101 
446     0.029092 
447     0.030041 
448     0.029370 
449     0.029096 
450     0.025793 
451     0.024728 
452     0.024710 
453     0.026036 
454     0.028237 
455     0.029152 
456     0.033021 
457     0.033138 
458     0.028923 
459     0.020283 
460     0.019259 
461     0.010700 
462     0.012066 
463     0.021201 
464     0.034833 
465     0.040055 
466     0.050285 
467     0.045211 
468     0.039907 
469     0.035725 
470     0.022190 
471     0.013271 
472     0.011016 
473     0.013320 
474     0.019746 
475     0.015759 
476     0.012496 
477     0.012409 
478     0.014490 
479     0.016026 
480     0.019933 
481     0.026069 
482     0.025878 
483     0.019671 
484     0.014039 
485     0.012441 
486     0.017469 
487     0.020572 
488     0.021233 
489     0.015940 
490     0.009008 
491     0.017269 
492     0.022054 
493     0.019796 
494     0.022254 
495     0.017711 
496     0.023513 
497     0.026333 
498     0.033661 
499     0.028708 
500     0.023110 
501     0.022569 
502     0.023293 
503     0.038090 
504     0.026425 
505     0.014726 
506     0.027312 
507     0.031048 
508     0.036052 
509     0.011125 
510     0.014685 
511     0.019317 
512     0.006137 
513     0.020240 
514     0.024543 
515     0.004272 
516     0.015408 
517     0.030828 
518     0.019256 
519     0.003744 
520     0.024269 
521     0.027741 
522     0.013508 
523     0.004891 
524     0.004579 
525     0.015726 
526     0.022309 
527     0.018078 
528     0.020593 
529     0.023132 
530     0.025600 
531     0.018216 
532     0.014247 
533     0.022079 
534     0.022145 
535     0.012214 
536     0.008742 
537     0.014036 
538     0.015534 
539     0.009868 
540     0.008542 
541     0.013475 
542     0.015735 
543     0.011972 
544     0.016021 
545     0.017482 
546     0.017552 
547     0.016957 
548     0.018425 
549     0.012950 
550     0.012302 
551     0.014440 
552     0.003325 
553     0.006444 
554     0.019476 
555     0.026783 
556     0.018789 
557     0.009108 
558     0.008648 
559     0.012971 
560     0.012430 
561     0.007997 
562     0.007901 
563     0.011470 
564     0.012314 
565     0.009674 
566     0.010327 
567     0.011429 
568     0.012071 
569     0.011660 
570     0.010926 
571     0.009055 
572     0.009404 
573     0.008671 
574     0.005348 
575     0.004010 
576     0.006697 
577     0.004486 
578     0.005552 
579     0.011168 
580     0.008954 
581     0.008926 
582     0.006001 
583     0.002264 
584     0.006412 
585     0.009599 
586     0.008291 
587     0.009223 
588     0.011803 
589     0.013592 
590     0.012633 
591     0.013068 
592     0.012189 
593     0.015049 
594     0.011443 
595     0.008707 
596     0.006788 
597     0.002416 
598     0.002978 
599     0.013162 
600     0.017216 
601     0.014048 
602     0.016815 
603     0.032045 
604     0.021638 
605     0.033973 
606     0.073256 
607     0.083965 
608     0.095765 
609     0.054395 
610     0.034008 
611     0.022802 
612     0.025966 
613     0.030196 
614     0.030750 
615     0.031759 
616     0.029177 
617     0.019339 
618     0.009905 
619     0.014458 
620     0.020513 
621     0.011919 
622     0.010560 
623     0.020303 
624     0.017754 
625     0.009012 
626     0.009607 
627     0.012160 
628     0.008992 
629     0.001641 
630     0.004306 
631     0.004418 
632     0.006666 
633     0.004895 
634     0.005779 
635     0.006132 
636     0.005862 
637     0.005174 
638     0.003935 
639     0.006552 
640     0.006711 
641     0.003635 
642     0.003451 
643     0.007469 
644     0.003257 
645     0.003279 
646     0.003685 
647     0.003525 
648     0.004163 
649     0.004983 
650     0.005700 
651     0.007411 
652     0.009493 
653     0.007061 
654     0.015966 
655     0.020208 
656     0.019494 
657     0.027034 
658     0.031343 
659     0.033921 
660     0.030125 
661     0.021215 
662     0.022150 
663     0.021721 
664     0.024863 
665     0.026898 
666     0.031717 
667     0.029190 
668     0.009424 
669     0.007172 
670     0.004669 
671     0.009454 
672     0.006980 
673     0.011946 
674     0.012911 
675     0.016223 
676     0.017652 
677     0.022136 
678     0.019321 
679     0.016511 
680     0.012881 
681     0.009277 
682     0.008142 
683     0.004261 
684     0.002804 
685     0.002757 
686     0.005557 
687     0.004954 
688     0.004505 
689     0.005798 
690     0.012620 
691     0.021525 
692     0.026196 
693     0.021101 
694     0.016360 
695     0.012085 
696     0.011926 
697     0.015900 
698     0.013443 
699     0.009888 
700     0.020349 
701     0.023727 
702     0.020238 
703     0.015536 
704     0.017153 
705     0.022198 
706     0.017666 
707     0.009021 
708     0.016524 
709     0.032048 
710     0.029070 
711     0.034138 
712     0.044441 
713     0.049198 
714     0.057706 
715     0.062993 
716     0.074052 
717     0.051956 
718     0.056467 
719     0.042358 
720     0.033602 
721     0.023513 
722     0.023531 
723     0.023983 
724     0.016481 
725     0.026620 
726     0.026042 
727     0.013782 
728     0.016257 
729     0.011184 
730     0.007544 
731     0.009114 
732     0.010877 
733     0.007426 
734     0.005955 
735     0.007309 
736     0.010130 
737     0.005671 
738     0.008644 
739     0.010888 
740     0.013697 
741     0.010468 
742     0.008561 
743     0.010150 
744     0.010798 
745     0.013323 
746     0.012943 
747     0.014320 
748     0.011499 
749     0.005811 
750     0.015705 
751     0.023222 
752     0.026359 
753     0.024637 
754     0.037992 
755     0.032227 
756     0.026118 
757     0.022784 
758     0.020460 
759     0.010812 
760     0.008229 
761     0.008780 
762     0.012540 
763     0.014247 
764     0.019388 
765     0.024118 
766     0.024276 
767     0.019370 
768     0.017120 
769     0.028627 
770     0.040839 
771     0.039307 
772     0.055201 
773     0.049491 
774     0.034711 
775     0.028642 
776     0.021307 
777     0.011863 
778     0.006821 
779     0.005894 
780     0.007226 
781     0.008389 
782     0.011184 
783     0.009111 
784     0.012083 
785     0.012799 
786     0.014634 
787     0.018944 
788     0.017262 
789     0.013455 
790     0.014938 
791     0.013197 
792     0.009977 
793     0.012804 
794     0.012687 
795     0.012930 
796     0.009717 
797     0.006681 
798     0.007820 
799     0.011133 
800     0.008836 
801     0.005879 
802     0.009059 
803     0.012830 
804     0.011388 
805     0.008328 
806     0.011485 
807     0.015050 
808     0.015593 
809     0.012810 
810     0.015538 
811     0.010021 
812     0.013400 
813     0.011483 
814     0.015112 
815     0.012801 
816     0.017544 
817     0.022507 
818     0.035301 
819     0.027920 
820     0.021648 
821     0.006328 
822     0.036796 
823     0.030595 
824     0.012500 
825     0.029470 
826     0.037164 
827     0.040881 
828     0.036849 
829     0.024036 
830     0.022216 
831     0.017640 
832     0.015664 
833     0.015272 
834     0.016557 
835     0.015664 
836     0.014688 
837     0.018680 
838     0.018191 
839     0.014817 
840     0.012292 
841     0.018456 
842     0.019697 
843     0.021651 
844     0.027824 
845     0.032073 
846     0.031571 
847     0.039122 
848     0.038263 
849     0.031496 
850     0.022109 
851     0.018200 
852     0.020088 
853     0.017469 
854     0.016197 
855     0.016407 
856     0.014304 
857     0.013736 
858     0.010804 
859     0.009296 
860     0.010695 
861     0.015712 
862     0.017132 
863     0.020376 
864     0.021208 
865     0.017186 
866     0.013590 
867     0.014036 
868     0.013464 
869     0.010599 
870     0.013432 
871     0.009076 
872     0.007816 
873     0.009778 
874     0.014993 
875     0.019902 
876     0.023411 
877     0.018111 
878     0.016543 
879     0.012124 
880     0.009710 
881     0.009092 
882     0.010771 
883     0.011659 
884     0.012483 
885     0.012836 
886     0.015973 
887     0.016232 
888     0.019826 
889     0.022576 
890     0.040428 
891     0.068014 
892     0.037060 
893     0.020050 
894     0.033796 
895     0.021503 
896     0.015222 
897     0.038231 
898     0.029201 
899     0.028354 
900     0.022265 
901     0.022302 
902     0.018190 
903     0.015505 
904     0.017908 
905     0.016305 
906     0.014234 
907     0.013533 
908     0.014433 
909     0.012783 
910     0.013531 
911     0.013547 
912     0.024106 
913     0.023317 
914     0.029532 
915     0.026088 
916     0.025844 
917     0.026172 
918     0.022527 
919     0.018057 
920     0.014249 
921     0.011141 
922     0.006147 
923     0.010685 
924     0.013495 
925     0.013585 
926     0.012046 
927     0.011356 
928     0.011686 
929     0.013220 
930     0.012685 
931     0.013479 
932     0.014547 
933     0.016537 
934     0.018408 
935     0.018555 
936     0.017558 
937     0.017553 
938     0.015841 
939     0.021454 
940     0.029601 
941     0.032415 
942     0.035877 
943     0.031628 
944     0.030290 
945     0.035112 
946     0.036968 
947     0.031376 
948     0.032803 
949     0.027442 
950     0.029535 
951     0.028842 
952     0.028629 
953     0.024294 
954     0.022558 
955     0.020087 
956     0.016976 
957     0.016219 
958     0.011855 
959     0.010921 
960     0.011132 
961     0.009670 
962     0.008274 
963     0.008344 
964     0.008694 
965     0.007115 
966     0.004857 
967     0.008001 
968     0.004280 
969     0.004291 
970     0.004441 
971     0.004730 
972     0.006245 
973     0.008009 
974     0.009565 
975     0.008066 
976     0.007858 
977     0.010496 
978     0.012708 
979     0.010951 
980     0.010572 
981     0.016521 
982     0.017457 
983     0.011325 
984     0.008448 
985     0.007440 
986     0.006698 
987     0.006051 
988     0.005608 
989     0.006056 
990     0.006838 
991     0.005938 
992     0.007378 
993     0.008503 
994     0.011419 
995     0.008329 
996     0.005491 
997     0.006858 
998     0.005465 
999     0.005661 
1000     0.005605 
1001     0.006368 
1002     0.005575 
1003     0.006784 
1004     0.006215 
1005     0.006297 
1006     0.006738 
1007     0.003298 
1008     0.001029 
1009     0.001810 
1010     0.003867 
1011     0.006349 
1012     0.006263 
1013     0.007316 
1014     0.006407 
1015     0.005601 
1016     0.003303 
1017     0.001781 
1018     0.004887 
1019     0.004387 
1020     0.005448 
1021     0.006459 
1022     0.007627 
1023     0.006458 
1024     0.005587 
1025     0.007531 
1026     0.008407 
1027     0.007081 
1028     0.007390 
1029     0.009911 
1030     0.024029 
1031     0.022913 
1032     0.008441 
1033     0.008325 
1034     0.004621 
1035     0.003614 
1036     0.002015 
1037     0.001573 
1038     0.002683 
1039     0.003625 
1040     0.004968 
1041     0.006176 
1042     0.006532 
1043     0.005999 
1044     0.006350 
1045     0.005742 
1046     0.004555 
1047     0.004913 
1048     0.005208 
1049     0.004332 
1050     0.003726 
1051     0.002792 
1052     0.002791 
1053     0.003900 
1054     0.003157 
1055     0.003529 
1056     0.005426 
1057     0.007227 
1058     0.007791 
1059     0.009027 
1060     0.005775 
1061     0.003197 
1062     0.001034 
1063     0.000540 
1064     0.002437 
1065     0.003583 
1066     0.005348 
1067     0.006462 
1068     0.007786 
1069     0.007053 
1070     0.005724 
1071     0.006387 
1072     0.008359 
1073     0.006639 
1074     0.006139 
1075     0.008630 
1076     0.010139 
1077     0.007208 
1078     0.008009 
1079     0.007854 
1080     0.007188 
1081     0.007708 
1082     0.011373 
1083     0.007706 
1084     0.006608 
1085     0.004642 
1086     0.002759 
1087     0.002483 
1088     0.001374 
1089     0.002705 
1090     0.003228 
1091     0.002396 
1092     0.001385 
1093     0.006327 
1094     0.006268 
1095     0.006248 
1096     0.007016 
1097     0.010700 
1098     0.007963 
1099     0.005724 
1100     0.002026 
1101     0.004301 
1102     0.003932 
1103     0.001882 
1104     0.005289 
1105     0.003531 
1106     0.002263 
1107     0.004398 
1108     0.003427 
1109     0.003399 
1110     0.003159 
1111     0.003686 
1112     0.004265 
1113     0.003761 
1114     0.003538 
1115     0.005183 
1116     0.005580 
1117     0.002968 
1118     0.003597 
1119     0.005343 
1120     0.004342 
1121     0.002983 
1122     0.004053 
1123     0.004746 
1124     0.004273 
1125     0.003159 
1126     0.002587 
1127     0.003506 
1128     0.003039 
1129     0.002104 
1130     0.001908 
1131     0.002460 
1132     0.002424 
1133     0.002821 
1134     0.002530 
1135     0.002002 
1136     0.002412 
1137     0.003104 
1138     0.003791 
1139     0.003749 
1140     0.003628 
1141     0.003344 
1142     0.002944 
1143     0.003108 
1144     0.002978 
1145     0.002881 
1146     0.003068 
1147     0.003144 
1148     0.003355 
1149     0.003071 
1150     0.003026 
1151     0.003502 
1152     0.003437 
1153     0.003471 
1154     0.004516 
1155     0.004727 
1156     0.002946 
1157     0.003682 
1158     0.005635 
1159     0.004922 
1160     0.003972 
1161     0.001350 
1162     0.007487 
1163     0.011721 
1164     0.013632 
1165     0.013733 
1166     0.005371 
1167     0.002353 
1168     0.001385 
1169     0.002468 
1170     0.003941 
1171     0.003362 
1172     0.002806 
1173     0.002757 
1174     0.002756 
1175     0.002688 
1176     0.002857 
1177     0.003050 
1178     0.003466 
1179     0.003822 
1180     0.006326 
1181     0.005101 
1182     0.003889 
1183     0.005478 
1184     0.006385 
1185     0.004809 
1186     0.005210 
1187     0.007716 
1188     0.007729 
1189     0.008957 
1190     0.007087 
1191     0.004478 
1192     0.003033 
1193     0.002763 
1194     0.003971 
1195     0.003079 
1196     0.002158 
1197     0.002901 
1198     0.003005 
1199     0.001789 
1200     0.002256 
1201     0.002963 
1202     0.001971 
1203     0.001859 
1204     0.003173 
1205     0.003377 
1206     0.003124 
1207     0.003812 
1208     0.004218 
1209     0.004009 
1210     0.004133 
1211     0.004400 
1212     0.003423 
1213     0.002186 
1214     0.001810 
1215     0.000837 
1216     0.000488 
1217     0.000503 
1218     0.000374 
1219     0.000894 
1220     0.000379 
1221     0.000620 
1222     0.000440 
1223     0.001593 
1224     0.003536 
1225     0.003653 
1226     0.001059 
1227     0.006270 
1228     0.008889 
1229     0.006231 
1230     0.004493 
1231     0.005322 
1232     0.006411 
1233     0.003650 
1234     0.001402 
1235     0.000472 
1236     0.000747 
1237     0.000963 
1238     0.001476 
1239     0.001916 
1240     0.002180 
1241     0.001407 
1242     0.000994 
1243     0.001256 
1244     0.000989 
1245     0.000499 
1246     0.000791 
1247     0.001252 
1248     0.001282 
1249     0.000978 
1250     0.001364 
1251     0.001848 
1252     0.001274 
1253     0.000930 
1254     0.002000 
1255     0.001698 
1256     0.000881 
1257     0.000549 
1258     0.000274 
1259     0.000204 
1260     0.000230 
1261     0.000436 
1262     0.000374 
1263     0.000297 
1264     0.000607 
1265     0.000672 
1266     0.000573 
1267     0.000730 
1268     0.000748 
1269     0.000697 
1270     0.000701 
1271     0.000773 
1272     0.000699 
1273     0.000534 
1274     0.000723 
1275     0.000680 
1276     0.000304 
1277     0.000929 
1278     0.000912 
1279     0.000706 
1280     0.001400 
1281     0.001669 
1282     0.001174 
1283     0.001019 
1284     0.000540 
1285     0.000529 
1286     0.000696 
1287     0.000584 
1288     0.000552 
1289     0.000296 
1290     0.000415 
1291     0.000433 
1292     0.000573 
1293     0.000747 
1294     0.000743 
1295     0.000825 
1296     0.000675 
1297     0.000912 
1298     0.000894 
1299     0.001038 
1300     0.000998 
1301     0.001305 
1302     0.001015 
1303     0.000722 
1304     0.000667 
1305     0.000538 
1306     0.000673 
1307     0.000644 
1308     0.000878 
1309     0.000785 
1310     0.000631 
1311     0.000763 
1312     0.000812 
1313     0.000682 
1314     0.001106 
1315     0.001645 
1316     0.001733 
1317     0.001719 
1318     0.001394 
1319     0.000631 
1320     0.000430 
1321     0.000562 
1322     0.000755 
1323     0.000444 
1324     0.000695 
1325     0.000985 
1326     0.000876 
1327     0.000720 
1328     0.000981 
1329     0.001004 
1330     0.000621 
1331     0.000236 
1332     0.000483 
1333     0.001044 
1334     0.000909 
1335     0.000882 
1336     0.001161 
1337     0.001595 
1338     0.002024 
1339     0.002006 
1340     0.002645 
1341     0.001806 
1342     0.002108 
1343     0.001576 
1344     0.001274 
1345     0.000876 
1346     0.001175 
1347     0.001306 
1348     0.000690 
1349     0.001028 
1350     0.001298 
1351     0.000938 
1352     0.000674 
1353     0.000325 
1354     0.000449 
1355     0.000252 
1356     0.000328 
1357     0.000392 
1358     0.000304 
1359     0.000216 
1360     0.000222 
1361     0.000415 
1362     0.000268 
1363     0.000321 
1364     0.000404 
1365     0.000583 
1366     0.000546 
1367     0.000760 
1368     0.001017 
1369     0.000679 
1370     0.000370 
1371     0.000743 
1372     0.001056 
1373     0.000929 
1374     0.001818 
1375     0.002092 
1376     0.002289 
1377     0.001898 
1378     0.002670 
1379     0.002236 
1380     0.001527 
1381     0.001182 
1382     0.000929 
1383     0.000380 
1384     0.000499 
1385     0.000518 
1386     0.000737 
1387     0.000559 
1388     0.000794 
1389     0.000972 
1390     0.000635 
1391     0.000393 
1392     0.000582 
1393     0.001620 
1394     0.002256 
1395     0.002266 
1396     0.003104 
1397     0.002970 
1398     0.001965 
1399     0.001833 
1400     0.001049 
1401     0.000457 
1402     0.000457 
1403     0.000711 
1404     0.000946 
1405     0.000924 
1406     0.000824 
1407     0.000413 
1408     0.000499 
1409     0.000434 
1410     0.000330 
1411     0.000478 
1412     0.000529 
1413     0.000497 
1414     0.000688 
1415     0.000760 
1416     0.000602 
1417     0.000789 
1418     0.000983 
1419     0.001110 
1420     0.001113 
1421     0.000867 
1422     0.000762 
1423     0.000959 
1424     0.000823 
1425     0.000576 
1426     0.000628 
1427     0.000687 
1428     0.000483 
1429     0.000359 
1430     0.000442 
1431     0.000368 
1432     0.000419 
1433     0.000408 
1434     0.000459 
1435     0.000611 
1436     0.000720 
1437     0.000688 
1438     0.000881 
1439     0.000946 
1440     0.001336 
1441     0.001321 
1442     0.001414 
1443     0.001073 
1444     0.001082 
1445     0.001030 
1446     0.001351 
1447     0.001125 
1448     0.000722 
1449     0.000556 
1450     0.000497 
1451     0.001089 
1452     0.001385 
1453     0.001433 
1454     0.001406 
1455     0.001016 
1456     0.000846 
1457     0.000676 
1458     0.000705 
1459     0.000601 
1460     0.000576 
1461     0.000380 
1462     0.000629 
1463     0.000733 
1464     0.000599 
1465     0.000866 
1466     0.001357 
1467     0.001558 
1468     0.001621 
1469     0.001090 
1470     0.001054 
1471     0.001209 
1472     0.001202 
1473     0.001216 
1474     0.000951 
1475     0.000817 
1476     0.000865 
1477     0.000911 
1478     0.000641 
1479     0.000577 
1480     0.000815 
1481     0.000676 
1482     0.000503 
1483     0.000704 
1484     0.000899 
1485     0.001083 
1486     0.001225 
1487     0.001068 
1488     0.000889 
1489     0.000499 
1490     0.000201 
1491     0.000367 
1492     0.000372 
1493     0.000441 
1494     0.000609 
1495     0.000653 
1496     0.000797 
1497     0.002536 
1498     0.004407 
1499     0.007223 
1500     0.004224 
1501     0.001175 
1502     0.001909 
1503     0.000938 
1504     0.000791 
1505     0.000474 
1506     0.000513 
1507     0.000289 
1508     0.000262 
1509     0.000143 
1510     0.000319 
1511     0.000310 
1512     0.000654 
1513     0.000805 
1514     0.000802 
1515     0.000955 
1516     0.000655 
1517     0.000668 
1518     0.001068 
1519     0.001464 
1520     0.002381 
1521     0.001731 
1522     0.000931 
1523     0.000686 
1524     0.000747 
1525     0.000710 
1526     0.000612 
1527     0.000851 
1528     0.000825 
1529     0.000971 
1530     0.001103 
1531     0.001317 
1532     0.001082 
1533     0.000948 
1534     0.001076 
1535     0.001173 
1536     0.001065 
1537     0.000990 
1538     0.000963 
1539     0.000871 
1540     0.000726 
1541     0.000467 
1542     0.000240 
1543     0.000292 
1544     0.000468 
1545     0.000532 
1546     0.000552 
1547     0.000314 
1548     0.000495 
1549     0.000428 
1550     0.000293 
1551     0.000441 
1552     0.000477 
1553     0.000623 
1554     0.000598 
1555     0.000787 
1556     0.000928 
1557     0.001335 
1558     0.001139 
1559     0.000847 
1560     0.001328 
1561     0.001611 
1562     0.001867 
1563     0.001589 
1564     0.001699 
1565     0.001400 
1566     0.001504 
1567     0.001184 
1568     0.000892 
1569     0.000928 
1570     0.000740 
1571     0.000325 
1572     0.000345 
1573     0.000370 
1574     0.000126 
1575     0.000479 
1576     0.000850 
1577     0.000496 
1578     0.000318 
1579     0.000521 
1580     0.000560 
1581     0.000194 
1582     0.000379 
1583     0.000555 
1584     0.000389 
1585     0.000253 
1586     0.000612 
1587     0.000676 
1588     0.000499 
1589     0.000606 
1590     0.000843 
1591     0.000927 
1592     0.000724 
1593     0.000919 
1594     0.001291 
1595     0.001095 
1596     0.000850 
1597     0.000872 
1598     0.000769 
1599     0.000633 
1600     0.000810 
1601     0.000862 
1602     0.000675 
1603     0.000607 
1604     0.000821 
1605     0.000964 
1606     0.000767 
1607     0.000768 
1608     0.000787 
1609     0.000846 
1610     0.000724 
1611     0.000716 
1612     0.000794 
1613     0.000814 
1614     0.000758 
1615     0.000814 
1616     0.000759 
1617     0.000818 
1618     0.000788 
1619     0.000870 
1620     0.000865 
1621     0.000824 
1622     0.000892 
1623     0.000950 
1624     0.000950 
1625     0.000849 
1626     0.001014 
1627     0.001015 
1628     0.000949 
1629     0.000963 
1630     0.000789 
1631     0.000668 
1632     0.000600 
1633     0.000616 
1634     0.000738 
1635     0.000600 
1636     0.000578 
1637     0.000656 
1638     0.000595 
1639     0.000551 
1640     0.000528 
1641     0.000546 
1642     0.000474 
1643     0.000464 
1644     0.000599 
1645     0.000740 
1646     0.000661 
1647     0.000520 
1648     0.000541 
1649     0.000673 
1650     0.000556 
1651     0.000635 
1652     0.000725 
1653     0.001121 
1654     0.002417 
1655     0.002748 
1656     0.001346 
1657     0.001166 
1658     0.000925 
1659     0.000851 
1660     0.001094 
1661     0.001024 
1662     0.000738 
1663     0.000542 
1664     0.000491 
1665     0.000417 
1666     0.000406 
1667     0.000419 
1668     0.000484 
1669     0.000480 
1670     0.000554 
1671     0.000553 
1672     0.000646 
1673     0.000756 
1674     0.001276 
1675     0.000952 
1676     0.000952 
1677     0.000947 
1678     0.001001 
1679     0.001315 
1680     0.001197 
1681     0.001387 
1682     0.001707 
1683     0.001471 
1684     0.001250 
1685     0.000846 
1686     0.000882 
1687     0.000781 
1688     0.000582 
1689     0.000555 
1690     0.000483 
1691     0.000596 
1692     0.000612 
1693     0.000512 
1694     0.000476 
1695     0.000719 
1696     0.000596 
1697     0.000334 
1698     0.000301 
1699     0.000556 
1700     0.000562 
1701     0.000673 
1702     0.001070 
1703     0.001095 
1704     0.000947 
1705     0.000915 
1706     0.001119 
1707     0.001011 
1708     0.001067 
1709     0.001014 
1710     0.001276 
1711     0.001315 
1712     0.001155 
1713     0.001109 
1714     0.001247 
1715     0.001645 
1716     0.002061 
1717     0.002623 
1718     0.001456 
1719     0.001646 
1720     0.003243 
1721     0.005609 
1722     0.004935 
1723     0.005518 
1724     0.004255 
1725     0.002358 
1726     0.002083 
1727     0.001629 
1728     0.003832 
1729     0.003750 
1730     0.002319 
1731     0.004031 
1732     0.005485 
1733     0.003068 
1734     0.002435 
1735     0.004103 
1736     0.003749 
1737     0.001237 
1738     0.001571 
1739     0.000811 
1740     0.001243 
1741     0.001612 
1742     0.002068 
1743     0.002285 
1744     0.002446 
1745     0.002949 
1746     0.003189 
1747     0.003543 
1748     0.003525 
1749     0.003971 
1750     0.005158 
1751     0.004780 
1752     0.003984 
1753     0.003882 
1754     0.003067 
1755     0.002274 
1756     0.001369 
1757     0.000682 
1758     0.000493 
1759     0.000656 
1760     0.000296 
1761     0.000626 
1762     0.001098 
1763     0.001974 
1764     0.001653 
1765     0.001618 
1766     0.001288 
1767     0.001283 
1768     0.001359 
1769     0.001451 
1770     0.002028 
1771     0.002739 
1772     0.002903 
1773     0.003242 
1774     0.002804 
1775     0.001790 
1776     0.000804 
1777     0.000720 
1778     0.000829 
1779     0.001054 
1780     0.000756 
1781     0.001621 
1782     0.001680 
1783     0.001109 
1784     0.001740 
1785     0.003172 
1786     0.003021 
1787     0.002204 
1788     0.000774 
1789     0.002401 
1790     0.002104 
1791     0.003060 
1792     0.005241 
1793     0.002970 
1794     0.003564 
1795     0.002860 
1796     0.002601 
1797     0.001659 
1798     0.001073 
1799     0.000799 
1800     0.000949 
1801     0.001694 
1802     0.002416 
1803     0.002454 
1804     0.003591 
1805     0.003293 
1806     0.002024 
1807     0.002350 
1808     0.002915 
1809     0.001595 
1810     0.001134 
1811     0.001483 
1812     0.002963 
1813     0.004985 
1814     0.006443 
1815     0.006011 
1816     0.005444 
1817     0.004153 
1818     0.003319 
1819     0.003316 
1820     0.001129 
1821     0.002015 
1822     0.001910 
1823     0.001100 
1824     0.001301 
1825     0.001383 
1826     0.000763 
1827     0.001211 
1828     0.000959 
1829     0.001278 
1830     0.000695 
1831     0.000626 
1832     0.000565 
1833     0.000771 
1834     0.001404 
1835     0.001185 
1836     0.002667 
1837     0.002928 
1838     0.004476 
1839     0.006111 
1840     0.004806 
1841     0.005306 
1842     0.005630 
1843     0.004535 
1844     0.004825 
1845     0.005562 
1846     0.004909 
1847     0.004088 
1848     0.005726 
1849     0.007359 
1850     0.004464 
1851     0.007821 
1852     0.010826 
1853     0.010843 
