  1     0.034279 
  2     0.034977 
  3     0.035353 
  4     0.033941 
  5     0.030826 
  6     0.025976 
  7     0.023065 
  8     0.018058 
  9     0.016535 
 10     0.011363 
 11     0.009025 
 12     0.008355 
 13     0.011579 
 14     0.016177 
 15     0.019382 
 16     0.024031 
 17     0.027187 
 18     0.031607 
 19     0.034381 
 20     0.038667 
 21     0.041678 
 22     0.039090 
 23     0.036918 
 24     0.031985 
 25     0.031749 
 26     0.027594 
 27     0.028628 
 28     0.027070 
 29     0.026787 
 30     0.030045 
 31     0.025977 
 32     0.025699 
 33     0.021478 
 34     0.021642 
 35     0.016969 
 36     0.017288 
 37     0.013846 
 38     0.015491 
 39     0.017600 
 40     0.023397 
 41     0.026512 
 42     0.032613 
 43     0.033520 
 44     0.038005 
 45     0.042187 
 46     0.041999 
 47     0.037935 
 48     0.034616 
 49     0.029249 
 50     0.024935 
 51     0.019941 
 52     0.017614 
 53     0.022112 
 54     0.021213 
 55     0.015494 
 56     0.016530 
 57     0.021310 
 58     0.019796 
 59     0.021536 
 60     0.026461 
 61     0.029247 
 62     0.026383 
 63     0.031116 
 64     0.030945 
 65     0.024870 
 66     0.022525 
 67     0.016886 
 68     0.013517 
 69     0.017384 
 70     0.013829 
 71     0.013549 
 72     0.018968 
 73     0.019647 
 74     0.020768 
 75     0.020705 
 76     0.025784 
 77     0.029438 
 78     0.028793 
 79     0.023288 
 80     0.021725 
 81     0.018619 
 82     0.023020 
 83     0.026954 
 84     0.024390 
 85     0.022574 
 86     0.028271 
 87     0.029164 
 88     0.024948 
 89     0.023591 
 90     0.026549 
 91     0.028323 
 92     0.032943 
 93     0.030722 
 94     0.034697 
 95     0.035345 
 96     0.036496 
 97     0.041559 
 98     0.037425 
 99     0.034207 
100     0.030091 
101     0.027883 
102     0.030596 
103     0.031507 
104     0.036549 
105     0.036731 
106     0.041481 
107     0.044792 
108     0.043283 
109     0.039735 
110     0.035508 
111     0.031929 
112     0.026461 
113     0.026754 
114     0.030846 
115     0.027459 
116     0.023596 
117     0.027949 
118     0.027858 
119     0.023798 
120     0.026580 
121     0.030730 
122     0.028274 
123     0.026975 
124     0.031466 
125     0.033673 
126     0.030760 
127     0.032735 
128     0.037539 
129     0.037635 
130     0.037587 
131     0.040924 
132     0.044259 
133     0.045480 
134     0.043237 
135     0.038548 
136     0.038425 
137     0.034561 
138     0.029588 
139     0.025539 
140     0.021238 
141     0.016396 
142     0.012741 
143     0.008354 
144     0.007950 
145     0.006325 
146     0.010089 
147     0.012734 
148     0.017762 
149     0.020067 
150     0.017121 
151     0.017909 
152     0.022767 
153     0.023283 
154     0.021569 
155     0.025383 
156     0.028665 
157     0.027368 
158     0.028539 
159     0.032926 
160     0.033985 
161     0.033233 
162     0.036567 
163     0.033402 
164     0.033791 
165     0.029277 
166     0.030201 
167     0.025440 
168     0.021118 
169     0.016795 
170     0.013072 
171     0.012086 
172     0.011291 
173     0.014191 
174     0.017166 
175     0.016025 
176     0.017576 
177     0.021820 
178     0.022393 
179     0.023260 
180     0.025692 
181     0.021815 
182     0.022249 
183     0.022288 
184     0.024515 
185     0.020712 
186     0.016115 
187     0.014034 
188     0.015476 
189     0.012494 
190     0.013348 
191     0.011863 
192     0.011452 
193     0.010187 
194     0.008119 
195     0.006768 
196     0.004213 
197     0.002617 
198     0.003040 
199     0.003007 
200     0.002706 
201     0.003472 
202     0.006409 
203     0.007273 
204     0.008590 
205     0.009409 
206     0.009492 
207     0.011421 
208     0.010970 
209     0.012524 
210     0.009328 
211     0.008067 
212     0.010739 
213     0.014130 
214     0.010968 
215     0.009628 
216     0.009590 
217     0.008391 
218     0.007430 
219     0.006798 
220     0.005851 
221     0.004426 
222     0.003149 
223     0.002501 
224     0.005989 
225     0.010077 
226     0.011928 
227     0.009936 
228     0.012267 
229     0.012239 
230     0.014852 
231     0.019865 
232     0.020453 
233     0.019504 
234     0.022997 
235     0.027476 
236     0.026415 
237     0.024974 
238     0.030389 
239     0.033330 
240     0.031398 
241     0.033027 
242     0.038424 
243     0.039267 
244     0.037581 
245     0.041312 
246     0.045753 
247     0.044973 
248     0.042957 
249     0.045782 
250     0.041165 
251     0.037915 
252     0.031992 
253     0.032215 
254     0.034090 
255     0.028752 
256     0.024221 
257     0.019718 
258     0.022489 
259     0.022179 
260     0.016381 
261     0.016025 
262     0.020153 
263     0.016497 
264     0.012471 
265     0.016979 
266     0.019905 
267     0.015842 
268     0.016604 
269     0.021897 
270     0.021697 
271     0.019443 
272     0.024306 
273     0.027983 
274     0.026366 
275     0.029257 
276     0.033374 
277     0.036639 
278     0.034709 
279     0.030986 
280     0.030808 
281     0.026981 
282     0.026854 
283     0.023605 
284     0.023831 
285     0.023909 
286     0.024863 
287     0.029132 
288     0.032922 
289     0.039274 
290     0.044202 
291     0.044233 
292     0.037682 
293     0.032711 
294     0.033505 
295     0.031080 
296     0.030728 
297     0.032602 
298     0.033902 
299     0.035683 
300     0.033653 
301     0.035265 
302     0.033623 
303     0.037986 
304     0.036856 
305     0.031694 
306     0.033140 
307     0.036268 
308     0.032636 
309     0.028459 
310     0.030018 
311     0.023984 
312     0.017746 
313     0.016434 
314     0.017242 
315     0.014225 
316     0.011350 
317     0.014188 
318     0.012667 
319     0.008032 
320     0.009777 
321     0.010267 
322     0.007171 
323     0.006537 
324     0.008886 
325     0.007809 
326     0.005128 
327     0.006667 
328     0.007540 
329     0.010928 
330     0.013412 
331     0.014868 
332     0.016727 
333     0.014616 
334     0.014543 
335     0.016565 
336     0.016998 
337     0.016008 
338     0.016466 
339     0.015050 
340     0.012320 
341     0.009493 
342     0.010254 
343     0.010849 
344     0.013992 
345     0.017835 
346     0.019393 
347     0.023387 
348     0.020844 
349     0.016721 
350     0.018805 
351     0.021466 
352     0.019472 
353     0.016940 
354     0.020691 
355     0.022235 
356     0.018768 
357     0.018563 
358     0.022728 
359     0.022422 
360     0.022858 
361     0.019779 
362     0.021343 
363     0.021632 
364     0.025053 
365     0.023210 
366     0.020340 
367     0.016244 
368     0.014590 
369     0.018878 
370     0.019340 
371     0.016596 
372     0.020163 
373     0.023471 
374     0.021076 
375     0.022532 
376     0.027090 
377     0.027839 
378     0.026529 
379     0.029412 
380     0.033529 
381     0.036166 
382     0.030593 
383     0.031425 
384     0.036920 
385     0.034809 
386     0.018315 
387     0.007230 
388     0.007444 
389     0.007678 
390     0.007240 
391     0.007524 
392     0.008858 
393     0.013537 
394     0.016395 
395     0.019531 
396     0.031495 
397     0.044819 
398     0.036107 
399     0.031185 
400     0.026731 
401     0.026920 
402     0.030709 
403     0.025112 
404     0.042769 
405     0.040247 
406     0.039272 
407     0.040118 
408     0.035870 
409     0.026974 
410     0.024173 
411     0.013482 
412     0.015847 
413     0.024000 
414     0.032076 
415     0.024430 
416     0.013228 
417     0.010641 
418     0.013726 
419     0.011545 
420     0.010839 
421     0.014397 
422     0.010371 
423     0.013460 
424     0.012320 
425     0.019195 
426     0.011904 
427     0.015970 
428     0.015210 
429     0.006831 
430     0.010925 
431     0.020538 
432     0.032356 
433     0.028959 
434     0.041310 
435     0.038998 
436     0.031399 
437     0.036804 
438     0.033753 
439     0.039396 
440     0.038937 
441     0.041791 
442     0.046959 
443     0.050382 
444     0.050808 
445     0.053643 
446     0.048706 
447     0.047162 
448     0.044934 
449     0.053111 
450     0.059243 
451     0.054873 
452     0.058451 
453     0.055320 
454     0.054284 
455     0.054209 
456     0.050577 
457     0.051351 
458     0.048938 
459     0.045805 
460     0.051992 
461     0.056169 
462     0.046273 
463     0.052758 
464     0.047935 
465     0.042747 
466     0.033309 
467     0.022511 
468     0.025448 
469     0.035685 
470     0.034497 
471     0.034054 
472     0.027262 
473     0.026243 
474     0.020334 
475     0.022597 
476     0.021514 
477     0.023627 
478     0.022993 
479     0.023884 
480     0.018371 
481     0.027610 
482     0.029459 
483     0.039246 
484     0.035222 
485     0.038096 
486     0.034978 
487     0.037625 
488     0.034163 
489     0.040699 
490     0.043349 
491     0.049139 
492     0.056506 
493     0.063624 
494     0.061641 
495     0.060192 
496     0.054346 
497     0.052732 
498     0.050697 
499     0.051525 
500     0.052518 
501     0.052897 
502     0.057546 
503     0.049859 
504     0.068804 
505     0.064894 
506     0.063090 
507     0.065850 
508     0.073338 
509     0.075042 
510     0.083371 
511     0.076385 
512     0.067433 
513     0.076130 
514     0.078512 
515     0.067285 
516     0.068267 
517     0.077297 
518     0.070196 
519     0.063796 
520     0.070063 
521     0.072963 
522     0.062860 
523     0.061642 
524     0.058355 
525     0.050068 
526     0.049695 
527     0.050861 
528     0.041908 
529     0.037870 
530     0.043979 
531     0.046459 
532     0.027854 
533     0.037303 
534     0.043917 
535     0.033503 
536     0.030272 
537     0.044254 
538     0.048307 
539     0.029797 
540     0.054075 
541     0.069008 
542     0.049636 
543     0.045966 
544     0.079483 
545     0.083945 
546     0.056839 
547     0.070179 
548     0.096847 
549     0.082773 
550     0.062864 
551     0.096365 
552     0.109591 
553     0.081933 
554     0.075806 
555     0.059306 
556     0.060662 
557     0.033856 
558     0.022264 
559     0.041209 
560     0.059039 
561     0.036678 
562     0.030877 
563     0.061290 
564     0.059499 
565     0.030779 
566     0.048957 
567     0.069852 
568     0.050786 
569     0.040572 
570     0.070955 
571     0.070093 
572     0.042643 
573     0.063182 
574     0.080918 
575     0.060902 
576     0.049975 
577     0.078913 
578     0.071357 
579     0.055809 
580     0.056872 
581     0.039711 
582     0.067199 
583     0.066178 
584     0.036331 
585     0.050746 
586     0.070032 
587     0.051370 
588     0.036789 
589     0.067119 
590     0.068041 
591     0.039408 
592     0.056586 
593     0.080952 
594     0.062654 
595     0.056237 
596     0.089653 
597     0.077907 
598     0.060943 
599     0.091637 
600     0.110576 
601     0.097497 
602     0.108811 
603     0.138440 
604     0.122342 
605     0.143142 
606     0.014768 
607     0.018203 
608     0.019915 
609     0.017430 
610     0.018988 
611     0.018468 
612     0.020497 
613     0.020983 
614     0.024111 
615     0.025880 
616     0.026839 
617     0.026227 
618     0.022623 
619     0.021542 
620     0.022946 
621     0.021302 
622     0.018074 
623     0.020868 
624     0.018709 
625     0.015693 
626     0.018425 
627     0.019341 
628     0.015828 
629     0.015853 
630     0.018951 
631     0.019190 
632     0.015415 
633     0.014036 
634     0.011964 
635     0.009344 
636     0.007353 
637     0.006073 
638     0.005283 
639     0.004129 
640     0.002873 
641     0.003753 
642     0.003260 
643     0.004691 
644     0.006002 
645     0.006525 
646     0.006825 
647     0.008930 
648     0.010377 
649     0.009606 
650     0.010472 
651     0.013493 
652     0.013505 
653     0.011315 
654     0.015038 
655     0.017065 
656     0.016436 
657     0.017258 
658     0.020743 
659     0.021634 
660     0.023495 
661     0.020170 
662     0.019410 
663     0.021981 
664     0.020540 
665     0.018404 
666     0.019400 
667     0.017157 
668     0.013652 
669     0.011829 
670     0.009340 
671     0.010485 
672     0.009459 
673     0.011803 
674     0.012044 
675     0.012139 
676     0.014248 
677     0.013790 
678     0.009657 
679     0.010622 
680     0.007786 
681     0.007555 
682     0.006275 
683     0.005751 
684     0.008105 
685     0.009370 
686     0.012405 
687     0.011629 
688     0.013528 
689     0.012614 
690     0.014058 
691     0.017165 
692     0.017498 
693     0.019244 
694     0.017254 
695     0.014522 
696     0.016690 
697     0.018346 
698     0.015486 
699     0.013225 
700     0.016304 
701     0.018300 
702     0.015294 
703     0.016479 
704     0.020566 
705     0.021185 
706     0.017705 
707     0.019525 
708     0.023742 
709     0.022818 
710     0.021203 
711     0.024821 
712     0.027578 
713     0.024363 
714     0.024731 
715     0.028985 
716     0.028553 
717     0.026017 
718     0.023129 
719     0.020604 
720     0.018429 
721     0.017193 
722     0.015479 
723     0.012246 
724     0.013275 
725     0.014270 
726     0.011596 
727     0.007967 
728     0.009352 
729     0.011572 
730     0.010030 
731     0.006979 
732     0.007938 
733     0.010841 
734     0.009821 
735     0.007657 
736     0.010541 
737     0.012697 
738     0.011364 
739     0.009612 
740     0.011037 
741     0.008229 
742     0.006382 
743     0.005310 
744     0.006900 
745     0.009005 
746     0.011682 
747     0.014939 
748     0.016470 
749     0.018033 
750     0.020650 
751     0.021171 
752     0.022443 
753     0.020022 
754     0.020598 
755     0.019475 
756     0.016138 
757     0.013936 
758     0.010704 
759     0.010195 
760     0.008812 
761     0.010732 
762     0.012026 
763     0.013781 
764     0.017269 
765     0.018625 
766     0.016570 
767     0.013663 
768     0.014193 
769     0.012836 
770     0.015199 
771     0.015757 
772     0.014199 
773     0.015861 
774     0.015751 
775     0.018330 
776     0.016543 
777     0.015903 
778     0.012657 
779     0.009757 
780     0.007404 
781     0.004443 
782     0.003764 
783     0.005175 
784     0.006780 
785     0.009906 
786     0.013167 
787     0.015995 
788     0.018408 
789     0.015709 
790     0.016101 
791     0.018423 
792     0.014443 
793     0.014871 
794     0.018969 
795     0.020407 
796     0.020527 
797     0.017631 
798     0.013207 
799     0.014849 
800     0.015127 
801     0.011989 
802     0.009827 
803     0.011275 
804     0.010285 
805     0.006830 
806     0.006809 
807     0.006599 
808     0.004685 
809     0.005796 
810     0.007662 
811     0.009568 
812     0.011629 
813     0.010251 
814     0.012166 
815     0.013597 
816     0.018549 
817     0.026353 
818     0.038652 
819     0.051247 
820     0.061282 
821     0.074645 
822     0.088428 
823     0.088703 
824     0.074582 
825     0.062006 
826     0.051838 
827     0.039189 
828     0.028753 
829     0.019918 
830     0.017161 
831     0.014910 
832     0.013843 
833     0.011487 
834     0.011686 
835     0.010625 
836     0.009470 
837     0.005908 
838     0.004134 
839     0.003472 
840     0.004244 
841     0.004136 
842     0.003051 
843     0.003226 
844     0.002897 
845     0.001784 
846     0.002235 
847     0.002802 
848     0.004085 
849     0.002858 
850     0.003617 
851     0.004007 
852     0.003624 
853     0.004032 
854     0.003659 
855     0.003006 
856     0.002214 
857     0.002783 
858     0.003519 
859     0.002914 
860     0.002777 
861     0.002862 
862     0.003064 
863     0.002547 
864     0.003195 
865     0.002799 
866     0.003096 
867     0.003699 
868     0.004182 
869     0.004744 
870     0.004686 
871     0.005822 
872     0.006592 
873     0.007923 
874     0.009293 
875     0.010514 
876     0.008794 
877     0.008022 
878     0.008525 
879     0.007278 
880     0.006455 
881     0.005455 
882     0.004559 
883     0.004200 
884     0.003501 
885     0.003034 
886     0.002357 
887     0.002388 
888     0.002040 
889     0.001836 
890     0.001673 
891     0.001876 
892     0.002131 
893     0.001835 
894     0.002188 
895     0.002819 
896     0.003333 
897     0.003743 
898     0.003434 
899     0.002973 
900     0.003199 
901     0.003888 
902     0.004315 
903     0.005060 
904     0.005394 
905     0.006701 
906     0.008080 
907     0.009287 
908     0.007521 
909     0.009159 
910     0.007447 
911     0.007342 
912     0.005894 
913     0.004823 
914     0.004548 
915     0.005090 
916     0.004600 
917     0.005362 
918     0.005192 
919     0.004303 
920     0.003987 
921     0.003253 
922     0.002790 
923     0.003162 
924     0.002862 
925     0.002455 
926     0.003249 
927     0.003693 
928     0.004232 
929     0.004877 
930     0.005752 
931     0.006510 
932     0.007482 
933     0.008996 
934     0.008599 
935     0.008161 
936     0.008565 
937     0.009401 
938     0.012487 
939     0.009266 
940     0.007980 
941     0.007301 
942     0.007339 
943     0.007383 
944     0.007491 
945     0.006811 
946     0.006908 
947     0.007033 
948     0.007316 
949     0.007126 
950     0.006876 
951     0.006096 
952     0.007198 
953     0.006561 
954     0.005441 
955     0.005564 
956     0.005834 
957     0.004946 
958     0.004500 
959     0.005098 
960     0.004897 
961     0.004269 
962     0.004405 
963     0.004901 
964     0.004502 
965     0.003984 
966     0.004558 
967     0.004641 
968     0.004160 
969     0.004167 
970     0.004823 
971     0.004917 
972     0.004405 
973     0.004096 
974     0.003956 
975     0.003586 
976     0.003521 
977     0.003300 
978     0.002884 
979     0.002838 
980     0.002817 
981     0.002398 
982     0.002245 
983     0.002207 
984     0.002542 
985     0.001947 
986     0.002075 
987     0.002749 
988     0.002585 
989     0.002405 
990     0.003002 
991     0.003293 
992     0.003071 
993     0.003204 
994     0.003754 
995     0.004178 
996     0.004436 
997     0.004184 
998     0.003985 
999     0.004126 
1000     0.004114 
1001     0.003661 
1002     0.003702 
1003     0.003916 
1004     0.003753 
1005     0.003489 
1006     0.003510 
1007     0.003528 
1008     0.003643 
1009     0.003537 
1010     0.003722 
1011     0.003762 
1012     0.003823 
1013     0.003923 
1014     0.003959 
1015     0.003887 
1016     0.004054 
1017     0.003807 
1018     0.003658 
1019     0.003709 
1020     0.003786 
1021     0.003699 
1022     0.004001 
1023     0.004102 
1024     0.003780 
1025     0.003842 
1026     0.004136 
1027     0.004044 
1028     0.003740 
1029     0.003720 
1030     0.003904 
1031     0.003605 
1032     0.003513 
1033     0.003335 
1034     0.003140 
1035     0.003230 
1036     0.002937 
1037     0.002861 
1038     0.002721 
1039     0.002757 
1040     0.002799 
1041     0.002977 
1042     0.003385 
1043     0.003613 
1044     0.003643 
1045     0.003191 
1046     0.003103 
1047     0.003459 
1048     0.003371 
1049     0.002887 
1050     0.002863 
1051     0.002616 
1052     0.003110 
1053     0.003478 
1054     0.003323 
1055     0.003261 
1056     0.003751 
1057     0.004038 
1058     0.003669 
1059     0.004014 
1060     0.003560 
1061     0.003673 
1062     0.003353 
1063     0.003283 
1064     0.003275 
1065     0.003192 
1066     0.003225 
1067     0.003137 
1068     0.002920 
1069     0.002971 
1070     0.003039 
1071     0.002834 
1072     0.002941 
1073     0.002959 
1074     0.003133 
1075     0.003240 
1076     0.003277 
1077     0.003305 
1078     0.003087 
1079     0.003234 
1080     0.003608 
1081     0.003897 
1082     0.003574 
1083     0.003409 
1084     0.003084 
1085     0.002985 
1086     0.002436 
1087     0.002209 
1088     0.002306 
1089     0.001964 
1090     0.001520 
1091     0.001518 
1092     0.001579 
1093     0.002031 
1094     0.002493 
1095     0.002755 
1096     0.002429 
1097     0.002604 
1098     0.003375 
1099     0.004105 
1100     0.004128 
1101     0.005044 
1102     0.004926 
1103     0.004257 
1104     0.004933 
1105     0.005194 
1106     0.004384 
1107     0.004385 
1108     0.005073 
1109     0.004675 
1110     0.004113 
1111     0.004706 
1112     0.005015 
1113     0.004321 
1114     0.004256 
1115     0.004658 
1116     0.004220 
1117     0.003546 
1118     0.003890 
1119     0.004025 
1120     0.003348 
1121     0.003133 
1122     0.003613 
1123     0.003386 
1124     0.002713 
1125     0.002868 
1126     0.002387 
1127     0.001885 
1128     0.001819 
1129     0.001770 
1130     0.002218 
1131     0.002529 
1132     0.002677 
1133     0.003085 
1134     0.002780 
1135     0.003027 
1136     0.002748 
1137     0.003337 
1138     0.003900 
1139     0.004136 
1140     0.003488 
1141     0.003418 
1142     0.002731 
1143     0.002159 
1144     0.001644 
1145     0.001405 
1146     0.000905 
1147     0.000671 
1148     0.000787 
1149     0.001082 
1150     0.000904 
1151     0.001150 
1152     0.001401 
1153     0.001599 
1154     0.002001 
1155     0.001847 
1156     0.001549 
1157     0.001930 
1158     0.002245 
1159     0.002084 
1160     0.001950 
1161     0.002544 
1162     0.002799 
1163     0.002560 
1164     0.002301 
1165     0.001776 
1166     0.001374 
1167     0.001174 
1168     0.000792 
1169     0.000630 
1170     0.000907 
1171     0.001086 
1172     0.001555 
1173     0.002001 
1174     0.002336 
1175     0.002961 
1176     0.003491 
1177     0.004081 
1178     0.004529 
1179     0.004377 
1180     0.004946 
1181     0.004403 
1182     0.004142 
1183     0.004862 
1184     0.004995 
1185     0.004431 
1186     0.004715 
1187     0.005401 
1188     0.005213 
1189     0.005458 
1190     0.005159 
1191     0.004886 
1192     0.004321 
1193     0.004347 
1194     0.004212 
1195     0.003607 
1196     0.003333 
1197     0.003527 
1198     0.003117 
1199     0.002497 
1200     0.002607 
1201     0.002698 
1202     0.002044 
1203     0.001767 
1204     0.002254 
1205     0.002077 
1206     0.001537 
1207     0.001861 
1208     0.002275 
1209     0.001919 
1210     0.001731 
1211     0.001899 
1212     0.001534 
1213     0.001229 
1214     0.000904 
1215     0.000880 
1216     0.001471 
1217     0.001394 
1218     0.001463 
1219     0.001876 
1220     0.002378 
1221     0.002356 
1222     0.002744 
1223     0.003247 
1224     0.003633 
1225     0.003744 
1226     0.004128 
1227     0.004648 
1228     0.004894 
1229     0.005164 
1230     0.004835 
1231     0.005515 
1232     0.005486 
1233     0.004365 
1234     0.004042 
1235     0.003310 
1236     0.003774 
1237     0.003471 
1238     0.004461 
1239     0.004812 
1240     0.005157 
1241     0.005488 
1242     0.004809 
1243     0.004594 
1244     0.005561 
1245     0.005344 
1246     0.004562 
1247     0.005551 
1248     0.005615 
1249     0.004543 
1250     0.005182 
1251     0.005982 
1252     0.005204 
1253     0.005069 
1254     0.006171 
1255     0.006480 
1256     0.005451 
1257     0.004758 
1258     0.004326 
1259     0.003656 
1260     0.002769 
1261     0.002472 
1262     0.002437 
1263     0.001995 
1264     0.001120 
1265     0.001115 
1266     0.001227 
1267     0.000969 
1268     0.000612 
1269     0.000596 
1270     0.001223 
1271     0.001507 
1272     0.001256 
1273     0.001270 
1274     0.002096 
1275     0.002202 
1276     0.001572 
1277     0.001887 
1278     0.002851 
1279     0.002506 
1280     0.002165 
1281     0.003154 
1282     0.003618 
1283     0.003247 
1284     0.004105 
1285     0.003560 
1286     0.003180 
1287     0.004109 
1288     0.004004 
1289     0.003404 
1290     0.003101 
1291     0.002677 
1292     0.001912 
1293     0.001903 
1294     0.001732 
1295     0.002564 
1296     0.002881 
1297     0.004085 
1298     0.004547 
1299     0.004979 
1300     0.005587 
1301     0.005858 
1302     0.004671 
1303     0.004430 
1304     0.003539 
1305     0.003179 
1306     0.002575 
1307     0.001818 
1308     0.002054 
1309     0.001728 
1310     0.002289 
1311     0.001857 
1312     0.002597 
1313     0.002645 
1314     0.003113 
1315     0.004104 
1316     0.004275 
1317     0.004592 
1318     0.003915 
1319     0.003052 
1320     0.003456 
1321     0.003962 
1322     0.003267 
1323     0.002363 
1324     0.002986 
1325     0.003835 
1326     0.003253 
1327     0.003189 
1328     0.004341 
1329     0.004941 
1330     0.004406 
1331     0.004995 
1332     0.005925 
1333     0.006082 
1334     0.006083 
1335     0.006887 
1336     0.007562 
1337     0.007287 
1338     0.007374 
1339     0.008221 
1340     0.008165 
1341     0.007079 
1342     0.006703 
1343     0.006236 
1344     0.005212 
1345     0.005119 
1346     0.005309 
1347     0.004447 
1348     0.004107 
1349     0.004014 
1350     0.003750 
1351     0.003311 
1352     0.002772 
1353     0.003172 
1354     0.003295 
1355     0.002233 
1356     0.001753 
1357     0.002535 
1358     0.002903 
1359     0.002134 
1360     0.002433 
1361     0.003531 
1362     0.003460 
1363     0.002643 
1364     0.002334 
1365     0.001367 
1366     0.000782 
1367     0.001102 
1368     0.001424 
1369     0.002481 
1370     0.002795 
1371     0.003623 
1372     0.003756 
1373     0.003888 
1374     0.004714 
1375     0.005200 
1376     0.005774 
1377     0.005323 
1378     0.005846 
1379     0.005253 
1380     0.004364 
1381     0.003641 
1382     0.002834 
1383     0.001932 
1384     0.001034 
1385     0.000525 
1386     0.000993 
1387     0.001861 
1388     0.002314 
1389     0.002533 
1390     0.002217 
1391     0.001784 
1392     0.002754 
1393     0.003175 
1394     0.004185 
1395     0.004655 
1396     0.004786 
1397     0.005296 
1398     0.004746 
1399     0.005138 
1400     0.004170 
1401     0.003550 
1402     0.002692 
1403     0.002091 
1404     0.001977 
1405     0.001175 
1406     0.001855 
1407     0.002046 
1408     0.002574 
1409     0.003396 
1410     0.003903 
1411     0.004873 
1412     0.005613 
1413     0.005068 
1414     0.005480 
1415     0.006157 
1416     0.005014 
1417     0.005298 
1418     0.006397 
1419     0.006614 
1420     0.006535 
1421     0.005861 
1422     0.004437 
1423     0.004623 
1424     0.004938 
1425     0.004203 
1426     0.003218 
1427     0.003563 
1428     0.003878 
1429     0.002863 
1430     0.002176 
1431     0.002329 
1432     0.001989 
1433     0.001218 
1434     0.000630 
1435     0.000891 
1436     0.001762 
1437     0.002100 
1438     0.002782 
1439     0.003913 
1440     0.005719 
1441     0.008432 
1442     0.013053 
1443     0.017804 
1444     0.021865 
1445     0.026723 
1446     0.032214 
1447     0.032020 
1448     0.026225 
1449     0.021891 
1450     0.017370 
1451     0.012761 
1452     0.008343 
1453     0.005301 
1454     0.004314 
1455     0.003303 
1456     0.003471 
1457     0.002535 
1458     0.002208 
1459     0.001284 
1460     0.001058 
1461     0.001332 
1462     0.002177 
1463     0.002398 
1464     0.002034 
1465     0.002286 
1466     0.002668 
1467     0.003005 
1468     0.003187 
1469     0.002969 
1470     0.003039 
1471     0.003398 
1472     0.003683 
1473     0.003398 
1474     0.002977 
1475     0.003033 
1476     0.003240 
1477     0.003084 
1478     0.002708 
1479     0.003041 
1480     0.003085 
1481     0.002575 
1482     0.002603 
1483     0.003150 
1484     0.003365 
1485     0.003809 
1486     0.003791 
1487     0.003903 
1488     0.003700 
1489     0.003576 
1490     0.003505 
1491     0.003457 
1492     0.003433 
1493     0.003256 
1494     0.003193 
1495     0.003157 
1496     0.003039 
1497     0.003222 
1498     0.003187 
1499     0.003459 
1500     0.003571 
1501     0.003308 
1502     0.002965 
1503     0.002864 
1504     0.002734 
1505     0.002951 
1506     0.003015 
1507     0.003241 
1508     0.003372 
1509     0.003501 
1510     0.003616 
1511     0.003726 
1512     0.003665 
1513     0.003729 
1514     0.003619 
1515     0.003696 
1516     0.003545 
1517     0.003701 
1518     0.003975 
1519     0.003779 
1520     0.003711 
1521     0.003422 
1522     0.003273 
1523     0.003155 
1524     0.003161 
1525     0.003030 
1526     0.003014 
1527     0.002743 
1528     0.002766 
1529     0.002365 
1530     0.002301 
1531     0.001994 
1532     0.001667 
1533     0.001480 
1534     0.001824 
1535     0.002375 
1536     0.002382 
1537     0.002676 
1538     0.002837 
1539     0.002907 
1540     0.003112 
1541     0.003368 
1542     0.003321 
1543     0.003477 
1544     0.003496 
1545     0.003372 
1546     0.003350 
1547     0.003457 
1548     0.003475 
1549     0.003475 
1550     0.003418 
1551     0.003230 
1552     0.003071 
1553     0.002791 
1554     0.002783 
1555     0.002445 
1556     0.002653 
1557     0.002519 
1558     0.002919 
1559     0.002919 
1560     0.002924 
1561     0.002435 
1562     0.002759 
1563     0.003065 
1564     0.002820 
1565     0.002793 
1566     0.003262 
1567     0.003308 
1568     0.003165 
1569     0.003353 
1570     0.003749 
1571     0.003576 
1572     0.003823 
1573     0.003464 
1574     0.003362 
1575     0.003781 
1576     0.003749 
1577     0.003395 
1578     0.003587 
1579     0.003845 
1580     0.003707 
1581     0.003549 
1582     0.003714 
1583     0.003845 
1584     0.003714 
1585     0.003635 
1586     0.003628 
1587     0.003755 
1588     0.003691 
1589     0.003459 
1590     0.003434 
1591     0.003646 
1592     0.003530 
1593     0.003222 
1594     0.003325 
1595     0.003518 
1596     0.003252 
1597     0.002748 
1598     0.003052 
1599     0.003228 
1600     0.002966 
1601     0.002694 
1602     0.003053 
1603     0.003166 
1604     0.002975 
1605     0.002978 
1606     0.003169 
1607     0.003102 
1608     0.003073 
1609     0.003030 
1610     0.003197 
1611     0.003219 
1612     0.003035 
1613     0.003225 
1614     0.003344 
1615     0.003178 
1616     0.003125 
1617     0.003304 
1618     0.003541 
1619     0.003491 
1620     0.003691 
1621     0.003605 
1622     0.003387 
1623     0.003386 
1624     0.003532 
1625     0.003364 
1626     0.003091 
1627     0.003272 
1628     0.003241 
1629     0.002986 
1630     0.002578 
1631     0.001931 
1632     0.001659 
1633     0.001506 
1634     0.001751 
1635     0.002157 
1636     0.002122 
1637     0.002096 
1638     0.001815 
1639     0.001631 
1640     0.002127 
1641     0.002086 
1642     0.002398 
1643     0.002449 
1644     0.002696 
1645     0.002489 
1646     0.002962 
1647     0.002895 
1648     0.002258 
1649     0.002419 
1650     0.002958 
1651     0.002643 
1652     0.002123 
1653     0.002157 
1654     0.002293 
1655     0.001630 
1656     0.001389 
1657     0.001264 
1658     0.001120 
1659     0.001231 
1660     0.000881 
1661     0.000937 
1662     0.000879 
1663     0.001200 
1664     0.001111 
1665     0.001300 
1666     0.001058 
1667     0.001174 
1668     0.001205 
1669     0.000853 
1670     0.000748 
1671     0.001235 
1672     0.001660 
1673     0.001587 
1674     0.002293 
1675     0.001932 
1676     0.001606 
1677     0.002608 
1678     0.002648 
1679     0.001800 
1680     0.002331 
1681     0.003091 
1682     0.002566 
1683     0.002563 
1684     0.001710 
1685     0.001670 
1686     0.001154 
1687     0.001147 
1688     0.001078 
1689     0.001456 
1690     0.001472 
1691     0.001992 
1692     0.002412 
1693     0.002459 
1694     0.002132 
1695     0.002086 
1696     0.002365 
1697     0.002487 
1698     0.002176 
1699     0.002335 
1700     0.002580 
1701     0.002586 
1702     0.002438 
1703     0.002317 
1704     0.002523 
1705     0.002833 
1706     0.002407 
1707     0.001878 
1708     0.001601 
1709     0.001353 
1710     0.001366 
1711     0.001539 
1712     0.001398 
1713     0.001985 
1714     0.002678 
1715     0.002933 
1716     0.002637 
1717     0.002157 
1718     0.001685 
1719     0.001912 
1720     0.002744 
1721     0.002440 
1722     0.002950 
1723     0.003941 
1724     0.004865 
1725     0.005995 
1726     0.006018 
1727     0.005803 
1728     0.007199 
1729     0.007389 
1730     0.006551 
1731     0.007292 
1732     0.008237 
1733     0.007547 
1734     0.007310 
1735     0.008562 
1736     0.008786 
1737     0.007897 
1738     0.008428 
1739     0.009135 
1740     0.008187 
1741     0.007599 
1742     0.008587 
1743     0.008626 
1744     0.007530 
1745     0.007791 
1746     0.008679 
1747     0.008119 
1748     0.007326 
1749     0.007992 
1750     0.007619 
1751     0.006612 
1752     0.006296 
1753     0.006463 
1754     0.006627 
1755     0.006369 
1756     0.006055 
1757     0.005806 
1758     0.004756 
1759     0.004087 
1760     0.003278 
1761     0.003804 
1762     0.003927 
1763     0.004336 
1764     0.003949 
1765     0.004782 
1766     0.004398 
1767     0.003718 
1768     0.003954 
1769     0.003785 
1770     0.004094 
1771     0.004539 
1772     0.004111 
1773     0.004438 
1774     0.004667 
1775     0.004054 
1776     0.003108 
1777     0.002709 
1778     0.002258 
1779     0.003115 
1780     0.003555 
1781     0.002841 
1782     0.003258 
1783     0.004280 
1784     0.003971 
1785     0.003578 
1786     0.004622 
1787     0.004921 
1788     0.005522 
1789     0.005699 
1790     0.004871 
1791     0.005454 
1792     0.005743 
1793     0.005113 
1794     0.005603 
1795     0.005024 
1796     0.005200 
1797     0.005156 
1798     0.004890 
1799     0.005284 
1800     0.005187 
1801     0.006244 
1802     0.006148 
1803     0.005922 
1804     0.006820 
1805     0.006552 
1806     0.006610 
1807     0.007539 
1808     0.007902 
1809     0.007598 
1810     0.008219 
1811     0.009080 
1812     0.009091 
1813     0.009945 
1814     0.009850 
1815     0.009125 
1816     0.008391 
1817     0.007780 
1818     0.007913 
1819     0.007524 
1820     0.006516 
1821     0.006306 
1822     0.006282 
1823     0.005691 
1824     0.004783 
1825     0.004892 
1826     0.004738 
1827     0.004033 
1828     0.003551 
1829     0.003645 
1830     0.003403 
1831     0.002683 
1832     0.002528 
1833     0.002494 
1834     0.002510 
1835     0.002251 
1836     0.002614 
1837     0.003079 
1838     0.003668 
1839     0.003256 
1840     0.002821 
1841     0.002983 
1842     0.003589 
1843     0.003425 
1844     0.003097 
1845     0.003636 
1846     0.004329 
1847     0.003971 
1848     0.004093 
1849     0.005039 
1850     0.005477 
1851     0.005193 
1852     0.005673 
1853     0.006441 
