  1     0.008454 
  2     0.008897 
  3     0.008606 
  4     0.008724 
  5     0.008059 
  6     0.007456 
  7     0.006987 
  8     0.006557 
  9     0.006270 
 10     0.006758 
 11     0.006705 
 12     0.006200 
 13     0.006126 
 14     0.006290 
 15     0.006557 
 16     0.006968 
 17     0.007269 
 18     0.007704 
 19     0.007631 
 20     0.007938 
 21     0.008296 
 22     0.008325 
 23     0.008114 
 24     0.007670 
 25     0.007445 
 26     0.007000 
 27     0.007310 
 28     0.007145 
 29     0.007250 
 30     0.008070 
 31     0.007677 
 32     0.007200 
 33     0.006357 
 34     0.006471 
 35     0.006059 
 36     0.006061 
 37     0.005579 
 38     0.005500 
 39     0.004974 
 40     0.004552 
 41     0.003250 
 42     0.003672 
 43     0.004013 
 44     0.004989 
 45     0.007320 
 46     0.005943 
 47     0.004108 
 48     0.003357 
 49     0.004355 
 50     0.004670 
 51     0.005117 
 52     0.005063 
 53     0.004270 
 54     0.003780 
 55     0.004401 
 56     0.004547 
 57     0.003116 
 58     0.003092 
 59     0.003398 
 60     0.002905 
 61     0.003283 
 62     0.003723 
 63     0.006590 
 64     0.005136 
 65     0.003795 
 66     0.004870 
 67     0.005389 
 68     0.005868 
 69     0.005997 
 70     0.006621 
 71     0.008025 
 72     0.007707 
 73     0.006803 
 74     0.007369 
 75     0.009191 
 76     0.010352 
 77     0.011129 
 78     0.012542 
 79     0.012153 
 80     0.012694 
 81     0.010243 
 82     0.010273 
 83     0.011968 
 84     0.012206 
 85     0.010215 
 86     0.010944 
 87     0.012618 
 88     0.011036 
 89     0.008566 
 90     0.007969 
 91     0.007243 
 92     0.008798 
 93     0.008952 
 94     0.010158 
 95     0.010474 
 96     0.009435 
 97     0.010221 
 98     0.009872 
 99     0.010822 
100     0.009066 
101     0.008787 
102     0.007585 
103     0.007338 
104     0.008257 
105     0.007095 
106     0.007962 
107     0.010684 
108     0.009317 
109     0.008082 
110     0.006154 
111     0.005968 
112     0.005627 
113     0.005356 
114     0.005271 
115     0.004797 
116     0.005157 
117     0.005704 
118     0.005322 
119     0.005432 
120     0.006144 
121     0.006991 
122     0.006561 
123     0.006837 
124     0.007687 
125     0.008191 
126     0.007749 
127     0.008082 
128     0.009344 
129     0.009481 
130     0.009541 
131     0.010826 
132     0.011517 
133     0.011798 
134     0.010481 
135     0.009503 
136     0.009526 
137     0.008900 
138     0.008027 
139     0.007705 
140     0.007021 
141     0.006617 
142     0.006130 
143     0.005514 
144     0.006287 
145     0.006467 
146     0.006218 
147     0.007276 
148     0.007643 
149     0.006425 
150     0.006276 
151     0.006732 
152     0.006501 
153     0.005609 
154     0.005804 
155     0.006490 
156     0.005926 
157     0.005566 
158     0.006554 
159     0.007234 
160     0.006916 
161     0.007106 
162     0.008376 
163     0.008100 
164     0.008537 
165     0.008034 
166     0.008553 
167     0.007906 
168     0.007773 
169     0.007252 
170     0.006893 
171     0.006437 
172     0.006634 
173     0.006756 
174     0.006976 
175     0.006756 
176     0.007115 
177     0.007438 
178     0.007060 
179     0.006980 
180     0.007743 
181     0.008757 
182     0.009020 
183     0.011023 
184     0.012033 
185     0.011266 
186     0.011036 
187     0.011029 
188     0.009288 
189     0.007771 
190     0.006800 
191     0.006652 
192     0.006446 
193     0.006445 
194     0.006645 
195     0.006736 
196     0.007301 
197     0.007484 
198     0.007008 
199     0.006987 
200     0.006739 
201     0.006515 
202     0.006312 
203     0.006054 
204     0.006027 
205     0.006074 
206     0.006669 
207     0.008494 
208     0.010026 
209     0.010115 
210     0.009223 
211     0.006529 
212     0.007125 
213     0.008995 
214     0.007782 
215     0.007719 
216     0.006374 
217     0.005486 
218     0.005373 
219     0.005292 
220     0.005444 
221     0.005311 
222     0.005794 
223     0.006460 
224     0.006232 
225     0.007069 
226     0.005407 
227     0.005797 
228     0.005186 
229     0.005330 
230     0.004265 
231     0.003743 
232     0.003533 
233     0.004803 
234     0.002975 
235     0.003685 
236     0.003958 
237     0.003161 
238     0.005917 
239     0.007102 
240     0.005976 
241     0.009059 
242     0.013137 
243     0.013470 
244     0.011911 
245     0.017048 
246     0.020757 
247     0.018730 
248     0.017635 
249     0.022303 
250     0.020168 
251     0.017688 
252     0.014178 
253     0.016453 
254     0.021080 
255     0.017811 
256     0.018791 
257     0.014334 
258     0.011809 
259     0.012317 
260     0.013807 
261     0.011384 
262     0.007545 
263     0.009112 
264     0.011514 
265     0.008973 
266     0.006821 
267     0.008925 
268     0.010935 
269     0.010098 
270     0.008865 
271     0.009846 
272     0.012464 
273     0.012111 
274     0.009651 
275     0.012633 
276     0.016311 
277     0.016369 
278     0.015577 
279     0.014411 
280     0.013131 
281     0.009009 
282     0.009252 
283     0.007867 
284     0.008465 
285     0.012090 
286     0.010295 
287     0.015594 
288     0.022303 
289     0.028166 
290     0.044116 
291     0.036654 
292     0.029778 
293     0.017858 
294     0.010809 
295     0.005190 
296     0.003718 
297     0.008649 
298     0.009894 
299     0.013854 
300     0.012153 
301     0.013444 
302     0.012531 
303     0.013949 
304     0.012111 
305     0.010047 
306     0.011872 
307     0.011678 
308     0.008745 
309     0.008339 
310     0.007722 
311     0.004297 
312     0.004322 
313     0.005672 
314     0.005725 
315     0.005855 
316     0.006212 
317     0.006148 
318     0.006354 
319     0.006174 
320     0.006465 
321     0.006745 
322     0.006028 
323     0.005819 
324     0.006604 
325     0.006257 
326     0.005460 
327     0.005682 
328     0.005046 
329     0.007671 
330     0.008540 
331     0.008731 
332     0.009390 
333     0.008821 
334     0.008124 
335     0.008133 
336     0.007135 
337     0.006953 
338     0.006707 
339     0.006493 
340     0.006594 
341     0.007656 
342     0.008235 
343     0.007293 
344     0.007150 
345     0.008283 
346     0.007814 
347     0.007295 
348     0.007162 
349     0.006352 
350     0.006306 
351     0.007016 
352     0.006762 
353     0.006765 
354     0.007075 
355     0.008021 
356     0.007913 
357     0.008085 
358     0.008426 
359     0.007734 
360     0.006782 
361     0.006508 
362     0.006688 
363     0.006396 
364     0.006336 
365     0.006132 
366     0.006341 
367     0.006759 
368     0.006276 
369     0.006333 
370     0.006388 
371     0.006533 
372     0.006831 
373     0.007104 
374     0.007093 
375     0.007369 
376     0.007459 
377     0.007599 
378     0.007923 
379     0.008025 
380     0.007791 
381     0.008268 
382     0.007748 
383     0.008289 
384     0.007826 
385     0.006951 
386     0.012023 
387     0.012935 
388     0.003911 
389     0.004046 
390     0.005259 
391     0.009309 
392     0.015436 
393     0.019271 
394     0.020339 
395     0.018435 
396     0.019396 
397     0.023409 
398     0.019090 
399     0.017453 
400     0.014681 
401     0.010197 
402     0.005161 
403     0.006155 
404     0.007468 
405     0.003962 
406     0.002605 
407     0.006914 
408     0.010343 
409     0.012965 
410     0.016841 
411     0.017360 
412     0.018805 
413     0.019097 
414     0.020130 
415     0.019598 
416     0.018037 
417     0.013824 
418     0.010426 
419     0.007788 
420     0.012458 
421     0.015017 
422     0.017855 
423     0.018147 
424     0.016966 
425     0.011893 
426     0.007977 
427     0.008122 
428     0.008435 
429     0.007494 
430     0.010529 
431     0.012959 
432     0.015205 
433     0.012590 
434     0.014023 
435     0.011555 
436     0.009035 
437     0.007832 
438     0.009265 
439     0.008645 
440     0.010801 
441     0.011243 
442     0.014399 
443     0.016063 
444     0.019235 
445     0.016259 
446     0.014813 
447     0.011838 
448     0.008271 
449     0.009728 
450     0.013351 
451     0.011943 
452     0.011484 
453     0.009614 
454     0.009370 
455     0.009397 
456     0.009064 
457     0.010303 
458     0.010745 
459     0.012380 
460     0.013752 
461     0.016776 
462     0.015376 
463     0.017786 
464     0.017717 
465     0.015290 
466     0.012950 
467     0.009833 
468     0.007593 
469     0.010354 
470     0.011845 
471     0.012370 
472     0.011937 
473     0.013941 
474     0.013898 
475     0.016906 
476     0.016409 
477     0.014164 
478     0.012806 
479     0.008240 
480     0.004981 
481     0.005594 
482     0.010625 
483     0.011790 
484     0.013072 
485     0.013731 
486     0.014185 
487     0.014908 
488     0.013083 
489     0.014957 
490     0.015244 
491     0.017452 
492     0.018030 
493     0.019859 
494     0.020403 
495     0.018302 
496     0.016809 
497     0.014018 
498     0.013359 
499     0.012348 
500     0.012767 
501     0.012455 
502     0.012846 
503     0.012128 
504     0.012269 
505     0.011281 
506     0.009136 
507     0.010926 
508     0.012253 
509     0.021674 
510     0.024727 
511     0.020397 
512     0.021340 
513     0.034993 
514     0.036119 
515     0.027348 
516     0.040408 
517     0.054447 
518     0.046289 
519     0.041142 
520     0.062773 
521     0.072094 
522     0.056886 
523     0.055008 
524     0.060869 
525     0.048612 
526     0.031003 
527     0.033057 
528     0.026885 
529     0.016550 
530     0.012163 
531     0.008756 
532     0.006238 
533     0.003123 
534     0.007388 
535     0.010688 
536     0.009815 
537     0.009170 
538     0.011266 
539     0.012890 
540     0.013375 
541     0.014804 
542     0.014315 
543     0.013451 
544     0.016831 
545     0.016927 
546     0.014435 
547     0.012652 
548     0.012926 
549     0.011417 
550     0.004184 
551     0.003610 
552     0.006598 
553     0.010318 
554     0.011511 
555     0.020574 
556     0.021358 
557     0.015751 
558     0.018386 
559     0.015811 
560     0.013530 
561     0.011026 
562     0.007186 
563     0.006880 
564     0.003115 
565     0.004695 
566     0.002424 
567     0.003726 
568     0.006991 
569     0.008718 
570     0.009451 
571     0.010841 
572     0.012524 
573     0.012688 
574     0.012864 
575     0.015044 
576     0.013933 
577     0.015506 
578     0.017171 
579     0.018187 
580     0.019429 
581     0.017264 
582     0.020774 
583     0.019199 
584     0.016270 
585     0.017268 
586     0.018929 
587     0.015130 
588     0.015237 
589     0.016074 
590     0.012181 
591     0.011010 
592     0.014732 
593     0.012682 
594     0.010215 
595     0.015020 
596     0.020382 
597     0.021340 
598     0.016479 
599     0.023656 
600     0.029896 
601     0.024133 
602     0.023436 
603     0.034695 
604     0.027793 
605     0.035792 
606     0.005026 
607     0.006105 
608     0.007323 
609     0.006204 
610     0.005398 
611     0.005081 
612     0.003948 
613     0.003599 
614     0.002988 
615     0.003505 
616     0.004254 
617     0.005323 
618     0.004160 
619     0.005920 
620     0.007142 
621     0.005929 
622     0.006315 
623     0.008268 
624     0.008779 
625     0.007406 
626     0.009086 
627     0.011102 
628     0.009734 
629     0.009631 
630     0.012709 
631     0.013732 
632     0.010920 
633     0.008865 
634     0.007677 
635     0.007286 
636     0.005991 
637     0.005354 
638     0.006208 
639     0.005614 
640     0.004562 
641     0.005400 
642     0.005354 
643     0.004431 
644     0.004871 
645     0.005736 
646     0.005211 
647     0.004986 
648     0.005847 
649     0.005676 
650     0.005465 
651     0.005969 
652     0.005724 
653     0.004893 
654     0.005311 
655     0.005856 
656     0.005145 
657     0.005094 
658     0.006397 
659     0.007541 
660     0.008053 
661     0.006823 
662     0.007014 
663     0.006965 
664     0.006814 
665     0.006849 
666     0.007999 
667     0.007985 
668     0.006902 
669     0.007035 
670     0.006431 
671     0.006630 
672     0.006489 
673     0.006014 
674     0.006382 
675     0.005687 
676     0.006795 
677     0.006260 
678     0.005666 
679     0.006768 
680     0.005909 
681     0.006078 
682     0.004874 
683     0.005176 
684     0.004758 
685     0.005170 
686     0.005428 
687     0.005347 
688     0.005057 
689     0.003758 
690     0.003300 
691     0.003645 
692     0.003364 
693     0.004222 
694     0.003801 
695     0.002045 
696     0.002358 
697     0.002789 
698     0.002711 
699     0.001583 
700     0.001253 
701     0.001703 
702     0.002551 
703     0.002324 
704     0.002031 
705     0.002934 
706     0.004135 
707     0.004873 
708     0.004489 
709     0.005513 
710     0.006780 
711     0.007137 
712     0.006952 
713     0.008324 
714     0.008365 
715     0.007954 
716     0.008546 
717     0.006600 
718     0.007842 
719     0.007667 
720     0.006215 
721     0.006507 
722     0.007797 
723     0.007432 
724     0.006035 
725     0.005629 
726     0.006476 
727     0.006014 
728     0.005169 
729     0.004761 
730     0.006061 
731     0.004821 
732     0.003482 
733     0.004377 
734     0.005655 
735     0.004783 
736     0.005336 
737     0.006788 
738     0.007016 
739     0.006693 
740     0.006632 
741     0.005701 
742     0.004422 
743     0.003177 
744     0.002005 
745     0.001304 
746     0.001823 
747     0.002641 
748     0.003943 
749     0.005123 
750     0.005945 
751     0.005116 
752     0.004842 
753     0.003415 
754     0.003412 
755     0.003610 
756     0.001999 
757     0.001469 
758     0.001360 
759     0.001676 
760     0.003256 
761     0.004140 
762     0.005356 
763     0.004684 
764     0.005185 
765     0.004307 
766     0.003774 
767     0.003891 
768     0.003278 
769     0.003591 
770     0.003343 
771     0.002602 
772     0.002592 
773     0.001303 
774     0.000949 
775     0.002424 
776     0.003518 
777     0.004158 
778     0.004062 
779     0.003297 
780     0.003246 
781     0.003567 
782     0.004079 
783     0.005736 
784     0.006494 
785     0.007773 
786     0.008868 
787     0.010270 
788     0.011246 
789     0.010192 
790     0.009396 
791     0.009944 
792     0.009058 
793     0.007976 
794     0.008935 
795     0.008731 
796     0.010706 
797     0.009933 
798     0.008561 
799     0.009161 
800     0.009625 
801     0.007428 
802     0.007343 
803     0.008391 
804     0.007527 
805     0.006301 
806     0.006513 
807     0.006885 
808     0.004960 
809     0.005892 
810     0.006603 
811     0.007091 
812     0.007965 
813     0.007553 
814     0.008561 
815     0.008205 
816     0.007318 
817     0.009156 
818     0.008899 
819     0.008681 
820     0.007867 
821     0.003702 
822     0.009071 
823     0.012598 
824     0.006840 
825     0.005465 
826     0.002315 
827     0.004961 
828     0.007094 
829     0.008532 
830     0.010922 
831     0.009763 
832     0.009128 
833     0.008287 
834     0.008266 
835     0.007919 
836     0.007437 
837     0.004132 
838     0.001477 
839     0.003001 
840     0.002189 
841     0.002784 
842     0.004369 
843     0.004793 
844     0.005151 
845     0.004898 
846     0.004262 
847     0.004938 
848     0.004535 
849     0.004129 
850     0.002552 
851     0.001156 
852     0.001439 
853     0.002252 
854     0.001701 
855     0.001376 
856     0.001453 
857     0.002117 
858     0.001735 
859     0.001610 
860     0.001493 
861     0.001331 
862     0.001543 
863     0.001397 
864     0.001115 
865     0.002031 
866     0.003509 
867     0.003292 
868     0.003377 
869     0.004233 
870     0.004514 
871     0.004909 
872     0.004720 
873     0.004681 
874     0.005303 
875     0.006118 
876     0.006322 
877     0.004422 
878     0.004025 
879     0.003631 
880     0.003941 
881     0.003744 
882     0.003855 
883     0.003845 
884     0.003695 
885     0.003888 
886     0.003504 
887     0.004452 
888     0.006303 
889     0.005737 
890     0.011253 
891     0.022099 
892     0.023603 
893     0.016782 
894     0.030147 
895     0.037119 
896     0.041952 
897     0.033831 
898     0.012489 
899     0.010615 
900     0.003731 
901     0.001801 
902     0.002074 
903     0.001580 
904     0.001137 
905     0.001315 
906     0.001278 
907     0.002519 
908     0.001174 
909     0.001003 
910     0.001917 
911     0.001661 
912     0.001311 
913     0.001493 
914     0.001792 
915     0.001990 
916     0.004868 
917     0.004119 
918     0.004748 
919     0.006161 
920     0.007141 
921     0.007661 
922     0.008574 
923     0.007081 
924     0.008166 
925     0.006254 
926     0.004833 
927     0.002773 
928     0.003370 
929     0.002710 
930     0.002523 
931     0.002303 
932     0.002203 
933     0.003277 
934     0.003191 
935     0.002610 
936     0.004923 
937     0.004119 
938     0.006976 
939     0.006199 
940     0.006708 
941     0.005393 
942     0.007632 
943     0.008042 
944     0.004902 
945     0.004321 
946     0.004877 
947     0.004670 
948     0.003688 
949     0.002940 
950     0.002573 
951     0.002668 
952     0.003633 
953     0.004456 
954     0.005146 
955     0.005930 
956     0.006738 
957     0.006723 
958     0.006865 
959     0.008920 
960     0.006252 
961     0.006361 
962     0.007503 
963     0.006718 
964     0.004720 
965     0.005531 
966     0.005950 
967     0.002967 
968     0.003732 
969     0.003869 
970     0.003339 
971     0.003740 
972     0.004307 
973     0.005070 
974     0.006598 
975     0.005445 
976     0.006128 
977     0.007617 
978     0.006358 
979     0.006241 
980     0.006528 
981     0.007145 
982     0.007545 
983     0.006665 
984     0.007444 
985     0.009360 
986     0.008408 
987     0.007014 
988     0.009588 
989     0.011819 
990     0.009951 
991     0.011874 
992     0.014975 
993     0.013170 
994     0.012294 
995     0.013719 
996     0.011728 
997     0.010849 
998     0.011807 
999     0.011840 
1000     0.009204 
1001     0.008797 
1002     0.009602 
1003     0.008565 
1004     0.007587 
1005     0.008713 
1006     0.008910 
1007     0.012681 
1008     0.016677 
1009     0.014520 
1010     0.016361 
1011     0.020020 
1012     0.022905 
1013     0.025178 
1014     0.026815 
1015     0.025844 
1016     0.025821 
1017     0.019355 
1018     0.014552 
1019     0.013116 
1020     0.011446 
1021     0.010848 
1022     0.016725 
1023     0.018300 
1024     0.015595 
1025     0.019066 
1026     0.023929 
1027     0.022669 
1028     0.022364 
1029     0.026541 
1030     0.033543 
1031     0.032440 
1032     0.025868 
1033     0.022629 
1034     0.019218 
1035     0.014297 
1036     0.014066 
1037     0.012513 
1038     0.011714 
1039     0.013723 
1040     0.018045 
1041     0.023839 
1042     0.023218 
1043     0.021380 
1044     0.020230 
1045     0.017023 
1046     0.014623 
1047     0.015499 
1048     0.013914 
1049     0.011409 
1050     0.013823 
1051     0.012677 
1052     0.013810 
1053     0.018287 
1054     0.019039 
1055     0.016681 
1056     0.015678 
1057     0.018841 
1058     0.022748 
1059     0.022664 
1060     0.020143 
1061     0.017097 
1062     0.013258 
1063     0.011641 
1064     0.013482 
1065     0.013928 
1066     0.019849 
1067     0.023517 
1068     0.027598 
1069     0.020750 
1070     0.015956 
1071     0.018979 
1072     0.021074 
1073     0.015249 
1074     0.014755 
1075     0.020277 
1076     0.019664 
1077     0.015597 
1078     0.020002 
1079     0.019104 
1080     0.016186 
1081     0.019789 
1082     0.023631 
1083     0.020557 
1084     0.019864 
1085     0.016274 
1086     0.015966 
1087     0.014016 
1088     0.013932 
1089     0.014364 
1090     0.020426 
1091     0.024320 
1092     0.028299 
1093     0.035583 
1094     0.033178 
1095     0.035139 
1096     0.023148 
1097     0.045174 
1098     0.055219 
1099     0.131459 
1100     0.154745 
1101     0.208171 
1102     0.166081 
1103     0.121488 
1104     0.149093 
1105     0.128572 
1106     0.081851 
1107     0.066042 
1108     0.053867 
1109     0.051013 
1110     0.017899 
1111     0.010152 
1112     0.033818 
1113     0.028547 
1114     0.021066 
1115     0.033409 
1116     0.034711 
1117     0.025009 
1118     0.030670 
1119     0.038809 
1120     0.031124 
1121     0.027432 
1122     0.035659 
1123     0.034665 
1124     0.028988 
1125     0.028105 
1126     0.022944 
1127     0.019275 
1128     0.017115 
1129     0.021319 
1130     0.019014 
1131     0.017705 
1132     0.015877 
1133     0.020090 
1134     0.019633 
1135     0.024554 
1136     0.020302 
1137     0.020973 
1138     0.021507 
1139     0.021514 
1140     0.018362 
1141     0.019704 
1142     0.013898 
1143     0.012171 
1144     0.012472 
1145     0.018215 
1146     0.028136 
1147     0.036462 
1148     0.037819 
1149     0.044007 
1150     0.046681 
1151     0.041987 
1152     0.027214 
1153     0.025942 
1154     0.026962 
1155     0.037300 
1156     0.046840 
1157     0.053597 
1158     0.050366 
1159     0.076054 
1160     0.090191 
1161     0.087643 
1162     0.099687 
1163     0.127806 
1164     0.126081 
1165     0.125318 
1166     0.090398 
1167     0.077053 
1168     0.069460 
1169     0.046454 
1170     0.034585 
1171     0.024073 
1172     0.017744 
1173     0.014329 
1174     0.018361 
1175     0.021182 
1176     0.022388 
1177     0.027903 
1178     0.032807 
1179     0.032723 
1180     0.043614 
1181     0.040570 
1182     0.032702 
1183     0.037917 
1184     0.045555 
1185     0.039822 
1186     0.037588 
1187     0.046530 
1188     0.053178 
1189     0.059912 
1190     0.059400 
1191     0.058711 
1192     0.054120 
1193     0.052013 
1194     0.047143 
1195     0.041055 
1196     0.035362 
1197     0.037579 
1198     0.032868 
1199     0.022729 
1200     0.020242 
1201     0.021875 
1202     0.012453 
1203     0.010097 
1204     0.016825 
1205     0.014820 
1206     0.014247 
1207     0.021251 
1208     0.020448 
1209     0.017342 
1210     0.022211 
1211     0.024940 
1212     0.010342 
1213     0.006005 
1214     0.004486 
1215     0.009815 
1216     0.012361 
1217     0.009383 
1218     0.008319 
1219     0.009222 
1220     0.013558 
1221     0.008337 
1222     0.013284 
1223     0.024080 
1224     0.024669 
1225     0.026105 
1226     0.040608 
1227     0.048698 
1228     0.045555 
1229     0.056323 
1230     0.013125 
1231     0.015692 
1232     0.017335 
1233     0.013791 
1234     0.010913 
1235     0.008435 
1236     0.006801 
1237     0.003074 
1238     0.002228 
1239     0.002526 
1240     0.004784 
1241     0.007758 
1242     0.005738 
1243     0.006027 
1244     0.009055 
1245     0.008529 
1246     0.006459 
1247     0.008745 
1248     0.008891 
1249     0.006051 
1250     0.006613 
1251     0.008094 
1252     0.007054 
1253     0.005194 
1254     0.006923 
1255     0.006122 
1256     0.004866 
1257     0.002632 
1258     0.003596 
1259     0.005007 
1260     0.003989 
1261     0.005430 
1262     0.006367 
1263     0.006030 
1264     0.005857 
1265     0.006777 
1266     0.006286 
1267     0.007302 
1268     0.007111 
1269     0.007554 
1270     0.007223 
1271     0.007902 
1272     0.008546 
1273     0.008023 
1274     0.007279 
1275     0.008976 
1276     0.008254 
1277     0.007057 
1278     0.008195 
1279     0.009233 
1280     0.008622 
1281     0.007573 
1282     0.010137 
1283     0.011318 
1284     0.011504 
1285     0.010215 
1286     0.010072 
1287     0.009956 
1288     0.010622 
1289     0.009955 
1290     0.010377 
1291     0.010215 
1292     0.009121 
1293     0.009153 
1294     0.008572 
1295     0.008623 
1296     0.007580 
1297     0.006850 
1298     0.005936 
1299     0.005622 
1300     0.004525 
1301     0.005149 
1302     0.004852 
1303     0.003146 
1304     0.003498 
1305     0.004110 
1306     0.005388 
1307     0.006231 
1308     0.007291 
1309     0.007732 
1310     0.008290 
1311     0.008411 
1312     0.008905 
1313     0.008721 
1314     0.010169 
1315     0.011753 
1316     0.011836 
1317     0.012567 
1318     0.011253 
1319     0.009191 
1320     0.008771 
1321     0.008873 
1322     0.008068 
1323     0.005873 
1324     0.005458 
1325     0.006188 
1326     0.006263 
1327     0.003503 
1328     0.004955 
1329     0.008240 
1330     0.008487 
1331     0.008334 
1332     0.010096 
1333     0.012374 
1334     0.012284 
1335     0.013423 
1336     0.015529 
1337     0.016063 
1338     0.017379 
1339     0.018398 
1340     0.019599 
1341     0.015707 
1342     0.016818 
1343     0.014753 
1344     0.012527 
1345     0.010908 
1346     0.010899 
1347     0.011132 
1348     0.009059 
1349     0.010815 
1350     0.011800 
1351     0.008957 
1352     0.008131 
1353     0.006693 
1354     0.006001 
1355     0.005197 
1356     0.004564 
1357     0.002587 
1358     0.002953 
1359     0.002083 
1360     0.000990 
1361     0.001112 
1362     0.000808 
1363     0.001442 
1364     0.002420 
1365     0.002962 
1366     0.002853 
1367     0.004531 
1368     0.005568 
1369     0.006999 
1370     0.008199 
1371     0.009475 
1372     0.010536 
1373     0.010414 
1374     0.012783 
1375     0.012994 
1376     0.012769 
1377     0.011202 
1378     0.012463 
1379     0.012534 
1380     0.010578 
1381     0.009893 
1382     0.008142 
1383     0.007093 
1384     0.005385 
1385     0.003604 
1386     0.003414 
1387     0.001573 
1388     0.002494 
1389     0.002410 
1390     0.004622 
1391     0.006453 
1392     0.008568 
1393     0.009879 
1394     0.011384 
1395     0.011344 
1396     0.010434 
1397     0.010017 
1398     0.008963 
1399     0.009561 
1400     0.008072 
1401     0.008824 
1402     0.008160 
1403     0.007326 
1404     0.006280 
1405     0.005020 
1406     0.004005 
1407     0.002394 
1408     0.002558 
1409     0.001412 
1410     0.002235 
1411     0.002789 
1412     0.003484 
1413     0.002787 
1414     0.002186 
1415     0.004206 
1416     0.004349 
1417     0.004617 
1418     0.006010 
1419     0.007752 
1420     0.008937 
1421     0.007673 
1422     0.007474 
1423     0.008908 
1424     0.009220 
1425     0.007712 
1426     0.008039 
1427     0.009254 
1428     0.008822 
1429     0.007341 
1430     0.007999 
1431     0.007981 
1432     0.007397 
1433     0.007438 
1434     0.007454 
1435     0.008404 
1436     0.009246 
1437     0.009041 
1438     0.009901 
1439     0.009009 
1440     0.008714 
1441     0.008165 
1442     0.006125 
1443     0.004812 
1444     0.004439 
1445     0.004677 
1446     0.008202 
1447     0.010334 
1448     0.008551 
1449     0.008271 
1450     0.008696 
1451     0.009723 
1452     0.011541 
1453     0.011226 
1454     0.011697 
1455     0.011179 
1456     0.010661 
1457     0.010182 
1458     0.010708 
1459     0.009379 
1460     0.008806 
1461     0.006724 
1462     0.008617 
1463     0.005956 
1464     0.007838 
1465     0.008909 
1466     0.009672 
1467     0.009346 
1468     0.010512 
1469     0.009983 
1470     0.009368 
1471     0.009015 
1472     0.008501 
1473     0.007256 
1474     0.007433 
1475     0.007161 
1476     0.006749 
1477     0.006791 
1478     0.006831 
1479     0.005359 
1480     0.005561 
1481     0.005955 
1482     0.005198 
1483     0.005068 
1484     0.005799 
1485     0.005708 
1486     0.005748 
1487     0.006178 
1488     0.006321 
1489     0.005493 
1490     0.004049 
1491     0.004192 
1492     0.004962 
1493     0.004462 
1494     0.005728 
1495     0.005223 
1496     0.009840 
1497     0.018208 
1498     0.024734 
1499     0.031431 
1500     0.026272 
1501     0.017423 
1502     0.017560 
1503     0.012334 
1504     0.007242 
1505     0.005482 
1506     0.004506 
1507     0.004666 
1508     0.005105 
1509     0.004866 
1510     0.004380 
1511     0.004861 
1512     0.004756 
1513     0.005571 
1514     0.008378 
1515     0.019224 
1516     0.023943 
1517     0.018437 
1518     0.034063 
1519     0.041484 
1520     0.049812 
1521     0.042254 
1522     0.018295 
1523     0.013912 
1524     0.007837 
1525     0.005275 
1526     0.003618 
1527     0.001295 
1528     0.002932 
1529     0.005408 
1530     0.007173 
1531     0.010779 
1532     0.010018 
1533     0.007951 
1534     0.006226 
1535     0.004462 
1536     0.001566 
1537     0.003271 
1538     0.006413 
1539     0.007105 
1540     0.010337 
1541     0.011964 
1542     0.010131 
1543     0.009774 
1544     0.010907 
1545     0.008298 
1546     0.005099 
1547     0.008365 
1548     0.011372 
1549     0.007795 
1550     0.006319 
1551     0.004233 
1552     0.003674 
1553     0.002940 
1554     0.005392 
1555     0.007317 
1556     0.009782 
1557     0.012771 
1558     0.014052 
1559     0.010310 
1560     0.008922 
1561     0.007312 
1562     0.004986 
1563     0.003441 
1564     0.003859 
1565     0.006683 
1566     0.010639 
1567     0.010349 
1568     0.009243 
1569     0.012393 
1570     0.015396 
1571     0.014692 
1572     0.019037 
1573     0.016036 
1574     0.014149 
1575     0.016733 
1576     0.017843 
1577     0.014516 
1578     0.011965 
1579     0.012160 
1580     0.011746 
1581     0.010204 
1582     0.008849 
1583     0.007080 
1584     0.008145 
1585     0.006036 
1586     0.004270 
1587     0.005647 
1588     0.003925 
1589     0.003269 
1590     0.004911 
1591     0.004779 
1592     0.003716 
1593     0.003574 
1594     0.004509 
1595     0.004928 
1596     0.004268 
1597     0.003710 
1598     0.003877 
1599     0.003249 
1600     0.003775 
1601     0.003766 
1602     0.003304 
1603     0.003258 
1604     0.003204 
1605     0.003922 
1606     0.004274 
1607     0.004350 
1608     0.003958 
1609     0.005080 
1610     0.003632 
1611     0.003882 
1612     0.005579 
1613     0.005669 
1614     0.005419 
1615     0.007946 
1616     0.009298 
1617     0.006405 
1618     0.008738 
1619     0.010851 
1620     0.010206 
1621     0.006921 
1622     0.008758 
1623     0.009513 
1624     0.006315 
1625     0.005871 
1626     0.007092 
1627     0.007603 
1628     0.006077 
1629     0.006301 
1630     0.006282 
1631     0.007970 
1632     0.009388 
1633     0.008596 
1634     0.010139 
1635     0.012144 
1636     0.012148 
1637     0.012656 
1638     0.014135 
1639     0.013809 
1640     0.014109 
1641     0.010760 
1642     0.008051 
1643     0.009445 
1644     0.009883 
1645     0.010483 
1646     0.015435 
1647     0.016262 
1648     0.014454 
1649     0.018107 
1650     0.021312 
1651     0.020100 
1652     0.021062 
1653     0.025157 
1654     0.034414 
1655     0.033832 
1656     0.026498 
1657     0.021624 
1658     0.019212 
1659     0.015477 
1660     0.015117 
1661     0.012551 
1662     0.010970 
1663     0.011362 
1664     0.013737 
1665     0.017839 
1666     0.015483 
1667     0.013030 
1668     0.012065 
1669     0.009973 
1670     0.009204 
1671     0.008692 
1672     0.007560 
1673     0.009081 
1674     0.014714 
1675     0.013975 
1676     0.013658 
1677     0.018337 
1678     0.019357 
1679     0.017940 
1680     0.015238 
1681     0.018144 
1682     0.021233 
1683     0.019330 
1684     0.018455 
1685     0.014860 
1686     0.012394 
1687     0.009345 
1688     0.008299 
1689     0.009333 
1690     0.013105 
1691     0.016574 
1692     0.021064 
1693     0.015377 
1694     0.012173 
1695     0.017176 
1696     0.016643 
1697     0.012520 
1698     0.014229 
1699     0.017408 
1700     0.016315 
1701     0.013775 
1702     0.017362 
1703     0.016939 
1704     0.014936 
1705     0.018094 
1706     0.021129 
1707     0.019410 
1708     0.018853 
1709     0.016564 
1710     0.016963 
1711     0.015634 
1712     0.015816 
1713     0.016128 
1714     0.023978 
1715     0.028320 
1716     0.031658 
1717     0.037581 
1718     0.033630 
1719     0.036306 
1720     0.021538 
1721     0.042309 
1722     0.057209 
1723     0.128682 
1724     0.148713 
1725     0.198811 
1726     0.158154 
1727     0.114328 
1728     0.138425 
1729     0.118635 
1730     0.074295 
1731     0.057963 
1732     0.044366 
1733     0.044042 
1734     0.012930 
1735     0.006632 
1736     0.031202 
1737     0.027392 
1738     0.022703 
1739     0.033853 
1740     0.033461 
1741     0.025131 
1742     0.030517 
1743     0.036805 
1744     0.029162 
1745     0.026290 
1746     0.032672 
1747     0.031208 
1748     0.026522 
1749     0.025633 
1750     0.021991 
1751     0.020900 
1752     0.019703 
1753     0.023849 
1754     0.021259 
1755     0.019394 
1756     0.017565 
1757     0.019964 
1758     0.019675 
1759     0.025597 
1760     0.020637 
1761     0.020696 
1762     0.021452 
1763     0.021817 
1764     0.019962 
1765     0.020644 
1766     0.015405 
1767     0.014614 
1768     0.015349 
1769     0.021200 
1770     0.030957 
1771     0.039306 
1772     0.040904 
1773     0.047053 
1774     0.049229 
1775     0.043845 
1776     0.028593 
1777     0.025729 
1778     0.025645 
1779     0.037784 
1780     0.046012 
1781     0.050836 
1782     0.048545 
1783     0.075495 
1784     0.088037 
1785     0.084369 
1786     0.098074 
1787     0.125838 
1788     0.125492 
1789     0.124927 
1790     0.089718 
1791     0.077505 
1792     0.070360 
1793     0.047642 
1794     0.037199 
1795     0.026775 
1796     0.020897 
1797     0.016899 
1798     0.019919 
1799     0.021616 
1800     0.022042 
1801     0.026048 
1802     0.029566 
1803     0.030820 
1804     0.040499 
1805     0.038938 
1806     0.031200 
1807     0.034920 
1808     0.042650 
1809     0.037934 
1810     0.035609 
1811     0.044053 
1812     0.050475 
1813     0.057129 
1814     0.055080 
1815     0.053183 
1816     0.047554 
1817     0.046671 
1818     0.042881 
1819     0.036212 
1820     0.031565 
1821     0.034727 
1822     0.030226 
1823     0.020735 
1824     0.021249 
1825     0.022448 
1826     0.014846 
1827     0.014334 
1828     0.018676 
1829     0.017205 
1830     0.016720 
1831     0.021426 
1832     0.019832 
1833     0.017768 
1834     0.020171 
1835     0.023730 
1836     0.011538 
1837     0.012436 
1838     0.012859 
1839     0.017951 
1840     0.017779 
1841     0.015935 
1842     0.015816 
1843     0.016118 
1844     0.018557 
1845     0.014777 
1846     0.017970 
1847     0.028385 
1848     0.028596 
1849     0.027727 
1850     0.042381 
1851     0.050948 
1852     0.046095 
1853     0.055407 
