  1     0.007020 
  2     0.006047 
  3     0.007231 
  4     0.005883 
  5     0.006443 
  6     0.006495 
  7     0.006388 
  8     0.007089 
  9     0.007035 
 10     0.008525 
 11     0.009806 
 12     0.011512 
 13     0.011044 
 14     0.009630 
 15     0.009632 
 16     0.008708 
 17     0.009157 
 18     0.009292 
 19     0.010333 
 20     0.012144 
 21     0.012584 
 22     0.012355 
 23     0.012787 
 24     0.011510 
 25     0.011901 
 26     0.011443 
 27     0.011456 
 28     0.012505 
 29     0.012077 
 30     0.012881 
 31     0.014394 
 32     0.014848 
 33     0.014006 
 34     0.012709 
 35     0.012085 
 36     0.011965 
 37     0.012303 
 38     0.010745 
 39     0.012055 
 40     0.011635 
 41     0.013190 
 42     0.013217 
 43     0.014803 
 44     0.016021 
 45     0.015408 
 46     0.013407 
 47     0.012819 
 48     0.011500 
 49     0.012205 
 50     0.011468 
 51     0.012429 
 52     0.014434 
 53     0.014741 
 54     0.014064 
 55     0.015360 
 56     0.016923 
 57     0.017144 
 58     0.016699 
 59     0.018697 
 60     0.018758 
 61     0.017366 
 62     0.016865 
 63     0.016547 
 64     0.014859 
 65     0.014306 
 66     0.012609 
 67     0.012349 
 68     0.011311 
 69     0.009985 
 70     0.008562 
 71     0.009913 
 72     0.010038 
 73     0.008161 
 74     0.007956 
 75     0.009663 
 76     0.011412 
 77     0.013338 
 78     0.013953 
 79     0.012539 
 80     0.012889 
 81     0.012152 
 82     0.012840 
 83     0.014731 
 84     0.014919 
 85     0.014187 
 86     0.015543 
 87     0.017024 
 88     0.016612 
 89     0.015512 
 90     0.016659 
 91     0.015279 
 92     0.015454 
 93     0.014207 
 94     0.014391 
 95     0.014020 
 96     0.012768 
 97     0.013461 
 98     0.012440 
 99     0.013012 
100     0.011262 
101     0.011628 
102     0.011567 
103     0.012451 
104     0.013809 
105     0.013738 
106     0.014950 
107     0.015200 
108     0.013226 
109     0.012465 
110     0.010579 
111     0.009254 
112     0.008761 
113     0.006681 
114     0.007222 
115     0.008673 
116     0.007633 
117     0.006328 
118     0.008002 
119     0.008274 
120     0.006415 
121     0.006628 
122     0.008571 
123     0.008055 
124     0.006740 
125     0.008137 
126     0.009649 
127     0.008801 
128     0.008423 
129     0.010283 
130     0.011286 
131     0.010363 
132     0.010156 
133     0.008569 
134     0.006547 
135     0.005783 
136     0.003889 
137     0.003770 
138     0.003817 
139     0.003843 
140     0.004006 
141     0.004735 
142     0.004713 
143     0.005395 
144     0.004094 
145     0.005203 
146     0.005207 
147     0.005331 
148     0.004923 
149     0.006304 
150     0.005855 
151     0.003788 
152     0.004014 
153     0.005313 
154     0.004308 
155     0.002566 
156     0.003832 
157     0.004603 
158     0.003040 
159     0.002113 
160     0.003785 
161     0.003970 
162     0.002329 
163     0.002564 
164     0.001601 
165     0.001478 
166     0.002828 
167     0.002212 
168     0.001664 
169     0.002630 
170     0.003477 
171     0.005492 
172     0.005402 
173     0.004514 
174     0.005908 
175     0.007330 
176     0.006918 
177     0.007278 
178     0.008764 
179     0.009881 
180     0.009722 
181     0.008421 
182     0.008095 
183     0.009141 
184     0.010386 
185     0.009375 
186     0.008340 
187     0.006701 
188     0.006663 
189     0.005634 
190     0.006432 
191     0.007099 
192     0.007552 
193     0.009209 
194     0.009461 
195     0.011350 
196     0.011412 
197     0.012600 
198     0.012612 
199     0.011187 
200     0.010460 
201     0.008533 
202     0.007742 
203     0.005819 
204     0.005028 
205     0.003864 
206     0.003710 
207     0.004861 
208     0.005292 
209     0.006961 
210     0.007158 
211     0.006748 
212     0.008273 
213     0.007751 
214     0.005966 
215     0.004220 
216     0.003386 
217     0.001867 
218     0.002175 
219     0.002315 
220     0.004085 
221     0.005520 
222     0.007485 
223     0.009085 
224     0.010960 
225     0.011891 
226     0.013741 
227     0.013504 
228     0.014750 
229     0.015938 
230     0.016820 
231     0.017686 
232     0.018057 
233     0.018828 
234     0.019942 
235     0.020891 
236     0.021445 
237     0.021795 
238     0.023115 
239     0.024056 
240     0.024365 
241     0.025114 
242     0.026375 
243     0.027010 
244     0.027434 
245     0.028338 
246     0.029471 
247     0.029955 
248     0.030113 
249     0.030650 
250     0.029195 
251     0.027414 
252     0.025493 
253     0.024532 
254     0.025419 
255     0.024425 
256     0.022374 
257     0.022203 
258     0.023231 
259     0.021980 
260     0.020284 
261     0.021167 
262     0.021806 
263     0.019825 
264     0.019017 
265     0.020685 
266     0.020726 
267     0.018655 
268     0.018974 
269     0.020602 
270     0.019447 
271     0.018113 
272     0.019794 
273     0.020571 
274     0.018896 
275     0.019596 
276     0.021666 
277     0.023062 
278     0.023736 
279     0.023494 
280     0.024623 
281     0.023920 
282     0.024930 
283     0.024642 
284     0.025864 
285     0.026292 
286     0.025515 
287     0.026837 
288     0.028645 
289     0.030387 
290     0.032402 
291     0.032760 
292     0.031321 
293     0.029428 
294     0.028807 
295     0.027904 
296     0.026784 
297     0.026816 
298     0.026205 
299     0.025917 
300     0.024220 
301     0.023652 
302     0.021934 
303     0.023045 
304     0.023597 
305     0.021679 
306     0.020690 
307     0.021913 
308     0.021448 
309     0.019372 
310     0.018702 
311     0.016961 
312     0.015488 
313     0.014577 
314     0.014002 
315     0.013307 
316     0.011966 
317     0.011503 
318     0.011273 
319     0.009706 
320     0.009023 
321     0.008765 
322     0.007872 
323     0.006544 
324     0.006066 
325     0.006183 
326     0.005303 
327     0.003652 
328     0.003593 
329     0.004446 
330     0.006262 
331     0.007969 
332     0.008099 
333     0.006412 
334     0.007078 
335     0.008378 
336     0.008917 
337     0.009321 
338     0.009581 
339     0.010545 
340     0.010122 
341     0.011284 
342     0.013209 
343     0.014036 
344     0.013381 
345     0.015205 
346     0.016227 
347     0.016676 
348     0.016281 
349     0.014250 
350     0.014123 
351     0.015056 
352     0.013999 
353     0.012173 
354     0.012847 
355     0.013338 
356     0.011500 
357     0.010409 
358     0.011807 
359     0.011960 
360     0.013042 
361     0.011885 
362     0.011896 
363     0.012723 
364     0.013324 
365     0.012395 
366     0.012766 
367     0.011614 
368     0.011556 
369     0.010800 
370     0.009930 
371     0.008125 
372     0.008158 
373     0.008943 
374     0.007237 
375     0.006181 
376     0.007682 
377     0.008100 
378     0.006242 
379     0.006104 
380     0.008097 
381     0.009274 
382     0.007903 
383     0.006509 
384     0.008090 
385     0.008497 
386     0.007979 
387     0.007119 
388     0.006858 
389     0.007233 
390     0.008927 
391     0.010881 
392     0.012259 
393     0.012429 
394     0.010659 
395     0.010282 
396     0.011562 
397     0.013479 
398     0.016109 
399     0.017462 
400     0.020506 
401     0.023171 
402     0.025579 
403     0.028092 
404     0.031148 
405     0.031758 
406     0.028800 
407     0.026343 
408     0.023602 
409     0.024071 
410     0.021370 
411     0.020439 
412     0.017458 
413     0.017222 
414     0.015154 
415     0.013139 
416     0.013069 
417     0.010738 
418     0.010288 
419     0.011139 
420     0.013580 
421     0.016345 
422     0.018964 
423     0.021839 
424     0.024641 
425     0.027467 
426     0.029170 
427     0.031933 
428     0.033765 
429     0.034899 
430     0.037666 
431     0.039910 
432     0.040141 
433     0.037329 
434     0.036390 
435     0.033578 
436     0.031101 
437     0.028975 
438     0.026164 
439     0.024382 
440     0.021430 
441     0.020011 
442     0.017082 
443     0.016950 
444     0.017885 
445     0.020164 
446     0.023312 
447     0.024596 
448     0.023883 
449     0.023775 
450     0.021042 
451     0.019516 
452     0.018273 
453     0.020427 
454     0.018953 
455     0.021583 
456     0.024332 
457     0.026109 
458     0.028734 
459     0.029721 
460     0.032701 
461     0.034838 
462     0.035047 
463     0.037599 
464     0.040110 
465     0.039267 
466     0.039888 
467     0.037623 
468     0.035845 
469     0.035895 
470     0.034081 
471     0.031389 
472     0.029352 
473     0.026497 
474     0.024316 
475     0.021471 
476     0.018846 
477     0.016407 
478     0.013609 
479     0.012028 
480     0.009411 
481     0.009201 
482     0.010197 
483     0.012782 
484     0.014995 
485     0.017433 
486     0.020025 
487     0.022307 
488     0.025135 
489     0.027055 
490     0.029917 
491     0.029953 
492     0.032898 
493     0.032680 
494     0.029644 
495     0.029764 
496     0.026953 
497     0.026131 
498     0.023332 
499     0.021554 
500     0.018699 
501     0.017136 
502     0.014571 
503     0.011695 
504     0.012051 
505     0.014606 
506     0.014715 
507     0.012705 
508     0.009836 
509     0.007359 
510     0.007991 
511     0.010996 
512     0.010688 
513     0.009535 
514     0.011478 
515     0.013777 
516     0.013380 
517     0.013329 
518     0.015541 
519     0.017469 
520     0.017357 
521     0.017560 
522     0.020020 
523     0.021792 
524     0.024280 
525     0.024522 
526     0.024368 
527     0.026975 
528     0.029150 
529     0.029236 
530     0.029192 
531     0.032934 
532     0.034877 
533     0.033140 
534     0.035215 
535     0.039911 
536     0.039888 
537     0.038544 
538     0.043016 
539     0.046625 
540     0.045031 
541     0.045863 
542     0.051430 
543     0.052974 
544     0.051501 
545     0.053703 
546     0.058967 
547     0.060080 
548     0.059820 
549     0.062950 
550     0.067436 
551     0.066790 
552     0.066766 
553     0.071991 
554     0.075634 
555     0.081877 
556     0.080925 
557     0.079316 
558     0.084159 
559     0.084825 
560     0.083745 
561     0.078586 
562     0.076758 
563     0.078311 
564     0.075238 
565     0.070257 
566     0.069510 
567     0.070043 
568     0.065256 
569     0.062004 
570     0.062736 
571     0.060802 
572     0.055790 
573     0.054710 
574     0.055261 
575     0.051562 
576     0.047454 
577     0.047582 
578     0.045517 
579     0.039916 
580     0.042721 
581     0.041622 
582     0.046211 
583     0.050166 
584     0.048403 
585     0.049146 
586     0.054398 
587     0.056323 
588     0.054788 
589     0.058760 
590     0.062782 
591     0.062332 
592     0.062235 
593     0.067262 
594     0.070632 
595     0.068559 
596     0.071954 
597     0.075853 
598     0.071246 
599     0.068016 
600     0.073376 
601     0.073181 
602     0.066938 
603     0.068261 
604     0.069694 
605     0.069015 
606     0.029175 
607     0.029299 
608     0.029485 
609     0.029431 
610     0.028896 
611     0.029091 
612     0.027828 
613     0.027675 
614     0.027172 
615     0.027200 
616     0.026652 
617     0.024962 
618     0.023698 
619     0.023568 
620     0.021958 
621     0.020971 
622     0.020690 
623     0.020417 
624     0.018348 
625     0.019101 
626     0.020067 
627     0.018483 
628     0.017487 
629     0.018773 
630     0.018264 
631     0.018040 
632     0.017352 
633     0.019202 
634     0.018440 
635     0.016944 
636     0.018416 
637     0.017927 
638     0.015791 
639     0.016120 
640     0.017458 
641     0.015909 
642     0.014552 
643     0.016092 
644     0.016103 
645     0.013950 
646     0.014026 
647     0.015617 
648     0.014294 
649     0.012701 
650     0.014245 
651     0.014782 
652     0.012745 
653     0.012395 
654     0.014292 
655     0.013519 
656     0.011979 
657     0.013515 
658     0.014499 
659     0.013582 
660     0.015569 
661     0.016099 
662     0.015408 
663     0.016998 
664     0.017483 
665     0.016764 
666     0.014607 
667     0.014591 
668     0.014552 
669     0.015428 
670     0.016711 
671     0.018530 
672     0.019727 
673     0.021828 
674     0.023357 
675     0.025448 
676     0.026494 
677     0.028466 
678     0.027985 
679     0.026667 
680     0.025106 
681     0.022968 
682     0.022026 
683     0.019957 
684     0.019617 
685     0.017806 
686     0.017397 
687     0.016444 
688     0.017185 
689     0.019141 
690     0.020526 
691     0.022080 
692     0.024140 
693     0.023940 
694     0.021872 
695     0.022797 
696     0.024305 
697     0.023035 
698     0.021104 
699     0.022174 
700     0.023662 
701     0.022277 
702     0.020982 
703     0.022755 
704     0.023153 
705     0.021754 
706     0.019970 
707     0.020234 
708     0.021419 
709     0.020076 
710     0.018669 
711     0.019668 
712     0.020409 
713     0.018264 
714     0.018446 
715     0.020183 
716     0.020043 
717     0.020388 
718     0.018528 
719     0.017589 
720     0.018141 
721     0.017693 
722     0.015959 
723     0.015129 
724     0.017095 
725     0.017422 
726     0.015299 
727     0.014654 
728     0.016737 
729     0.018350 
730     0.017456 
731     0.017788 
732     0.019753 
733     0.020643 
734     0.019541 
735     0.020912 
736     0.022533 
737     0.021730 
738     0.022461 
739     0.024020 
740     0.025831 
741     0.026035 
742     0.024440 
743     0.024660 
744     0.023146 
745     0.023379 
746     0.021962 
747     0.021583 
748     0.020232 
749     0.018766 
750     0.019334 
751     0.021439 
752     0.022498 
753     0.022850 
754     0.024947 
755     0.024464 
756     0.024059 
757     0.024674 
758     0.025404 
759     0.025182 
760     0.026120 
761     0.026189 
762     0.026874 
763     0.025252 
764     0.026678 
765     0.027551 
766     0.027465 
767     0.027573 
768     0.027143 
769     0.027624 
770     0.027303 
771     0.026577 
772     0.027453 
773     0.026552 
774     0.024387 
775     0.022963 
776     0.021207 
777     0.019695 
778     0.019226 
779     0.020064 
780     0.021257 
781     0.021533 
782     0.023249 
783     0.023605 
784     0.025597 
785     0.024961 
786     0.025661 
787     0.027097 
788     0.025641 
789     0.024048 
790     0.025143 
791     0.023662 
792     0.022352 
793     0.023709 
794     0.023425 
795     0.022339 
796     0.021175 
797     0.020652 
798     0.019873 
799     0.018880 
800     0.017889 
801     0.017353 
802     0.016570 
803     0.015332 
804     0.014558 
805     0.014225 
806     0.013773 
807     0.012099 
808     0.010359 
809     0.011666 
810     0.010756 
811     0.012633 
812     0.013922 
813     0.015555 
814     0.017291 
815     0.019199 
816     0.021171 
817     0.021705 
818     0.023838 
819     0.024732 
820     0.026963 
821     0.028091 
822     0.030344 
823     0.030111 
824     0.027789 
825     0.026930 
826     0.024710 
827     0.023229 
828     0.021036 
829     0.019270 
830     0.018181 
831     0.016113 
832     0.015914 
833     0.013789 
834     0.011963 
835     0.011241 
836     0.009104 
837     0.007922 
838     0.007241 
839     0.005393 
840     0.005387 
841     0.006265 
842     0.005569 
843     0.005181 
844     0.006871 
845     0.007921 
846     0.007359 
847     0.008131 
848     0.007216 
849     0.008864 
850     0.008679 
851     0.006823 
852     0.007605 
853     0.009400 
854     0.008562 
855     0.007863 
856     0.009718 
857     0.010572 
858     0.009735 
859     0.009951 
860     0.011407 
861     0.010647 
862     0.010762 
863     0.008866 
864     0.007457 
865     0.005991 
866     0.004504 
867     0.003564 
868     0.003436 
869     0.002457 
870     0.002783 
871     0.001467 
872     0.001131 
873     0.001430 
874     0.001827 
875     0.003470 
876     0.004580 
877     0.004026 
878     0.002443 
879     0.003116 
880     0.003042 
881     0.003540 
882     0.004112 
883     0.004258 
884     0.004841 
885     0.004951 
886     0.006461 
887     0.006187 
888     0.007427 
889     0.008321 
890     0.009625 
891     0.011057 
892     0.011397 
893     0.010171 
894     0.011170 
895     0.012500 
896     0.012867 
897     0.013034 
898     0.011722 
899     0.010820 
900     0.009505 
901     0.008986 
902     0.007588 
903     0.008199 
904     0.007672 
905     0.007413 
906     0.007136 
907     0.006271 
908     0.007110 
909     0.008839 
910     0.009609 
911     0.010333 
912     0.010626 
913     0.010054 
914     0.010757 
915     0.009970 
916     0.009821 
917     0.009434 
918     0.007678 
919     0.007420 
920     0.008066 
921     0.008851 
922     0.007781 
923     0.006605 
924     0.007935 
925     0.007165 
926     0.005940 
927     0.006832 
928     0.006073 
929     0.006226 
930     0.005292 
931     0.005221 
932     0.004951 
933     0.004594 
934     0.005123 
935     0.007001 
936     0.008450 
937     0.008930 
938     0.010991 
939     0.011204 
940     0.012456 
941     0.012058 
942     0.013060 
943     0.012058 
944     0.010389 
945     0.011144 
946     0.011761 
947     0.010245 
948     0.009518 
949     0.007726 
950     0.007981 
951     0.008474 
952     0.007013 
953     0.005747 
954     0.006595 
955     0.006456 
956     0.004648 
957     0.004337 
958     0.005020 
959     0.004246 
960     0.002717 
961     0.003414 
962     0.003623 
963     0.002298 
964     0.001638 
965     0.002579 
966     0.002343 
967     0.000883 
968     0.001026 
969     0.001499 
970     0.001926 
971     0.001342 
972     0.000544 
973     0.001161 
974     0.001827 
975     0.002363 
976     0.002823 
977     0.003826 
978     0.004163 
979     0.004156 
980     0.005101 
981     0.005766 
982     0.006340 
983     0.006287 
984     0.006515 
985     0.007213 
986     0.007424 
987     0.006572 
988     0.007538 
989     0.008192 
990     0.007483 
991     0.007749 
992     0.008576 
993     0.008918 
994     0.007936 
995     0.008355 
996     0.007154 
997     0.006209 
998     0.007109 
999     0.006527 
1000     0.005259 
1001     0.005829 
1002     0.006465 
1003     0.005605 
1004     0.005042 
1005     0.006057 
1006     0.006190 
1007     0.007290 
1008     0.008145 
1009     0.008572 
1010     0.009340 
1011     0.008973 
1012     0.008954 
1013     0.009668 
1014     0.009348 
1015     0.008937 
1016     0.008241 
1017     0.007495 
1018     0.006364 
1019     0.006802 
1020     0.006439 
1021     0.006719 
1022     0.006462 
1023     0.006685 
1024     0.007423 
1025     0.007270 
1026     0.007089 
1027     0.007675 
1028     0.008316 
1029     0.008804 
1030     0.008880 
1031     0.009264 
1032     0.009089 
1033     0.008952 
1034     0.008882 
1035     0.008563 
1036     0.008838 
1037     0.008856 
1038     0.009295 
1039     0.009105 
1040     0.009473 
1041     0.009560 
1042     0.009828 
1043     0.009782 
1044     0.010956 
1045     0.010711 
1046     0.010107 
1047     0.010594 
1048     0.011447 
1049     0.010898 
1050     0.011095 
1051     0.010503 
1052     0.010574 
1053     0.011306 
1054     0.011192 
1055     0.010437 
1056     0.010340 
1057     0.011179 
1058     0.010803 
1059     0.009923 
1060     0.009404 
1061     0.008978 
1062     0.008999 
1063     0.008584 
1064     0.008917 
1065     0.008635 
1066     0.008873 
1067     0.008694 
1068     0.008976 
1069     0.008900 
1070     0.008687 
1071     0.009204 
1072     0.009304 
1073     0.008482 
1074     0.008738 
1075     0.009339 
1076     0.008576 
1077     0.008128 
1078     0.008562 
1079     0.008255 
1080     0.007503 
1081     0.007345 
1082     0.008018 
1083     0.008376 
1084     0.008832 
1085     0.008957 
1086     0.008893 
1087     0.008974 
1088     0.009588 
1089     0.009527 
1090     0.009241 
1091     0.009533 
1092     0.009258 
1093     0.009615 
1094     0.009992 
1095     0.010582 
1096     0.010810 
1097     0.010682 
1098     0.011070 
1099     0.011608 
1100     0.011950 
1101     0.012513 
1102     0.012584 
1103     0.012329 
1104     0.012933 
1105     0.013185 
1106     0.012668 
1107     0.012749 
1108     0.013451 
1109     0.013210 
1110     0.012690 
1111     0.013233 
1112     0.013737 
1113     0.013143 
1114     0.012873 
1115     0.013406 
1116     0.013193 
1117     0.012343 
1118     0.012485 
1119     0.012907 
1120     0.012368 
1121     0.011838 
1122     0.012245 
1123     0.012449 
1124     0.011788 
1125     0.011433 
1126     0.010865 
1127     0.010863 
1128     0.010718 
1129     0.010387 
1130     0.010826 
1131     0.011296 
1132     0.011377 
1133     0.011838 
1134     0.011381 
1135     0.011478 
1136     0.011115 
1137     0.011839 
1138     0.012322 
1139     0.013003 
1140     0.012404 
1141     0.012473 
1142     0.011718 
1143     0.010927 
1144     0.010212 
1145     0.010020 
1146     0.009631 
1147     0.009281 
1148     0.008769 
1149     0.008142 
1150     0.008500 
1151     0.008545 
1152     0.008851 
1153     0.009289 
1154     0.008869 
1155     0.008340 
1156     0.008750 
1157     0.008901 
1158     0.008460 
1159     0.008131 
1160     0.008645 
1161     0.008593 
1162     0.007970 
1163     0.008245 
1164     0.007949 
1165     0.008408 
1166     0.008672 
1167     0.008662 
1168     0.009320 
1169     0.009516 
1170     0.009939 
1171     0.010051 
1172     0.010266 
1173     0.010826 
1174     0.011176 
1175     0.011953 
1176     0.012384 
1177     0.012936 
1178     0.013355 
1179     0.013372 
1180     0.014087 
1181     0.013789 
1182     0.013379 
1183     0.014008 
1184     0.014373 
1185     0.013831 
1186     0.013903 
1187     0.014649 
1188     0.014701 
1189     0.014955 
1190     0.014697 
1191     0.014685 
1192     0.014268 
1193     0.014368 
1194     0.013941 
1195     0.013141 
1196     0.013235 
1197     0.013431 
1198     0.012589 
1199     0.012028 
1200     0.012461 
1201     0.012247 
1202     0.011314 
1203     0.011148 
1204     0.011712 
1205     0.011176 
1206     0.010366 
1207     0.010802 
1208     0.011012 
1209     0.010278 
1210     0.009668 
1211     0.010121 
1212     0.009641 
1213     0.009991 
1214     0.009136 
1215     0.009416 
1216     0.011052 
1217     0.011735 
1218     0.011128 
1219     0.011982 
1220     0.013143 
1221     0.013343 
1222     0.013240 
1223     0.014010 
1224     0.015291 
1225     0.015057 
1226     0.015183 
1227     0.016335 
1228     0.017426 
1229     0.017191 
1230     0.048226 
1231     0.048367 
1232     0.046695 
1233     0.045057 
1234     0.042435 
1235     0.041048 
1236     0.038068 
1237     0.036552 
1238     0.034087 
1239     0.032888 
1240     0.031653 
1241     0.029646 
1242     0.028979 
1243     0.029606 
1244     0.026772 
1245     0.025344 
1246     0.026488 
1247     0.025517 
1248     0.023051 
1249     0.025188 
1250     0.026296 
1251     0.024054 
1252     0.023192 
1253     0.025466 
1254     0.024303 
1255     0.024116 
1256     0.023851 
1257     0.026945 
1258     0.026793 
1259     0.025088 
1260     0.027872 
1261     0.028544 
1262     0.025746 
1263     0.026170 
1264     0.029297 
1265     0.028678 
1266     0.026635 
1267     0.028895 
1268     0.031026 
1269     0.029310 
1270     0.028909 
1271     0.032017 
1272     0.032727 
1273     0.030889 
1274     0.032221 
1275     0.035194 
1276     0.034812 
1277     0.033862 
1278     0.036317 
1279     0.038244 
1280     0.037620 
1281     0.038841 
1282     0.041350 
1283     0.042248 
1284     0.044002 
1285     0.041502 
1286     0.041156 
1287     0.044230 
1288     0.044461 
1289     0.041903 
1290     0.040563 
1291     0.038333 
1292     0.036058 
1293     0.034654 
1294     0.033793 
1295     0.035612 
1296     0.034996 
1297     0.037423 
1298     0.037887 
1299     0.040831 
1300     0.040777 
1301     0.043944 
1302     0.043589 
1303     0.040646 
1304     0.039342 
1305     0.036708 
1306     0.037069 
1307     0.034844 
1308     0.036510 
1309     0.035469 
1310     0.037350 
1311     0.035450 
1312     0.036272 
1313     0.037086 
1314     0.037140 
1315     0.039215 
1316     0.040296 
1317     0.038087 
1318     0.035754 
1319     0.036633 
1320     0.036585 
1321     0.033697 
1322     0.032089 
1323     0.033215 
1324     0.033266 
1325     0.030406 
1326     0.029126 
1327     0.030632 
1328     0.029310 
1329     0.027057 
1330     0.025771 
1331     0.024817 
1332     0.024531 
1333     0.022898 
1334     0.021289 
1335     0.021282 
1336     0.020588 
1337     0.018690 
1338     0.018681 
1339     0.018877 
1340     0.019163 
1341     0.021638 
1342     0.020657 
1343     0.019952 
1344     0.022686 
1345     0.021943 
1346     0.019824 
1347     0.020388 
1348     0.023082 
1349     0.024174 
1350     0.022519 
1351     0.022149 
1352     0.025301 
1353     0.025925 
1354     0.024851 
1355     0.026984 
1356     0.029671 
1357     0.029335 
1358     0.028126 
1359     0.031111 
1360     0.032269 
1361     0.030593 
1362     0.032430 
1363     0.035130 
1364     0.037136 
1365     0.038415 
1366     0.037138 
1367     0.038997 
1368     0.038201 
1369     0.040516 
1370     0.039817 
1371     0.041355 
1372     0.040056 
1373     0.040794 
1374     0.041987 
1375     0.043455 
1376     0.046353 
1377     0.046464 
1378     0.048065 
1379     0.045405 
1380     0.044103 
1381     0.042509 
1382     0.042135 
1383     0.039828 
1384     0.039849 
1385     0.038252 
1386     0.038225 
1387     0.035125 
1388     0.035905 
1389     0.036795 
1390     0.038188 
1391     0.040136 
1392     0.040964 
1393     0.043449 
1394     0.044781 
1395     0.046132 
1396     0.047783 
1397     0.048724 
1398     0.046358 
1399     0.046752 
1400     0.043970 
1401     0.041520 
1402     0.038805 
1403     0.037451 
1404     0.037976 
1405     0.036217 
1406     0.037862 
1407     0.036688 
1408     0.038806 
1409     0.037030 
1410     0.036902 
1411     0.038638 
1412     0.036014 
1413     0.034356 
1414     0.036402 
1415     0.033802 
1416     0.033115 
1417     0.035874 
1418     0.034680 
1419     0.034122 
1420     0.031144 
1421     0.030150 
1422     0.030811 
1423     0.029862 
1424     0.026890 
1425     0.026627 
1426     0.027595 
1427     0.025474 
1428     0.023010 
1429     0.023872 
1430     0.025577 
1431     0.023219 
1432     0.022667 
1433     0.025660 
1434     0.027427 
1435     0.030156 
1436     0.031540 
1437     0.031296 
1438     0.033658 
1439     0.034511 
1440     0.037479 
1441     0.037202 
1442     0.039908 
1443     0.040509 
1444     0.043215 
1445     0.045013 
1446     0.047957 
1447     0.049922 
1448     0.047543 
1449     0.045707 
1450     0.043747 
1451     0.041985 
1452     0.039746 
1453     0.037309 
1454     0.034350 
1455     0.032237 
1456     0.029501 
1457     0.027609 
1458     0.026733 
1459     0.028127 
1460     0.026651 
1461     0.024999 
1462     0.021903 
1463     0.021848 
1464     0.024288 
1465     0.022507 
1466     0.020751 
1467     0.017768 
1468     0.016759 
1469     0.018195 
1470     0.017348 
1471     0.014973 
1472     0.012775 
1473     0.014461 
1474     0.016989 
1475     0.015564 
1476     0.014274 
1477     0.017050 
1478     0.018385 
1479     0.016334 
1480     0.017121 
1481     0.020091 
1482     0.019966 
1483     0.017705 
1484     0.018285 
1485     0.015607 
1486     0.015696 
1487     0.012654 
1488     0.011549 
1489     0.011038 
1490     0.008496 
1491     0.010033 
1492     0.012844 
1493     0.014926 
1494     0.017457 
1495     0.019723 
1496     0.022840 
1497     0.024971 
1498     0.027949 
1499     0.030322 
1500     0.031737 
1501     0.029726 
1502     0.028830 
1503     0.026504 
1504     0.023895 
1505     0.021135 
1506     0.018534 
1507     0.016337 
1508     0.013861 
1509     0.011341 
1510     0.010852 
1511     0.008519 
1512     0.008531 
1513     0.009105 
1514     0.011482 
1515     0.011466 
1516     0.012739 
1517     0.011256 
1518     0.010023 
1519     0.011984 
1520     0.014084 
1521     0.016779 
1522     0.017446 
1523     0.016855 
1524     0.017345 
1525     0.019621 
1526     0.020449 
1527     0.022984 
1528     0.025257 
1529     0.027447 
1530     0.030178 
1531     0.031299 
1532     0.029516 
1533     0.030751 
1534     0.028808 
1535     0.029452 
1536     0.026830 
1537     0.023706 
1538     0.022740 
1539     0.023430 
1540     0.021014 
1541     0.022573 
1542     0.022011 
1543     0.019145 
1544     0.018295 
1545     0.016306 
1546     0.014332 
1547     0.014180 
1548     0.014884 
1549     0.013020 
1550     0.014270 
1551     0.016460 
1552     0.018326 
1553     0.021377 
1554     0.023398 
1555     0.026074 
1556     0.028269 
1557     0.031125 
1558     0.032333 
1559     0.032047 
1560     0.034687 
1561     0.034848 
1562     0.036759 
1563     0.034417 
1564     0.032900 
1565     0.029745 
1566     0.030422 
1567     0.032387 
1568     0.030063 
1569     0.028053 
1570     0.030153 
1571     0.031083 
1572     0.030821 
1573     0.030164 
1574     0.027462 
1575     0.026699 
1576     0.026955 
1577     0.025074 
1578     0.022824 
1579     0.022796 
1580     0.022328 
1581     0.020055 
1582     0.018406 
1583     0.018695 
1584     0.017534 
1585     0.015280 
1586     0.014636 
1587     0.014842 
1588     0.012803 
1589     0.011004 
1590     0.011778 
1591     0.010929 
1592     0.008490 
1593     0.008272 
1594     0.009821 
1595     0.007587 
1596     0.005881 
1597     0.005773 
1598     0.003853 
1599     0.004728 
1600     0.005871 
1601     0.004341 
1602     0.003950 
1603     0.005933 
1604     0.005922 
1605     0.003930 
1606     0.005663 
1607     0.007646 
1608     0.007641 
1609     0.008360 
1610     0.010445 
1611     0.011138 
1612     0.011465 
1613     0.012972 
1614     0.014585 
1615     0.015672 
1616     0.016449 
1617     0.017679 
1618     0.018775 
1619     0.020459 
1620     0.021323 
1621     0.018810 
1622     0.017927 
1623     0.017638 
1624     0.016125 
1625     0.014430 
1626     0.014539 
1627     0.013709 
1628     0.011576 
1629     0.010988 
1630     0.009476 
1631     0.009748 
1632     0.009644 
1633     0.011765 
1634     0.013306 
1635     0.013160 
1636     0.011304 
1637     0.011482 
1638     0.009293 
1639     0.007712 
1640     0.007197 
1641     0.007532 
1642     0.007946 
1643     0.010219 
1644     0.011373 
1645     0.013765 
1646     0.014383 
1647     0.013414 
1648     0.014693 
1649     0.016709 
1650     0.016390 
1651     0.016604 
1652     0.018441 
1653     0.020578 
1654     0.022799 
1655     0.023653 
1656     0.021486 
1657     0.021531 
1658     0.019784 
1659     0.017417 
1660     0.016525 
1661     0.014485 
1662     0.013614 
1663     0.012376 
1664     0.010888 
1665     0.008978 
1666     0.008436 
1667     0.009268 
1668     0.010076 
1669     0.010952 
1670     0.011783 
1671     0.012348 
1672     0.013219 
1673     0.013917 
1674     0.015804 
1675     0.016281 
1676     0.015905 
1677     0.017248 
1678     0.018873 
1679     0.018215 
1680     0.017408 
1681     0.019208 
1682     0.020248 
1683     0.019048 
1684     0.018152 
1685     0.015958 
1686     0.014828 
1687     0.012970 
1688     0.011481 
1689     0.010889 
1690     0.009082 
1691     0.008464 
1692     0.009234 
1693     0.010682 
1694     0.011344 
1695     0.012918 
1696     0.014131 
1697     0.014072 
1698     0.015341 
1699     0.017229 
1700     0.018138 
1701     0.017316 
1702     0.019238 
1703     0.019211 
1704     0.018072 
1705     0.019158 
1706     0.020977 
1707     0.020029 
1708     0.019918 
1709     0.017981 
1710     0.017814 
1711     0.016161 
1712     0.016673 
1713     0.015763 
1714     0.017263 
1715     0.019249 
1716     0.020744 
1717     0.021999 
1718     0.021452 
1719     0.021661 
1720     0.023136 
1721     0.024092 
1722     0.024120 
1723     0.025633 
1724     0.027201 
1725     0.027997 
1726     0.026520 
1727     0.026509 
1728     0.028105 
1729     0.027140 
1730     0.025393 
1731     0.026332 
1732     0.026835 
1733     0.025026 
1734     0.024496 
1735     0.025770 
1736     0.025387 
1737     0.023609 
1738     0.024045 
1739     0.024023 
1740     0.022492 
1741     0.021876 
1742     0.022232 
1743     0.021507 
1744     0.020019 
1745     0.020067 
1746     0.020240 
1747     0.018973 
1748     0.017740 
1749     0.018420 
1750     0.017216 
1751     0.016403 
1752     0.017638 
1753     0.018613 
1754     0.019815 
1755     0.020205 
1756     0.021038 
1757     0.021470 
1758     0.020611 
1759     0.021152 
1760     0.019258 
1761     0.019190 
1762     0.018804 
1763     0.018065 
1764     0.017391 
1765     0.018426 
1766     0.017783 
1767     0.016790 
1768     0.016556 
1769     0.017137 
1770     0.016929 
1771     0.018224 
1772     0.018821 
1773     0.018026 
1774     0.016845 
1775     0.015134 
1776     0.014794 
1777     0.013578 
1778     0.012332 
1779     0.013157 
1780     0.012775 
1781     0.010957 
1782     0.011030 
1783     0.011729 
1784     0.010359 
1785     0.009208 
1786     0.010197 
1787     0.009795 
1788     0.011442 
1789     0.011802 
1790     0.012126 
1791     0.013829 
1792     0.014176 
1793     0.015016 
1794     0.016511 
1795     0.016801 
1796     0.018397 
1797     0.018322 
1798     0.019058 
1799     0.019709 
1800     0.020272 
1801     0.022004 
1802     0.022033 
1803     0.020697 
1804     0.021362 
1805     0.020131 
1806     0.020714 
1807     0.022427 
1808     0.021918 
1809     0.020896 
1810     0.022406 
1811     0.023466 
1812     0.022196 
1813     0.022467 
1814     0.021356 
1815     0.020161 
1816     0.018596 
1817     0.018628 
1818     0.019220 
1819     0.018172 
1820     0.016799 
1821     0.017267 
1822     0.017412 
1823     0.015830 
1824     0.015310 
1825     0.016314 
1826     0.015879 
1827     0.014356 
1828     0.014702 
1829     0.015269 
1830     0.014119 
1831     0.012910 
1832     0.013784 
1833     0.014068 
1834     0.012669 
1835     0.011532 
1836     0.011321 
1837     0.011844 
1838     0.011466 
1839     0.011239 
1840     0.011361 
1841     0.011257 
1842     0.012169 
1843     0.012874 
1844     0.012533 
1845     0.012908 
1846     0.014196 
1847     0.014071 
1848     0.013813 
1849     0.015053 
1850     0.015787 
1851     0.015177 
1852     0.015447 
1853     0.016496 
