  1     0.009745 
  2     0.011459 
  3     0.010335 
  4     0.010762 
  5     0.007647 
  6     0.004206 
  7     0.002883 
  8     0.000692 
  9     0.001344 
 10     0.000678 
 11     0.002836 
 12     0.001970 
 13     0.001040 
 14     0.002568 
 15     0.002928 
 16     0.003776 
 17     0.003957 
 18     0.005880 
 19     0.006100 
 20     0.008105 
 21     0.009575 
 22     0.007608 
 23     0.004554 
 24     0.002813 
 25     0.004836 
 26     0.004026 
 27     0.006422 
 28     0.008418 
 29     0.010757 
 30     0.015540 
 31     0.016139 
 32     0.012713 
 33     0.010766 
 34     0.006661 
 35     0.005381 
 36     0.005350 
 37     0.003819 
 38     0.001999 
 39     0.002504 
 40     0.002462 
 41     0.007415 
 42     0.014513 
 43     0.015915 
 44     0.027125 
 45     0.029597 
 46     0.026205 
 47     0.016882 
 48     0.014148 
 49     0.007169 
 50     0.005168 
 51     0.005566 
 52     0.007950 
 53     0.003594 
 54     0.002473 
 55     0.007608 
 56     0.007776 
 57     0.010274 
 58     0.013785 
 59     0.016753 
 60     0.019513 
 61     0.020689 
 62     0.022363 
 63     0.024611 
 64     0.017825 
 65     0.010404 
 66     0.003472 
 67     0.003714 
 68     0.003004 
 69     0.002173 
 70     0.004023 
 71     0.008404 
 72     0.008916 
 73     0.008229 
 74     0.009653 
 75     0.018343 
 76     0.024434 
 77     0.021698 
 78     0.028638 
 79     0.030015 
 80     0.033890 
 81     0.022728 
 82     0.017891 
 83     0.023216 
 84     0.027548 
 85     0.020300 
 86     0.013516 
 87     0.019410 
 88     0.024335 
 89     0.021709 
 90     0.023848 
 91     0.014329 
 92     0.011828 
 93     0.002886 
 94     0.008788 
 95     0.018501 
 96     0.023666 
 97     0.038247 
 98     0.039044 
 99     0.031423 
100     0.022914 
101     0.014646 
102     0.012231 
103     0.009174 
104     0.014076 
105     0.023175 
106     0.035612 
107     0.026597 
108     0.027231 
109     0.022231 
110     0.021950 
111     0.016396 
112     0.006023 
113     0.004730 
114     0.003893 
115     0.002917 
116     0.002180 
117     0.003351 
118     0.004182 
119     0.003574 
120     0.003762 
121     0.006645 
122     0.006384 
123     0.006138 
124     0.008481 
125     0.012174 
126     0.010766 
127     0.009943 
128     0.014637 
129     0.016646 
130     0.015005 
131     0.019067 
132     0.023011 
133     0.023554 
134     0.017698 
135     0.013757 
136     0.013447 
137     0.011254 
138     0.007880 
139     0.006198 
140     0.003500 
141     0.003553 
142     0.005215 
143     0.008895 
144     0.010561 
145     0.014791 
146     0.012982 
147     0.014215 
148     0.011655 
149     0.005318 
150     0.006128 
151     0.008254 
152     0.005371 
153     0.002756 
154     0.002568 
155     0.004909 
156     0.004054 
157     0.002354 
158     0.004343 
159     0.006701 
160     0.005649 
161     0.006353 
162     0.009743 
163     0.008723 
164     0.010403 
165     0.008880 
166     0.011128 
167     0.009566 
168     0.007417 
169     0.007362 
170     0.007966 
171     0.006400 
172     0.006408 
173     0.007226 
174     0.005802 
175     0.005571 
176     0.006025 
177     0.005976 
178     0.005330 
179     0.005797 
180     0.006275 
181     0.007731 
182     0.008565 
183     0.011638 
184     0.016351 
185     0.015032 
186     0.013561 
187     0.011937 
188     0.011895 
189     0.013490 
190     0.010088 
191     0.010439 
192     0.008430 
193     0.007506 
194     0.005751 
195     0.003128 
196     0.000601 
197     0.001942 
198     0.004332 
199     0.003416 
200     0.003390 
201     0.007640 
202     0.010298 
203     0.010347 
204     0.011278 
205     0.009561 
206     0.008179 
207     0.007342 
208     0.008484 
209     0.009043 
210     0.009836 
211     0.010175 
212     0.012032 
213     0.010077 
214     0.008696 
215     0.008030 
216     0.007310 
217     0.007477 
218     0.009809 
219     0.010516 
220     0.011134 
221     0.010410 
222     0.012714 
223     0.007853 
224     0.005604 
225     0.012837 
226     0.011128 
227     0.008622 
228     0.010438 
229     0.012693 
230     0.013844 
231     0.015295 
232     0.016291 
233     0.015128 
234     0.015737 
235     0.016897 
236     0.015290 
237     0.013559 
238     0.009637 
239     0.010609 
240     0.014113 
241     0.009730 
242     0.010402 
243     0.017723 
244     0.021798 
245     0.018705 
246     0.028363 
247     0.036610 
248     0.031794 
249     0.031121 
250     0.018573 
251     0.013813 
252     0.008737 
253     0.004876 
254     0.005886 
255     0.008881 
256     0.012553 
257     0.014731 
258     0.016833 
259     0.014181 
260     0.021004 
261     0.025793 
262     0.018944 
263     0.020151 
264     0.027484 
265     0.026219 
266     0.018455 
267     0.018422 
268     0.021730 
269     0.017374 
270     0.015860 
271     0.014953 
272     0.015770 
273     0.017243 
274     0.015458 
275     0.015538 
276     0.022621 
277     0.021939 
278     0.015692 
279     0.014671 
280     0.020188 
281     0.023647 
282     0.034960 
283     0.035404 
284     0.044649 
285     0.030336 
286     0.029381 
287     0.024533 
288     0.021430 
289     0.029617 
290     0.108343 
291     0.116598 
292     0.066848 
293     0.015292 
294     0.038839 
295     0.041130 
296     0.035338 
297     0.033346 
298     0.023602 
299     0.016483 
300     0.011060 
301     0.016915 
302     0.019513 
303     0.023952 
304     0.022521 
305     0.018232 
306     0.022148 
307     0.023456 
308     0.020764 
309     0.019705 
310     0.019553 
311     0.013028 
312     0.009044 
313     0.005775 
314     0.004725 
315     0.005404 
316     0.005010 
317     0.008497 
318     0.010047 
319     0.009862 
320     0.011178 
321     0.012997 
322     0.013795 
323     0.011776 
324     0.014289 
325     0.017062 
326     0.012128 
327     0.011235 
328     0.016025 
329     0.017322 
330     0.018843 
331     0.018172 
332     0.019242 
333     0.018699 
334     0.017084 
335     0.016172 
336     0.012735 
337     0.009781 
338     0.007935 
339     0.005996 
340     0.004670 
341     0.003132 
342     0.004412 
343     0.004892 
344     0.003623 
345     0.006385 
346     0.009310 
347     0.008683 
348     0.009475 
349     0.007252 
350     0.005601 
351     0.006823 
352     0.007503 
353     0.007417 
354     0.006400 
355     0.008171 
356     0.009952 
357     0.012005 
358     0.011630 
359     0.010322 
360     0.007758 
361     0.007582 
362     0.009420 
363     0.006886 
364     0.008155 
365     0.006269 
366     0.005711 
367     0.005165 
368     0.003766 
369     0.002804 
370     0.004010 
371     0.003634 
372     0.000915 
373     0.001374 
374     0.003543 
375     0.003487 
376     0.003945 
377     0.004994 
378     0.007397 
379     0.008234 
380     0.008665 
381     0.010833 
382     0.011402 
383     0.012807 
384     0.012356 
385     0.012161 
386     0.020928 
387     0.022984 
388     0.011508 
389     0.015432 
390     0.018187 
391     0.019306 
392     0.024638 
393     0.036494 
394     0.036218 
395     0.026268 
396     0.018122 
397     0.008749 
398     0.014520 
399     0.016605 
400     0.019738 
401     0.022026 
402     0.027474 
403     0.031646 
404     0.050790 
405     0.034183 
406     0.032376 
407     0.030602 
408     0.025599 
409     0.027762 
410     0.024788 
411     0.022316 
412     0.019324 
413     0.023671 
414     0.018899 
415     0.025278 
416     0.022707 
417     0.016151 
418     0.008459 
419     0.008903 
420     0.012720 
421     0.013177 
422     0.015504 
423     0.011966 
424     0.014043 
425     0.020679 
426     0.017807 
427     0.005418 
428     0.009568 
429     0.015164 
430     0.026878 
431     0.030477 
432     0.038069 
433     0.029385 
434     0.029687 
435     0.019405 
436     0.011632 
437     0.010325 
438     0.011533 
439     0.016451 
440     0.016633 
441     0.016032 
442     0.012305 
443     0.012735 
444     0.014380 
445     0.019241 
446     0.023235 
447     0.025121 
448     0.024311 
449     0.024777 
450     0.019976 
451     0.017242 
452     0.013104 
453     0.013224 
454     0.013903 
455     0.013958 
456     0.011537 
457     0.006726 
458     0.006618 
459     0.006968 
460     0.019054 
461     0.029612 
462     0.025768 
463     0.036295 
464     0.042166 
465     0.032720 
466     0.025507 
467     0.013398 
468     0.004035 
469     0.015821 
470     0.015510 
471     0.013246 
472     0.007028 
473     0.015172 
474     0.014614 
475     0.016195 
476     0.014659 
477     0.014772 
478     0.013607 
479     0.013992 
480     0.012706 
481     0.016388 
482     0.015430 
483     0.014494 
484     0.014833 
485     0.015904 
486     0.015552 
487     0.015499 
488     0.008429 
489     0.009360 
490     0.014618 
491     0.025503 
492     0.032462 
493     0.035350 
494     0.032097 
495     0.023372 
496     0.012333 
497     0.004081 
498     0.006019 
499     0.009693 
500     0.013097 
501     0.013595 
502     0.013475 
503     0.014324 
504     0.012049 
505     0.013857 
506     0.014397 
507     0.011671 
508     0.021509 
509     0.038318 
510     0.042997 
511     0.026842 
512     0.015264 
513     0.030802 
514     0.028179 
515     0.010656 
516     0.016015 
517     0.021666 
518     0.015618 
519     0.005928 
520     0.013768 
521     0.014911 
522     0.008483 
523     0.005501 
524     0.005972 
525     0.007030 
526     0.012320 
527     0.006933 
528     0.003788 
529     0.009413 
530     0.014806 
531     0.013138 
532     0.004662 
533     0.015382 
534     0.022840 
535     0.012975 
536     0.008301 
537     0.019301 
538     0.017205 
539     0.010030 
540     0.010258 
541     0.012420 
542     0.009953 
543     0.005994 
544     0.004247 
545     0.005819 
546     0.007642 
547     0.007115 
548     0.010914 
549     0.009715 
550     0.007300 
551     0.011210 
552     0.010729 
553     0.005403 
554     0.006169 
555     0.005718 
556     0.004066 
557     0.004646 
558     0.009963 
559     0.013213 
560     0.012258 
561     0.007341 
562     0.008484 
563     0.011167 
564     0.008139 
565     0.006619 
566     0.008981 
567     0.008734 
568     0.008327 
569     0.008100 
570     0.008366 
571     0.008439 
572     0.007688 
573     0.008387 
574     0.009687 
575     0.008653 
576     0.008054 
577     0.012314 
578     0.011768 
579     0.010915 
580     0.010583 
581     0.009053 
582     0.015696 
583     0.013165 
584     0.009227 
585     0.014533 
586     0.016670 
587     0.011612 
588     0.011609 
589     0.014879 
590     0.011543 
591     0.008267 
592     0.008913 
593     0.007376 
594     0.004150 
595     0.001451 
596     0.006511 
597     0.007367 
598     0.003654 
599     0.007761 
600     0.011938 
601     0.008285 
602     0.010909 
603     0.017001 
604     0.012001 
605     0.017521 
606     0.025637 
607     0.032518 
608     0.040806 
609     0.026060 
610     0.014065 
611     0.010012 
612     0.009374 
613     0.005713 
614     0.008091 
615     0.010470 
616     0.011813 
617     0.012594 
618     0.009652 
619     0.010909 
620     0.012691 
621     0.010550 
622     0.009566 
623     0.013052 
624     0.012587 
625     0.008963 
626     0.009293 
627     0.010628 
628     0.008467 
629     0.005760 
630     0.006715 
631     0.007298 
632     0.009274 
633     0.007777 
634     0.009550 
635     0.009142 
636     0.008643 
637     0.010754 
638     0.010965 
639     0.010282 
640     0.011218 
641     0.012048 
642     0.012177 
643     0.012821 
644     0.011010 
645     0.011396 
646     0.013674 
647     0.012268 
648     0.012002 
649     0.012760 
650     0.014572 
651     0.013100 
652     0.011674 
653     0.018430 
654     0.018164 
655     0.017881 
656     0.028264 
657     0.028897 
658     0.021623 
659     0.023771 
660     0.018214 
661     0.013788 
662     0.016690 
663     0.017739 
664     0.016456 
665     0.013888 
666     0.015764 
667     0.013214 
668     0.010442 
669     0.010727 
670     0.010375 
671     0.010761 
672     0.009470 
673     0.010131 
674     0.008572 
675     0.007330 
676     0.006723 
677     0.005938 
678     0.003631 
679     0.003789 
680     0.004748 
681     0.006111 
682     0.007275 
683     0.008420 
684     0.009521 
685     0.009996 
686     0.009905 
687     0.011762 
688     0.013395 
689     0.011661 
690     0.014801 
691     0.017588 
692     0.017038 
693     0.018780 
694     0.016774 
695     0.011419 
696     0.010176 
697     0.010696 
698     0.010619 
699     0.005697 
700     0.004361 
701     0.004018 
702     0.006909 
703     0.005314 
704     0.006148 
705     0.003810 
706     0.004670 
707     0.008029 
708     0.010053 
709     0.009500 
710     0.012769 
711     0.016673 
712     0.017640 
713     0.018427 
714     0.017295 
715     0.018401 
716     0.016977 
717     0.011574 
718     0.014297 
719     0.014549 
720     0.010326 
721     0.010543 
722     0.015126 
723     0.016436 
724     0.009120 
725     0.010539 
726     0.017921 
727     0.016330 
728     0.010870 
729     0.006285 
730     0.006108 
731     0.008199 
732     0.007894 
733     0.006491 
734     0.006298 
735     0.007224 
736     0.005487 
737     0.006216 
738     0.006320 
739     0.003438 
740     0.002083 
741     0.002459 
742     0.003915 
743     0.003839 
744     0.006434 
745     0.005134 
746     0.008262 
747     0.010874 
748     0.014591 
749     0.014806 
750     0.020158 
751     0.020247 
752     0.020339 
753     0.016276 
754     0.019610 
755     0.018515 
756     0.013684 
757     0.012229 
758     0.008198 
759     0.007126 
760     0.006607 
761     0.006498 
762     0.003268 
763     0.003124 
764     0.005149 
765     0.003427 
766     0.003929 
767     0.005088 
768     0.009990 
769     0.013118 
770     0.017161 
771     0.016380 
772     0.016674 
773     0.016134 
774     0.011918 
775     0.012656 
776     0.010437 
777     0.010563 
778     0.008965 
779     0.009070 
780     0.008081 
781     0.007813 
782     0.005362 
783     0.003880 
784     0.002066 
785     0.003448 
786     0.004032 
787     0.006270 
788     0.008527 
789     0.007668 
790     0.007437 
791     0.008913 
792     0.008856 
793     0.008444 
794     0.010729 
795     0.013074 
796     0.014178 
797     0.011106 
798     0.011005 
799     0.013039 
800     0.012246 
801     0.010899 
802     0.011586 
803     0.011466 
804     0.010507 
805     0.010417 
806     0.010694 
807     0.008236 
808     0.005723 
809     0.010050 
810     0.010129 
811     0.011015 
812     0.012650 
813     0.011779 
814     0.012495 
815     0.012042 
816     0.014699 
817     0.014397 
818     0.015644 
819     0.012983 
820     0.016638 
821     0.016656 
822     0.019757 
823     0.011391 
824     0.012928 
825     0.011491 
826     0.008859 
827     0.011827 
828     0.011311 
829     0.015876 
830     0.016298 
831     0.014504 
832     0.012647 
833     0.011338 
834     0.010197 
835     0.010706 
836     0.006672 
837     0.008231 
838     0.012175 
839     0.015486 
840     0.015147 
841     0.015194 
842     0.012500 
843     0.011295 
844     0.012452 
845     0.015771 
846     0.013616 
847     0.012871 
848     0.009161 
849     0.009428 
850     0.009775 
851     0.009914 
852     0.011015 
853     0.009839 
854     0.007823 
855     0.010386 
856     0.011215 
857     0.010321 
858     0.009710 
859     0.011086 
860     0.010989 
861     0.013650 
862     0.015802 
863     0.018971 
864     0.017976 
865     0.020759 
866     0.023258 
867     0.020616 
868     0.016185 
869     0.013237 
870     0.011439 
871     0.010168 
872     0.012152 
873     0.008859 
874     0.008809 
875     0.008565 
876     0.011332 
877     0.013131 
878     0.013876 
879     0.016194 
880     0.014948 
881     0.012661 
882     0.014661 
883     0.013883 
884     0.017337 
885     0.017959 
886     0.020683 
887     0.023842 
888     0.023964 
889     0.023009 
890     0.023551 
891     0.023419 
892     0.022538 
893     0.026416 
894     0.037769 
895     0.034580 
896     0.039175 
897     0.026165 
898     0.025176 
899     0.023852 
900     0.022049 
901     0.022196 
902     0.020859 
903     0.023651 
904     0.023007 
905     0.023667 
906     0.021851 
907     0.021947 
908     0.021082 
909     0.021105 
910     0.021311 
911     0.021900 
912     0.025400 
913     0.025938 
914     0.026163 
915     0.023931 
916     0.022410 
917     0.021659 
918     0.019370 
919     0.016027 
920     0.013545 
921     0.015924 
922     0.012677 
923     0.012745 
924     0.017607 
925     0.017914 
926     0.016259 
927     0.017832 
928     0.018249 
929     0.018506 
930     0.016958 
931     0.019080 
932     0.019471 
933     0.020513 
934     0.019333 
935     0.022026 
936     0.024351 
937     0.027079 
938     0.028586 
939     0.027611 
940     0.029757 
941     0.028689 
942     0.030232 
943     0.027073 
944     0.026917 
945     0.027665 
946     0.025176 
947     0.021771 
948     0.016259 
949     0.016749 
950     0.020485 
951     0.016392 
952     0.013178 
953     0.014548 
954     0.014020 
955     0.010627 
956     0.009453 
957     0.011683 
958     0.009119 
959     0.009074 
960     0.011415 
961     0.011082 
962     0.012655 
963     0.016223 
964     0.014336 
965     0.016342 
966     0.021324 
967     0.025601 
968     0.025444 
969     0.028419 
970     0.034463 
971     0.040714 
972     0.038586 
973     0.032916 
974     0.036571 
975     0.031928 
976     0.025058 
977     0.025466 
978     0.028238 
979     0.022267 
980     0.020821 
981     0.023575 
982     0.021663 
983     0.019579 
984     0.014939 
985     0.012603 
986     0.012550 
987     0.010494 
988     0.007746 
989     0.010699 
990     0.008199 
991     0.009478 
992     0.011541 
993     0.011908 
994     0.009247 
995     0.012796 
996     0.010635 
997     0.011090 
998     0.014506 
999     0.021295 
1000     0.017516 
1001     0.013570 
1002     0.015242 
1003     0.019622 
1004     0.017036 
1005     0.013934 
1006     0.014872 
1007     0.016289 
1008     0.020872 
1009     0.020875 
1010     0.030796 
1011     0.032033 
1012     0.035192 
1013     0.046508 
1014     0.045797 
1015     0.041826 
1016     0.040819 
1017     0.026490 
1018     0.015135 
1019     0.012767 
1020     0.014687 
1021     0.016219 
1022     0.023454 
1023     0.017196 
1024     0.017144 
1025     0.025197 
1026     0.024625 
1027     0.017590 
1028     0.028075 
1029     0.042690 
1030     0.093167 
1031     0.107475 
1032     0.051347 
1033     0.045719 
1034     0.036472 
1035     0.027421 
1036     0.025992 
1037     0.022108 
1038     0.020371 
1039     0.017637 
1040     0.018117 
1041     0.017888 
1042     0.019240 
1043     0.021272 
1044     0.022153 
1045     0.018298 
1046     0.017526 
1047     0.021484 
1048     0.023831 
1049     0.020345 
1050     0.029451 
1051     0.025123 
1052     0.025038 
1053     0.032400 
1054     0.038392 
1055     0.038713 
1056     0.044605 
1057     0.056716 
1058     0.060752 
1059     0.055876 
1060     0.039100 
1061     0.027139 
1062     0.024435 
1063     0.018577 
1064     0.018976 
1065     0.016301 
1066     0.017429 
1067     0.015753 
1068     0.017089 
1069     0.017223 
1070     0.015519 
1071     0.019120 
1072     0.020826 
1073     0.015551 
1074     0.019764 
1075     0.024607 
1076     0.015594 
1077     0.016886 
1078     0.029832 
1079     0.033759 
1080     0.028395 
1081     0.036070 
1082     0.044297 
1083     0.038139 
1084     0.036837 
1085     0.030875 
1086     0.030091 
1087     0.027052 
1088     0.029151 
1089     0.027143 
1090     0.031852 
1091     0.041259 
1092     0.050145 
1093     0.074955 
1094     0.075508 
1095     0.054946 
1096     0.051958 
1097     0.074710 
1098     0.063011 
1099     0.046369 
1100     0.011988 
1101     0.032011 
1102     0.034818 
1103     0.007090 
1104     0.044906 
1105     0.039930 
1106     0.009587 
1107     0.035201 
1108     0.036166 
1109     0.013070 
1110     0.019161 
1111     0.028899 
1112     0.016215 
1113     0.010510 
1114     0.018866 
1115     0.012188 
1116     0.013218 
1117     0.020834 
1118     0.017849 
1119     0.015901 
1120     0.019676 
1121     0.025035 
1122     0.020283 
1123     0.024519 
1124     0.032097 
1125     0.033444 
1126     0.048635 
1127     0.049605 
1128     0.046556 
1129     0.046383 
1130     0.036752 
1131     0.028652 
1132     0.023889 
1133     0.018381 
1134     0.020251 
1135     0.025968 
1136     0.027587 
1137     0.024155 
1138     0.026828 
1139     0.022903 
1140     0.024447 
1141     0.022237 
1142     0.022511 
1143     0.023680 
1144     0.023998 
1145     0.032062 
1146     0.034120 
1147     0.035993 
1148     0.035756 
1149     0.028218 
1150     0.022530 
1151     0.017059 
1152     0.019281 
1153     0.019519 
1154     0.016848 
1155     0.013309 
1156     0.016908 
1157     0.020147 
1158     0.013203 
1159     0.011704 
1160     0.027600 
1161     0.022062 
1162     0.027836 
1163     0.049929 
1164     0.046651 
1165     0.048551 
1166     0.026960 
1167     0.011119 
1168     0.025591 
1169     0.030122 
1170     0.051037 
1171     0.047068 
1172     0.041367 
1173     0.027010 
1174     0.022186 
1175     0.019618 
1176     0.018298 
1177     0.011594 
1178     0.010680 
1179     0.015912 
1180     0.017241 
1181     0.022170 
1182     0.017178 
1183     0.015352 
1184     0.019689 
1185     0.018164 
1186     0.013421 
1187     0.016584 
1188     0.020239 
1189     0.018959 
1190     0.018247 
1191     0.022624 
1192     0.027140 
1193     0.023741 
1194     0.018016 
1195     0.020986 
1196     0.017539 
1197     0.015841 
1198     0.015579 
1199     0.016770 
1200     0.012843 
1201     0.018122 
1202     0.019520 
1203     0.012059 
1204     0.018857 
1205     0.023482 
1206     0.018310 
1207     0.015818 
1208     0.018649 
1209     0.019306 
1210     0.011313 
1211     0.007996 
1212     0.009399 
1213     0.011688 
1214     0.019994 
1215     0.015874 
1216     0.015695 
1217     0.017507 
1218     0.015961 
1219     0.007486 
1220     0.013098 
1221     0.012831 
1222     0.010847 
1223     0.014054 
1224     0.022815 
1225     0.029077 
1226     0.022715 
1227     0.045587 
1228     0.059408 
1229     0.068343 
1230     0.036484 
1231     0.040111 
1232     0.046508 
1233     0.030428 
1234     0.017753 
1235     0.010690 
1236     0.011618 
1237     0.012986 
1238     0.018713 
1239     0.022732 
1240     0.025451 
1241     0.022711 
1242     0.015116 
1243     0.016184 
1244     0.013464 
1245     0.007960 
1246     0.007485 
1247     0.012256 
1248     0.012183 
1249     0.011040 
1250     0.018375 
1251     0.025473 
1252     0.019579 
1253     0.017080 
1254     0.034255 
1255     0.036331 
1256     0.024054 
1257     0.013450 
1258     0.011538 
1259     0.012673 
1260     0.008847 
1261     0.008756 
1262     0.011410 
1263     0.011492 
1264     0.009955 
1265     0.009872 
1266     0.011792 
1267     0.011680 
1268     0.011581 
1269     0.012631 
1270     0.014907 
1271     0.015350 
1272     0.015976 
1273     0.014158 
1274     0.020862 
1275     0.021256 
1276     0.021777 
1277     0.018004 
1278     0.035078 
1279     0.038220 
1280     0.041252 
1281     0.051345 
1282     0.058169 
1283     0.056819 
1284     0.047012 
1285     0.030195 
1286     0.030605 
1287     0.027366 
1288     0.031059 
1289     0.034304 
1290     0.043951 
1291     0.042423 
1292     0.022097 
1293     0.012353 
1294     0.009462 
1295     0.007627 
1296     0.005554 
1297     0.005340 
1298     0.004210 
1299     0.007910 
1300     0.009217 
1301     0.015058 
1302     0.011812 
1303     0.007727 
1304     0.004024 
1305     0.001871 
1306     0.007045 
1307     0.007566 
1308     0.009955 
1309     0.011860 
1310     0.015047 
1311     0.015847 
1312     0.016400 
1313     0.010246 
1314     0.005987 
1315     0.009308 
1316     0.012468 
1317     0.014251 
1318     0.009644 
1319     0.003704 
1320     0.005059 
1321     0.003074 
1322     0.005407 
1323     0.006574 
1324     0.005908 
1325     0.010750 
1326     0.008280 
1327     0.006714 
1328     0.012799 
1329     0.014338 
1330     0.008260 
1331     0.005699 
1332     0.012441 
1333     0.012900 
1334     0.005686 
1335     0.007943 
1336     0.013691 
1337     0.008310 
1338     0.015879 
1339     0.019040 
1340     0.025398 
1341     0.020139 
1342     0.020476 
1343     0.012753 
1344     0.013186 
1345     0.007046 
1346     0.009860 
1347     0.014889 
1348     0.008810 
1349     0.012639 
1350     0.017158 
1351     0.016653 
1352     0.012428 
1353     0.006343 
1354     0.009677 
1355     0.009089 
1356     0.005197 
1357     0.003088 
1358     0.006766 
1359     0.005436 
1360     0.004339 
1361     0.008339 
1362     0.007584 
1363     0.004731 
1364     0.004471 
1365     0.002357 
1366     0.002961 
1367     0.006452 
1368     0.008235 
1369     0.008032 
1370     0.005699 
1371     0.006147 
1372     0.007003 
1373     0.013782 
1374     0.016556 
1375     0.005573 
1376     0.006037 
1377     0.010833 
1378     0.014943 
1379     0.010951 
1380     0.010074 
1381     0.009127 
1382     0.010139 
1383     0.004216 
1384     0.003990 
1385     0.003199 
1386     0.004184 
1387     0.003689 
1388     0.008603 
1389     0.009366 
1390     0.006765 
1391     0.004768 
1392     0.009270 
1393     0.016432 
1394     0.020316 
1395     0.018349 
1396     0.028483 
1397     0.026812 
1398     0.020268 
1399     0.018937 
1400     0.018837 
1401     0.014690 
1402     0.011781 
1403     0.008658 
1404     0.009715 
1405     0.009213 
1406     0.008157 
1407     0.002129 
1408     0.002539 
1409     0.004613 
1410     0.007593 
1411     0.012142 
1412     0.013671 
1413     0.009777 
1414     0.009382 
1415     0.009004 
1416     0.005039 
1417     0.005158 
1418     0.006045 
1419     0.004002 
1420     0.004713 
1421     0.005539 
1422     0.003284 
1423     0.003207 
1424     0.005615 
1425     0.006433 
1426     0.005172 
1427     0.005866 
1428     0.008119 
1429     0.009433 
1430     0.008156 
1431     0.009153 
1432     0.011149 
1433     0.010048 
1434     0.010840 
1435     0.011659 
1436     0.008111 
1437     0.006645 
1438     0.006242 
1439     0.005415 
1440     0.006630 
1441     0.006823 
1442     0.007995 
1443     0.008263 
1444     0.009881 
1445     0.009897 
1446     0.011058 
1447     0.007681 
1448     0.008645 
1449     0.008118 
1450     0.007661 
1451     0.007102 
1452     0.006564 
1453     0.007307 
1454     0.006096 
1455     0.004626 
1456     0.003647 
1457     0.004901 
1458     0.005070 
1459     0.006928 
1460     0.004871 
1461     0.005391 
1462     0.007342 
1463     0.005689 
1464     0.004162 
1465     0.004773 
1466     0.007357 
1467     0.010332 
1468     0.011923 
1469     0.009179 
1470     0.010420 
1471     0.013703 
1472     0.013517 
1473     0.015793 
1474     0.012792 
1475     0.011494 
1476     0.013757 
1477     0.014996 
1478     0.013223 
1479     0.011332 
1480     0.014393 
1481     0.015113 
1482     0.012575 
1483     0.012778 
1484     0.015906 
1485     0.015273 
1486     0.016974 
1487     0.015380 
1488     0.013040 
1489     0.008752 
1490     0.005027 
1491     0.005461 
1492     0.005504 
1493     0.005159 
1494     0.005857 
1495     0.005229 
1496     0.006410 
1497     0.012409 
1498     0.016449 
1499     0.024144 
1500     0.017277 
1501     0.008440 
1502     0.007808 
1503     0.005453 
1504     0.005172 
1505     0.005545 
1506     0.005169 
1507     0.005455 
1508     0.005378 
1509     0.004927 
1510     0.005999 
1511     0.004202 
1512     0.006543 
1513     0.011027 
1514     0.014742 
1515     0.020784 
1516     0.009024 
1517     0.009055 
1518     0.013016 
1519     0.007438 
1520     0.017511 
1521     0.018603 
1522     0.006104 
1523     0.005329 
1524     0.004489 
1525     0.004720 
1526     0.004838 
1527     0.005097 
1528     0.005027 
1529     0.003298 
1530     0.002992 
1531     0.001966 
1532     0.001781 
1533     0.002952 
1534     0.004073 
1535     0.007306 
1536     0.006145 
1537     0.004236 
1538     0.004403 
1539     0.005051 
1540     0.006087 
1541     0.005980 
1542     0.005209 
1543     0.003144 
1544     0.004383 
1545     0.010376 
1546     0.013816 
1547     0.001371 
1548     0.005803 
1549     0.005075 
1550     0.004618 
1551     0.005775 
1552     0.006324 
1553     0.005028 
1554     0.005175 
1555     0.004621 
1556     0.004641 
1557     0.003940 
1558     0.005079 
1559     0.005001 
1560     0.005153 
1561     0.004170 
1562     0.011450 
1563     0.011794 
1564     0.007897 
1565     0.007770 
1566     0.008788 
1567     0.008137 
1568     0.007069 
1569     0.008129 
1570     0.009600 
1571     0.007918 
1572     0.008601 
1573     0.007774 
1574     0.006507 
1575     0.006700 
1576     0.007100 
1577     0.006146 
1578     0.004879 
1579     0.003578 
1580     0.005282 
1581     0.007102 
1582     0.008805 
1583     0.004471 
1584     0.005887 
1585     0.006135 
1586     0.008011 
1587     0.004837 
1588     0.004581 
1589     0.005770 
1590     0.006790 
1591     0.005105 
1592     0.006035 
1593     0.009914 
1594     0.011668 
1595     0.010930 
1596     0.009857 
1597     0.008728 
1598     0.010141 
1599     0.009653 
1600     0.010598 
1601     0.011172 
1602     0.008869 
1603     0.010428 
1604     0.013527 
1605     0.010796 
1606     0.010000 
1607     0.014953 
1608     0.017406 
1609     0.017781 
1610     0.019138 
1611     0.022385 
1612     0.019784 
1613     0.023579 
1614     0.025620 
1615     0.023326 
1616     0.023168 
1617     0.030106 
1618     0.033382 
1619     0.031938 
1620     0.038945 
1621     0.035176 
1622     0.028904 
1623     0.032241 
1624     0.030030 
1625     0.028130 
1626     0.023030 
1627     0.028287 
1628     0.024784 
1629     0.018816 
1630     0.013949 
1631     0.003445 
1632     0.009562 
1633     0.016042 
1634     0.024646 
1635     0.028608 
1636     0.023293 
1637     0.028005 
1638     0.022419 
1639     0.019138 
1640     0.012279 
1641     0.004367 
1642     0.006105 
1643     0.015243 
1644     0.022683 
1645     0.022171 
1646     0.034700 
1647     0.037514 
1648     0.029852 
1649     0.040102 
1650     0.045487 
1651     0.039804 
1652     0.044654 
1653     0.059458 
1654     0.157708 
1655     0.167525 
1656     0.075968 
1657     0.057842 
1658     0.041784 
1659     0.030258 
1660     0.029376 
1661     0.022083 
1662     0.022139 
1663     0.018574 
1664     0.020869 
1665     0.020349 
1666     0.018430 
1667     0.017965 
1668     0.018284 
1669     0.019440 
1670     0.019525 
1671     0.019498 
1672     0.019161 
1673     0.021880 
1674     0.026482 
1675     0.024653 
1676     0.024395 
1677     0.028628 
1678     0.031053 
1679     0.030173 
1680     0.035047 
1681     0.036047 
1682     0.034282 
1683     0.041494 
1684     0.037502 
1685     0.027723 
1686     0.025983 
1687     0.017274 
1688     0.015684 
1689     0.012916 
1690     0.014469 
1691     0.010223 
1692     0.016110 
1693     0.012756 
1694     0.006572 
1695     0.008249 
1696     0.011136 
1697     0.011505 
1698     0.006650 
1699     0.007042 
1700     0.011574 
1701     0.011691 
1702     0.009906 
1703     0.022756 
1704     0.027291 
1705     0.038462 
1706     0.046959 
1707     0.038699 
1708     0.027929 
1709     0.023843 
1710     0.033356 
1711     0.029478 
1712     0.029938 
1713     0.031070 
1714     0.042953 
1715     0.056936 
1716     0.059387 
1717     0.072266 
1718     0.069781 
1719     0.033802 
1720     0.037369 
1721     0.040270 
1722     0.026571 
1723     0.039252 
1724     0.044461 
1725     0.056701 
1726     0.047647 
1727     0.034151 
1728     0.036976 
1729     0.041442 
1730     0.038595 
1731     0.034961 
1732     0.041041 
1733     0.045275 
1734     0.038698 
1735     0.039781 
1736     0.045378 
1737     0.026614 
1738     0.029970 
1739     0.033041 
1740     0.020547 
1741     0.014393 
1742     0.024811 
1743     0.029801 
1744     0.026230 
1745     0.023570 
1746     0.037913 
1747     0.046722 
1748     0.050938 
1749     0.040978 
1750     0.049229 
1751     0.061765 
1752     0.052362 
1753     0.049410 
1754     0.032816 
1755     0.025658 
1756     0.025631 
1757     0.027815 
1758     0.028333 
1759     0.027733 
1760     0.028006 
1761     0.028344 
1762     0.030638 
1763     0.023289 
1764     0.027873 
1765     0.029811 
1766     0.026939 
1767     0.026112 
1768     0.028272 
1769     0.045647 
1770     0.059758 
1771     0.071019 
1772     0.071383 
1773     0.073974 
1774     0.065445 
1775     0.046949 
1776     0.033225 
1777     0.033752 
1778     0.023573 
1779     0.010097 
1780     0.036406 
1781     0.043227 
1782     0.030512 
1783     0.054454 
1784     0.097207 
1785     0.114815 
1786     0.138835 
1787     0.176750 
1788     0.130772 
1789     0.102371 
1790     0.063350 
1791     0.052515 
1792     0.119999 
1793     0.080126 
1794     0.095022 
1795     0.067599 
1796     0.051158 
1797     0.029035 
1798     0.027910 
1799     0.028711 
1800     0.029777 
1801     0.031364 
1802     0.034416 
1803     0.034000 
1804     0.037731 
1805     0.031310 
1806     0.028433 
1807     0.031553 
1808     0.026730 
1809     0.013360 
1810     0.017494 
1811     0.020448 
1812     0.010957 
1813     0.008971 
1814     0.017666 
1815     0.014389 
1816     0.015092 
1817     0.007299 
1818     0.008582 
1819     0.014814 
1820     0.012860 
1821     0.010386 
1822     0.008585 
1823     0.013179 
1824     0.017131 
1825     0.017364 
1826     0.020929 
1827     0.012854 
1828     0.021137 
1829     0.024866 
1830     0.021572 
1831     0.022503 
1832     0.024385 
1833     0.025513 
1834     0.021595 
1835     0.020851 
1836     0.018606 
1837     0.016879 
1838     0.014495 
1839     0.013699 
1840     0.012067 
1841     0.015741 
1842     0.019926 
1843     0.017724 
1844     0.018004 
1845     0.020134 
1846     0.014614 
1847     0.013849 
1848     0.018068 
1849     0.017182 
1850     0.010501 
1851     0.012889 
1852     0.022861 
1853     0.024968 
