  1     0.006233 
  2     0.007342 
  3     0.006179 
  4     0.007308 
  5     0.006543 
  6     0.006173 
  7     0.007050 
  8     0.006583 
  9     0.008335 
 10     0.008124 
 11     0.009174 
 12     0.008076 
 13     0.007081 
 14     0.007234 
 15     0.005853 
 16     0.005721 
 17     0.004390 
 18     0.003978 
 19     0.003417 
 20     0.002587 
 21     0.003430 
 22     0.004312 
 23     0.003196 
 24     0.002667 
 25     0.002573 
 26     0.003198 
 27     0.004767 
 28     0.006437 
 29     0.008486 
 30     0.010221 
 31     0.011116 
 32     0.009233 
 33     0.008229 
 34     0.005869 
 35     0.005982 
 36     0.007983 
 37     0.009002 
 38     0.010147 
 39     0.012382 
 40     0.014682 
 41     0.017099 
 42     0.019866 
 43     0.021115 
 44     0.023517 
 45     0.025678 
 46     0.024070 
 47     0.021318 
 48     0.018546 
 49     0.016341 
 50     0.013748 
 51     0.011831 
 52     0.012199 
 53     0.014886 
 54     0.014899 
 55     0.013605 
 56     0.015312 
 57     0.017507 
 58     0.016347 
 59     0.017670 
 60     0.020036 
 61     0.020390 
 62     0.018598 
 63     0.020408 
 64     0.020110 
 65     0.017340 
 66     0.015886 
 67     0.012999 
 68     0.011946 
 69     0.013479 
 70     0.011821 
 71     0.013453 
 72     0.015539 
 73     0.015037 
 74     0.016666 
 75     0.018352 
 76     0.021191 
 77     0.022210 
 78     0.022834 
 79     0.020498 
 80     0.018843 
 81     0.016705 
 82     0.018448 
 83     0.019816 
 84     0.017352 
 85     0.016679 
 86     0.019276 
 87     0.018501 
 88     0.016293 
 89     0.016616 
 90     0.018009 
 91     0.019072 
 92     0.021227 
 93     0.020673 
 94     0.022846 
 95     0.023994 
 96     0.024381 
 97     0.027009 
 98     0.026027 
 99     0.024981 
100     0.022220 
101     0.020480 
102     0.020655 
103     0.020562 
104     0.022645 
105     0.022154 
106     0.024135 
107     0.025733 
108     0.024895 
109     0.023852 
110     0.021320 
111     0.019756 
112     0.016705 
113     0.015433 
114     0.016478 
115     0.015783 
116     0.013450 
117     0.013349 
118     0.013691 
119     0.011499 
120     0.010948 
121     0.011865 
122     0.011063 
123     0.009069 
124     0.009421 
125     0.010125 
126     0.008566 
127     0.007151 
128     0.008180 
129     0.008547 
130     0.006582 
131     0.005890 
132     0.007533 
133     0.007656 
134     0.009167 
135     0.008717 
136     0.010162 
137     0.009515 
138     0.008923 
139     0.008340 
140     0.008370 
141     0.007776 
142     0.008704 
143     0.007390 
144     0.008492 
145     0.008578 
146     0.010207 
147     0.012112 
148     0.016097 
149     0.016270 
150     0.014101 
151     0.013626 
152     0.015006 
153     0.014991 
154     0.012790 
155     0.013150 
156     0.014850 
157     0.013773 
158     0.012313 
159     0.013727 
160     0.014691 
161     0.013030 
162     0.012733 
163     0.011191 
164     0.011677 
165     0.011221 
166     0.010721 
167     0.010635 
168     0.010551 
169     0.008369 
170     0.007979 
171     0.006772 
172     0.006893 
173     0.007307 
174     0.006199 
175     0.005534 
176     0.006058 
177     0.005737 
178     0.004781 
179     0.004384 
180     0.005151 
181     0.006089 
182     0.006052 
183     0.006306 
184     0.005823 
185     0.006201 
186     0.007299 
187     0.007703 
188     0.007030 
189     0.007226 
190     0.006606 
191     0.006642 
192     0.006111 
193     0.005720 
194     0.005373 
195     0.004797 
196     0.004615 
197     0.004737 
198     0.005522 
199     0.006329 
200     0.006259 
201     0.006675 
202     0.007183 
203     0.007526 
204     0.007684 
205     0.007764 
206     0.008054 
207     0.007804 
208     0.008122 
209     0.008048 
210     0.007621 
211     0.007375 
212     0.008010 
213     0.008071 
214     0.007947 
215     0.008064 
216     0.008271 
217     0.008286 
218     0.008392 
219     0.008221 
220     0.008526 
221     0.008450 
222     0.008741 
223     0.007923 
224     0.007705 
225     0.007671 
226     0.006666 
227     0.005909 
228     0.004635 
229     0.003559 
230     0.003868 
231     0.004643 
232     0.003960 
233     0.003855 
234     0.003920 
235     0.005235 
236     0.005419 
237     0.005844 
238     0.006551 
239     0.008054 
240     0.008668 
241     0.009174 
242     0.010560 
243     0.011795 
244     0.012738 
245     0.013235 
246     0.014898 
247     0.016112 
248     0.016522 
249     0.016485 
250     0.014794 
251     0.011889 
252     0.010322 
253     0.008133 
254     0.009408 
255     0.010418 
256     0.009598 
257     0.011045 
258     0.010744 
259     0.008352 
260     0.009017 
261     0.010283 
262     0.008515 
263     0.006940 
264     0.008346 
265     0.008590 
266     0.006533 
267     0.005685 
268     0.006561 
269     0.006175 
270     0.004540 
271     0.004228 
272     0.005214 
273     0.005161 
274     0.004092 
275     0.004283 
276     0.005559 
277     0.006987 
278     0.007886 
279     0.008393 
280     0.010256 
281     0.010012 
282     0.012603 
283     0.013342 
284     0.016172 
285     0.017031 
286     0.014213 
287     0.015161 
288     0.017770 
289     0.018698 
290     0.022427 
291     0.023322 
292     0.022750 
293     0.019910 
294     0.017478 
295     0.016803 
296     0.014246 
297     0.013745 
298     0.011917 
299     0.010947 
300     0.008684 
301     0.007990 
302     0.006737 
303     0.008371 
304     0.008320 
305     0.006590 
306     0.007179 
307     0.007854 
308     0.006636 
309     0.006060 
310     0.007667 
311     0.007084 
312     0.005899 
313     0.005504 
314     0.006713 
315     0.007125 
316     0.006482 
317     0.007112 
318     0.008226 
319     0.008524 
320     0.008012 
321     0.008676 
322     0.009430 
323     0.008682 
324     0.008435 
325     0.009294 
326     0.009446 
327     0.008584 
328     0.008775 
329     0.008395 
330     0.008006 
331     0.007198 
332     0.007308 
333     0.007728 
334     0.007085 
335     0.006387 
336     0.005669 
337     0.005598 
338     0.005015 
339     0.004405 
340     0.004418 
341     0.004191 
342     0.003211 
343     0.003366 
344     0.003329 
345     0.003007 
346     0.003760 
347     0.004071 
348     0.004808 
349     0.004753 
350     0.004488 
351     0.005070 
352     0.005679 
353     0.005655 
354     0.005543 
355     0.006173 
356     0.006614 
357     0.006320 
358     0.006221 
359     0.005681 
360     0.004991 
361     0.004776 
362     0.003991 
363     0.003100 
364     0.002365 
365     0.002344 
366     0.002136 
367     0.003026 
368     0.003277 
369     0.003277 
370     0.003681 
371     0.004887 
372     0.004910 
373     0.004089 
374     0.005399 
375     0.006115 
376     0.005051 
377     0.005401 
378     0.006933 
379     0.006890 
380     0.005726 
381     0.006471 
382     0.007983 
383     0.008413 
384     0.007976 
385     0.009999 
386     0.009643 
387     0.008845 
388     0.006503 
389     0.006533 
390     0.005900 
391     0.005936 
392     0.006398 
393     0.006269 
394     0.006219 
395     0.005815 
396     0.005874 
397     0.005571 
398     0.005191 
399     0.004284 
400     0.004245 
401     0.004178 
402     0.003999 
403     0.005031 
404     0.005729 
405     0.005990 
406     0.004678 
407     0.005218 
408     0.004864 
409     0.005362 
410     0.005404 
411     0.005300 
412     0.005096 
413     0.006157 
414     0.006350 
415     0.006322 
416     0.005975 
417     0.005533 
418     0.005540 
419     0.005385 
420     0.005070 
421     0.005192 
422     0.005988 
423     0.006468 
424     0.007395 
425     0.009106 
426     0.008457 
427     0.009726 
428     0.009814 
429     0.008719 
430     0.010337 
431     0.012735 
432     0.014074 
433     0.012101 
434     0.013151 
435     0.011172 
436     0.008795 
437     0.007262 
438     0.006125 
439     0.005010 
440     0.004469 
441     0.004114 
442     0.004569 
443     0.005555 
444     0.006574 
445     0.006762 
446     0.006532 
447     0.005982 
448     0.004795 
449     0.005593 
450     0.006565 
451     0.005742 
452     0.005971 
453     0.005791 
454     0.005915 
455     0.006613 
456     0.006907 
457     0.008326 
458     0.009461 
459     0.010379 
460     0.012534 
461     0.014495 
462     0.013849 
463     0.016002 
464     0.016419 
465     0.015713 
466     0.014650 
467     0.012375 
468     0.012064 
469     0.013788 
470     0.012961 
471     0.012055 
472     0.009978 
473     0.009036 
474     0.006838 
475     0.006186 
476     0.004727 
477     0.004429 
478     0.003561 
479     0.003538 
480     0.004414 
481     0.004038 
482     0.004862 
483     0.004372 
484     0.004037 
485     0.004872 
486     0.005185 
487     0.006969 
488     0.007988 
489     0.010201 
490     0.011993 
491     0.013386 
492     0.015392 
493     0.015823 
494     0.014345 
495     0.013539 
496     0.011387 
497     0.010091 
498     0.008438 
499     0.007362 
500     0.006688 
501     0.006218 
502     0.006793 
503     0.006379 
504     0.008661 
505     0.007698 
506     0.006957 
507     0.006937 
508     0.008002 
509     0.008855 
510     0.010724 
511     0.009351 
512     0.008033 
513     0.010392 
514     0.010855 
515     0.008837 
516     0.009934 
517     0.012014 
518     0.010752 
519     0.009719 
520     0.011767 
521     0.012898 
522     0.011069 
523     0.010856 
524     0.011454 
525     0.010056 
526     0.008466 
527     0.009073 
528     0.008614 
529     0.007355 
530     0.007278 
531     0.007134 
532     0.006331 
533     0.006878 
534     0.006267 
535     0.004878 
536     0.006163 
537     0.005761 
538     0.004600 
539     0.004264 
540     0.006282 
541     0.005978 
542     0.004211 
543     0.004786 
544     0.007254 
545     0.007194 
546     0.005294 
547     0.006173 
548     0.008512 
549     0.007809 
550     0.006207 
551     0.008366 
552     0.010220 
553     0.008881 
554     0.007857 
555     0.007908 
556     0.009257 
557     0.006759 
558     0.006126 
559     0.003891 
560     0.004930 
561     0.004377 
562     0.002273 
563     0.002173 
564     0.003312 
565     0.001444 
566     0.001725 
567     0.003496 
568     0.002975 
569     0.002927 
570     0.005052 
571     0.005588 
572     0.004615 
573     0.006349 
574     0.007914 
575     0.007140 
576     0.007239 
577     0.009655 
578     0.009749 
579     0.009984 
580     0.008300 
581     0.005854 
582     0.005800 
583     0.006367 
584     0.004741 
585     0.003156 
586     0.004336 
587     0.003898 
588     0.001798 
589     0.002781 
590     0.003880 
591     0.001633 
592     0.002538 
593     0.004965 
594     0.004650 
595     0.004842 
596     0.007664 
597     0.008357 
598     0.006886 
599     0.008373 
600     0.010782 
601     0.010473 
602     0.010341 
603     0.012454 
604     0.011803 
605     0.012990 
606     0.025406 
607     0.027648 
608     0.028260 
609     0.026095 
610     0.025763 
611     0.024579 
612     0.024249 
613     0.023432 
614     0.024344 
615     0.024667 
616     0.024189 
617     0.022361 
618     0.019441 
619     0.018231 
620     0.017999 
621     0.016350 
622     0.014049 
623     0.015743 
624     0.013208 
625     0.011290 
626     0.013393 
627     0.013586 
628     0.010345 
629     0.009861 
630     0.012466 
631     0.011593 
632     0.008396 
633     0.006925 
634     0.004580 
635     0.004189 
636     0.004433 
637     0.003693 
638     0.003602 
639     0.004284 
640     0.005922 
641     0.006162 
642     0.005378 
643     0.007404 
644     0.008387 
645     0.007995 
646     0.007792 
647     0.010312 
648     0.011305 
649     0.009555 
650     0.010318 
651     0.013800 
652     0.012972 
653     0.010232 
654     0.013713 
655     0.015930 
656     0.013684 
657     0.014094 
658     0.018749 
659     0.020865 
660     0.024150 
661     0.021342 
662     0.021150 
663     0.024510 
664     0.024309 
665     0.021482 
666     0.021328 
667     0.019070 
668     0.015425 
669     0.013453 
670     0.011081 
671     0.010978 
672     0.008392 
673     0.007367 
674     0.006244 
675     0.007703 
676     0.006234 
677     0.008115 
678     0.009362 
679     0.007267 
680     0.007741 
681     0.006309 
682     0.008039 
683     0.007783 
684     0.010913 
685     0.011924 
686     0.014973 
687     0.013500 
688     0.015033 
689     0.015696 
690     0.017452 
691     0.020536 
692     0.021922 
693     0.021709 
694     0.019267 
695     0.018570 
696     0.020092 
697     0.019463 
698     0.016819 
699     0.016157 
700     0.017999 
701     0.017682 
702     0.014544 
703     0.016103 
704     0.018465 
705     0.017554 
706     0.013897 
707     0.014810 
708     0.018266 
709     0.016278 
710     0.014324 
711     0.017750 
712     0.019608 
713     0.015860 
714     0.015330 
715     0.019387 
716     0.018208 
717     0.017847 
718     0.014288 
719     0.012461 
720     0.012066 
721     0.011057 
722     0.009073 
723     0.006048 
724     0.008448 
725     0.009799 
726     0.006720 
727     0.004423 
728     0.007046 
729     0.008974 
730     0.006932 
731     0.006149 
732     0.008893 
733     0.010091 
734     0.007557 
735     0.007773 
736     0.010082 
737     0.009145 
738     0.007255 
739     0.008814 
740     0.011504 
741     0.012353 
742     0.011966 
743     0.013649 
744     0.014028 
745     0.016421 
746     0.017388 
747     0.019774 
748     0.019686 
749     0.020377 
750     0.022515 
751     0.024244 
752     0.026608 
753     0.025278 
754     0.027067 
755     0.025250 
756     0.022560 
757     0.021054 
758     0.019272 
759     0.017822 
760     0.016852 
761     0.016424 
762     0.015749 
763     0.015594 
764     0.018841 
765     0.021112 
766     0.021042 
767     0.020294 
768     0.021546 
769     0.021987 
770     0.023860 
771     0.024173 
772     0.023831 
773     0.024494 
774     0.022758 
775     0.024035 
776     0.021356 
777     0.019679 
778     0.016331 
779     0.014115 
780     0.012749 
781     0.009948 
782     0.010012 
783     0.008604 
784     0.009345 
785     0.007347 
786     0.008456 
787     0.008095 
788     0.007457 
789     0.005784 
790     0.004472 
791     0.004006 
792     0.003433 
793     0.004061 
794     0.003760 
795     0.004278 
796     0.005806 
797     0.005020 
798     0.005164 
799     0.007482 
800     0.007730 
801     0.005799 
802     0.006741 
803     0.008774 
804     0.007784 
805     0.006101 
806     0.007730 
807     0.009137 
808     0.008456 
809     0.008591 
810     0.010078 
811     0.011095 
812     0.012809 
813     0.011126 
814     0.012420 
815     0.010466 
816     0.007054 
817     0.009911 
818     0.032094 
819     0.072303 
820     0.099480 
821     0.136832 
822     0.178363 
823     0.172820 
824     0.126604 
825     0.098720 
826     0.058515 
827     0.027018 
828     0.007700 
829     0.013298 
830     0.014762 
831     0.014139 
832     0.011860 
833     0.011766 
834     0.013059 
835     0.012602 
836     0.012318 
837     0.008821 
838     0.008809 
839     0.008261 
840     0.010523 
841     0.010221 
842     0.009556 
843     0.009466 
844     0.009944 
845     0.010813 
846     0.010124 
847     0.010420 
848     0.009102 
849     0.008922 
850     0.008445 
851     0.007233 
852     0.006640 
853     0.006804 
854     0.006787 
855     0.005665 
856     0.004835 
857     0.005167 
858     0.004968 
859     0.003587 
860     0.003019 
861     0.003095 
862     0.004305 
863     0.004652 
864     0.005811 
865     0.005895 
866     0.006328 
867     0.006607 
868     0.006624 
869     0.007074 
870     0.007663 
871     0.007463 
872     0.007609 
873     0.008166 
874     0.008708 
875     0.008532 
876     0.008058 
877     0.007473 
878     0.007934 
879     0.007602 
880     0.007251 
881     0.006968 
882     0.006743 
883     0.006132 
884     0.005972 
885     0.005724 
886     0.005403 
887     0.006104 
888     0.006224 
889     0.005544 
890     0.005823 
891     0.005752 
892     0.005715 
893     0.004807 
894     0.004808 
895     0.006181 
896     0.007186 
897     0.007777 
898     0.006401 
899     0.006254 
900     0.005375 
901     0.005336 
902     0.005457 
903     0.005697 
904     0.005963 
905     0.006807 
906     0.007107 
907     0.008383 
908     0.009140 
909     0.008912 
910     0.007236 
911     0.006752 
912     0.006357 
913     0.005845 
914     0.005982 
915     0.005529 
916     0.005410 
917     0.005238 
918     0.004879 
919     0.004940 
920     0.005313 
921     0.005680 
922     0.005155 
923     0.004892 
924     0.005071 
925     0.005074 
926     0.005152 
927     0.005282 
928     0.005822 
929     0.006022 
930     0.006384 
931     0.007218 
932     0.007062 
933     0.007833 
934     0.007339 
935     0.006582 
936     0.006654 
937     0.007519 
938     0.007771 
939     0.006325 
940     0.006324 
941     0.006109 
942     0.006155 
943     0.005918 
944     0.005612 
945     0.005232 
946     0.005442 
947     0.005281 
948     0.005616 
949     0.005754 
950     0.005294 
951     0.005808 
952     0.006283 
953     0.005719 
954     0.005349 
955     0.006231 
956     0.006209 
957     0.005287 
958     0.005590 
959     0.005977 
960     0.005687 
961     0.005535 
962     0.005325 
963     0.005561 
964     0.005778 
965     0.005487 
966     0.005661 
967     0.005722 
968     0.005664 
969     0.005788 
970     0.005536 
971     0.005880 
972     0.005948 
973     0.005857 
974     0.006582 
975     0.006137 
976     0.005973 
977     0.006752 
978     0.006038 
979     0.005536 
980     0.005107 
981     0.005367 
982     0.005729 
983     0.004633 
984     0.004421 
985     0.004293 
986     0.004653 
987     0.003923 
988     0.004222 
989     0.005620 
990     0.005050 
991     0.005750 
992     0.007427 
993     0.006787 
994     0.006267 
995     0.007225 
996     0.006938 
997     0.006001 
998     0.006018 
999     0.005996 
1000     0.004764 
1001     0.004486 
1002     0.005065 
1003     0.005036 
1004     0.004413 
1005     0.004149 
1006     0.004613 
1007     0.005299 
1008     0.007950 
1009     0.008573 
1010     0.011191 
1011     0.014214 
1012     0.014683 
1013     0.015035 
1014     0.014741 
1015     0.012857 
1016     0.014236 
1017     0.010240 
1018     0.009246 
1019     0.008580 
1020     0.007658 
1021     0.007828 
1022     0.010646 
1023     0.012243 
1024     0.011441 
1025     0.013290 
1026     0.016082 
1027     0.016686 
1028     0.017093 
1029     0.020130 
1030     0.022725 
1031     0.022092 
1032     0.018902 
1033     0.018056 
1034     0.014500 
1035     0.010983 
1036     0.009718 
1037     0.005970 
1038     0.004055 
1039     0.003939 
1040     0.004897 
1041     0.008331 
1042     0.008540 
1043     0.007923 
1044     0.008886 
1045     0.005740 
1046     0.003706 
1047     0.006666 
1048     0.006123 
1049     0.003244 
1050     0.005828 
1051     0.007878 
1052     0.008800 
1053     0.011884 
1054     0.015762 
1055     0.015011 
1056     0.015045 
1057     0.018825 
1058     0.020803 
1059     0.019334 
1060     0.015589 
1061     0.012712 
1062     0.008821 
1063     0.005793 
1064     0.004354 
1065     0.003109 
1066     0.005738 
1067     0.006887 
1068     0.009070 
1069     0.007062 
1070     0.004705 
1071     0.006473 
1072     0.008278 
1073     0.006221 
1074     0.006400 
1075     0.008946 
1076     0.009864 
1077     0.008028 
1078     0.010684 
1079     0.010927 
1080     0.009633 
1081     0.012015 
1082     0.014333 
1083     0.013701 
1084     0.012884 
1085     0.010427 
1086     0.011647 
1087     0.009334 
1088     0.009736 
1089     0.008864 
1090     0.013538 
1091     0.017173 
1092     0.019638 
1093     0.020931 
1094     0.020109 
1095     0.021289 
1096     0.025878 
1097     0.029717 
1098     0.030649 
1099     0.037377 
1100     0.043059 
1101     0.046200 
1102     0.039580 
1103     0.039722 
1104     0.045206 
1105     0.040192 
1106     0.034598 
1107     0.038685 
1108     0.038150 
1109     0.031365 
1110     0.031802 
1111     0.035707 
1112     0.031910 
1113     0.027354 
1114     0.031463 
1115     0.030622 
1116     0.024955 
1117     0.025773 
1118     0.029934 
1119     0.026669 
1120     0.022886 
1121     0.027133 
1122     0.029705 
1123     0.025322 
1124     0.024581 
1125     0.029836 
1126     0.030512 
1127     0.024837 
1128     0.023124 
1129     0.025978 
1130     0.025931 
1131     0.022913 
1132     0.023180 
1133     0.021991 
1134     0.019318 
1135     0.020102 
1136     0.015475 
1137     0.014711 
1138     0.014650 
1139     0.012334 
1140     0.008624 
1141     0.010013 
1142     0.009771 
1143     0.009253 
1144     0.011843 
1145     0.014276 
1146     0.016886 
1147     0.020358 
1148     0.020200 
1149     0.020208 
1150     0.020191 
1151     0.017162 
1152     0.012791 
1153     0.010751 
1154     0.009536 
1155     0.013485 
1156     0.016104 
1157     0.014336 
1158     0.014819 
1159     0.019706 
1160     0.020692 
1161     0.019761 
1162     0.022366 
1163     0.026072 
1164     0.026774 
1165     0.027323 
1166     0.022786 
1167     0.023488 
1168     0.023593 
1169     0.020426 
1170     0.022198 
1171     0.018815 
1172     0.019741 
1173     0.016817 
1174     0.016167 
1175     0.015566 
1176     0.016018 
1177     0.020463 
1178     0.020397 
1179     0.015836 
1180     0.015973 
1181     0.011288 
1182     0.014432 
1183     0.018296 
1184     0.014438 
1185     0.013734 
1186     0.019571 
1187     0.019619 
1188     0.015817 
1189     0.018931 
1190     0.020478 
1191     0.015804 
1192     0.015826 
1193     0.010468 
1194     0.013160 
1195     0.015477 
1196     0.011916 
1197     0.008288 
1198     0.011856 
1199     0.012371 
1200     0.008055 
1201     0.006949 
1202     0.010291 
1203     0.009322 
1204     0.005168 
1205     0.006444 
1206     0.008703 
1207     0.007431 
1208     0.003995 
1209     0.005857 
1210     0.008309 
1211     0.009497 
1212     0.011704 
1213     0.011978 
1214     0.014697 
1215     0.013991 
1216     0.013716 
1217     0.014898 
1218     0.013977 
1219     0.013241 
1220     0.012734 
1221     0.013798 
1222     0.011677 
1223     0.009543 
1224     0.011004 
1225     0.010386 
1226     0.006833 
1227     0.007437 
1228     0.008861 
1229     0.007839 
1230     0.038092 
1231     0.039185 
1232     0.039213 
1233     0.038002 
1234     0.036782 
1235     0.036985 
1236     0.035423 
1237     0.035638 
1238     0.036514 
1239     0.038218 
1240     0.038832 
1241     0.037630 
1242     0.033091 
1243     0.031672 
1244     0.032237 
1245     0.030533 
1246     0.026625 
1247     0.029127 
1248     0.026727 
1249     0.022982 
1250     0.024846 
1251     0.025055 
1252     0.021931 
1253     0.019724 
1254     0.021931 
1255     0.019413 
1256     0.016703 
1257     0.015100 
1258     0.012595 
1259     0.013243 
1260     0.012645 
1261     0.010395 
1262     0.011100 
1263     0.011429 
1264     0.010585 
1265     0.010357 
1266     0.010373 
1267     0.010292 
1268     0.010521 
1269     0.010605 
1270     0.009743 
1271     0.010649 
1272     0.011956 
1273     0.010623 
1274     0.010198 
1275     0.012521 
1276     0.012918 
1277     0.010638 
1278     0.011991 
1279     0.014674 
1280     0.013566 
1281     0.012837 
1282     0.016347 
1283     0.019330 
1284     0.022359 
1285     0.019826 
1286     0.021125 
1287     0.025191 
1288     0.027512 
1289     0.025154 
1290     0.024121 
1291     0.023155 
1292     0.018321 
1293     0.017234 
1294     0.015142 
1295     0.016404 
1296     0.014221 
1297     0.013128 
1298     0.014773 
1299     0.018932 
1300     0.019762 
1301     0.023799 
1302     0.023624 
1303     0.020651 
1304     0.018810 
1305     0.015276 
1306     0.014808 
1307     0.012630 
1308     0.014733 
1309     0.014433 
1310     0.016966 
1311     0.013894 
1312     0.014008 
1313     0.016086 
1314     0.018469 
1315     0.022460 
1316     0.026771 
1317     0.026491 
1318     0.022103 
1319     0.023507 
1320     0.027284 
1321     0.025927 
1322     0.021773 
1323     0.023005 
1324     0.027256 
1325     0.026070 
1326     0.022915 
1327     0.026635 
1328     0.030253 
1329     0.028915 
1330     0.025208 
1331     0.028175 
1332     0.032913 
1333     0.030760 
1334     0.030141 
1335     0.034684 
1336     0.037565 
1337     0.034354 
1338     0.033534 
1339     0.038426 
1340     0.036198 
1341     0.033326 
1342     0.029502 
1343     0.028790 
1344     0.024980 
1345     0.025264 
1346     0.024972 
1347     0.021220 
1348     0.020702 
1349     0.020106 
1350     0.018057 
1351     0.015101 
1352     0.015334 
1353     0.018641 
1354     0.017321 
1355     0.014142 
1356     0.016498 
1357     0.019511 
1358     0.016891 
1359     0.016344 
1360     0.019879 
1361     0.018764 
1362     0.016722 
1363     0.019279 
1364     0.023270 
1365     0.024403 
1366     0.022034 
1367     0.023154 
1368     0.020485 
1369     0.022865 
1370     0.021308 
1371     0.022783 
1372     0.020156 
1373     0.019860 
1374     0.021050 
1375     0.024769 
1376     0.029222 
1377     0.029962 
1378     0.033581 
1379     0.030266 
1380     0.028206 
1381     0.027629 
1382     0.027900 
1383     0.026663 
1384     0.028104 
1385     0.028572 
1386     0.028601 
1387     0.027254 
1388     0.031958 
1389     0.034368 
1390     0.033288 
1391     0.032363 
1392     0.032014 
1393     0.033008 
1394     0.033514 
1395     0.033084 
1396     0.035071 
1397     0.035321 
1398     0.030864 
1399     0.030877 
1400     0.026531 
1401     0.022141 
1402     0.018272 
1403     0.016486 
1404     0.017251 
1405     0.015198 
1406     0.018164 
1407     0.018187 
1408     0.020974 
1409     0.018790 
1410     0.020160 
1411     0.020665 
1412     0.018210 
1413     0.015967 
1414     0.016472 
1415     0.014970 
1416     0.013521 
1417     0.014983 
1418     0.013819 
1419     0.012578 
1420     0.011020 
1421     0.011489 
1422     0.011371 
1423     0.013111 
1424     0.012883 
1425     0.011810 
1426     0.012541 
1427     0.015431 
1428     0.015025 
1429     0.013634 
1430     0.014015 
1431     0.017260 
1432     0.016139 
1433     0.014522 
1434     0.015453 
1435     0.015630 
1436     0.017991 
1437     0.016362 
1438     0.018981 
1439     0.016644 
1440     0.011073 
1441     0.018995 
1442     0.064717 
1443     0.136685 
1444     0.187793 
1445     0.256103 
1446     0.332630 
1447     0.325479 
1448     0.241251 
1449     0.189831 
1450     0.116760 
1451     0.062135 
1452     0.009407 
1453     0.020035 
1454     0.021464 
1455     0.021324 
1456     0.018358 
1457     0.018969 
1458     0.021854 
1459     0.019436 
1460     0.019957 
1461     0.017785 
1462     0.019455 
1463     0.017707 
1464     0.019665 
1465     0.023467 
1466     0.026420 
1467     0.026676 
1468     0.030052 
1469     0.028423 
1470     0.025642 
1471     0.027047 
1472     0.026727 
1473     0.025081 
1474     0.022350 
1475     0.021108 
1476     0.021052 
1477     0.018729 
1478     0.016519 
1479     0.016284 
1480     0.016315 
1481     0.013054 
1482     0.012611 
1483     0.013591 
1484     0.013476 
1485     0.017246 
1486     0.019251 
1487     0.022688 
1488     0.021790 
1489     0.019981 
1490     0.019958 
1491     0.019866 
1492     0.018359 
1493     0.017766 
1494     0.018416 
1495     0.017264 
1496     0.018077 
1497     0.017119 
1498     0.017778 
1499     0.017003 
1500     0.013761 
1501     0.012489 
1502     0.015072 
1503     0.014135 
1504     0.015200 
1505     0.014573 
1506     0.015430 
1507     0.014764 
1508     0.016001 
1509     0.016718 
1510     0.017709 
1511     0.020333 
1512     0.020368 
1513     0.018940 
1514     0.018634 
1515     0.019688 
1516     0.016010 
1517     0.015813 
1518     0.017119 
1519     0.015596 
1520     0.013013 
1521     0.010058 
1522     0.008842 
1523     0.010298 
1524     0.009849 
1525     0.008956 
1526     0.009731 
1527     0.009492 
1528     0.008852 
1529     0.010604 
1530     0.011593 
1531     0.014584 
1532     0.015574 
1533     0.013085 
1534     0.010796 
1535     0.008334 
1536     0.006327 
1537     0.007312 
1538     0.006207 
1539     0.005481 
1540     0.006491 
1541     0.005874 
1542     0.007338 
1543     0.008790 
1544     0.008779 
1545     0.009655 
1546     0.011060 
1547     0.011827 
1548     0.011044 
1549     0.013506 
1550     0.013232 
1551     0.013216 
1552     0.013269 
1553     0.012085 
1554     0.011942 
1555     0.013198 
1556     0.012422 
1557     0.014105 
1558     0.012560 
1559     0.010334 
1560     0.010625 
1561     0.011626 
1562     0.010447 
1563     0.008646 
1564     0.006465 
1565     0.003968 
1566     0.003464 
1567     0.004631 
1568     0.004343 
1569     0.002270 
1570     0.002104 
1571     0.003522 
1572     0.003722 
1573     0.005918 
1574     0.005554 
1575     0.005178 
1576     0.007077 
1577     0.008149 
1578     0.007809 
1579     0.008123 
1580     0.009482 
1581     0.010293 
1582     0.010106 
1583     0.010488 
1584     0.012455 
1585     0.012747 
1586     0.012445 
1587     0.013238 
1588     0.015457 
1589     0.014971 
1590     0.014407 
1591     0.015509 
1592     0.016731 
1593     0.016489 
1594     0.015388 
1595     0.017082 
1596     0.017734 
1597     0.017094 
1598     0.019809 
1599     0.019032 
1600     0.017460 
1601     0.019441 
1602     0.020151 
1603     0.017580 
1604     0.017073 
1605     0.019329 
1606     0.018483 
1607     0.016125 
1608     0.015514 
1609     0.015514 
1610     0.013340 
1611     0.013198 
1612     0.013468 
1613     0.012696 
1614     0.011414 
1615     0.011525 
1616     0.011244 
1617     0.009759 
1618     0.009169 
1619     0.008675 
1620     0.007693 
1621     0.008906 
1622     0.010066 
1623     0.010384 
1624     0.010395 
1625     0.011739 
1626     0.012636 
1627     0.012635 
1628     0.013103 
1629     0.013942 
1630     0.014081 
1631     0.015148 
1632     0.016931 
1633     0.017506 
1634     0.018390 
1635     0.019082 
1636     0.019386 
1637     0.019952 
1638     0.020326 
1639     0.017812 
1640     0.018249 
1641     0.017296 
1642     0.016296 
1643     0.015674 
1644     0.015149 
1645     0.015196 
1646     0.015625 
1647     0.016666 
1648     0.016876 
1649     0.016941 
1650     0.018063 
1651     0.019011 
1652     0.019353 
1653     0.020414 
1654     0.020991 
1655     0.020559 
1656     0.019482 
1657     0.019566 
1658     0.018736 
1659     0.017135 
1660     0.017725 
1661     0.017408 
1662     0.017132 
1663     0.016719 
1664     0.016608 
1665     0.016734 
1666     0.015959 
1667     0.016154 
1668     0.015991 
1669     0.016033 
1670     0.016426 
1671     0.016366 
1672     0.015606 
1673     0.015845 
1674     0.015430 
1675     0.016832 
1676     0.017044 
1677     0.016013 
1678     0.017147 
1679     0.018384 
1680     0.018375 
1681     0.018251 
1682     0.019567 
1683     0.020319 
1684     0.019613 
1685     0.018723 
1686     0.017742 
1687     0.016892 
1688     0.016818 
1689     0.016785 
1690     0.016537 
1691     0.016459 
1692     0.017060 
1693     0.015418 
1694     0.015476 
1695     0.016167 
1696     0.013978 
1697     0.013612 
1698     0.014806 
1699     0.014154 
1700     0.012335 
1701     0.013174 
1702     0.014239 
1703     0.014521 
1704     0.014101 
1705     0.015288 
1706     0.015246 
1707     0.016296 
1708     0.015741 
1709     0.016451 
1710     0.018141 
1711     0.018030 
1712     0.017205 
1713     0.017282 
1714     0.018445 
1715     0.017831 
1716     0.018166 
1717     0.017448 
1718     0.017972 
1719     0.020424 
1720     0.020044 
1721     0.024366 
1722     0.024032 
1723     0.024777 
1724     0.025866 
1725     0.023289 
1726     0.019772 
1727     0.022027 
1728     0.021428 
1729     0.017730 
1730     0.018998 
1731     0.021796 
1732     0.018912 
1733     0.017435 
1734     0.020597 
1735     0.021792 
1736     0.018636 
1737     0.018139 
1738     0.021461 
1739     0.021028 
1740     0.018078 
1741     0.019421 
1742     0.022067 
1743     0.020137 
1744     0.017904 
1745     0.020551 
1746     0.021845 
1747     0.019213 
1748     0.018084 
1749     0.021126 
1750     0.020867 
1751     0.017294 
1752     0.018444 
1753     0.021711 
1754     0.021742 
1755     0.019470 
1756     0.019823 
1757     0.017930 
1758     0.017712 
1759     0.017406 
1760     0.017119 
1761     0.014748 
1762     0.013357 
1763     0.010835 
1764     0.011625 
1765     0.011510 
1766     0.013781 
1767     0.015328 
1768     0.016795 
1769     0.017787 
1770     0.019222 
1771     0.021248 
1772     0.022727 
1773     0.024468 
1774     0.022857 
1775     0.020998 
1776     0.019351 
1777     0.017251 
1778     0.017566 
1779     0.019185 
1780     0.018675 
1781     0.017423 
1782     0.019117 
1783     0.020614 
1784     0.018779 
1785     0.018696 
1786     0.021051 
1787     0.020420 
1788     0.021836 
1789     0.021272 
1790     0.019809 
1791     0.021633 
1792     0.020680 
1793     0.019698 
1794     0.020118 
1795     0.018715 
1796     0.019033 
1797     0.016903 
1798     0.016961 
1799     0.015026 
1800     0.013643 
1801     0.013499 
1802     0.011679 
1803     0.010265 
1804     0.008431 
1805     0.008872 
1806     0.011388 
1807     0.011004 
1808     0.010682 
1809     0.012885 
1810     0.015030 
1811     0.014437 
1812     0.015882 
1813     0.019947 
1814     0.021665 
1815     0.019483 
1816     0.018403 
1817     0.015773 
1818     0.016475 
1819     0.016736 
1820     0.014399 
1821     0.012842 
1822     0.014720 
1823     0.014439 
1824     0.010870 
1825     0.011542 
1826     0.014533 
1827     0.012694 
1828     0.011164 
1829     0.013640 
1830     0.014784 
1831     0.013513 
1832     0.013889 
1833     0.015734 
1834     0.015793 
1835     0.014548 
1836     0.014397 
1837     0.012785 
1838     0.014015 
1839     0.011385 
1840     0.008544 
1841     0.006005 
1842     0.008606 
1843     0.008127 
1844     0.004977 
1845     0.006195 
1846     0.008456 
1847     0.006698 
1848     0.006222 
1849     0.008536 
1850     0.009439 
1851     0.008275 
1852     0.010135 
1853     0.012771 
