  1     0.009402 
  2     0.009547 
  3     0.009538 
  4     0.009396 
  5     0.009113 
  6     0.008264 
  7     0.008384 
  8     0.007713 
  9     0.007926 
 10     0.007517 
 11     0.007544 
 12     0.008159 
 13     0.008342 
 14     0.008532 
 15     0.008457 
 16     0.008713 
 17     0.008468 
 18     0.008635 
 19     0.008292 
 20     0.008799 
 21     0.008696 
 22     0.007753 
 23     0.007613 
 24     0.007558 
 25     0.008331 
 26     0.008435 
 27     0.009338 
 28     0.009929 
 29     0.010618 
 30     0.011567 
 31     0.011531 
 32     0.010848 
 33     0.010109 
 34     0.009258 
 35     0.008785 
 36     0.009485 
 37     0.009418 
 38     0.009175 
 39     0.009919 
 40     0.010608 
 41     0.011384 
 42     0.012093 
 43     0.012871 
 44     0.013401 
 45     0.014158 
 46     0.013609 
 47     0.013275 
 48     0.012365 
 49     0.011957 
 50     0.011080 
 51     0.010573 
 52     0.010954 
 53     0.011830 
 54     0.011317 
 55     0.010924 
 56     0.011777 
 57     0.012217 
 58     0.011431 
 59     0.011860 
 60     0.012627 
 61     0.012237 
 62     0.011298 
 63     0.011228 
 64     0.011412 
 65     0.010873 
 66     0.010053 
 67     0.009308 
 68     0.008349 
 69     0.008420 
 70     0.007571 
 71     0.007165 
 72     0.007654 
 73     0.007899 
 74     0.007500 
 75     0.006995 
 76     0.007176 
 77     0.007469 
 78     0.006594 
 79     0.006084 
 80     0.005777 
 81     0.006391 
 82     0.007139 
 83     0.007026 
 84     0.007110 
 85     0.007772 
 86     0.008315 
 87     0.008293 
 88     0.008590 
 89     0.009021 
 90     0.009998 
 91     0.010173 
 92     0.010159 
 93     0.009316 
 94     0.009264 
 95     0.008742 
 96     0.009139 
 97     0.009435 
 98     0.008698 
 99     0.008034 
100     0.008121 
101     0.008194 
102     0.009135 
103     0.009828 
104     0.010669 
105     0.011370 
106     0.012290 
107     0.012074 
108     0.011784 
109     0.010894 
110     0.010508 
111     0.009728 
112     0.009257 
113     0.009295 
114     0.010244 
115     0.010096 
116     0.009423 
117     0.010053 
118     0.010605 
119     0.009900 
120     0.009855 
121     0.010823 
122     0.010801 
123     0.010028 
124     0.010515 
125     0.011289 
126     0.010730 
127     0.010353 
128     0.011235 
129     0.011600 
130     0.010970 
131     0.011059 
132     0.012012 
133     0.012010 
134     0.011928 
135     0.011030 
136     0.010944 
137     0.009999 
138     0.009132 
139     0.008181 
140     0.007799 
141     0.006953 
142     0.006425 
143     0.005555 
144     0.004813 
145     0.004648 
146     0.005556 
147     0.005716 
148     0.006557 
149     0.007034 
150     0.006887 
151     0.007007 
152     0.007844 
153     0.008152 
154     0.008142 
155     0.008586 
156     0.009224 
157     0.009353 
158     0.009493 
159     0.010161 
160     0.010629 
161     0.010715 
162     0.011068 
163     0.010251 
164     0.009950 
165     0.008983 
166     0.008809 
167     0.007854 
168     0.007307 
169     0.006455 
170     0.005709 
171     0.005637 
172     0.004732 
173     0.004998 
174     0.005730 
175     0.005137 
176     0.004548 
177     0.005331 
178     0.005645 
179     0.004886 
180     0.004944 
181     0.004372 
182     0.005077 
183     0.004730 
184     0.004132 
185     0.003453 
186     0.003606 
187     0.003071 
188     0.002700 
189     0.002315 
190     0.002769 
191     0.002932 
192     0.003852 
193     0.004248 
194     0.005099 
195     0.005710 
196     0.006512 
197     0.007397 
198     0.007221 
199     0.006299 
200     0.005419 
201     0.004684 
202     0.003826 
203     0.003554 
204     0.002803 
205     0.003130 
206     0.003070 
207     0.003651 
208     0.003771 
209     0.004453 
210     0.004419 
211     0.005151 
212     0.005785 
213     0.005462 
214     0.005384 
215     0.004654 
216     0.004510 
217     0.004002 
218     0.003616 
219     0.002778 
220     0.002642 
221     0.003313 
222     0.003551 
223     0.004407 
224     0.005099 
225     0.005906 
226     0.006476 
227     0.006094 
228     0.006521 
229     0.007417 
230     0.007850 
231     0.007648 
232     0.007740 
233     0.008473 
234     0.008886 
235     0.008901 
236     0.009346 
237     0.009919 
238     0.010202 
239     0.010401 
240     0.010886 
241     0.011368 
242     0.011561 
243     0.011819 
244     0.012406 
245     0.012723 
246     0.012935 
247     0.013300 
248     0.013765 
249     0.013941 
250     0.013591 
251     0.012760 
252     0.012210 
253     0.011575 
254     0.012307 
255     0.012381 
256     0.011773 
257     0.012068 
258     0.011962 
259     0.011095 
260     0.010850 
261     0.011204 
262     0.010821 
263     0.009962 
264     0.009981 
265     0.010311 
266     0.009768 
267     0.008960 
268     0.009130 
269     0.009306 
270     0.008504 
271     0.007982 
272     0.008392 
273     0.008329 
274     0.007364 
275     0.007419 
276     0.008205 
277     0.008748 
278     0.009509 
279     0.009935 
280     0.010820 
281     0.010963 
282     0.011798 
283     0.012217 
284     0.013147 
285     0.013686 
286     0.013013 
287     0.013616 
288     0.014576 
289     0.015135 
290     0.016071 
291     0.016006 
292     0.015773 
293     0.014897 
294     0.014125 
295     0.013600 
296     0.012713 
297     0.012311 
298     0.011647 
299     0.011088 
300     0.010180 
301     0.009507 
302     0.008570 
303     0.008913 
304     0.009471 
305     0.008773 
306     0.008052 
307     0.008628 
308     0.008677 
309     0.007759 
310     0.007219 
311     0.006527 
312     0.006148 
313     0.005669 
314     0.005133 
315     0.005044 
316     0.004659 
317     0.004025 
318     0.003847 
319     0.003455 
320     0.003111 
321     0.002640 
322     0.002330 
323     0.002335 
324     0.001690 
325     0.001485 
326     0.001429 
327     0.001471 
328     0.001089 
329     0.001097 
330     0.001276 
331     0.001648 
332     0.001287 
333     0.001121 
334     0.001600 
335     0.001868 
336     0.002617 
337     0.003108 
338     0.003967 
339     0.004779 
340     0.005527 
341     0.006288 
342     0.006978 
343     0.006695 
344     0.005948 
345     0.006529 
346     0.006662 
347     0.006172 
348     0.006072 
349     0.005422 
350     0.005018 
351     0.004970 
352     0.004736 
353     0.004011 
354     0.003726 
355     0.003915 
356     0.003347 
357     0.002657 
358     0.002742 
359     0.002601 
360     0.003406 
361     0.003733 
362     0.004085 
363     0.005040 
364     0.005139 
365     0.005870 
366     0.006528 
367     0.006278 
368     0.007150 
369     0.007219 
370     0.006334 
371     0.006357 
372     0.007253 
373     0.006953 
374     0.006373 
375     0.007184 
376     0.007678 
377     0.007075 
378     0.007170 
379     0.008101 
380     0.008369 
381     0.008156 
382     0.007690 
383     0.008297 
384     0.008852 
385     0.008859 
386     0.008299 
387     0.008068 
388     0.007385 
389     0.008109 
390     0.008593 
391     0.009874 
392     0.011351 
393     0.014000 
394     0.016298 
395     0.018744 
396     0.022515 
397     0.024768 
398     0.025085 
399     0.024905 
400     0.027725 
401     0.030921 
402     0.034988 
403     0.037379 
404     0.041458 
405     0.043383 
406     0.040962 
407     0.038458 
408     0.034309 
409     0.032584 
410     0.028504 
411     0.025320 
412     0.022161 
413     0.023031 
414     0.023264 
415     0.020050 
416     0.016836 
417     0.013327 
418     0.011737 
419     0.010503 
420     0.013748 
421     0.016680 
422     0.020545 
423     0.024142 
424     0.028131 
425     0.031795 
426     0.034843 
427     0.038311 
428     0.040953 
429     0.043797 
430     0.046955 
431     0.048843 
432     0.047946 
433     0.044568 
434     0.041919 
435     0.038672 
436     0.036793 
437     0.034958 
438     0.031525 
439     0.031435 
440     0.028033 
441     0.029223 
442     0.027499 
443     0.029965 
444     0.031530 
445     0.035663 
446     0.037316 
447     0.039786 
448     0.037205 
449     0.039232 
450     0.038400 
451     0.034154 
452     0.031467 
453     0.030783 
454     0.026745 
455     0.027234 
456     0.029389 
457     0.029151 
458     0.031838 
459     0.032572 
460     0.035685 
461     0.038111 
462     0.039675 
463     0.042953 
464     0.046801 
465     0.046448 
466     0.048121 
467     0.045836 
468     0.043479 
469     0.042683 
470     0.039918 
471     0.036297 
472     0.033715 
473     0.029850 
474     0.027594 
475     0.023495 
476     0.021109 
477     0.017093 
478     0.014777 
479     0.011539 
480     0.009215 
481     0.009900 
482     0.013207 
483     0.014161 
484     0.017314 
485     0.017993 
486     0.021866 
487     0.023511 
488     0.027553 
489     0.029431 
490     0.033317 
491     0.033652 
492     0.037429 
493     0.036300 
494     0.032241 
495     0.031461 
496     0.027839 
497     0.026664 
498     0.023435 
499     0.022097 
500     0.018544 
501     0.019284 
502     0.017187 
503     0.016712 
504     0.019378 
505     0.021902 
506     0.025421 
507     0.027377 
508     0.027075 
509     0.027936 
510     0.032188 
511     0.032088 
512     0.029486 
513     0.032186 
514     0.035479 
515     0.033561 
516     0.032785 
517     0.036902 
518     0.038277 
519     0.036223 
520     0.036690 
521     0.041107 
522     0.042088 
523     0.039942 
524     0.044000 
525     0.045893 
526     0.042227 
527     0.042281 
528     0.047218 
529     0.046342 
530     0.042562 
531     0.046055 
532     0.049951 
533     0.046153 
534     0.045824 
535     0.052128 
536     0.053017 
537     0.049352 
538     0.052939 
539     0.058277 
540     0.056086 
541     0.055510 
542     0.061467 
543     0.064069 
544     0.061619 
545     0.063260 
546     0.069061 
547     0.070510 
548     0.069770 
549     0.072725 
550     0.077834 
551     0.077098 
552     0.077082 
553     0.082319 
554     0.086400 
555     0.092921 
556     0.091488 
557     0.089957 
558     0.095362 
559     0.096810 
560     0.096227 
561     0.090218 
562     0.088490 
563     0.091159 
564     0.088424 
565     0.082422 
566     0.081907 
567     0.083967 
568     0.079073 
569     0.074694 
570     0.076343 
571     0.076121 
572     0.070018 
573     0.068370 
574     0.071029 
575     0.068348 
576     0.062516 
577     0.063674 
578     0.064318 
579     0.059972 
580     0.063252 
581     0.059630 
582     0.064599 
583     0.068563 
584     0.064093 
585     0.063205 
586     0.069725 
587     0.071187 
588     0.067195 
589     0.070681 
590     0.076374 
591     0.074529 
592     0.072400 
593     0.077706 
594     0.081700 
595     0.078308 
596     0.080245 
597     0.084683 
598     0.080604 
599     0.076014 
600     0.080865 
601     0.082012 
602     0.075556 
603     0.075515 
604     0.078096 
605     0.076328 
606     0.008108 
607     0.008938 
608     0.009189 
609     0.008436 
610     0.008398 
611     0.007938 
612     0.008087 
613     0.007670 
614     0.008083 
615     0.007982 
616     0.007688 
617     0.007154 
618     0.006737 
619     0.005985 
620     0.006044 
621     0.006204 
622     0.005285 
623     0.005295 
624     0.004852 
625     0.004374 
626     0.004199 
627     0.003975 
628     0.003624 
629     0.003003 
630     0.003054 
631     0.002363 
632     0.001912 
633     0.001908 
634     0.001489 
635     0.002119 
636     0.002687 
637     0.002574 
638     0.002567 
639     0.003333 
640     0.003741 
641     0.003670 
642     0.003902 
643     0.004670 
644     0.004860 
645     0.004802 
646     0.005305 
647     0.005930 
648     0.006004 
649     0.006015 
650     0.006754 
651     0.007214 
652     0.007169 
653     0.007390 
654     0.008245 
655     0.008458 
656     0.008711 
657     0.009320 
658     0.009661 
659     0.009511 
660     0.009715 
661     0.008954 
662     0.008463 
663     0.009162 
664     0.008803 
665     0.007952 
666     0.007976 
667     0.007127 
668     0.006450 
669     0.005637 
670     0.004935 
671     0.004867 
672     0.004081 
673     0.004094 
674     0.003444 
675     0.003609 
676     0.002883 
677     0.003179 
678     0.003364 
679     0.002633 
680     0.003213 
681     0.003216 
682     0.004046 
683     0.004204 
684     0.005100 
685     0.005508 
686     0.006396 
687     0.006416 
688     0.007103 
689     0.006941 
690     0.007318 
691     0.008194 
692     0.008356 
693     0.008578 
694     0.007863 
695     0.007285 
696     0.007704 
697     0.007765 
698     0.006938 
699     0.006397 
700     0.006911 
701     0.007106 
702     0.006196 
703     0.006216 
704     0.006994 
705     0.007264 
706     0.006404 
707     0.006329 
708     0.007254 
709     0.007326 
710     0.006640 
711     0.007070 
712     0.007906 
713     0.007276 
714     0.007699 
715     0.008485 
716     0.008672 
717     0.008133 
718     0.007662 
719     0.006892 
720     0.006662 
721     0.006017 
722     0.005371 
723     0.005245 
724     0.005295 
725     0.005942 
726     0.005496 
727     0.004591 
728     0.004947 
729     0.005006 
730     0.004127 
731     0.003993 
732     0.004555 
733     0.004403 
734     0.003522 
735     0.003457 
736     0.003690 
737     0.003049 
738     0.002405 
739     0.002963 
740     0.003450 
741     0.004061 
742     0.004433 
743     0.005069 
744     0.005577 
745     0.006220 
746     0.006769 
747     0.007611 
748     0.007961 
749     0.008294 
750     0.009130 
751     0.009269 
752     0.009625 
753     0.008994 
754     0.009311 
755     0.009004 
756     0.008097 
757     0.007567 
758     0.006801 
759     0.006388 
760     0.005769 
761     0.005471 
762     0.004953 
763     0.005115 
764     0.005881 
765     0.006735 
766     0.006856 
767     0.006671 
768     0.007252 
769     0.007310 
770     0.008004 
771     0.008187 
772     0.007831 
773     0.008117 
774     0.007871 
775     0.008403 
776     0.007739 
777     0.007604 
778     0.006722 
779     0.006059 
780     0.005437 
781     0.004720 
782     0.004286 
783     0.003537 
784     0.003243 
785     0.002391 
786     0.002101 
787     0.001490 
788     0.001249 
789     0.001216 
790     0.001220 
791     0.001127 
792     0.001564 
793     0.002208 
794     0.002331 
795     0.003029 
796     0.002731 
797     0.001867 
798     0.002247 
799     0.002773 
800     0.002128 
801     0.001673 
802     0.002469 
803     0.002427 
804     0.001615 
805     0.002035 
806     0.002828 
807     0.002545 
808     0.002891 
809     0.003639 
810     0.004442 
811     0.004870 
812     0.004939 
813     0.004325 
814     0.004655 
815     0.004276 
816     0.004694 
817     0.004831 
818     0.005242 
819     0.005862 
820     0.005914 
821     0.006800 
822     0.007140 
823     0.007530 
824     0.007327 
825     0.006447 
826     0.006603 
827     0.006045 
828     0.006059 
829     0.005552 
830     0.005089 
831     0.004828 
832     0.003924 
833     0.003780 
834     0.004071 
835     0.004493 
836     0.004438 
837     0.004133 
838     0.003248 
839     0.003520 
840     0.004150 
841     0.003624 
842     0.003338 
843     0.002526 
844     0.002634 
845     0.002831 
846     0.002202 
847     0.001576 
848     0.001063 
849     0.001018 
850     0.001495 
851     0.001668 
852     0.001642 
853     0.001748 
854     0.002413 
855     0.002739 
856     0.002807 
857     0.003054 
858     0.003750 
859     0.003943 
860     0.003711 
861     0.003717 
862     0.003002 
863     0.003111 
864     0.002486 
865     0.002740 
866     0.002968 
867     0.002397 
868     0.002277 
869     0.002377 
870     0.002630 
871     0.003194 
872     0.003901 
873     0.004458 
874     0.005110 
875     0.005623 
876     0.006224 
877     0.005976 
878     0.005655 
879     0.005078 
880     0.004408 
881     0.003915 
882     0.003273 
883     0.003368 
884     0.003170 
885     0.003482 
886     0.003758 
887     0.003779 
888     0.004519 
889     0.005145 
890     0.005439 
891     0.006196 
892     0.006588 
893     0.006386 
894     0.007208 
895     0.007686 
896     0.007992 
897     0.007900 
898     0.007114 
899     0.006366 
900     0.005853 
901     0.005564 
902     0.005011 
903     0.005051 
904     0.005584 
905     0.005692 
906     0.006458 
907     0.006418 
908     0.005667 
909     0.006162 
910     0.005855 
911     0.006629 
912     0.006387 
913     0.005773 
914     0.006417 
915     0.006623 
916     0.006550 
917     0.006641 
918     0.005848 
919     0.005488 
920     0.005869 
921     0.006267 
922     0.005614 
923     0.005004 
924     0.005545 
925     0.004946 
926     0.004299 
927     0.004214 
928     0.003841 
929     0.004297 
930     0.004759 
931     0.005122 
932     0.005875 
933     0.006513 
934     0.006990 
935     0.007277 
936     0.008199 
937     0.008054 
938     0.008761 
939     0.008652 
940     0.008704 
941     0.008199 
942     0.009099 
943     0.009290 
944     0.008042 
945     0.008134 
946     0.008897 
947     0.008476 
948     0.008094 
949     0.007113 
950     0.006730 
951     0.006901 
952     0.006183 
953     0.005599 
954     0.005570 
955     0.005379 
956     0.004651 
957     0.004551 
958     0.004723 
959     0.004049 
960     0.003618 
961     0.003783 
962     0.003841 
963     0.003068 
964     0.002858 
965     0.003369 
966     0.003105 
967     0.002427 
968     0.002779 
969     0.003099 
970     0.002655 
971     0.002583 
972     0.003117 
973     0.003573 
974     0.003881 
975     0.003613 
976     0.003946 
977     0.004413 
978     0.004287 
979     0.004192 
980     0.004724 
981     0.005076 
982     0.004951 
983     0.005023 
984     0.005217 
985     0.005709 
986     0.005651 
987     0.005221 
988     0.005718 
989     0.005967 
990     0.005548 
991     0.005713 
992     0.006098 
993     0.006073 
994     0.005602 
995     0.005811 
996     0.005720 
997     0.005166 
998     0.005435 
999     0.005172 
1000     0.004714 
1001     0.005010 
1002     0.005238 
1003     0.004888 
1004     0.004620 
1005     0.005099 
1006     0.005063 
1007     0.005287 
1008     0.005346 
1009     0.005610 
1010     0.005792 
1011     0.005582 
1012     0.005318 
1013     0.005397 
1014     0.005261 
1015     0.005131 
1016     0.004911 
1017     0.005000 
1018     0.004833 
1019     0.005140 
1020     0.005032 
1021     0.005323 
1022     0.005303 
1023     0.005238 
1024     0.005536 
1025     0.005722 
1026     0.005660 
1027     0.005723 
1028     0.006132 
1029     0.006375 
1030     0.006633 
1031     0.006721 
1032     0.006475 
1033     0.006480 
1034     0.006362 
1035     0.006101 
1036     0.006148 
1037     0.006007 
1038     0.006069 
1039     0.006183 
1040     0.006056 
1041     0.005960 
1042     0.005939 
1043     0.005913 
1044     0.006012 
1045     0.006107 
1046     0.006099 
1047     0.006093 
1048     0.006165 
1049     0.006069 
1050     0.005831 
1051     0.006029 
1052     0.006073 
1053     0.006113 
1054     0.006247 
1055     0.006214 
1056     0.006081 
1057     0.006216 
1058     0.006351 
1059     0.006257 
1060     0.006265 
1061     0.006037 
1062     0.005992 
1063     0.005826 
1064     0.005870 
1065     0.005926 
1066     0.005888 
1067     0.005800 
1068     0.005899 
1069     0.005919 
1070     0.005974 
1071     0.006264 
1072     0.006407 
1073     0.006145 
1074     0.006297 
1075     0.006609 
1076     0.006386 
1077     0.006062 
1078     0.006288 
1079     0.006065 
1080     0.005739 
1081     0.005670 
1082     0.006086 
1083     0.006156 
1084     0.006317 
1085     0.006273 
1086     0.006279 
1087     0.006153 
1088     0.006146 
1089     0.005965 
1090     0.006024 
1091     0.006196 
1092     0.006456 
1093     0.006535 
1094     0.006607 
1095     0.006569 
1096     0.006627 
1097     0.006879 
1098     0.006824 
1099     0.007010 
1100     0.007154 
1101     0.007212 
1102     0.006935 
1103     0.006948 
1104     0.007096 
1105     0.006881 
1106     0.006675 
1107     0.006735 
1108     0.006694 
1109     0.006387 
1110     0.006309 
1111     0.006373 
1112     0.006165 
1113     0.005909 
1114     0.005881 
1115     0.005616 
1116     0.005376 
1117     0.005435 
1118     0.005235 
1119     0.004883 
1120     0.004772 
1121     0.004826 
1122     0.004508 
1123     0.004165 
1124     0.004130 
1125     0.004303 
1126     0.004257 
1127     0.004320 
1128     0.004930 
1129     0.005220 
1130     0.005357 
1131     0.005448 
1132     0.005774 
1133     0.005919 
1134     0.006014 
1135     0.006239 
1136     0.006139 
1137     0.006032 
1138     0.006040 
1139     0.005777 
1140     0.005506 
1141     0.005415 
1142     0.005384 
1143     0.005422 
1144     0.005339 
1145     0.005557 
1146     0.005546 
1147     0.005733 
1148     0.006035 
1149     0.006038 
1150     0.005690 
1151     0.005530 
1152     0.005540 
1153     0.005366 
1154     0.005398 
1155     0.005414 
1156     0.005336 
1157     0.005070 
1158     0.005182 
1159     0.005165 
1160     0.004917 
1161     0.004924 
1162     0.005012 
1163     0.004812 
1164     0.004928 
1165     0.004835 
1166     0.004952 
1167     0.005103 
1168     0.004923 
1169     0.005136 
1170     0.005108 
1171     0.005261 
1172     0.005477 
1173     0.005362 
1174     0.005591 
1175     0.005577 
1176     0.005784 
1177     0.005942 
1178     0.006112 
1179     0.005759 
1180     0.005647 
1181     0.005235 
1182     0.005355 
1183     0.005533 
1184     0.005216 
1185     0.004927 
1186     0.005218 
1187     0.005295 
1188     0.004820 
1189     0.004593 
1190     0.003896 
1191     0.003662 
1192     0.003189 
1193     0.003659 
1194     0.004063 
1195     0.003716 
1196     0.003228 
1197     0.004129 
1198     0.004137 
1199     0.003582 
1200     0.003751 
1201     0.004555 
1202     0.004500 
1203     0.003977 
1204     0.004577 
1205     0.005065 
1206     0.004856 
1207     0.004952 
1208     0.005520 
1209     0.005592 
1210     0.005744 
1211     0.005377 
1212     0.004483 
1213     0.003584 
1214     0.003284 
1215     0.002390 
1216     0.002470 
1217     0.001328 
1218     0.001136 
1219     0.002289 
1220     0.002484 
1221     0.002210 
1222     0.002594 
1223     0.003652 
1224     0.003864 
1225     0.003696 
1226     0.004327 
1227     0.005249 
1228     0.005299 
1229     0.005134 
1230     0.044439 
1231     0.044552 
1232     0.043126 
1233     0.041559 
1234     0.039442 
1235     0.037859 
1236     0.035802 
1237     0.034033 
1238     0.032210 
1239     0.030531 
1240     0.028719 
1241     0.026793 
1242     0.027517 
1243     0.027323 
1244     0.025004 
1245     0.025177 
1246     0.026311 
1247     0.024515 
1248     0.023826 
1249     0.026094 
1250     0.025732 
1251     0.024346 
1252     0.025277 
1253     0.026893 
1254     0.025610 
1255     0.026819 
1256     0.027874 
1257     0.029459 
1258     0.030964 
1259     0.029664 
1260     0.031092 
1261     0.032759 
1262     0.031218 
1263     0.030529 
1264     0.032816 
1265     0.033338 
1266     0.031413 
1267     0.032312 
1268     0.034423 
1269     0.033489 
1270     0.032317 
1271     0.034390 
1272     0.035393 
1273     0.033567 
1274     0.033821 
1275     0.036163 
1276     0.035960 
1277     0.034326 
1278     0.035864 
1279     0.037573 
1280     0.036407 
1281     0.036664 
1282     0.038960 
1283     0.040246 
1284     0.041900 
1285     0.040347 
1286     0.040888 
1287     0.043074 
1288     0.044016 
1289     0.042793 
1290     0.041796 
1291     0.041017 
1292     0.038938 
1293     0.038534 
1294     0.037825 
1295     0.039478 
1296     0.038842 
1297     0.040404 
1298     0.040180 
1299     0.041615 
1300     0.041146 
1301     0.042712 
1302     0.041763 
1303     0.039580 
1304     0.039118 
1305     0.038072 
1306     0.038701 
1307     0.037447 
1308     0.038725 
1309     0.037990 
1310     0.039173 
1311     0.037227 
1312     0.037088 
1313     0.037609 
1314     0.037112 
1315     0.038331 
1316     0.038902 
1317     0.037115 
1318     0.035530 
1319     0.036148 
1320     0.035717 
1321     0.033618 
1322     0.032667 
1323     0.033291 
1324     0.032771 
1325     0.030811 
1326     0.029930 
1327     0.030298 
1328     0.029094 
1329     0.027996 
1330     0.027273 
1331     0.025847 
1332     0.025305 
1333     0.024905 
1334     0.023446 
1335     0.022420 
1336     0.022329 
1337     0.021451 
1338     0.022108 
1339     0.021964 
1340     0.022795 
1341     0.024323 
1342     0.023919 
1343     0.023221 
1344     0.025424 
1345     0.024637 
1346     0.023365 
1347     0.024482 
1348     0.026030 
1349     0.026949 
1350     0.026241 
1351     0.026556 
1352     0.028418 
1353     0.028123 
1354     0.027678 
1355     0.029828 
1356     0.031175 
1357     0.030019 
1358     0.029722 
1359     0.032108 
1360     0.031686 
1361     0.030347 
1362     0.032438 
1363     0.034027 
1364     0.034297 
1365     0.035911 
1366     0.035921 
1367     0.037812 
1368     0.037810 
1369     0.039873 
1370     0.039505 
1371     0.040645 
1372     0.039466 
1373     0.040126 
1374     0.040417 
1375     0.041555 
1376     0.043872 
1377     0.044374 
1378     0.045243 
1379     0.043058 
1380     0.042317 
1381     0.040817 
1382     0.040328 
1383     0.038197 
1384     0.037635 
1385     0.035739 
1386     0.034821 
1387     0.032612 
1388     0.032441 
1389     0.033487 
1390     0.035289 
1391     0.037180 
1392     0.038440 
1393     0.040575 
1394     0.041972 
1395     0.043416 
1396     0.044760 
1397     0.046002 
1398     0.044620 
1399     0.045199 
1400     0.043524 
1401     0.041434 
1402     0.039577 
1403     0.038364 
1404     0.038866 
1405     0.037151 
1406     0.038062 
1407     0.036597 
1408     0.037292 
1409     0.036004 
1410     0.034613 
1411     0.035384 
1412     0.033839 
1413     0.034176 
1414     0.036497 
1415     0.035828 
1416     0.035961 
1417     0.038337 
1418     0.038715 
1419     0.039693 
1420     0.038314 
1421     0.036210 
1422     0.036468 
1423     0.037312 
1424     0.035439 
1425     0.033806 
1426     0.034791 
1427     0.034621 
1428     0.032309 
1429     0.031679 
1430     0.033238 
1431     0.032405 
1432     0.031093 
1433     0.032610 
1434     0.033617 
1435     0.035551 
1436     0.037482 
1437     0.037324 
1438     0.039452 
1439     0.040036 
1440     0.042101 
1441     0.043116 
1442     0.045229 
1443     0.047016 
1444     0.048364 
1445     0.050746 
1446     0.052674 
1447     0.053551 
1448     0.051829 
1449     0.049493 
1450     0.048530 
1451     0.046345 
1452     0.045121 
1453     0.042871 
1454     0.041607 
1455     0.039762 
1456     0.037987 
1457     0.036326 
1458     0.036032 
1459     0.035603 
1460     0.034391 
1461     0.032169 
1462     0.030720 
1463     0.029410 
1464     0.031459 
1465     0.031957 
1466     0.031234 
1467     0.029291 
1468     0.030623 
1469     0.031852 
1470     0.030128 
1471     0.029286 
1472     0.027005 
1473     0.027564 
1474     0.028733 
1475     0.026800 
1476     0.025408 
1477     0.026936 
1478     0.027347 
1479     0.025047 
1480     0.025192 
1481     0.027293 
1482     0.026429 
1483     0.024284 
1484     0.024692 
1485     0.022568 
1486     0.023282 
1487     0.021471 
1488     0.022198 
1489     0.021511 
1490     0.019810 
1491     0.021148 
1492     0.022810 
1493     0.023685 
1494     0.025855 
1495     0.026153 
1496     0.027707 
1497     0.027097 
1498     0.028507 
1499     0.028087 
1500     0.027721 
1501     0.027687 
1502     0.029021 
1503     0.028349 
1504     0.028102 
1505     0.026286 
1506     0.025532 
1507     0.023334 
1508     0.022123 
1509     0.019984 
1510     0.019679 
1511     0.018459 
1512     0.017246 
1513     0.016841 
1514     0.018323 
1515     0.017744 
1516     0.018638 
1517     0.017393 
1518     0.016048 
1519     0.017711 
1520     0.018856 
1521     0.020940 
1522     0.021312 
1523     0.021524 
1524     0.021804 
1525     0.023647 
1526     0.024575 
1527     0.026826 
1528     0.027767 
1529     0.029834 
1530     0.031161 
1531     0.032799 
1532     0.032720 
1533     0.032980 
1534     0.031334 
1535     0.030674 
1536     0.028833 
1537     0.026929 
1538     0.025601 
1539     0.025249 
1540     0.023024 
1541     0.022813 
1542     0.023059 
1543     0.020927 
1544     0.019079 
1545     0.018134 
1546     0.016505 
1547     0.017990 
1548     0.019148 
1549     0.019052 
1550     0.020424 
1551     0.022529 
1552     0.024459 
1553     0.026372 
1554     0.027001 
1555     0.029212 
1556     0.029376 
1557     0.031296 
1558     0.030397 
1559     0.030081 
1560     0.031853 
1561     0.033231 
1562     0.033983 
1563     0.031959 
1564     0.031072 
1565     0.028960 
1566     0.028405 
1567     0.029079 
1568     0.027954 
1569     0.026024 
1570     0.026043 
1571     0.026628 
1572     0.025227 
1573     0.026202 
1574     0.025186 
1575     0.023154 
1576     0.023444 
1577     0.024221 
1578     0.022323 
1579     0.020989 
1580     0.022239 
1581     0.022201 
1582     0.020005 
1583     0.019906 
1584     0.021384 
1585     0.020081 
1586     0.018370 
1587     0.019826 
1588     0.020285 
1589     0.018097 
1590     0.017837 
1591     0.019715 
1592     0.018939 
1593     0.017104 
1594     0.018185 
1595     0.019296 
1596     0.017714 
1597     0.015645 
1598     0.015995 
1599     0.016695 
1600     0.015015 
1601     0.013676 
1602     0.014899 
1603     0.015394 
1604     0.013337 
1605     0.012611 
1606     0.014248 
1607     0.014362 
1608     0.012601 
1609     0.012281 
1610     0.014133 
1611     0.013706 
1612     0.011866 
1613     0.013093 
1614     0.014074 
1615     0.012597 
1616     0.012610 
1617     0.014713 
1618     0.015358 
1619     0.014373 
1620     0.015840 
1621     0.015663 
1622     0.013600 
1623     0.013488 
1624     0.015019 
1625     0.014022 
1626     0.012242 
1627     0.013245 
1628     0.013756 
1629     0.011796 
1630     0.010809 
1631     0.008807 
1632     0.007581 
1633     0.007040 
1634     0.006425 
1635     0.008405 
1636     0.008296 
1637     0.006797 
1638     0.006518 
1639     0.006338 
1640     0.008213 
1641     0.008882 
1642     0.010661 
1643     0.010365 
1644     0.011349 
1645     0.010741 
1646     0.012124 
1647     0.011694 
1648     0.010011 
1649     0.010592 
1650     0.011914 
1651     0.010757 
1652     0.009646 
1653     0.009769 
1654     0.009966 
1655     0.008404 
1656     0.007568 
1657     0.007573 
1658     0.006591 
1659     0.006994 
1660     0.005489 
1661     0.005118 
1662     0.003808 
1663     0.004425 
1664     0.003935 
1665     0.004541 
1666     0.003879 
1667     0.003916 
1668     0.002275 
1669     0.001578 
1670     0.002546 
1671     0.002954 
1672     0.001876 
1673     0.001271 
1674     0.001947 
1675     0.001887 
1676     0.003237 
1677     0.003882 
1678     0.004618 
1679     0.005090 
1680     0.005822 
1681     0.006489 
1682     0.007136 
1683     0.007700 
1684     0.006942 
1685     0.006978 
1686     0.005702 
1687     0.006228 
1688     0.005320 
1689     0.005922 
1690     0.005685 
1691     0.007390 
1692     0.007851 
1693     0.009594 
1694     0.008144 
1695     0.007040 
1696     0.009228 
1697     0.009692 
1698     0.008038 
1699     0.008441 
1700     0.010270 
1701     0.009721 
1702     0.008798 
1703     0.009179 
1704     0.010302 
1705     0.011421 
1706     0.010082 
1707     0.008665 
1708     0.007393 
1709     0.006587 
1710     0.004905 
1711     0.004002 
1712     0.002831 
1713     0.002141 
1714     0.002256 
1715     0.001624 
1716     0.002451 
1717     0.003175 
1718     0.004375 
1719     0.004508 
1720     0.003877 
1721     0.005144 
1722     0.005795 
1723     0.007066 
1724     0.007036 
1725     0.008381 
1726     0.007770 
1727     0.006586 
1728     0.007587 
1729     0.008015 
1730     0.006490 
1731     0.006321 
1732     0.007705 
1733     0.007124 
1734     0.005960 
1735     0.007147 
1736     0.008115 
1737     0.007018 
1738     0.006919 
1739     0.008241 
1740     0.007588 
1741     0.006428 
1742     0.007450 
1743     0.008305 
1744     0.007131 
1745     0.007023 
1746     0.008526 
1747     0.008573 
1748     0.007642 
1749     0.007991 
1750     0.007811 
1751     0.006814 
1752     0.005612 
1753     0.005119 
1754     0.004790 
1755     0.004686 
1756     0.003930 
1757     0.004271 
1758     0.003345 
1759     0.003885 
1760     0.003157 
1761     0.004018 
1762     0.004865 
1763     0.005026 
1764     0.003970 
1765     0.004598 
1766     0.003546 
1767     0.002391 
1768     0.002468 
1769     0.001969 
1770     0.002953 
1771     0.003175 
1772     0.003181 
1773     0.004630 
1774     0.004973 
1775     0.005202 
1776     0.003942 
1777     0.003771 
1778     0.004504 
1779     0.005868 
1780     0.006133 
1781     0.006081 
1782     0.007194 
1783     0.008127 
1784     0.008156 
1785     0.008348 
1786     0.009630 
1787     0.010177 
1788     0.010109 
1789     0.009754 
1790     0.008151 
1791     0.007612 
1792     0.007283 
1793     0.005677 
1794     0.005184 
1795     0.004013 
1796     0.003406 
1797     0.003699 
1798     0.003192 
1799     0.004312 
1800     0.004822 
1801     0.006089 
1802     0.006619 
1803     0.006350 
1804     0.007502 
1805     0.007059 
1806     0.006710 
1807     0.007827 
1808     0.008514 
1809     0.007862 
1810     0.008207 
1811     0.009546 
1812     0.009798 
1813     0.010858 
1814     0.011022 
1815     0.010606 
1816     0.010247 
1817     0.009211 
1818     0.008862 
1819     0.008589 
1820     0.007836 
1821     0.006961 
1822     0.006631 
1823     0.006584 
1824     0.005686 
1825     0.005204 
1826     0.004889 
1827     0.004864 
1828     0.003942 
1829     0.003315 
1830     0.003582 
1831     0.003307 
1832     0.002342 
1833     0.001950 
1834     0.002772 
1835     0.003275 
1836     0.004074 
1837     0.004849 
1838     0.005781 
1839     0.006002 
1840     0.005533 
1841     0.005993 
1842     0.005985 
1843     0.005554 
1844     0.005443 
1845     0.005942 
1846     0.005946 
1847     0.005146 
1848     0.005346 
1849     0.006221 
1850     0.005843 
1851     0.005078 
1852     0.005837 
1853     0.006620 
