  1     0.050459 
  2     0.055158 
  3     0.052241 
  4     0.053194 
  5     0.045533 
  6     0.036077 
  7     0.031630 
  8     0.022507 
  9     0.020184 
 10     0.013103 
 11     0.010322 
 12     0.014738 
 13     0.018229 
 14     0.023197 
 15     0.026684 
 16     0.032875 
 17     0.034708 
 18     0.040480 
 19     0.038955 
 20     0.042886 
 21     0.044688 
 22     0.038632 
 23     0.034213 
 24     0.031309 
 25     0.035000 
 26     0.032698 
 27     0.042722 
 28     0.046966 
 29     0.050776 
 30     0.062292 
 31     0.061013 
 32     0.057498 
 33     0.046336 
 34     0.036519 
 35     0.028965 
 36     0.033022 
 37     0.027856 
 38     0.022003 
 39     0.023457 
 40     0.023509 
 41     0.018790 
 42     0.014699 
 43     0.019357 
 44     0.014887 
 45     0.018628 
 46     0.022008 
 47     0.031320 
 48     0.032095 
 49     0.035704 
 50     0.035078 
 51     0.037016 
 52     0.045550 
 53     0.044279 
 54     0.032908 
 55     0.038243 
 56     0.046818 
 57     0.036586 
 58     0.034177 
 59     0.042684 
 60     0.035048 
 61     0.027325 
 62     0.028392 
 63     0.022537 
 64     0.013646 
 65     0.016340 
 66     0.012938 
 67     0.015066 
 68     0.010045 
 69     0.010008 
 70     0.011608 
 71     0.011725 
 72     0.016087 
 73     0.018838 
 74     0.024960 
 75     0.025876 
 76     0.032273 
 77     0.033724 
 78     0.038544 
 79     0.033335 
 80     0.031607 
 81     0.020542 
 82     0.025445 
 83     0.033187 
 84     0.031857 
 85     0.025795 
 86     0.031408 
 87     0.039321 
 88     0.035953 
 89     0.027132 
 90     0.029359 
 91     0.019845 
 92     0.023344 
 93     0.023761 
 94     0.028587 
 95     0.034001 
 96     0.033885 
 97     0.045359 
 98     0.047329 
 99     0.041891 
100     0.033106 
101     0.025599 
102     0.022140 
103     0.018612 
104     0.019678 
105     0.013886 
106     0.015361 
107     0.020555 
108     0.020549 
109     0.022300 
110     0.021069 
111     0.024335 
112     0.020915 
113     0.028308 
114     0.031865 
115     0.023882 
116     0.024218 
117     0.033743 
118     0.033244 
119     0.030637 
120     0.036401 
121     0.045181 
122     0.044250 
123     0.041637 
124     0.049975 
125     0.057430 
126     0.052921 
127     0.052481 
128     0.065025 
129     0.068551 
130     0.066003 
131     0.071804 
132     0.080711 
133     0.082119 
134     0.074814 
135     0.065511 
136     0.066021 
137     0.057149 
138     0.047202 
139     0.040347 
140     0.030767 
141     0.022965 
142     0.019862 
143     0.017120 
144     0.021094 
145     0.022301 
146     0.025855 
147     0.034263 
148     0.040970 
149     0.034549 
150     0.027784 
151     0.033445 
152     0.037910 
153     0.031468 
154     0.030668 
155     0.040157 
156     0.040428 
157     0.034696 
158     0.041933 
159     0.050223 
160     0.046930 
161     0.047933 
162     0.058319 
163     0.053801 
164     0.057042 
165     0.050004 
166     0.054133 
167     0.046375 
168     0.038252 
169     0.028659 
170     0.024849 
171     0.017236 
172     0.017755 
173     0.022609 
174     0.021481 
175     0.015731 
176     0.020570 
177     0.025511 
178     0.018508 
179     0.016879 
180     0.024175 
181     0.031088 
182     0.037019 
183     0.044438 
184     0.054278 
185     0.045790 
186     0.038740 
187     0.035043 
188     0.033793 
189     0.028960 
190     0.023683 
191     0.019328 
192     0.015403 
193     0.011528 
194     0.007919 
195     0.005439 
196     0.005165 
197     0.009438 
198     0.007399 
199     0.004040 
200     0.006551 
201     0.011477 
202     0.014475 
203     0.017554 
204     0.020155 
205     0.023286 
206     0.025806 
207     0.030513 
208     0.029109 
209     0.030901 
210     0.024497 
211     0.018606 
212     0.025827 
213     0.032042 
214     0.026168 
215     0.023987 
216     0.025036 
217     0.022651 
218     0.020468 
219     0.020092 
220     0.018434 
221     0.019205 
222     0.016875 
223     0.012746 
224     0.012154 
225     0.012796 
226     0.014098 
227     0.017318 
228     0.021212 
229     0.024707 
230     0.023768 
231     0.028039 
232     0.030294 
233     0.035133 
234     0.031530 
235     0.029100 
236     0.030347 
237     0.031684 
238     0.027538 
239     0.020822 
240     0.024824 
241     0.027839 
242     0.016193 
243     0.014915 
244     0.029429 
245     0.030781 
246     0.028943 
247     0.034443 
248     0.045771 
249     0.048921 
250     0.050799 
251     0.043208 
252     0.048128 
253     0.048826 
254     0.060382 
255     0.063184 
256     0.067636 
257     0.060328 
258     0.059797 
259     0.057117 
260     0.061988 
261     0.059456 
262     0.049405 
263     0.052359 
264     0.057153 
265     0.047602 
266     0.039411 
267     0.046410 
268     0.044551 
269     0.039462 
270     0.039737 
271     0.038573 
272     0.039565 
273     0.040043 
274     0.038773 
275     0.040258 
276     0.043248 
277     0.040051 
278     0.037551 
279     0.037546 
280     0.034980 
281     0.037132 
282     0.042751 
283     0.052997 
284     0.062884 
285     0.078268 
286     0.063226 
287     0.072436 
288     0.090833 
289     0.094987 
290     0.140999 
291     0.127925 
292     0.123913 
293     0.091247 
294     0.060784 
295     0.052929 
296     0.038403 
297     0.032406 
298     0.025175 
299     0.029280 
300     0.031739 
301     0.033805 
302     0.036457 
303     0.034426 
304     0.032220 
305     0.034024 
306     0.034178 
307     0.033212 
308     0.030726 
309     0.031939 
310     0.031736 
311     0.029730 
312     0.024015 
313     0.018387 
314     0.022808 
315     0.019836 
316     0.016099 
317     0.019392 
318     0.018915 
319     0.016187 
320     0.017866 
321     0.019638 
322     0.018670 
323     0.018733 
324     0.021001 
325     0.020317 
326     0.019226 
327     0.019890 
328     0.018639 
329     0.029998 
330     0.034987 
331     0.034796 
332     0.039852 
333     0.037671 
334     0.030630 
335     0.029891 
336     0.022946 
337     0.018692 
338     0.013875 
339     0.007561 
340     0.004305 
341     0.006960 
342     0.014076 
343     0.015837 
344     0.011984 
345     0.019706 
346     0.028222 
347     0.030521 
348     0.030075 
349     0.023311 
350     0.021985 
351     0.028873 
352     0.028800 
353     0.024890 
354     0.026491 
355     0.033821 
356     0.033348 
357     0.030323 
358     0.032336 
359     0.027414 
360     0.021484 
361     0.016091 
362     0.012353 
363     0.007264 
364     0.007532 
365     0.008974 
366     0.009265 
367     0.007133 
368     0.012439 
369     0.016568 
370     0.012934 
371     0.014107 
372     0.021810 
373     0.023055 
374     0.023069 
375     0.029777 
376     0.033682 
377     0.033473 
378     0.038602 
379     0.043636 
380     0.043327 
381     0.045940 
382     0.044446 
383     0.051865 
384     0.048831 
385     0.042005 
386     0.075649 
387     0.087008 
388     0.017486 
389     0.019836 
390     0.020197 
391     0.026208 
392     0.036025 
393     0.044915 
394     0.047769 
395     0.042137 
396     0.040080 
397     0.038008 
398     0.031628 
399     0.029315 
400     0.024856 
401     0.018007 
402     0.010288 
403     0.011865 
404     0.012384 
405     0.005739 
406     0.001419 
407     0.008592 
408     0.015451 
409     0.020454 
410     0.027403 
411     0.029761 
412     0.032831 
413     0.034459 
414     0.037074 
415     0.041937 
416     0.038365 
417     0.032661 
418     0.023386 
419     0.016255 
420     0.022313 
421     0.025179 
422     0.029525 
423     0.030360 
424     0.028265 
425     0.020637 
426     0.014767 
427     0.015357 
428     0.014835 
429     0.011590 
430     0.016223 
431     0.022242 
432     0.024850 
433     0.019652 
434     0.021596 
435     0.017706 
436     0.014853 
437     0.012995 
438     0.017341 
439     0.016559 
440     0.020613 
441     0.020450 
442     0.025685 
443     0.026386 
444     0.027807 
445     0.021591 
446     0.018138 
447     0.013431 
448     0.010882 
449     0.011338 
450     0.017840 
451     0.018943 
452     0.021140 
453     0.018690 
454     0.019831 
455     0.018982 
456     0.017466 
457     0.018055 
458     0.017417 
459     0.020427 
460     0.020950 
461     0.026231 
462     0.026016 
463     0.030794 
464     0.030862 
465     0.029158 
466     0.025846 
467     0.019693 
468     0.017236 
469     0.022961 
470     0.023739 
471     0.024366 
472     0.022057 
473     0.024887 
474     0.024132 
475     0.028402 
476     0.027323 
477     0.023246 
478     0.021617 
479     0.011380 
480     0.009596 
481     0.013243 
482     0.020612 
483     0.019862 
484     0.022947 
485     0.024907 
486     0.025709 
487     0.027022 
488     0.023358 
489     0.026658 
490     0.027582 
491     0.032421 
492     0.033797 
493     0.035272 
494     0.036024 
495     0.031376 
496     0.029285 
497     0.024629 
498     0.024465 
499     0.023677 
500     0.025021 
501     0.024570 
502     0.025248 
503     0.021425 
504     0.027406 
505     0.023427 
506     0.019536 
507     0.026804 
508     0.032977 
509     0.047781 
510     0.048578 
511     0.036724 
512     0.039268 
513     0.055697 
514     0.051248 
515     0.039266 
516     0.054600 
517     0.067831 
518     0.054959 
519     0.049357 
520     0.072456 
521     0.079660 
522     0.061425 
523     0.059051 
524     0.062120 
525     0.050108 
526     0.032412 
527     0.032913 
528     0.026318 
529     0.017069 
530     0.011063 
531     0.005643 
532     0.007463 
533     0.004109 
534     0.006161 
535     0.009888 
536     0.009143 
537     0.008191 
538     0.009609 
539     0.011927 
540     0.012535 
541     0.013231 
542     0.013286 
543     0.012836 
544     0.016016 
545     0.016173 
546     0.014292 
547     0.012031 
548     0.012562 
549     0.012895 
550     0.006232 
551     0.003421 
552     0.010908 
553     0.013818 
554     0.013265 
555     0.021181 
556     0.022767 
557     0.016785 
558     0.017916 
559     0.014912 
560     0.012173 
561     0.011180 
562     0.007804 
563     0.006117 
564     0.003564 
565     0.006322 
566     0.003146 
567     0.003532 
568     0.007381 
569     0.008925 
570     0.008988 
571     0.010457 
572     0.012192 
573     0.011816 
574     0.011879 
575     0.013895 
576     0.012494 
577     0.013400 
578     0.014741 
579     0.014921 
580     0.016785 
581     0.015398 
582     0.019051 
583     0.017834 
584     0.015336 
585     0.016644 
586     0.018355 
587     0.015002 
588     0.015127 
589     0.016239 
590     0.012506 
591     0.011540 
592     0.015144 
593     0.012690 
594     0.010315 
595     0.015563 
596     0.020005 
597     0.021517 
598     0.017841 
599     0.024828 
600     0.030899 
601     0.026303 
602     0.025866 
603     0.036712 
604     0.030395 
605     0.037961 
606     0.018900 
607     0.022736 
608     0.029506 
609     0.027158 
610     0.028214 
611     0.026996 
612     0.025981 
613     0.023977 
614     0.025218 
615     0.024510 
616     0.021579 
617     0.012906 
618     0.007721 
619     0.011636 
620     0.011758 
621     0.006474 
622     0.011210 
623     0.018620 
624     0.023159 
625     0.019186 
626     0.025780 
627     0.034574 
628     0.029631 
629     0.030079 
630     0.042638 
631     0.046993 
632     0.036469 
633     0.029480 
634     0.024732 
635     0.023146 
636     0.018622 
637     0.016121 
638     0.018842 
639     0.017974 
640     0.014527 
641     0.016702 
642     0.016514 
643     0.014845 
644     0.015972 
645     0.017912 
646     0.017132 
647     0.017453 
648     0.018695 
649     0.016977 
650     0.017869 
651     0.020255 
652     0.017329 
653     0.014467 
654     0.018101 
655     0.018949 
656     0.013184 
657     0.016304 
658     0.022700 
659     0.025967 
660     0.031715 
661     0.027420 
662     0.026662 
663     0.027624 
664     0.026433 
665     0.025196 
666     0.029294 
667     0.027683 
668     0.021787 
669     0.022000 
670     0.019524 
671     0.019343 
672     0.018676 
673     0.017550 
674     0.019175 
675     0.018533 
676     0.022897 
677     0.022808 
678     0.020397 
679     0.022905 
680     0.018929 
681     0.018371 
682     0.013911 
683     0.014438 
684     0.013980 
685     0.016325 
686     0.018241 
687     0.018295 
688     0.018573 
689     0.014481 
690     0.014158 
691     0.015785 
692     0.015433 
693     0.021223 
694     0.020214 
695     0.013654 
696     0.018178 
697     0.022529 
698     0.018103 
699     0.009275 
700     0.014705 
701     0.018667 
702     0.010900 
703     0.007200 
704     0.011915 
705     0.016371 
706     0.012911 
707     0.008622 
708     0.009821 
709     0.018609 
710     0.017814 
711     0.014079 
712     0.017140 
713     0.023960 
714     0.029930 
715     0.027387 
716     0.035616 
717     0.027164 
718     0.032657 
719     0.027162 
720     0.023731 
721     0.019889 
722     0.025760 
723     0.028664 
724     0.019560 
725     0.022159 
726     0.027675 
727     0.028762 
728     0.019285 
729     0.012859 
730     0.017743 
731     0.013816 
732     0.007451 
733     0.008697 
734     0.015606 
735     0.013642 
736     0.014392 
737     0.020515 
738     0.022237 
739     0.020509 
740     0.021046 
741     0.017810 
742     0.012526 
743     0.009636 
744     0.005843 
745     0.005626 
746     0.008258 
747     0.011120 
748     0.015877 
749     0.019997 
750     0.022836 
751     0.019854 
752     0.018241 
753     0.012852 
754     0.011784 
755     0.013696 
756     0.008599 
757     0.008013 
758     0.006892 
759     0.008401 
760     0.011808 
761     0.013360 
762     0.017623 
763     0.012770 
764     0.016979 
765     0.020599 
766     0.020663 
767     0.019371 
768     0.017297 
769     0.015766 
770     0.014120 
771     0.010258 
772     0.009907 
773     0.004920 
774     0.005201 
775     0.009586 
776     0.013146 
777     0.015957 
778     0.015183 
779     0.012203 
780     0.010921 
781     0.009049 
782     0.012146 
783     0.017485 
784     0.021266 
785     0.024806 
786     0.028773 
787     0.034378 
788     0.036785 
789     0.032375 
790     0.030391 
791     0.031181 
792     0.027795 
793     0.024828 
794     0.027458 
795     0.026354 
796     0.031963 
797     0.029223 
798     0.024483 
799     0.026586 
800     0.028075 
801     0.021544 
802     0.021381 
803     0.024888 
804     0.022975 
805     0.018897 
806     0.020166 
807     0.021069 
808     0.016566 
809     0.019665 
810     0.021963 
811     0.022474 
812     0.024672 
813     0.022832 
814     0.025093 
815     0.023583 
816     0.021484 
817     0.027414 
818     0.027997 
819     0.028339 
820     0.027676 
821     0.017238 
822     0.026928 
823     0.035983 
824     0.022233 
825     0.021769 
826     0.012760 
827     0.016034 
828     0.021491 
829     0.025021 
830     0.031670 
831     0.028109 
832     0.026049 
833     0.024056 
834     0.023656 
835     0.024045 
836     0.020949 
837     0.014493 
838     0.006720 
839     0.013335 
840     0.015868 
841     0.019248 
842     0.019434 
843     0.017269 
844     0.018881 
845     0.020495 
846     0.015807 
847     0.017804 
848     0.018474 
849     0.017534 
850     0.012412 
851     0.011846 
852     0.015743 
853     0.013547 
854     0.010732 
855     0.012244 
856     0.016097 
857     0.012983 
858     0.011876 
859     0.015636 
860     0.021929 
861     0.022635 
862     0.025229 
863     0.026051 
864     0.023352 
865     0.019379 
866     0.021275 
867     0.018471 
868     0.013662 
869     0.013737 
870     0.015494 
871     0.017089 
872     0.017474 
873     0.019885 
874     0.023542 
875     0.025220 
876     0.023052 
877     0.017022 
878     0.018854 
879     0.013846 
880     0.012793 
881     0.010034 
882     0.008322 
883     0.006601 
884     0.009755 
885     0.012801 
886     0.017535 
887     0.023493 
888     0.024437 
889     0.023176 
890     0.024017 
891     0.029450 
892     0.026381 
893     0.022505 
894     0.026006 
895     0.028101 
896     0.025994 
897     0.025663 
898     0.020229 
899     0.018932 
900     0.012987 
901     0.010136 
902     0.006048 
903     0.006345 
904     0.006754 
905     0.007115 
906     0.011949 
907     0.013509 
908     0.006779 
909     0.005256 
910     0.008568 
911     0.012777 
912     0.012787 
913     0.010640 
914     0.014405 
915     0.013054 
916     0.012370 
917     0.010638 
918     0.006585 
919     0.004916 
920     0.004275 
921     0.008656 
922     0.009880 
923     0.007819 
924     0.009659 
925     0.012018 
926     0.008221 
927     0.007648 
928     0.004615 
929     0.001801 
930     0.005871 
931     0.008631 
932     0.012354 
933     0.017124 
934     0.018029 
935     0.016252 
936     0.020613 
937     0.019061 
938     0.021823 
939     0.021346 
940     0.023166 
941     0.019576 
942     0.024526 
943     0.024548 
944     0.017619 
945     0.017539 
946     0.020015 
947     0.018286 
948     0.017097 
949     0.013458 
950     0.011493 
951     0.010267 
952     0.012979 
953     0.009617 
954     0.005975 
955     0.008089 
956     0.010026 
957     0.005282 
958     0.007479 
959     0.011650 
960     0.009527 
961     0.008443 
962     0.011284 
963     0.012841 
964     0.011532 
965     0.012475 
966     0.015888 
967     0.016688 
968     0.018676 
969     0.021847 
970     0.025897 
971     0.028991 
972     0.029409 
973     0.029757 
974     0.031426 
975     0.025551 
976     0.023207 
977     0.026078 
978     0.026242 
979     0.019838 
980     0.021751 
981     0.023634 
982     0.022440 
983     0.018941 
984     0.019203 
985     0.017595 
986     0.015705 
987     0.015238 
988     0.013710 
989     0.012120 
990     0.010725 
991     0.008967 
992     0.006720 
993     0.006297 
994     0.006325 
995     0.005377 
996     0.007636 
997     0.011365 
998     0.010243 
999     0.014089 
1000     0.014915 
1001     0.014484 
1002     0.014768 
1003     0.018473 
1004     0.018264 
1005     0.017317 
1006     0.019786 
1007     0.019245 
1008     0.019974 
1009     0.018674 
1010     0.018095 
1011     0.022525 
1012     0.024583 
1013     0.023847 
1014     0.024836 
1015     0.023416 
1016     0.026164 
1017     0.023756 
1018     0.025243 
1019     0.023098 
1020     0.021878 
1021     0.019242 
1022     0.023444 
1023     0.025102 
1024     0.021060 
1025     0.022338 
1026     0.026907 
1027     0.024629 
1028     0.021663 
1029     0.022951 
1030     0.025066 
1031     0.022576 
1032     0.018312 
1033     0.017545 
1034     0.014195 
1035     0.012810 
1036     0.011624 
1037     0.010200 
1038     0.009178 
1039     0.010161 
1040     0.012062 
1041     0.014942 
1042     0.015600 
1043     0.016894 
1044     0.013005 
1045     0.011096 
1046     0.010866 
1047     0.012021 
1048     0.008902 
1049     0.007170 
1050     0.005071 
1051     0.004663 
1052     0.006908 
1053     0.006332 
1054     0.006077 
1055     0.007708 
1056     0.011785 
1057     0.009871 
1058     0.012791 
1059     0.017750 
1060     0.016942 
1061     0.017410 
1062     0.014282 
1063     0.014428 
1064     0.014175 
1065     0.013609 
1066     0.016052 
1067     0.017775 
1068     0.017122 
1069     0.014331 
1070     0.013665 
1071     0.010621 
1072     0.008797 
1073     0.009173 
1074     0.007959 
1075     0.003620 
1076     0.003935 
1077     0.007951 
1078     0.008083 
1079     0.011830 
1080     0.014427 
1081     0.019343 
1082     0.018848 
1083     0.016167 
1084     0.011275 
1085     0.008475 
1086     0.008759 
1087     0.005949 
1088     0.006085 
1089     0.004767 
1090     0.002005 
1091     0.004167 
1092     0.007557 
1093     0.014548 
1094     0.015237 
1095     0.008593 
1096     0.009407 
1097     0.017266 
1098     0.017910 
1099     0.047398 
1100     0.059839 
1101     0.078993 
1102     0.060918 
1103     0.046304 
1104     0.059151 
1105     0.049287 
1106     0.029910 
1107     0.027944 
1108     0.021953 
1109     0.016572 
1110     0.005559 
1111     0.004016 
1112     0.008134 
1113     0.006438 
1114     0.005122 
1115     0.009884 
1116     0.009717 
1117     0.007276 
1118     0.010975 
1119     0.013389 
1120     0.010121 
1121     0.010358 
1122     0.014020 
1123     0.013026 
1124     0.010623 
1125     0.011961 
1126     0.010617 
1127     0.006081 
1128     0.005201 
1129     0.008566 
1130     0.007339 
1131     0.004845 
1132     0.002283 
1133     0.003559 
1134     0.003679 
1135     0.004804 
1136     0.004261 
1137     0.004441 
1138     0.004936 
1139     0.004009 
1140     0.002566 
1141     0.002899 
1142     0.001908 
1143     0.002208 
1144     0.003000 
1145     0.003068 
1146     0.005666 
1147     0.007288 
1148     0.005559 
1149     0.007201 
1150     0.009454 
1151     0.009830 
1152     0.007253 
1153     0.009589 
1154     0.011303 
1155     0.011631 
1156     0.014814 
1157     0.018702 
1158     0.017685 
1159     0.020085 
1160     0.024742 
1161     0.026410 
1162     0.026053 
1163     0.031179 
1164     0.028767 
1165     0.029085 
1166     0.022943 
1167     0.020147 
1168     0.019349 
1169     0.013269 
1170     0.011241 
1171     0.007095 
1172     0.005039 
1173     0.002817 
1174     0.003119 
1175     0.003929 
1176     0.004286 
1177     0.007031 
1178     0.008602 
1179     0.007742 
1180     0.011860 
1181     0.010555 
1182     0.007930 
1183     0.009980 
1184     0.013486 
1185     0.011475 
1186     0.010489 
1187     0.014057 
1188     0.017805 
1189     0.021957 
1190     0.023933 
1191     0.023669 
1192     0.022531 
1193     0.020230 
1194     0.016949 
1195     0.015323 
1196     0.013947 
1197     0.012170 
1198     0.010515 
1199     0.008662 
1200     0.004493 
1201     0.003132 
1202     0.002943 
1203     0.003403 
1204     0.003932 
1205     0.003088 
1206     0.005779 
1207     0.007888 
1208     0.007254 
1209     0.006482 
1210     0.007953 
1211     0.007946 
1212     0.006703 
1213     0.003516 
1214     0.004738 
1215     0.003143 
1216     0.001645 
1217     0.003496 
1218     0.004387 
1219     0.002430 
1220     0.004178 
1221     0.006083 
1222     0.008124 
1223     0.009349 
1224     0.013478 
1225     0.017056 
1226     0.016808 
1227     0.021987 
1228     0.027154 
1229     0.029004 
1230     0.005720 
1231     0.006635 
1232     0.007221 
1233     0.006321 
1234     0.006864 
1235     0.006598 
1236     0.006898 
1237     0.007146 
1238     0.008144 
1239     0.009054 
1240     0.009403 
1241     0.008652 
1242     0.006500 
1243     0.007583 
1244     0.007710 
1245     0.005396 
1246     0.005936 
1247     0.008342 
1248     0.008309 
1249     0.006952 
1250     0.009323 
1251     0.011248 
1252     0.009009 
1253     0.008668 
1254     0.012433 
1255     0.012435 
1256     0.009435 
1257     0.007373 
1258     0.005774 
1259     0.005601 
1260     0.004456 
1261     0.003505 
1262     0.004227 
1263     0.003936 
1264     0.003066 
1265     0.003258 
1266     0.003439 
1267     0.003099 
1268     0.003214 
1269     0.003318 
1270     0.003764 
1271     0.003623 
1272     0.002962 
1273     0.004025 
1274     0.004908 
1275     0.003207 
1276     0.004172 
1277     0.007454 
1278     0.005835 
1279     0.004726 
1280     0.007743 
1281     0.008240 
1282     0.005114 
1283     0.004297 
1284     0.002990 
1285     0.002680 
1286     0.003309 
1287     0.004321 
1288     0.004592 
1289     0.004014 
1290     0.004510 
1291     0.004471 
1292     0.003172 
1293     0.003112 
1294     0.003028 
1295     0.003019 
1296     0.003157 
1297     0.002790 
1298     0.003079 
1299     0.002739 
1300     0.003446 
1301     0.003283 
1302     0.003548 
1303     0.004174 
1304     0.003713 
1305     0.003561 
1306     0.002553 
1307     0.002696 
1308     0.002248 
1309     0.002417 
1310     0.002349 
1311     0.002490 
1312     0.002677 
1313     0.002875 
1314     0.003658 
1315     0.004320 
1316     0.004471 
1317     0.004235 
1318     0.004233 
1319     0.003810 
1320     0.003540 
1321     0.004074 
1322     0.003938 
1323     0.003223 
1324     0.003429 
1325     0.004332 
1326     0.002711 
1327     0.003604 
1328     0.004620 
1329     0.003579 
1330     0.001618 
1331     0.003142 
1332     0.004046 
1333     0.001881 
1334     0.003192 
1335     0.005336 
1336     0.004362 
1337     0.003728 
1338     0.001797 
1339     0.002385 
1340     0.002030 
1341     0.002229 
1342     0.002743 
1343     0.002603 
1344     0.002362 
1345     0.002865 
1346     0.005922 
1347     0.006645 
1348     0.003458 
1349     0.003442 
1350     0.006214 
1351     0.007801 
1352     0.004064 
1353     0.002066 
1354     0.004580 
1355     0.003254 
1356     0.001944 
1357     0.003493 
1358     0.004632 
1359     0.003935 
1360     0.004897 
1361     0.006186 
1362     0.005729 
1363     0.005412 
1364     0.005802 
1365     0.004974 
1366     0.004066 
1367     0.003519 
1368     0.003065 
1369     0.003297 
1370     0.003495 
1371     0.003702 
1372     0.003475 
1373     0.003127 
1374     0.003328 
1375     0.004711 
1376     0.005660 
1377     0.005234 
1378     0.006032 
1379     0.005424 
1380     0.004683 
1381     0.004535 
1382     0.004118 
1383     0.003908 
1384     0.004406 
1385     0.004923 
1386     0.005404 
1387     0.005288 
1388     0.006457 
1389     0.006494 
1390     0.005956 
1391     0.005136 
1392     0.005333 
1393     0.005025 
1394     0.005606 
1395     0.005345 
1396     0.005077 
1397     0.005136 
1398     0.004601 
1399     0.004897 
1400     0.003973 
1401     0.003225 
1402     0.002610 
1403     0.002648 
1404     0.002421 
1405     0.002154 
1406     0.002815 
1407     0.004199 
1408     0.004919 
1409     0.005492 
1410     0.006640 
1411     0.007286 
1412     0.007841 
1413     0.006878 
1414     0.005828 
1415     0.006041 
1416     0.005356 
1417     0.004348 
1418     0.004820 
1419     0.004536 
1420     0.005940 
1421     0.005776 
1422     0.004683 
1423     0.004946 
1424     0.005466 
1425     0.004417 
1426     0.004093 
1427     0.004642 
1428     0.004223 
1429     0.004070 
1430     0.003808 
1431     0.003690 
1432     0.002144 
1433     0.003370 
1434     0.003629 
1435     0.003938 
1436     0.003895 
1437     0.003877 
1438     0.003995 
1439     0.003935 
1440     0.003293 
1441     0.004037 
1442     0.003699 
1443     0.003979 
1444     0.003629 
1445     0.001795 
1446     0.004434 
1447     0.006070 
1448     0.003375 
1449     0.002380 
1450     0.000886 
1451     0.001745 
1452     0.003399 
1453     0.004067 
1454     0.005274 
1455     0.004693 
1456     0.004560 
1457     0.004050 
1458     0.003584 
1459     0.003614 
1460     0.002872 
1461     0.003117 
1462     0.002780 
1463     0.003483 
1464     0.005228 
1465     0.005491 
1466     0.006944 
1467     0.006860 
1468     0.008509 
1469     0.007242 
1470     0.005350 
1471     0.005939 
1472     0.006089 
1473     0.005139 
1474     0.003145 
1475     0.003611 
1476     0.004790 
1477     0.002992 
1478     0.001481 
1479     0.003633 
1480     0.004834 
1481     0.003137 
1482     0.003771 
1483     0.004796 
1484     0.006024 
1485     0.006970 
1486     0.007672 
1487     0.008669 
1488     0.007852 
1489     0.008699 
1490     0.011057 
1491     0.009730 
1492     0.007662 
1493     0.007442 
1494     0.006366 
1495     0.006809 
1496     0.007531 
1497     0.008221 
1498     0.010535 
1499     0.012132 
1500     0.009551 
1501     0.007198 
1502     0.007934 
1503     0.005556 
1504     0.004634 
1505     0.003425 
1506     0.004017 
1507     0.005516 
1508     0.007168 
1509     0.009349 
1510     0.008983 
1511     0.012059 
1512     0.012911 
1513     0.014774 
1514     0.017305 
1515     0.029406 
1516     0.032054 
1517     0.026589 
1518     0.043886 
1519     0.049300 
1520     0.053855 
1521     0.043712 
1522     0.018516 
1523     0.017310 
1524     0.010161 
1525     0.007264 
1526     0.004512 
1527     0.004594 
1528     0.004585 
1529     0.005608 
1530     0.007356 
1531     0.008151 
1532     0.006319 
1533     0.006712 
1534     0.006862 
1535     0.008295 
1536     0.008115 
1537     0.007667 
1538     0.010094 
1539     0.007065 
1540     0.007069 
1541     0.005165 
1542     0.003971 
1543     0.006191 
1544     0.007474 
1545     0.008598 
1546     0.009966 
1547     0.010180 
1548     0.012090 
1549     0.011198 
1550     0.008484 
1551     0.005588 
1552     0.003273 
1553     0.002444 
1554     0.002541 
1555     0.004335 
1556     0.005938 
1557     0.008226 
1558     0.008273 
1559     0.007618 
1560     0.010353 
1561     0.011172 
1562     0.012795 
1563     0.011988 
1564     0.012421 
1565     0.010302 
1566     0.011144 
1567     0.010001 
1568     0.007552 
1569     0.006843 
1570     0.006881 
1571     0.005961 
1572     0.004223 
1573     0.004461 
1574     0.002778 
1575     0.002120 
1576     0.003389 
1577     0.003129 
1578     0.003738 
1579     0.005301 
1580     0.005681 
1581     0.005829 
1582     0.007483 
1583     0.007539 
1584     0.007525 
1585     0.008197 
1586     0.009057 
1587     0.009522 
1588     0.009327 
1589     0.010781 
1590     0.011580 
1591     0.012840 
1592     0.013485 
1593     0.015149 
1594     0.016152 
1595     0.017327 
1596     0.018118 
1597     0.018631 
1598     0.019526 
1599     0.016806 
1600     0.016057 
1601     0.017449 
1602     0.016867 
1603     0.014446 
1604     0.015087 
1605     0.016952 
1606     0.015243 
1607     0.014710 
1608     0.013085 
1609     0.012342 
1610     0.011701 
1611     0.011340 
1612     0.010535 
1613     0.009966 
1614     0.009539 
1615     0.008479 
1616     0.006750 
1617     0.008069 
1618     0.008185 
1619     0.007799 
1620     0.008339 
1621     0.008310 
1622     0.008616 
1623     0.009305 
1624     0.010036 
1625     0.010377 
1626     0.010392 
1627     0.011702 
1628     0.012543 
1629     0.011868 
1630     0.011556 
1631     0.008444 
1632     0.006513 
1633     0.004469 
1634     0.002854 
1635     0.003845 
1636     0.005113 
1637     0.004725 
1638     0.007499 
1639     0.007408 
1640     0.009035 
1641     0.009569 
1642     0.010830 
1643     0.009528 
1644     0.010332 
1645     0.009077 
1646     0.010609 
1647     0.010479 
1648     0.007778 
1649     0.008896 
1650     0.011049 
1651     0.009160 
1652     0.007981 
1653     0.008817 
1654     0.013296 
1655     0.012231 
1656     0.007491 
1657     0.006203 
1658     0.003199 
1659     0.003141 
1660     0.001214 
1661     0.001170 
1662     0.002608 
1663     0.004027 
1664     0.005935 
1665     0.007941 
1666     0.005665 
1667     0.005677 
1668     0.004500 
1669     0.004470 
1670     0.003969 
1671     0.003589 
1672     0.004071 
1673     0.003625 
1674     0.003904 
1675     0.003328 
1676     0.002814 
1677     0.003536 
1678     0.003311 
1679     0.002655 
1680     0.001662 
1681     0.002044 
1682     0.001521 
1683     0.000752 
1684     0.001658 
1685     0.002553 
1686     0.001871 
1687     0.003084 
1688     0.003557 
1689     0.004372 
1690     0.006004 
1691     0.006719 
1692     0.008357 
1693     0.006583 
1694     0.004346 
1695     0.002056 
1696     0.003899 
1697     0.004823 
1698     0.003246 
1699     0.003220 
1700     0.003605 
1701     0.004326 
1702     0.002965 
1703     0.005085 
1704     0.006843 
1705     0.009049 
1706     0.008398 
1707     0.006357 
1708     0.004359 
1709     0.002661 
1710     0.002519 
1711     0.002912 
1712     0.001968 
1713     0.004178 
1714     0.007978 
1715     0.009997 
1716     0.010399 
1717     0.010688 
1718     0.009900 
1719     0.008708 
1720     0.002871 
1721     0.009215 
1722     0.017110 
1723     0.024389 
1724     0.028473 
1725     0.029655 
1726     0.021267 
1727     0.021562 
1728     0.024127 
1729     0.017056 
1730     0.015337 
1731     0.020847 
1732     0.018290 
1733     0.014013 
1734     0.017131 
1735     0.021391 
1736     0.018886 
1737     0.014523 
1738     0.017252 
1739     0.018583 
1740     0.014704 
1741     0.011535 
1742     0.013504 
1743     0.014102 
1744     0.008920 
1745     0.007789 
1746     0.010731 
1747     0.011149 
1748     0.007232 
1749     0.005749 
1750     0.003049 
1751     0.004914 
1752     0.002923 
1753     0.006633 
1754     0.006347 
1755     0.006173 
1756     0.008060 
1757     0.007217 
1758     0.005673 
1759     0.006035 
1760     0.004085 
1761     0.003154 
1762     0.002462 
1763     0.001743 
1764     0.002743 
1765     0.002089 
1766     0.002322 
1767     0.003571 
1768     0.004149 
1769     0.006811 
1770     0.011078 
1771     0.014242 
1772     0.014960 
1773     0.017475 
1774     0.018032 
1775     0.015877 
1776     0.010480 
1777     0.010509 
1778     0.009612 
1779     0.013351 
1780     0.017147 
1781     0.020039 
1782     0.016879 
1783     0.026299 
1784     0.032096 
1785     0.029969 
1786     0.033059 
1787     0.044112 
1788     0.044382 
1789     0.045908 
1790     0.033559 
1791     0.029640 
1792     0.028605 
1793     0.018969 
1794     0.014836 
1795     0.009266 
1796     0.006408 
1797     0.003035 
1798     0.003591 
1799     0.002541 
1800     0.002823 
1801     0.005224 
1802     0.004246 
1803     0.002793 
1804     0.005853 
1805     0.006540 
1806     0.005254 
1807     0.008248 
1808     0.011177 
1809     0.010551 
1810     0.012995 
1811     0.016429 
1812     0.017737 
1813     0.021414 
1814     0.019241 
1815     0.017558 
1816     0.015150 
1817     0.014876 
1818     0.011504 
1819     0.008689 
1820     0.009090 
1821     0.006083 
1822     0.004722 
1823     0.004570 
1824     0.005842 
1825     0.004802 
1826     0.004153 
1827     0.006281 
1828     0.006157 
1829     0.005103 
1830     0.006149 
1831     0.006985 
1832     0.005232 
1833     0.005384 
1834     0.006640 
1835     0.008222 
1836     0.009020 
1837     0.008825 
1838     0.009031 
1839     0.010148 
1840     0.009528 
1841     0.009570 
1842     0.009969 
1843     0.009475 
1844     0.009415 
1845     0.009536 
1846     0.011098 
1847     0.014228 
1848     0.016995 
1849     0.018246 
1850     0.018454 
1851     0.024800 
1852     0.028384 
1853     0.028677 
