  1     0.010494 
  2     0.009504 
  3     0.010903 
  4     0.009163 
  5     0.008941 
  6     0.008294 
  7     0.006706 
  8     0.006310 
  9     0.005989 
 10     0.007172 
 11     0.009365 
 12     0.011997 
 13     0.011616 
 14     0.010283 
 15     0.010750 
 16     0.010397 
 17     0.011945 
 18     0.013301 
 19     0.015648 
 20     0.018407 
 21     0.019787 
 22     0.019923 
 23     0.019735 
 24     0.016902 
 25     0.016884 
 26     0.015274 
 27     0.015844 
 28     0.017653 
 29     0.017537 
 30     0.020302 
 31     0.022424 
 32     0.022194 
 33     0.019454 
 34     0.016495 
 35     0.014379 
 36     0.015079 
 37     0.015166 
 38     0.013075 
 39     0.016457 
 40     0.017714 
 41     0.021512 
 42     0.023440 
 43     0.026762 
 44     0.029827 
 45     0.030760 
 46     0.027039 
 47     0.024913 
 48     0.021164 
 49     0.020818 
 50     0.017826 
 51     0.017831 
 52     0.020992 
 53     0.023375 
 54     0.021690 
 55     0.022222 
 56     0.025812 
 57     0.027321 
 58     0.025383 
 59     0.028608 
 60     0.030627 
 61     0.028849 
 62     0.026563 
 63     0.027121 
 64     0.025018 
 65     0.022477 
 66     0.018934 
 67     0.016478 
 68     0.013619 
 69     0.013077 
 70     0.009933 
 71     0.012330 
 72     0.014431 
 73     0.012069 
 74     0.013662 
 75     0.016473 
 76     0.020525 
 77     0.023333 
 78     0.024508 
 79     0.021152 
 80     0.019950 
 81     0.017392 
 82     0.019780 
 83     0.022926 
 84     0.021304 
 85     0.020225 
 86     0.023845 
 87     0.025045 
 88     0.023224 
 89     0.022332 
 90     0.025089 
 91     0.024157 
 92     0.025705 
 93     0.023513 
 94     0.025123 
 95     0.025328 
 96     0.024044 
 97     0.026387 
 98     0.024719 
 99     0.024870 
100     0.021006 
101     0.020130 
102     0.020252 
103     0.021429 
104     0.024697 
105     0.024698 
106     0.027899 
107     0.028870 
108     0.025613 
109     0.023648 
110     0.019716 
111     0.016970 
112     0.014421 
113     0.011227 
114     0.012891 
115     0.014092 
116     0.010829 
117     0.009673 
118     0.012473 
119     0.011177 
120     0.008414 
121     0.010276 
122     0.012802 
123     0.010781 
124     0.009627 
125     0.012805 
126     0.014262 
127     0.012716 
128     0.013172 
129     0.016595 
130     0.017649 
131     0.016391 
132     0.016817 
133     0.013939 
134     0.010582 
135     0.008636 
136     0.005824 
137     0.005860 
138     0.005494 
139     0.006001 
140     0.004302 
141     0.004175 
142     0.004540 
143     0.005293 
144     0.007840 
145     0.008375 
146     0.008274 
147     0.011079 
148     0.014107 
149     0.014184 
150     0.010459 
151     0.009062 
152     0.010471 
153     0.010252 
154     0.006844 
155     0.006531 
156     0.008535 
157     0.007723 
158     0.004964 
159     0.005722 
160     0.008055 
161     0.007052 
162     0.005033 
163     0.004076 
164     0.004587 
165     0.005363 
166     0.007795 
167     0.008293 
168     0.007017 
169     0.007475 
170     0.006857 
171     0.005558 
172     0.007504 
173     0.009517 
174     0.008540 
175     0.009257 
176     0.011443 
177     0.012742 
178     0.012441 
179     0.014459 
180     0.015153 
181     0.015520 
182     0.015853 
183     0.014221 
184     0.015941 
185     0.017712 
186     0.018826 
187     0.017198 
188     0.016483 
189     0.015426 
190     0.012712 
191     0.009979 
192     0.007847 
193     0.006305 
194     0.005457 
195     0.007287 
196     0.008668 
197     0.012145 
198     0.012134 
199     0.008738 
200     0.005987 
201     0.004847 
202     0.006277 
203     0.007914 
204     0.010293 
205     0.011954 
206     0.014553 
207     0.015731 
208     0.016116 
209     0.017079 
210     0.017721 
211     0.017671 
212     0.019037 
213     0.017642 
214     0.017070 
215     0.016106 
216     0.015025 
217     0.014176 
218     0.012064 
219     0.012944 
220     0.011780 
221     0.009717 
222     0.009707 
223     0.007409 
224     0.009422 
225     0.012252 
226     0.014435 
227     0.011571 
228     0.012836 
229     0.016877 
230     0.020162 
231     0.021258 
232     0.020282 
233     0.024492 
234     0.027996 
235     0.027483 
236     0.029341 
237     0.033513 
238     0.035935 
239     0.035638 
240     0.039551 
241     0.043300 
242     0.043830 
243     0.044699 
244     0.049739 
245     0.052285 
246     0.052197 
247     0.055140 
248     0.059279 
249     0.060830 
250     0.059620 
251     0.054747 
252     0.050914 
253     0.048241 
254     0.053951 
255     0.052554 
256     0.047973 
257     0.048102 
258     0.047812 
259     0.042506 
260     0.039584 
261     0.041668 
262     0.039645 
263     0.033698 
264     0.033381 
265     0.036475 
266     0.032779 
267     0.027745 
268     0.030059 
269     0.031607 
270     0.026126 
271     0.024261 
272     0.029122 
273     0.028034 
274     0.023281 
275     0.027560 
276     0.032235 
277     0.033025 
278     0.036137 
279     0.038562 
280     0.042931 
281     0.042023 
282     0.048262 
283     0.049919 
284     0.056208 
285     0.058986 
286     0.054524 
287     0.058920 
288     0.065624 
289     0.070456 
290     0.077369 
291     0.076673 
292     0.074269 
293     0.067812 
294     0.062517 
295     0.059407 
296     0.053053 
297     0.050943 
298     0.045508 
299     0.042517 
300     0.036447 
301     0.032858 
302     0.027432 
303     0.026876 
304     0.028883 
305     0.025803 
306     0.021165 
307     0.022340 
308     0.024032 
309     0.019657 
310     0.015907 
311     0.013252 
312     0.011506 
313     0.008596 
314     0.005936 
315     0.007590 
316     0.005276 
317     0.004879 
318     0.007408 
319     0.008205 
320     0.007653 
321     0.009624 
322     0.011439 
323     0.010869 
324     0.011304 
325     0.013011 
326     0.013687 
327     0.014206 
328     0.015548 
329     0.014971 
330     0.014077 
331     0.012474 
332     0.016037 
333     0.016861 
334     0.014645 
335     0.016425 
336     0.014281 
337     0.011376 
338     0.010894 
339     0.010013 
340     0.008573 
341     0.009218 
342     0.012804 
343     0.012999 
344     0.012123 
345     0.017320 
346     0.018132 
347     0.018778 
348     0.013804 
349     0.010605 
350     0.012946 
351     0.012898 
352     0.009174 
353     0.009086 
354     0.012167 
355     0.011235 
356     0.009481 
357     0.011251 
358     0.013820 
359     0.015512 
360     0.015566 
361     0.013360 
362     0.014717 
363     0.015757 
364     0.017751 
365     0.015962 
366     0.015268 
367     0.012348 
368     0.011822 
369     0.012071 
370     0.011412 
371     0.008215 
372     0.008978 
373     0.011627 
374     0.010047 
375     0.008476 
376     0.011010 
377     0.012927 
378     0.011564 
379     0.010333 
380     0.013069 
381     0.015708 
382     0.014037 
383     0.012564 
384     0.014363 
385     0.015557 
386     0.014961 
387     0.016549 
388     0.017890 
389     0.017868 
390     0.017844 
391     0.017604 
392     0.016829 
393     0.014849 
394     0.013864 
395     0.013109 
396     0.012072 
397     0.012174 
398     0.012487 
399     0.011558 
400     0.012824 
401     0.013555 
402     0.016873 
403     0.019529 
404     0.024320 
405     0.027675 
406     0.025851 
407     0.025370 
408     0.020538 
409     0.021389 
410     0.017188 
411     0.015369 
412     0.013591 
413     0.014274 
414     0.012664 
415     0.011566 
416     0.013884 
417     0.014993 
418     0.015467 
419     0.017672 
420     0.017878 
421     0.019788 
422     0.019922 
423     0.020805 
424     0.022161 
425     0.024275 
426     0.021927 
427     0.022586 
428     0.020340 
429     0.022495 
430     0.023134 
431     0.024808 
432     0.020731 
433     0.017214 
434     0.014585 
435     0.012036 
436     0.011648 
437     0.010185 
438     0.009951 
439     0.011839 
440     0.011334 
441     0.014058 
442     0.014367 
443     0.016544 
444     0.020023 
445     0.025768 
446     0.028453 
447     0.030285 
448     0.023405 
449     0.027852 
450     0.029250 
451     0.022241 
452     0.020852 
453     0.018604 
454     0.015239 
455     0.013579 
456     0.012089 
457     0.011422 
458     0.010547 
459     0.012697 
460     0.013105 
461     0.016603 
462     0.018859 
463     0.022886 
464     0.023514 
465     0.027552 
466     0.029669 
467     0.028062 
468     0.030420 
469     0.031221 
470     0.026457 
471     0.027150 
472     0.021608 
473     0.021960 
474     0.017174 
475     0.017963 
476     0.014798 
477     0.017018 
478     0.015571 
479     0.018322 
480     0.017525 
481     0.016893 
482     0.013675 
483     0.015397 
484     0.012205 
485     0.015667 
486     0.013201 
487     0.016640 
488     0.016283 
489     0.020948 
490     0.023227 
491     0.029167 
492     0.030767 
493     0.029374 
494     0.029383 
495     0.024500 
496     0.022353 
497     0.018092 
498     0.017474 
499     0.015586 
500     0.017713 
501     0.014686 
502     0.016975 
503     0.012997 
504     0.020246 
505     0.017330 
506     0.018147 
507     0.023124 
508     0.027911 
509     0.025542 
510     0.031276 
511     0.029454 
512     0.020516 
513     0.023510 
514     0.031313 
515     0.025513 
516     0.023186 
517     0.033126 
518     0.037370 
519     0.032927 
520     0.038951 
521     0.050212 
522     0.052358 
523     0.052156 
524     0.067868 
525     0.064820 
526     0.049866 
527     0.059471 
528     0.070077 
529     0.054156 
530     0.049334 
531     0.065999 
532     0.053504 
533     0.038962 
534     0.048272 
535     0.045594 
536     0.029273 
537     0.034113 
538     0.038792 
539     0.028828 
540     0.038448 
541     0.047059 
542     0.034302 
543     0.044760 
544     0.063342 
545     0.061375 
546     0.047516 
547     0.070942 
548     0.084514 
549     0.067322 
550     0.072093 
551     0.099999 
552     0.099356 
553     0.081382 
554     0.098352 
555     0.097080 
556     0.072310 
557     0.061729 
558     0.069862 
559     0.094714 
560     0.090298 
561     0.065893 
562     0.079979 
563     0.100119 
564     0.086641 
565     0.065268 
566     0.084125 
567     0.097482 
568     0.076704 
569     0.067740 
570     0.091207 
571     0.089695 
572     0.064265 
573     0.074053 
574     0.090755 
575     0.077078 
576     0.058440 
577     0.077741 
578     0.079324 
579     0.069902 
580     0.081374 
581     0.071261 
582     0.091565 
583     0.088131 
584     0.062059 
585     0.068663 
586     0.084999 
587     0.070881 
588     0.050512 
589     0.068623 
590     0.075906 
591     0.052422 
592     0.045264 
593     0.064006 
594     0.054295 
595     0.033695 
596     0.041535 
597     0.030741 
598     0.033764 
599     0.043512 
600     0.050430 
601     0.056700 
602     0.067675 
603     0.080297 
604     0.074712 
605     0.084049 
606     0.045360 
607     0.044395 
608     0.042733 
609     0.042435 
610     0.040201 
611     0.040489 
612     0.037253 
613     0.037480 
614     0.036323 
615     0.037401 
616     0.037498 
617     0.035151 
618     0.031203 
619     0.031271 
620     0.029047 
621     0.026252 
622     0.024667 
623     0.025560 
624     0.021054 
625     0.020917 
626     0.023416 
627     0.020538 
628     0.017409 
629     0.019172 
630     0.018189 
631     0.015926 
632     0.014726 
633     0.019114 
634     0.018113 
635     0.015297 
636     0.019039 
637     0.019504 
638     0.014986 
639     0.015065 
640     0.018990 
641     0.017659 
642     0.013590 
643     0.016074 
644     0.018795 
645     0.015880 
646     0.013434 
647     0.017562 
648     0.019429 
649     0.015713 
650     0.015300 
651     0.019597 
652     0.019925 
653     0.016227 
654     0.017386 
655     0.021680 
656     0.020166 
657     0.019162 
658     0.022795 
659     0.027217 
660     0.029660 
661     0.026869 
662     0.029663 
663     0.033576 
664     0.036553 
665     0.034876 
666     0.033270 
667     0.032267 
668     0.027290 
669     0.026568 
670     0.025526 
671     0.029746 
672     0.029674 
673     0.033819 
674     0.034841 
675     0.038824 
676     0.039203 
677     0.043520 
678     0.042467 
679     0.038516 
680     0.036149 
681     0.032287 
682     0.031858 
683     0.027926 
684     0.029133 
685     0.026323 
686     0.027847 
687     0.023321 
688     0.022348 
689     0.025040 
690     0.025412 
691     0.027497 
692     0.030880 
693     0.028270 
694     0.024837 
695     0.028043 
696     0.029850 
697     0.026293 
698     0.023418 
699     0.026547 
700     0.028826 
701     0.025490 
702     0.023426 
703     0.027530 
704     0.028445 
705     0.025029 
706     0.021570 
707     0.023518 
708     0.026746 
709     0.023049 
710     0.021565 
711     0.025737 
712     0.027473 
713     0.022998 
714     0.021693 
715     0.026602 
716     0.023981 
717     0.023583 
718     0.018789 
719     0.018289 
720     0.017407 
721     0.017786 
722     0.015002 
723     0.011406 
724     0.015516 
725     0.015297 
726     0.010627 
727     0.009680 
728     0.014401 
729     0.018116 
730     0.016422 
731     0.017184 
732     0.021346 
733     0.023217 
734     0.020924 
735     0.024241 
736     0.027723 
737     0.025441 
738     0.027104 
739     0.031163 
740     0.034902 
741     0.035888 
742     0.033016 
743     0.034518 
744     0.031951 
745     0.034166 
746     0.031432 
747     0.031736 
748     0.027864 
749     0.027747 
750     0.026926 
751     0.030292 
752     0.035039 
753     0.037511 
754     0.040017 
755     0.036181 
756     0.036165 
757     0.035500 
758     0.036847 
759     0.034865 
760     0.036560 
761     0.035972 
762     0.037156 
763     0.033693 
764     0.036618 
765     0.037969 
766     0.037650 
767     0.038383 
768     0.037693 
769     0.039988 
770     0.040002 
771     0.040539 
772     0.044011 
773     0.044681 
774     0.040826 
775     0.040280 
776     0.037050 
777     0.032141 
778     0.029220 
779     0.028379 
780     0.030849 
781     0.029333 
782     0.032742 
783     0.031988 
784     0.035693 
785     0.033506 
786     0.033975 
787     0.036376 
788     0.032543 
789     0.029967 
790     0.032809 
791     0.029256 
792     0.028165 
793     0.032418 
794     0.031610 
795     0.031785 
796     0.028220 
797     0.025121 
798     0.025490 
799     0.025612 
800     0.021556 
801     0.019063 
802     0.020285 
803     0.019559 
804     0.015065 
805     0.014012 
806     0.016341 
807     0.015393 
808     0.012771 
809     0.014495 
810     0.016222 
811     0.019907 
812     0.024565 
813     0.024163 
814     0.029155 
815     0.030937 
816     0.036018 
817     0.038363 
818     0.049619 
819     0.061722 
820     0.072055 
821     0.086278 
822     0.100763 
823     0.101727 
824     0.087106 
825     0.074323 
826     0.063574 
827     0.049351 
828     0.042663 
829     0.036663 
830     0.034092 
831     0.029742 
832     0.026111 
833     0.022796 
834     0.023466 
835     0.021314 
836     0.019270 
837     0.016084 
838     0.015103 
839     0.014981 
840     0.016361 
841     0.015041 
842     0.012335 
843     0.013217 
844     0.012756 
845     0.012118 
846     0.013048 
847     0.013838 
848     0.013758 
849     0.012266 
850     0.011440 
851     0.010704 
852     0.009961 
853     0.009098 
854     0.009449 
855     0.010403 
856     0.010292 
857     0.010606 
858     0.011446 
859     0.010324 
860     0.009870 
861     0.010878 
862     0.010400 
863     0.011063 
864     0.009755 
865     0.009890 
866     0.009008 
867     0.009532 
868     0.010388 
869     0.011741 
870     0.014652 
871     0.014599 
872     0.014786 
873     0.015031 
874     0.014476 
875     0.015487 
876     0.017417 
877     0.017068 
878     0.015975 
879     0.015895 
880     0.015693 
881     0.015507 
882     0.014793 
883     0.012905 
884     0.011224 
885     0.010955 
886     0.009983 
887     0.010173 
888     0.011455 
889     0.012703 
890     0.014434 
891     0.016306 
892     0.016971 
893     0.015736 
894     0.017164 
895     0.018900 
896     0.019736 
897     0.019776 
898     0.017604 
899     0.016339 
900     0.015080 
901     0.014784 
902     0.013961 
903     0.014471 
904     0.014837 
905     0.015614 
906     0.016337 
907     0.016887 
908     0.016638 
909     0.016855 
910     0.014997 
911     0.013509 
912     0.014903 
913     0.015337 
914     0.016139 
915     0.016376 
916     0.016591 
917     0.016995 
918     0.016151 
919     0.015271 
920     0.015689 
921     0.015704 
922     0.014463 
923     0.013503 
924     0.014335 
925     0.013091 
926     0.012344 
927     0.011425 
928     0.012139 
929     0.014834 
930     0.015616 
931     0.016018 
932     0.016352 
933     0.016819 
934     0.017378 
935     0.017698 
936     0.017815 
937     0.018064 
938     0.017755 
939     0.017547 
940     0.018397 
941     0.018403 
942     0.018976 
943     0.018653 
944     0.018577 
945     0.019025 
946     0.019177 
947     0.018858 
948     0.018719 
949     0.018342 
950     0.018281 
951     0.018090 
952     0.018220 
953     0.017556 
954     0.016984 
955     0.016865 
956     0.016216 
957     0.015658 
958     0.015146 
959     0.014554 
960     0.013717 
961     0.012642 
962     0.012581 
963     0.012171 
964     0.010993 
965     0.010632 
966     0.010749 
967     0.010677 
968     0.008849 
969     0.008936 
970     0.009303 
971     0.008305 
972     0.007757 
973     0.007722 
974     0.007591 
975     0.008227 
976     0.008753 
977     0.008570 
978     0.008937 
979     0.009323 
980     0.009921 
981     0.010019 
982     0.010901 
983     0.011471 
984     0.011178 
985     0.012053 
986     0.013052 
987     0.012480 
988     0.012615 
989     0.013849 
990     0.014017 
991     0.014012 
992     0.014656 
993     0.015824 
994     0.015755 
995     0.016237 
996     0.016332 
997     0.015597 
998     0.014736 
999     0.014420 
1000     0.013602 
1001     0.013216 
1002     0.012654 
1003     0.012246 
1004     0.011538 
1005     0.011092 
1006     0.009981 
1007     0.009620 
1008     0.008875 
1009     0.008834 
1010     0.008602 
1011     0.008898 
1012     0.008145 
1013     0.007638 
1014     0.007580 
1015     0.007791 
1016     0.007968 
1017     0.008639 
1018     0.008612 
1019     0.009585 
1020     0.010637 
1021     0.011300 
1022     0.012027 
1023     0.011215 
1024     0.010980 
1025     0.012083 
1026     0.012197 
1027     0.011474 
1028     0.011882 
1029     0.012382 
1030     0.013736 
1031     0.013877 
1032     0.012764 
1033     0.013408 
1034     0.012418 
1035     0.011501 
1036     0.010679 
1037     0.010158 
1038     0.009428 
1039     0.009595 
1040     0.008964 
1041     0.008918 
1042     0.008407 
1043     0.007968 
1044     0.007379 
1045     0.007646 
1046     0.008143 
1047     0.007713 
1048     0.007171 
1049     0.007763 
1050     0.007959 
1051     0.008805 
1052     0.008758 
1053     0.008674 
1054     0.009535 
1055     0.009843 
1056     0.009316 
1057     0.009659 
1058     0.010496 
1059     0.010424 
1060     0.010426 
1061     0.009985 
1062     0.009570 
1063     0.009537 
1064     0.008928 
1065     0.009612 
1066     0.009296 
1067     0.010414 
1068     0.011247 
1069     0.012121 
1070     0.011470 
1071     0.011728 
1072     0.012783 
1073     0.012598 
1074     0.012120 
1075     0.013024 
1076     0.013939 
1077     0.013271 
1078     0.013758 
1079     0.013873 
1080     0.013436 
1081     0.014203 
1082     0.014853 
1083     0.013597 
1084     0.013112 
1085     0.012093 
1086     0.011632 
1087     0.010683 
1088     0.009931 
1089     0.009552 
1090     0.010381 
1091     0.010946 
1092     0.011940 
1093     0.012059 
1094     0.012029 
1095     0.011692 
1096     0.012098 
1097     0.013258 
1098     0.012788 
1099     0.013490 
1100     0.014245 
1101     0.014341 
1102     0.013170 
1103     0.013389 
1104     0.014041 
1105     0.013161 
1106     0.012320 
1107     0.012883 
1108     0.012732 
1109     0.011627 
1110     0.011528 
1111     0.011978 
1112     0.011366 
1113     0.010394 
1114     0.010752 
1115     0.010282 
1116     0.009478 
1117     0.009470 
1118     0.009533 
1119     0.008737 
1120     0.008219 
1121     0.008568 
1122     0.008204 
1123     0.007385 
1124     0.007182 
1125     0.007860 
1126     0.007970 
1127     0.007587 
1128     0.008367 
1129     0.009472 
1130     0.009576 
1131     0.009275 
1132     0.009937 
1133     0.009960 
1134     0.009880 
1135     0.010313 
1136     0.009614 
1137     0.009019 
1138     0.008614 
1139     0.007817 
1140     0.007613 
1141     0.007770 
1142     0.007913 
1143     0.008087 
1144     0.008412 
1145     0.009362 
1146     0.010090 
1147     0.011151 
1148     0.011930 
1149     0.012360 
1150     0.011664 
1151     0.010984 
1152     0.010242 
1153     0.009291 
1154     0.009674 
1155     0.010685 
1156     0.010268 
1157     0.009828 
1158     0.010973 
1159     0.011550 
1160     0.010851 
1161     0.011102 
1162     0.012329 
1163     0.012232 
1164     0.012431 
1165     0.011735 
1166     0.010851 
1167     0.011134 
1168     0.010299 
1169     0.009883 
1170     0.009682 
1171     0.009091 
1172     0.009303 
1173     0.008599 
1174     0.008963 
1175     0.008715 
1176     0.008917 
1177     0.009527 
1178     0.009474 
1179     0.008557 
1180     0.008519 
1181     0.007888 
1182     0.008355 
1183     0.009043 
1184     0.008576 
1185     0.008220 
1186     0.009063 
1187     0.009384 
1188     0.008677 
1189     0.008789 
1190     0.008140 
1191     0.007580 
1192     0.006871 
1193     0.006978 
1194     0.007359 
1195     0.006905 
1196     0.006346 
1197     0.006711 
1198     0.006998 
1199     0.006520 
1200     0.006214 
1201     0.006773 
1202     0.007027 
1203     0.006507 
1204     0.006510 
1205     0.007190 
1206     0.007259 
1207     0.006942 
1208     0.007103 
1209     0.007877 
1210     0.008124 
1211     0.007378 
1212     0.007201 
1213     0.006394 
1214     0.006322 
1215     0.005618 
1216     0.005407 
1217     0.004730 
1218     0.005057 
1219     0.005448 
1220     0.004615 
1221     0.004321 
1222     0.004945 
1223     0.004848 
1224     0.004127 
1225     0.004381 
1226     0.004947 
1227     0.004379 
1228     0.003881 
1229     0.004595 
1230     0.009244 
1231     0.009653 
1232     0.010044 
1233     0.009891 
1234     0.009908 
1235     0.010103 
1236     0.009985 
1237     0.010078 
1238     0.010554 
1239     0.010968 
1240     0.011030 
1241     0.010545 
1242     0.009568 
1243     0.009014 
1244     0.009193 
1245     0.008994 
1246     0.007867 
1247     0.008346 
1248     0.007806 
1249     0.006879 
1250     0.007086 
1251     0.007021 
1252     0.006393 
1253     0.005645 
1254     0.005960 
1255     0.005087 
1256     0.004529 
1257     0.004151 
1258     0.003159 
1259     0.003779 
1260     0.003715 
1261     0.002664 
1262     0.002979 
1263     0.003652 
1264     0.003161 
1265     0.002352 
1266     0.003092 
1267     0.003415 
1268     0.002480 
1269     0.002313 
1270     0.003137 
1271     0.002869 
1272     0.001842 
1273     0.002444 
1274     0.002883 
1275     0.002181 
1276     0.001648 
1277     0.002611 
1278     0.002521 
1279     0.001477 
1280     0.001882 
1281     0.002075 
1282     0.001641 
1283     0.001132 
1284     0.002160 
1285     0.002242 
1286     0.001970 
1287     0.003109 
1288     0.003543 
1289     0.002965 
1290     0.002346 
1291     0.002206 
1292     0.001284 
1293     0.001301 
1294     0.001428 
1295     0.002062 
1296     0.002153 
1297     0.003003 
1298     0.003264 
1299     0.004337 
1300     0.004247 
1301     0.005414 
1302     0.005662 
1303     0.004722 
1304     0.004471 
1305     0.003493 
1306     0.003480 
1307     0.002737 
1308     0.002848 
1309     0.002246 
1310     0.002274 
1311     0.002207 
1312     0.003030 
1313     0.003964 
1314     0.005170 
1315     0.006128 
1316     0.007280 
1317     0.007725 
1318     0.006718 
1319     0.006761 
1320     0.007885 
1321     0.007912 
1322     0.006839 
1323     0.006828 
1324     0.008002 
1325     0.008056 
1326     0.007227 
1327     0.007936 
1328     0.009020 
1329     0.008955 
1330     0.008000 
1331     0.008613 
1332     0.009856 
1333     0.009554 
1334     0.009247 
1335     0.010215 
1336     0.011083 
1337     0.010347 
1338     0.010389 
1339     0.011542 
1340     0.011225 
1341     0.010389 
1342     0.009569 
1343     0.009164 
1344     0.008233 
1345     0.008079 
1346     0.007846 
1347     0.007043 
1348     0.006863 
1349     0.006895 
1350     0.006401 
1351     0.005306 
1352     0.005398 
1353     0.006169 
1354     0.005643 
1355     0.004722 
1356     0.005219 
1357     0.005950 
1358     0.005158 
1359     0.004709 
1360     0.005714 
1361     0.005347 
1362     0.004479 
1363     0.005123 
1364     0.006262 
1365     0.006470 
1366     0.005916 
1367     0.006020 
1368     0.005495 
1369     0.005555 
1370     0.005106 
1371     0.005068 
1372     0.004611 
1373     0.003712 
1374     0.004224 
1375     0.005432 
1376     0.005999 
1377     0.006040 
1378     0.007266 
1379     0.006996 
1380     0.006512 
1381     0.006859 
1382     0.006978 
1383     0.007052 
1384     0.007340 
1385     0.007615 
1386     0.007759 
1387     0.007643 
1388     0.008852 
1389     0.009578 
1390     0.009202 
1391     0.008709 
1392     0.008589 
1393     0.008482 
1394     0.008424 
1395     0.007889 
1396     0.008128 
1397     0.007724 
1398     0.006483 
1399     0.005977 
1400     0.004778 
1401     0.003892 
1402     0.003418 
1403     0.003818 
1404     0.004001 
1405     0.004131 
1406     0.004566 
1407     0.004599 
1408     0.005284 
1409     0.004583 
1410     0.005018 
1411     0.004947 
1412     0.004154 
1413     0.003545 
1414     0.003249 
1415     0.002174 
1416     0.002127 
1417     0.002564 
1418     0.001999 
1419     0.002173 
1420     0.001760 
1421     0.001189 
1422     0.001205 
1423     0.001486 
1424     0.001832 
1425     0.001787 
1426     0.001571 
1427     0.002322 
1428     0.002856 
1429     0.002766 
1430     0.002331 
1431     0.003296 
1432     0.003752 
1433     0.002726 
1434     0.002505 
1435     0.001691 
1436     0.001569 
1437     0.001304 
1438     0.001725 
1439     0.002063 
1440     0.003250 
1441     0.003954 
1442     0.006239 
1443     0.008609 
1444     0.010456 
1445     0.013126 
1446     0.015754 
1447     0.016081 
1448     0.013396 
1449     0.011096 
1450     0.009037 
1451     0.006542 
1452     0.004736 
1453     0.003342 
1454     0.003059 
1455     0.002496 
1456     0.002263 
1457     0.002537 
1458     0.003359 
1459     0.002655 
1460     0.003264 
1461     0.003696 
1462     0.004471 
1463     0.004434 
1464     0.004141 
1465     0.004867 
1466     0.005615 
1467     0.006011 
1468     0.006503 
1469     0.006112 
1470     0.005915 
1471     0.006372 
1472     0.006768 
1473     0.006322 
1474     0.005598 
1475     0.005824 
1476     0.006169 
1477     0.005539 
1478     0.005063 
1479     0.005471 
1480     0.005493 
1481     0.004691 
1482     0.004791 
1483     0.005446 
1484     0.005349 
1485     0.006207 
1486     0.006278 
1487     0.007081 
1488     0.006845 
1489     0.006502 
1490     0.006482 
1491     0.006262 
1492     0.005860 
1493     0.005537 
1494     0.005270 
1495     0.004960 
1496     0.004967 
1497     0.004785 
1498     0.004413 
1499     0.004145 
1500     0.003639 
1501     0.003668 
1502     0.003910 
1503     0.004016 
1504     0.004430 
1505     0.004673 
1506     0.004979 
1507     0.005202 
1508     0.005589 
1509     0.005789 
1510     0.006217 
1511     0.006561 
1512     0.006442 
1513     0.006104 
1514     0.006151 
1515     0.006303 
1516     0.005805 
1517     0.005696 
1518     0.005830 
1519     0.005663 
1520     0.005226 
1521     0.004852 
1522     0.004668 
1523     0.004883 
1524     0.004746 
1525     0.004511 
1526     0.004446 
1527     0.004217 
1528     0.003913 
1529     0.003671 
1530     0.003373 
1531     0.003356 
1532     0.003519 
1533     0.003090 
1534     0.003432 
1535     0.003548 
1536     0.003646 
1537     0.004099 
1538     0.004108 
1539     0.003915 
1540     0.004108 
1541     0.004028 
1542     0.004123 
1543     0.004396 
1544     0.004287 
1545     0.004311 
1546     0.004427 
1547     0.004817 
1548     0.004850 
1549     0.005254 
1550     0.005189 
1551     0.005233 
1552     0.004956 
1553     0.004468 
1554     0.004241 
1555     0.003938 
1556     0.003706 
1557     0.003450 
1558     0.003259 
1559     0.003115 
1560     0.002797 
1561     0.002764 
1562     0.002503 
1563     0.002819 
1564     0.002824 
1565     0.003028 
1566     0.003093 
1567     0.002894 
1568     0.003125 
1569     0.003392 
1570     0.003278 
1571     0.003173 
1572     0.003344 
1573     0.003383 
1574     0.003600 
1575     0.003722 
1576     0.003823 
1577     0.003971 
1578     0.004083 
1579     0.004045 
1580     0.004255 
1581     0.004505 
1582     0.004453 
1583     0.004403 
1584     0.004878 
1585     0.004965 
1586     0.004729 
1587     0.004910 
1588     0.005361 
1589     0.005261 
1590     0.005027 
1591     0.005509 
1592     0.005826 
1593     0.005640 
1594     0.005594 
1595     0.006119 
1596     0.006227 
1597     0.006065 
1598     0.006576 
1599     0.006323 
1600     0.005820 
1601     0.006114 
1602     0.006406 
1603     0.005929 
1604     0.005530 
1605     0.005981 
1606     0.005968 
1607     0.005584 
1608     0.005053 
1609     0.005005 
1610     0.004788 
1611     0.004545 
1612     0.004227 
1613     0.004189 
1614     0.003916 
1615     0.003454 
1616     0.003262 
1617     0.003384 
1618     0.003304 
1619     0.002867 
1620     0.002969 
1621     0.003365 
1622     0.003211 
1623     0.003223 
1624     0.003805 
1625     0.003959 
1626     0.003718 
1627     0.004017 
1628     0.004508 
1629     0.004346 
1630     0.004418 
1631     0.004100 
1632     0.004115 
1633     0.003485 
1634     0.003149 
1635     0.003329 
1636     0.004057 
1637     0.004176 
1638     0.004926 
1639     0.005018 
1640     0.005193 
1641     0.004832 
1642     0.004802 
1643     0.004096 
1644     0.003984 
1645     0.003364 
1646     0.003482 
1647     0.003606 
1648     0.002915 
1649     0.002645 
1650     0.003113 
1651     0.002763 
1652     0.002120 
1653     0.001800 
1654     0.001798 
1655     0.001203 
1656     0.000941 
1657     0.000982 
1658     0.001114 
1659     0.001757 
1660     0.001930 
1661     0.002642 
1662     0.003113 
1663     0.003630 
1664     0.004293 
1665     0.005101 
1666     0.005002 
1667     0.004651 
1668     0.004673 
1669     0.004451 
1670     0.003855 
1671     0.003670 
1672     0.003695 
1673     0.003454 
1674     0.002931 
1675     0.002641 
1676     0.002414 
1677     0.002016 
1678     0.001547 
1679     0.001545 
1680     0.001861 
1681     0.001434 
1682     0.001180 
1683     0.001598 
1684     0.001651 
1685     0.002256 
1686     0.002479 
1687     0.002997 
1688     0.003560 
1689     0.003843 
1690     0.004519 
1691     0.004687 
1692     0.004980 
1693     0.004316 
1694     0.003804 
1695     0.003615 
1696     0.003433 
1697     0.003232 
1698     0.002830 
1699     0.002658 
1700     0.002346 
1701     0.002493 
1702     0.001861 
1703     0.001797 
1704     0.002290 
1705     0.002407 
1706     0.001750 
1707     0.001520 
1708     0.001325 
1709     0.001776 
1710     0.001917 
1711     0.002586 
1712     0.002334 
1713     0.003097 
1714     0.003188 
1715     0.002794 
1716     0.002334 
1717     0.001687 
1718     0.001229 
1719     0.001267 
1720     0.001506 
1721     0.001590 
1722     0.001404 
1723     0.001716 
1724     0.002341 
1725     0.002666 
1726     0.002306 
1727     0.002605 
1728     0.003375 
1729     0.003060 
1730     0.002812 
1731     0.003572 
1732     0.003735 
1733     0.003229 
1734     0.003638 
1735     0.004268 
1736     0.003899 
1737     0.003698 
1738     0.004434 
1739     0.004565 
1740     0.004006 
1741     0.004346 
1742     0.005032 
1743     0.004808 
1744     0.004557 
1745     0.005217 
1746     0.005652 
1747     0.005335 
1748     0.005458 
1749     0.006049 
1750     0.006405 
1751     0.005839 
1752     0.005380 
1753     0.005496 
1754     0.005081 
1755     0.004425 
1756     0.003917 
1757     0.003246 
1758     0.002789 
1759     0.002095 
1760     0.002098 
1761     0.001913 
1762     0.001700 
1763     0.001978 
1764     0.002457 
1765     0.002539 
1766     0.003125 
1767     0.003506 
1768     0.004115 
1769     0.003894 
1770     0.004317 
1771     0.004412 
1772     0.003992 
1773     0.004396 
1774     0.004865 
1775     0.004901 
1776     0.004360 
1777     0.004574 
1778     0.004558 
1779     0.004816 
1780     0.005447 
1781     0.005621 
1782     0.005561 
1783     0.006142 
1784     0.006606 
1785     0.006668 
1786     0.006862 
1787     0.007494 
1788     0.007285 
1789     0.007352 
1790     0.006593 
1791     0.006359 
1792     0.006350 
1793     0.005639 
1794     0.005600 
1795     0.005019 
1796     0.004578 
1797     0.004162 
1798     0.003486 
1799     0.003049 
1800     0.002359 
1801     0.002366 
1802     0.001844 
1803     0.001829 
1804     0.001724 
1805     0.002156 
1806     0.002496 
1807     0.002249 
1808     0.002262 
1809     0.002798 
1810     0.003039 
1811     0.002853 
1812     0.003069 
1813     0.003817 
1814     0.004515 
1815     0.004292 
1816     0.004799 
1817     0.004046 
1818     0.003846 
1819     0.004617 
1820     0.004556 
1821     0.003608 
1822     0.004063 
1823     0.004735 
1824     0.004256 
1825     0.003887 
1826     0.004579 
1827     0.005000 
1828     0.004462 
1829     0.004206 
1830     0.004966 
1831     0.005111 
1832     0.004386 
1833     0.004285 
1834     0.004905 
1835     0.005518 
1836     0.006409 
1837     0.006618 
1838     0.007273 
1839     0.007362 
1840     0.006926 
1841     0.007147 
1842     0.006717 
1843     0.006090 
1844     0.006390 
1845     0.006657 
1846     0.005939 
1847     0.005713 
1848     0.006644 
1849     0.006405 
1850     0.005348 
1851     0.006291 
1852     0.007251 
1853     0.006170 
