  1     0.008559 
  2     0.008747 
  3     0.008487 
  4     0.008824 
  5     0.008767 
  6     0.009036 
  7     0.009500 
  8     0.009767 
  9     0.011131 
 10     0.011474 
 11     0.013024 
 12     0.012077 
 13     0.010925 
 14     0.010062 
 15     0.009304 
 16     0.008891 
 17     0.008637 
 18     0.008655 
 19     0.008861 
 20     0.009066 
 21     0.009467 
 22     0.009719 
 23     0.009208 
 24     0.008982 
 25     0.008767 
 26     0.008442 
 27     0.008132 
 28     0.007957 
 29     0.007728 
 30     0.007412 
 31     0.008209 
 32     0.007887 
 33     0.008176 
 34     0.008706 
 35     0.009484 
 36     0.009167 
 37     0.009353 
 38     0.010303 
 39     0.009232 
 40     0.008784 
 41     0.007298 
 42     0.009327 
 43     0.009742 
 44     0.011769 
 45     0.015321 
 46     0.014817 
 47     0.012154 
 48     0.010806 
 49     0.008405 
 50     0.008666 
 51     0.008280 
 52     0.006796 
 53     0.006944 
 54     0.006121 
 55     0.006078 
 56     0.006419 
 57     0.008231 
 58     0.007068 
 59     0.012385 
 60     0.011752 
 61     0.007702 
 62     0.006296 
 63     0.005907 
 64     0.006665 
 65     0.006276 
 66     0.008943 
 67     0.009983 
 68     0.012864 
 69     0.012345 
 70     0.013034 
 71     0.015029 
 72     0.015094 
 73     0.014317 
 74     0.015680 
 75     0.018899 
 76     0.020851 
 77     0.020474 
 78     0.023364 
 79     0.023365 
 80     0.023871 
 81     0.020378 
 82     0.018744 
 83     0.020693 
 84     0.020394 
 85     0.016962 
 86     0.016261 
 87     0.017615 
 88     0.016172 
 89     0.012976 
 90     0.009815 
 91     0.008593 
 92     0.009643 
 93     0.012756 
 94     0.014974 
 95     0.018215 
 96     0.018537 
 97     0.021258 
 98     0.022856 
 99     0.022237 
100     0.019506 
101     0.017168 
102     0.014623 
103     0.011730 
104     0.010308 
105     0.008838 
106     0.009008 
107     0.009780 
108     0.011645 
109     0.013164 
110     0.012663 
111     0.014354 
112     0.012704 
113     0.012289 
114     0.011217 
115     0.010128 
116     0.010767 
117     0.010194 
118     0.010179 
119     0.009940 
120     0.009693 
121     0.009101 
122     0.008249 
123     0.008904 
124     0.008299 
125     0.007972 
126     0.007860 
127     0.008047 
128     0.007680 
129     0.007183 
130     0.007277 
131     0.007449 
132     0.007164 
133     0.007602 
134     0.007796 
135     0.007791 
136     0.008439 
137     0.009006 
138     0.009236 
139     0.009663 
140     0.009755 
141     0.010006 
142     0.010798 
143     0.011574 
144     0.011250 
145     0.011651 
146     0.012060 
147     0.012204 
148     0.012605 
149     0.011997 
150     0.011888 
151     0.011793 
152     0.011705 
153     0.012055 
154     0.011174 
155     0.010788 
156     0.011142 
157     0.010689 
158     0.009902 
159     0.010159 
160     0.010266 
161     0.009470 
162     0.009161 
163     0.008990 
164     0.009713 
165     0.010158 
166     0.010499 
167     0.010837 
168     0.010458 
169     0.009652 
170     0.010134 
171     0.010353 
172     0.009795 
173     0.009309 
174     0.008956 
175     0.009336 
176     0.008413 
177     0.007920 
178     0.008732 
179     0.008661 
180     0.007637 
181     0.007488 
182     0.006736 
183     0.006476 
184     0.007443 
185     0.006876 
186     0.005241 
187     0.004943 
188     0.006113 
189     0.007115 
190     0.007884 
191     0.009724 
192     0.010247 
193     0.012200 
194     0.011873 
195     0.013410 
196     0.011450 
197     0.011879 
198     0.014851 
199     0.015405 
200     0.015034 
201     0.013378 
202     0.012240 
203     0.010590 
204     0.009526 
205     0.008192 
206     0.006762 
207     0.005696 
208     0.004081 
209     0.003087 
210     0.003212 
211     0.004104 
212     0.004225 
213     0.003572 
214     0.004777 
215     0.005415 
216     0.007106 
217     0.007619 
218     0.009072 
219     0.008257 
220     0.009594 
221     0.011045 
222     0.013083 
223     0.016268 
224     0.019103 
225     0.020695 
226     0.022353 
227     0.022198 
228     0.021069 
229     0.019054 
230     0.024552 
231     0.032391 
232     0.029805 
233     0.022205 
234     0.030607 
235     0.038126 
236     0.027186 
237     0.018769 
238     0.033150 
239     0.037571 
240     0.020983 
241     0.015727 
242     0.032365 
243     0.036450 
244     0.022988 
245     0.016715 
246     0.037283 
247     0.044286 
248     0.032840 
249     0.016641 
250     0.017993 
251     0.025700 
252     0.034423 
253     0.047729 
254     0.062578 
255     0.062753 
256     0.070796 
257     0.066259 
258     0.048714 
259     0.042774 
260     0.049313 
261     0.045319 
262     0.025138 
263     0.023807 
264     0.029989 
265     0.029959 
266     0.015837 
267     0.010699 
268     0.022620 
269     0.030380 
270     0.023957 
271     0.019509 
272     0.034586 
273     0.042491 
274     0.032053 
275     0.035814 
276     0.059017 
277     0.070289 
278     0.065435 
279     0.057455 
280     0.058859 
281     0.044461 
282     0.057056 
283     0.054808 
284     0.073642 
285     0.075852 
286     0.054385 
287     0.057596 
288     0.071456 
289     0.070221 
290     0.081320 
291     0.078304 
292     0.089579 
293     0.079251 
294     0.060119 
295     0.064276 
296     0.048249 
297     0.057757 
298     0.050409 
299     0.061500 
300     0.052599 
301     0.061050 
302     0.059805 
303     0.071252 
304     0.058446 
305     0.049812 
306     0.064022 
307     0.064738 
308     0.052451 
309     0.055784 
310     0.070498 
311     0.052797 
312     0.034523 
313     0.026899 
314     0.030667 
315     0.030130 
316     0.021352 
317     0.022908 
318     0.024053 
319     0.018088 
320     0.014815 
321     0.014466 
322     0.013515 
323     0.010651 
324     0.008895 
325     0.009899 
326     0.009866 
327     0.008055 
328     0.008850 
329     0.009878 
330     0.010794 
331     0.010269 
332     0.009040 
333     0.009190 
334     0.008746 
335     0.007783 
336     0.008568 
337     0.010779 
338     0.010045 
339     0.010884 
340     0.010438 
341     0.009100 
342     0.008250 
343     0.011804 
344     0.012378 
345     0.014465 
346     0.018112 
347     0.023299 
348     0.028609 
349     0.023582 
350     0.023598 
351     0.026487 
352     0.027566 
353     0.022004 
354     0.020950 
355     0.025576 
356     0.024503 
357     0.016090 
358     0.016672 
359     0.015246 
360     0.016999 
361     0.014069 
362     0.010626 
363     0.010790 
364     0.010067 
365     0.009789 
366     0.009750 
367     0.009616 
368     0.009998 
369     0.009386 
370     0.009405 
371     0.009299 
372     0.009230 
373     0.008745 
374     0.008755 
375     0.008994 
376     0.009089 
377     0.009601 
378     0.009211 
379     0.009434 
380     0.009538 
381     0.010630 
382     0.011316 
383     0.010311 
384     0.010862 
385     0.013011 
386     0.012039 
387     0.009376 
388     0.018714 
389     0.018114 
390     0.020152 
391     0.022445 
392     0.023933 
393     0.022818 
394     0.022429 
395     0.020618 
396     0.019034 
397     0.022598 
398     0.020646 
399     0.020828 
400     0.019203 
401     0.017705 
402     0.015049 
403     0.015634 
404     0.012955 
405     0.007738 
406     0.009837 
407     0.007532 
408     0.012111 
409     0.016482 
410     0.018330 
411     0.021303 
412     0.022170 
413     0.021041 
414     0.021198 
415     0.020337 
416     0.022082 
417     0.025161 
418     0.026386 
419     0.025308 
420     0.025483 
421     0.027187 
422     0.027556 
423     0.027420 
424     0.026390 
425     0.028939 
426     0.027011 
427     0.030129 
428     0.030488 
429     0.029427 
430     0.033544 
431     0.038962 
432     0.040100 
433     0.034968 
434     0.034970 
435     0.030397 
436     0.026701 
437     0.021942 
438     0.021111 
439     0.017952 
440     0.019142 
441     0.017207 
442     0.018658 
443     0.016542 
444     0.015189 
445     0.010507 
446     0.008026 
447     0.004176 
448     0.009025 
449     0.007245 
450     0.007530 
451     0.012182 
452     0.015358 
453     0.016304 
454     0.019325 
455     0.018625 
456     0.019153 
457     0.021732 
458     0.023722 
459     0.028220 
460     0.030776 
461     0.036354 
462     0.037706 
463     0.042879 
464     0.044656 
465     0.044227 
466     0.042622 
467     0.037299 
468     0.035834 
469     0.039731 
470     0.038208 
471     0.036691 
472     0.031941 
473     0.031224 
474     0.026190 
475     0.027505 
476     0.025524 
477     0.026781 
478     0.026805 
479     0.024783 
480     0.022826 
481     0.022980 
482     0.025760 
483     0.026295 
484     0.025649 
485     0.026575 
486     0.024553 
487     0.027086 
488     0.027988 
489     0.033262 
490     0.036668 
491     0.041367 
492     0.044562 
493     0.044466 
494     0.043110 
495     0.038420 
496     0.034690 
497     0.029491 
498     0.027356 
499     0.024161 
500     0.025536 
501     0.024028 
502     0.025660 
503     0.025484 
504     0.026219 
505     0.024015 
506     0.021677 
507     0.020975 
508     0.024017 
509     0.026029 
510     0.023071 
511     0.019691 
512     0.022030 
513     0.022974 
514     0.018602 
515     0.016919 
516     0.020598 
517     0.019833 
518     0.014168 
519     0.015562 
520     0.020906 
521     0.019302 
522     0.015359 
523     0.019006 
524     0.021696 
525     0.016980 
526     0.012216 
527     0.018343 
528     0.020048 
529     0.014145 
530     0.013264 
531     0.019280 
532     0.020739 
533     0.014192 
534     0.016681 
535     0.019234 
536     0.019411 
537     0.018128 
538     0.018418 
539     0.017748 
540     0.020245 
541     0.020912 
542     0.016526 
543     0.016169 
544     0.020730 
545     0.018872 
546     0.012960 
547     0.014718 
548     0.016417 
549     0.011492 
550     0.006436 
551     0.011329 
552     0.009489 
553     0.003074 
554     0.005536 
555     0.011773 
556     0.011671 
557     0.010802 
558     0.017939 
559     0.020732 
560     0.020815 
561     0.013251 
562     0.012023 
563     0.017353 
564     0.012815 
565     0.006579 
566     0.012168 
567     0.014331 
568     0.009311 
569     0.011819 
570     0.017078 
571     0.014812 
572     0.014277 
573     0.019001 
574     0.020143 
575     0.018000 
576     0.020337 
577     0.024708 
578     0.022961 
579     0.023212 
580     0.020267 
581     0.020145 
582     0.016879 
583     0.014918 
584     0.015803 
585     0.014716 
586     0.010681 
587     0.009811 
588     0.010659 
589     0.007569 
590     0.002983 
591     0.003925 
592     0.007567 
593     0.007544 
594     0.007501 
595     0.008631 
596     0.016305 
597     0.016434 
598     0.009794 
599     0.016337 
600     0.021495 
601     0.015633 
602     0.016791 
603     0.025312 
604     0.019519 
605     0.026012 
606     0.052747 
607     0.055132 
608     0.053364 
609     0.044875 
610     0.035618 
611     0.027866 
612     0.021828 
613     0.012740 
614     0.012733 
615     0.010950 
616     0.014715 
617     0.024393 
618     0.019590 
619     0.023941 
620     0.033348 
621     0.029636 
622     0.027369 
623     0.037107 
624     0.038891 
625     0.031029 
626     0.039077 
627     0.046838 
628     0.039364 
629     0.041235 
630     0.051908 
631     0.055833 
632     0.044318 
633     0.040851 
634     0.034008 
635     0.027412 
636     0.023804 
637     0.020185 
638     0.016884 
639     0.014536 
640     0.012460 
641     0.010200 
642     0.006800 
643     0.003934 
644     0.007053 
645     0.003777 
646     0.001094 
647     0.004606 
648     0.004016 
649     0.001798 
650     0.005959 
651     0.006020 
652     0.003718 
653     0.010205 
654     0.007773 
655     0.004202 
656     0.009160 
657     0.005352 
658     0.005237 
659     0.007626 
660     0.010313 
661     0.006362 
662     0.008650 
663     0.013658 
664     0.014111 
665     0.014366 
666     0.012119 
667     0.012947 
668     0.009176 
669     0.011126 
670     0.013174 
671     0.018675 
672     0.021928 
673     0.027737 
674     0.032425 
675     0.039366 
676     0.044648 
677     0.051034 
678     0.046928 
679     0.044419 
680     0.037654 
681     0.031880 
682     0.026599 
683     0.020106 
684     0.018268 
685     0.013719 
686     0.014130 
687     0.008932 
688     0.011156 
689     0.014533 
690     0.017763 
691     0.026527 
692     0.030588 
693     0.030153 
694     0.021971 
695     0.018413 
696     0.021047 
697     0.019591 
698     0.013206 
699     0.009448 
700     0.010998 
701     0.014169 
702     0.010670 
703     0.008020 
704     0.014363 
705     0.022357 
706     0.021152 
707     0.025827 
708     0.030749 
709     0.035237 
710     0.037670 
711     0.043065 
712     0.047398 
713     0.049013 
714     0.050401 
715     0.054801 
716     0.056489 
717     0.044811 
718     0.045569 
719     0.041400 
720     0.031833 
721     0.031224 
722     0.035574 
723     0.029881 
724     0.024009 
725     0.022996 
726     0.024064 
727     0.020846 
728     0.013892 
729     0.015503 
730     0.020689 
731     0.013604 
732     0.009813 
733     0.016520 
734     0.022877 
735     0.022977 
736     0.025010 
737     0.032389 
738     0.035531 
739     0.033057 
740     0.032439 
741     0.030152 
742     0.024989 
743     0.025588 
744     0.021167 
745     0.026176 
746     0.022848 
747     0.025715 
748     0.022611 
749     0.020009 
750     0.026148 
751     0.033334 
752     0.039162 
753     0.037793 
754     0.045549 
755     0.040236 
756     0.035224 
757     0.031630 
758     0.030705 
759     0.023917 
760     0.024760 
761     0.020765 
762     0.023619 
763     0.017376 
764     0.014873 
765     0.009937 
766     0.015517 
767     0.023041 
768     0.027654 
769     0.035975 
770     0.040412 
771     0.042606 
772     0.048468 
773     0.049035 
774     0.040884 
775     0.039057 
776     0.029408 
777     0.021675 
778     0.017828 
779     0.016680 
780     0.021096 
781     0.019914 
782     0.027618 
783     0.031427 
784     0.037323 
785     0.040144 
786     0.043632 
787     0.052504 
788     0.052953 
789     0.045658 
790     0.046831 
791     0.044000 
792     0.038361 
793     0.038634 
794     0.038630 
795     0.031261 
796     0.032897 
797     0.034381 
798     0.029074 
799     0.028198 
800     0.029409 
801     0.025393 
802     0.019857 
803     0.022298 
804     0.023397 
805     0.015311 
806     0.012357 
807     0.012651 
808     0.011448 
809     0.006686 
810     0.004123 
811     0.004669 
812     0.009571 
813     0.013288 
814     0.019333 
815     0.022639 
816     0.020870 
817     0.011039 
818     0.011343 
819     0.023578 
820     0.045725 
821     0.063348 
822     0.090187 
823     0.091838 
824     0.068753 
825     0.045374 
826     0.033842 
827     0.019333 
828     0.017849 
829     0.022972 
830     0.024791 
831     0.018987 
832     0.019571 
833     0.014651 
834     0.012809 
835     0.006385 
836     0.008142 
837     0.011466 
838     0.013149 
839     0.011833 
840     0.013261 
841     0.013162 
842     0.010775 
843     0.010442 
844     0.012386 
845     0.013679 
846     0.010749 
847     0.007710 
848     0.003441 
849     0.006651 
850     0.009608 
851     0.007545 
852     0.007195 
853     0.010958 
854     0.010546 
855     0.008636 
856     0.009575 
857     0.010421 
858     0.009668 
859     0.010261 
860     0.012453 
861     0.011638 
862     0.011702 
863     0.009080 
864     0.007511 
865     0.005482 
866     0.002944 
867     0.003688 
868     0.006181 
869     0.005710 
870     0.008405 
871     0.008250 
872     0.009718 
873     0.008097 
874     0.008929 
875     0.007897 
876     0.008933 
877     0.010261 
878     0.011013 
879     0.011073 
880     0.011578 
881     0.009600 
882     0.008566 
883     0.006933 
884     0.006196 
885     0.004591 
886     0.005568 
887     0.003307 
888     0.003983 
889     0.006803 
890     0.009960 
891     0.013374 
892     0.014373 
893     0.011459 
894     0.014632 
895     0.017404 
896     0.018180 
897     0.017856 
898     0.013103 
899     0.012405 
900     0.009939 
901     0.010001 
902     0.009389 
903     0.011896 
904     0.012464 
905     0.013873 
906     0.015963 
907     0.016727 
908     0.014649 
909     0.013755 
910     0.011872 
911     0.013046 
912     0.012562 
913     0.012396 
914     0.012739 
915     0.012508 
916     0.011401 
917     0.010893 
918     0.008797 
919     0.007324 
920     0.008795 
921     0.010848 
922     0.009158 
923     0.004765 
924     0.008003 
925     0.006249 
926     0.006080 
927     0.008521 
928     0.009996 
929     0.010414 
930     0.011425 
931     0.013105 
932     0.014105 
933     0.016086 
934     0.016289 
935     0.016269 
936     0.018966 
937     0.018649 
938     0.019723 
939     0.018043 
940     0.017836 
941     0.014786 
942     0.017197 
943     0.018105 
944     0.015470 
945     0.014750 
946     0.016691 
947     0.016832 
948     0.015488 
949     0.013232 
950     0.011570 
951     0.010951 
952     0.008050 
953     0.008069 
954     0.007645 
955     0.006427 
956     0.004744 
957     0.006616 
958     0.007291 
959     0.004352 
960     0.004056 
961     0.004910 
962     0.004351 
963     0.001754 
964     0.002068 
965     0.002304 
966     0.004441 
967     0.003370 
968     0.003307 
969     0.006803 
970     0.007760 
971     0.008466 
972     0.008422 
973     0.009082 
974     0.008441 
975     0.006303 
976     0.007551 
977     0.008413 
978     0.005687 
979     0.005645 
980     0.007879 
981     0.007026 
982     0.006197 
983     0.007912 
984     0.009092 
985     0.008847 
986     0.010214 
987     0.011310 
988     0.012869 
989     0.013567 
990     0.013541 
991     0.015053 
992     0.015503 
993     0.016215 
994     0.016189 
995     0.018295 
996     0.019141 
997     0.017077 
998     0.016932 
999     0.017505 
1000     0.015215 
1001     0.014619 
1002     0.015386 
1003     0.015425 
1004     0.012056 
1005     0.013048 
1006     0.013144 
1007     0.014261 
1008     0.014143 
1009     0.014382 
1010     0.014217 
1011     0.014813 
1012     0.013884 
1013     0.013040 
1014     0.013420 
1015     0.012899 
1016     0.013202 
1017     0.013322 
1018     0.013691 
1019     0.014588 
1020     0.014794 
1021     0.016694 
1022     0.018688 
1023     0.017616 
1024     0.017363 
1025     0.019986 
1026     0.021496 
1027     0.020116 
1028     0.020968 
1029     0.022883 
1030     0.026947 
1031     0.025292 
1032     0.021004 
1033     0.021734 
1034     0.018933 
1035     0.017109 
1036     0.014694 
1037     0.014103 
1038     0.012987 
1039     0.014385 
1040     0.013942 
1041     0.015985 
1042     0.014201 
1043     0.013040 
1044     0.011433 
1045     0.011441 
1046     0.011895 
1047     0.010846 
1048     0.009241 
1049     0.009923 
1050     0.008652 
1051     0.009405 
1052     0.009831 
1053     0.009163 
1054     0.007746 
1055     0.011001 
1056     0.013061 
1057     0.013464 
1058     0.013803 
1059     0.017729 
1060     0.016883 
1061     0.015920 
1062     0.014180 
1063     0.014439 
1064     0.013832 
1065     0.014837 
1066     0.014823 
1067     0.015125 
1068     0.018611 
1069     0.012354 
1070     0.014529 
1071     0.016758 
1072     0.015046 
1073     0.014984 
1074     0.016755 
1075     0.018275 
1076     0.017366 
1077     0.016851 
1078     0.018904 
1079     0.019649 
1080     0.019415 
1081     0.021754 
1082     0.023587 
1083     0.021189 
1084     0.019554 
1085     0.017682 
1086     0.015047 
1087     0.014170 
1088     0.011017 
1089     0.012453 
1090     0.014864 
1091     0.012431 
1092     0.011679 
1093     0.011482 
1094     0.011436 
1095     0.008709 
1096     0.004805 
1097     0.007641 
1098     0.004858 
1099     0.011547 
1100     0.016707 
1101     0.028371 
1102     0.026890 
1103     0.023738 
1104     0.036655 
1105     0.036517 
1106     0.028396 
1107     0.035912 
1108     0.041858 
1109     0.034307 
1110     0.033691 
1111     0.043736 
1112     0.042843 
1113     0.035802 
1114     0.041475 
1115     0.044550 
1116     0.036571 
1117     0.034617 
1118     0.042145 
1119     0.040115 
1120     0.033340 
1121     0.037683 
1122     0.042810 
1123     0.037359 
1124     0.034939 
1125     0.041375 
1126     0.041889 
1127     0.035042 
1128     0.031994 
1129     0.033626 
1130     0.032813 
1131     0.028643 
1132     0.026770 
1133     0.022525 
1134     0.015793 
1135     0.009640 
1136     0.007526 
1137     0.007318 
1138     0.009387 
1139     0.012348 
1140     0.008609 
1141     0.011323 
1142     0.011504 
1143     0.012107 
1144     0.016856 
1145     0.017397 
1146     0.021136 
1147     0.023504 
1148     0.022969 
1149     0.027839 
1150     0.028132 
1151     0.025903 
1152     0.020603 
1153     0.017202 
1154     0.017471 
1155     0.021898 
1156     0.023472 
1157     0.020572 
1158     0.024794 
1159     0.031072 
1160     0.028257 
1161     0.028279 
1162     0.035730 
1163     0.036330 
1164     0.039171 
1165     0.038492 
1166     0.031703 
1167     0.035213 
1168     0.034851 
1169     0.029478 
1170     0.030835 
1171     0.027495 
1172     0.025248 
1173     0.021712 
1174     0.018025 
1175     0.017342 
1176     0.014823 
1177     0.021863 
1178     0.020181 
1179     0.018630 
1180     0.024441 
1181     0.022361 
1182     0.022864 
1183     0.028672 
1184     0.030462 
1185     0.027978 
1186     0.033643 
1187     0.039177 
1188     0.038069 
1189     0.044511 
1190     0.042251 
1191     0.034140 
1192     0.028708 
1193     0.022986 
1194     0.027901 
1195     0.027140 
1196     0.017707 
1197     0.016142 
1198     0.019590 
1199     0.017426 
1200     0.009066 
1201     0.011830 
1202     0.015059 
1203     0.012182 
1204     0.008936 
1205     0.011643 
1206     0.013295 
1207     0.012020 
1208     0.011069 
1209     0.012978 
1210     0.014400 
1211     0.012692 
1212     0.012558 
1213     0.011503 
1214     0.012351 
1215     0.008077 
1216     0.008287 
1217     0.006746 
1218     0.009794 
1219     0.013152 
1220     0.009915 
1221     0.010450 
1222     0.009925 
1223     0.009159 
1224     0.009566 
1225     0.007657 
1226     0.006781 
1227     0.009129 
1228     0.006653 
1229     0.004810 
1230     0.012154 
1231     0.013074 
1232     0.012136 
1233     0.008983 
1234     0.009966 
1235     0.010040 
1236     0.013535 
1237     0.016628 
1238     0.021006 
1239     0.024513 
1240     0.027482 
1241     0.029041 
1242     0.024944 
1243     0.024626 
1244     0.027331 
1245     0.025637 
1246     0.021959 
1247     0.025201 
1248     0.023166 
1249     0.019518 
1250     0.022573 
1251     0.023749 
1252     0.020724 
1253     0.020711 
1254     0.023699 
1255     0.024236 
1256     0.019804 
1257     0.018326 
1258     0.014617 
1259     0.012976 
1260     0.011532 
1261     0.008629 
1262     0.008585 
1263     0.008929 
1264     0.007032 
1265     0.006204 
1266     0.006994 
1267     0.006075 
1268     0.004834 
1269     0.005182 
1270     0.004061 
1271     0.003972 
1272     0.004383 
1273     0.002672 
1274     0.004389 
1275     0.003797 
1276     0.003242 
1277     0.006049 
1278     0.003426 
1279     0.001851 
1280     0.007515 
1281     0.007337 
1282     0.002577 
1283     0.004909 
1284     0.009581 
1285     0.007491 
1286     0.007913 
1287     0.011094 
1288     0.009701 
1289     0.009111 
1290     0.008702 
1291     0.008145 
1292     0.006185 
1293     0.005938 
1294     0.006033 
1295     0.007325 
1296     0.008095 
1297     0.009682 
1298     0.010579 
1299     0.012850 
1300     0.015188 
1301     0.017083 
1302     0.015457 
1303     0.015514 
1304     0.013193 
1305     0.011265 
1306     0.009198 
1307     0.006999 
1308     0.006214 
1309     0.006020 
1310     0.006886 
1311     0.005739 
1312     0.007411 
1313     0.007787 
1314     0.009498 
1315     0.011298 
1316     0.010581 
1317     0.012157 
1318     0.012880 
1319     0.010017 
1320     0.011083 
1321     0.014583 
1322     0.014629 
1323     0.012802 
1324     0.014614 
1325     0.018568 
1326     0.017164 
1327     0.017541 
1328     0.021861 
1329     0.023716 
1330     0.021294 
1331     0.023515 
1332     0.027896 
1333     0.027970 
1334     0.027022 
1335     0.030981 
1336     0.034336 
1337     0.031817 
1338     0.032543 
1339     0.036940 
1340     0.036889 
1341     0.032374 
1342     0.030272 
1343     0.027405 
1344     0.023898 
1345     0.022484 
1346     0.020823 
1347     0.017709 
1348     0.017738 
1349     0.019023 
1350     0.017665 
1351     0.010790 
1352     0.013388 
1353     0.014997 
1354     0.013843 
1355     0.010612 
1356     0.010556 
1357     0.013729 
1358     0.013892 
1359     0.012049 
1360     0.014112 
1361     0.016651 
1362     0.015941 
1363     0.014445 
1364     0.014691 
1365     0.013147 
1366     0.011060 
1367     0.008674 
1368     0.006879 
1369     0.007018 
1370     0.008093 
1371     0.009856 
1372     0.010584 
1373     0.010673 
1374     0.012644 
1375     0.014210 
1376     0.015528 
1377     0.013974 
1378     0.015212 
1379     0.013404 
1380     0.011211 
1381     0.008969 
1382     0.007430 
1383     0.007195 
1384     0.008777 
1385     0.011642 
1386     0.014014 
1387     0.014999 
1388     0.017706 
1389     0.016513 
1390     0.012991 
1391     0.009900 
1392     0.007821 
1393     0.007519 
1394     0.009683 
1395     0.011312 
1396     0.012675 
1397     0.014158 
1398     0.012737 
1399     0.013696 
1400     0.011376 
1401     0.009994 
1402     0.008038 
1403     0.006935 
1404     0.006466 
1405     0.007118 
1406     0.009474 
1407     0.012130 
1408     0.013837 
1409     0.015724 
1410     0.017563 
1411     0.020360 
1412     0.020734 
1413     0.018246 
1414     0.017793 
1415     0.016658 
1416     0.014294 
1417     0.013656 
1418     0.013388 
1419     0.010320 
1420     0.010686 
1421     0.011843 
1422     0.010489 
1423     0.009681 
1424     0.010200 
1425     0.009693 
1426     0.007984 
1427     0.008194 
1428     0.009201 
1429     0.007242 
1430     0.007177 
1431     0.007086 
1432     0.007507 
1433     0.006346 
1434     0.005068 
1435     0.005213 
1436     0.005750 
1437     0.006626 
1438     0.007630 
1439     0.008061 
1440     0.007228 
1441     0.003072 
1442     0.005104 
1443     0.009387 
1444     0.018165 
1445     0.024938 
1446     0.035465 
1447     0.036679 
1448     0.027786 
1449     0.018912 
1450     0.014450 
1451     0.008811 
1452     0.007593 
1453     0.008857 
1454     0.008991 
1455     0.007384 
1456     0.008146 
1457     0.007619 
1458     0.007738 
1459     0.006504 
1460     0.007483 
1461     0.008042 
1462     0.009082 
1463     0.009680 
1464     0.015287 
1465     0.016719 
1466     0.019062 
1467     0.015607 
1468     0.020223 
1469     0.020089 
1470     0.014957 
1471     0.016028 
1472     0.013251 
1473     0.016235 
1474     0.011714 
1475     0.006839 
1476     0.011461 
1477     0.012445 
1478     0.008470 
1479     0.010745 
1480     0.013798 
1481     0.012086 
1482     0.012396 
1483     0.015063 
1484     0.014286 
1485     0.018254 
1486     0.018338 
1487     0.018779 
1488     0.015856 
1489     0.015017 
1490     0.015444 
1491     0.010180 
1492     0.006089 
1493     0.006357 
1494     0.008307 
1495     0.014498 
1496     0.024086 
1497     0.037590 
1498     0.049841 
1499     0.062287 
1500     0.063041 
1501     0.049034 
1502     0.043003 
1503     0.031532 
1504     0.019614 
1505     0.014552 
1506     0.008355 
1507     0.012690 
1508     0.012587 
1509     0.016274 
1510     0.019926 
1511     0.022282 
1512     0.028761 
1513     0.032970 
1514     0.042914 
1515     0.057562 
1516     0.059409 
1517     0.050164 
1518     0.064057 
1519     0.075422 
1520     0.081393 
1521     0.076059 
1522     0.055902 
1523     0.047389 
1524     0.037324 
1525     0.031070 
1526     0.023216 
1527     0.016506 
1528     0.020600 
1529     0.017183 
1530     0.024445 
1531     0.026505 
1532     0.017205 
1533     0.013189 
1534     0.009782 
1535     0.018661 
1536     0.024159 
1537     0.025268 
1538     0.036020 
1539     0.038061 
1540     0.043466 
1541     0.046194 
1542     0.037287 
1543     0.035933 
1544     0.040760 
1545     0.040550 
1546     0.031811 
1547     0.030764 
1548     0.037074 
1549     0.029813 
1550     0.022322 
1551     0.016065 
1552     0.011471 
1553     0.012753 
1554     0.018247 
1555     0.019377 
1556     0.030283 
1557     0.036877 
1558     0.045519 
1559     0.042530 
1560     0.043511 
1561     0.033596 
1562     0.035602 
1563     0.040293 
1564     0.042245 
1565     0.043899 
1566     0.054635 
1567     0.055213 
1568     0.048054 
1569     0.053579 
1570     0.063222 
1571     0.059669 
1572     0.064472 
1573     0.054304 
1574     0.048300 
1575     0.054762 
1576     0.052606 
1577     0.042007 
1578     0.039548 
1579     0.041149 
1580     0.034988 
1581     0.028963 
1582     0.030635 
1583     0.024029 
1584     0.020031 
1585     0.018433 
1586     0.017267 
1587     0.012731 
1588     0.009253 
1589     0.012647 
1590     0.009972 
1591     0.006422 
1592     0.008587 
1593     0.009520 
1594     0.004796 
1595     0.005870 
1596     0.009505 
1597     0.010405 
1598     0.016095 
1599     0.015756 
1600     0.015230 
1601     0.018810 
1602     0.021198 
1603     0.019693 
1604     0.021453 
1605     0.025044 
1606     0.025676 
1607     0.025675 
1608     0.024180 
1609     0.026998 
1610     0.027976 
1611     0.023517 
1612     0.023577 
1613     0.025967 
1614     0.024788 
1615     0.022316 
1616     0.023724 
1617     0.027349 
1618     0.026974 
1619     0.024420 
1620     0.022447 
1621     0.017869 
1622     0.019901 
1623     0.016764 
1624     0.015884 
1625     0.018454 
1626     0.018558 
1627     0.016865 
1628     0.016492 
1629     0.019179 
1630     0.018583 
1631     0.017666 
1632     0.016484 
1633     0.015931 
1634     0.015139 
1635     0.017687 
1636     0.017743 
1637     0.016404 
1638     0.016299 
1639     0.015488 
1640     0.017967 
1641     0.018219 
1642     0.019177 
1643     0.019102 
1644     0.019032 
1645     0.018836 
1646     0.020575 
1647     0.020269 
1648     0.019101 
1649     0.019748 
1650     0.022017 
1651     0.020856 
1652     0.020619 
1653     0.020513 
1654     0.021959 
1655     0.020469 
1656     0.018589 
1657     0.020445 
1658     0.017870 
1659     0.016519 
1660     0.014440 
1661     0.013223 
1662     0.009965 
1663     0.010608 
1664     0.008516 
1665     0.008926 
1666     0.011804 
1667     0.012760 
1668     0.011558 
1669     0.006786 
1670     0.008297 
1671     0.009526 
1672     0.006926 
1673     0.003945 
1674     0.003062 
1675     0.003580 
1676     0.006682 
1677     0.006553 
1678     0.006242 
1679     0.010188 
1680     0.011659 
1681     0.010690 
1682     0.012339 
1683     0.015456 
1684     0.015203 
1685     0.015781 
1686     0.014034 
1687     0.014731 
1688     0.013128 
1689     0.013892 
1690     0.014042 
1691     0.015972 
1692     0.015629 
1693     0.017402 
1694     0.016506 
1695     0.015140 
1696     0.016782 
1697     0.018566 
1698     0.017123 
1699     0.016451 
1700     0.018425 
1701     0.017444 
1702     0.017743 
1703     0.017825 
1704     0.017478 
1705     0.020897 
1706     0.019704 
1707     0.018448 
1708     0.016552 
1709     0.016212 
1710     0.014691 
1711     0.011889 
1712     0.009054 
1713     0.006589 
1714     0.009643 
1715     0.011020 
1716     0.014454 
1717     0.014294 
1718     0.014351 
1719     0.012747 
1720     0.014518 
1721     0.018979 
1722     0.014241 
1723     0.012255 
1724     0.014232 
1725     0.007942 
1726     0.005768 
1727     0.012582 
1728     0.015677 
1729     0.013371 
1730     0.013597 
1731     0.019886 
1732     0.021732 
1733     0.018592 
1734     0.020197 
1735     0.026676 
1736     0.026808 
1737     0.022835 
1738     0.026789 
1739     0.030370 
1740     0.026030 
1741     0.023102 
1742     0.027509 
1743     0.027736 
1744     0.022132 
1745     0.023810 
1746     0.027318 
1747     0.025686 
1748     0.022700 
1749     0.024746 
1750     0.023790 
1751     0.020648 
1752     0.019435 
1753     0.020223 
1754     0.020306 
1755     0.018774 
1756     0.017344 
1757     0.014146 
1758     0.009431 
1759     0.005924 
1760     0.003597 
1761     0.001523 
1762     0.005918 
1763     0.010638 
1764     0.008125 
1765     0.011136 
1766     0.009350 
1767     0.006891 
1768     0.008664 
1769     0.008983 
1770     0.012372 
1771     0.016744 
1772     0.018480 
1773     0.021160 
1774     0.018929 
1775     0.014206 
1776     0.009477 
1777     0.004598 
1778     0.005875 
1779     0.008831 
1780     0.007414 
1781     0.002176 
1782     0.008597 
1783     0.010452 
1784     0.005342 
1785     0.004751 
1786     0.010228 
1787     0.007723 
1788     0.014089 
1789     0.017118 
1790     0.013184 
1791     0.018277 
1792     0.020941 
1793     0.016482 
1794     0.017751 
1795     0.014484 
1796     0.014594 
1797     0.013271 
1798     0.011621 
1799     0.011886 
1800     0.009227 
1801     0.013161 
1802     0.011234 
1803     0.013736 
1804     0.019873 
1805     0.020836 
1806     0.018898 
1807     0.022203 
1808     0.026778 
1809     0.025743 
1810     0.026830 
1811     0.031866 
1812     0.033759 
1813     0.037986 
1814     0.035393 
1815     0.032407 
1816     0.028894 
1817     0.026741 
1818     0.026360 
1819     0.024297 
1820     0.019923 
1821     0.019412 
1822     0.018544 
1823     0.016437 
1824     0.014310 
1825     0.014269 
1826     0.013114 
1827     0.011703 
1828     0.010986 
1829     0.009187 
1830     0.008946 
1831     0.008013 
1832     0.006322 
1833     0.003275 
1834     0.004583 
1835     0.007222 
1836     0.010233 
1837     0.010974 
1838     0.010387 
1839     0.011264 
1840     0.011199 
1841     0.010925 
1842     0.010576 
1843     0.010381 
1844     0.010440 
1845     0.010893 
1846     0.013934 
1847     0.013371 
1848     0.013482 
1849     0.017740 
1850     0.020257 
1851     0.019996 
1852     0.021794 
1853     0.023433 
