  1     0.005583 
  2     0.006209 
  3     0.005759 
  4     0.006009 
  5     0.004817 
  6     0.003576 
  7     0.003019 
  8     0.002834 
  9     0.002751 
 10     0.002684 
 11     0.002957 
 12     0.002163 
 13     0.001981 
 14     0.002153 
 15     0.002404 
 16     0.003110 
 17     0.003304 
 18     0.004305 
 19     0.005324 
 20     0.007215 
 21     0.009320 
 22     0.009195 
 23     0.007698 
 24     0.005403 
 25     0.003935 
 26     0.003229 
 27     0.004723 
 28     0.002969 
 29     0.003148 
 30     0.007208 
 31     0.005881 
 32     0.002283 
 33     0.002410 
 34     0.001924 
 35     0.002009 
 36     0.001564 
 37     0.001630 
 38     0.002279 
 39     0.002030 
 40     0.003249 
 41     0.003624 
 42     0.005442 
 43     0.004877 
 44     0.003862 
 45     0.019441 
 46     0.019183 
 47     0.014571 
 48     0.008090 
 49     0.005269 
 50     0.003608 
 51     0.002685 
 52     0.003406 
 53     0.004024 
 54     0.002574 
 55     0.001635 
 56     0.003467 
 57     0.002469 
 58     0.000816 
 59     0.001683 
 60     0.000984 
 61     0.002653 
 62     0.003536 
 63     0.004350 
 64     0.004147 
 65     0.003463 
 66     0.003566 
 67     0.004119 
 68     0.003185 
 69     0.002534 
 70     0.003790 
 71     0.006664 
 72     0.005261 
 73     0.004087 
 74     0.004000 
 75     0.005037 
 76     0.005573 
 77     0.006748 
 78     0.008302 
 79     0.008098 
 80     0.009933 
 81     0.007688 
 82     0.006757 
 83     0.009308 
 84     0.011972 
 85     0.008967 
 86     0.008187 
 87     0.011837 
 88     0.011814 
 89     0.006147 
 90     0.003906 
 91     0.003456 
 92     0.004274 
 93     0.004919 
 94     0.005002 
 95     0.006200 
 96     0.005387 
 97     0.010068 
 98     0.008409 
 99     0.007081 
100     0.004428 
101     0.004345 
102     0.003551 
103     0.003243 
104     0.003679 
105     0.005975 
106     0.008736 
107     0.004638 
108     0.004740 
109     0.004315 
110     0.004844 
111     0.003464 
112     0.002365 
113     0.001957 
114     0.001091 
115     0.001654 
116     0.001672 
117     0.001723 
118     0.001705 
119     0.001305 
120     0.002119 
121     0.002871 
122     0.002084 
123     0.002428 
124     0.003669 
125     0.006046 
126     0.004391 
127     0.005878 
128     0.010451 
129     0.012470 
130     0.012183 
131     0.021549 
132     0.024734 
133     0.025553 
134     0.014185 
135     0.006791 
136     0.006333 
137     0.005975 
138     0.004845 
139     0.004522 
140     0.003402 
141     0.003305 
142     0.003026 
143     0.002900 
144     0.000892 
145     0.000757 
146     0.004433 
147     0.006805 
148     0.006248 
149     0.004967 
150     0.005034 
151     0.004740 
152     0.004375 
153     0.003724 
154     0.003640 
155     0.004148 
156     0.003341 
157     0.002622 
158     0.003582 
159     0.004124 
160     0.002991 
161     0.003368 
162     0.004805 
163     0.004903 
164     0.005615 
165     0.005200 
166     0.006120 
167     0.005362 
168     0.004678 
169     0.003093 
170     0.003072 
171     0.002905 
172     0.001348 
173     0.000993 
174     0.003338 
175     0.002566 
176     0.001490 
177     0.003083 
178     0.003242 
179     0.001763 
180     0.001423 
181     0.002750 
182     0.003773 
183     0.005226 
184     0.009226 
185     0.007759 
186     0.007004 
187     0.006703 
188     0.006194 
189     0.006721 
190     0.004239 
191     0.004075 
192     0.002706 
193     0.002738 
194     0.002949 
195     0.002637 
196     0.001935 
197     0.002043 
198     0.002446 
199     0.002659 
200     0.002693 
201     0.003038 
202     0.002808 
203     0.002946 
204     0.003840 
205     0.003666 
206     0.004680 
207     0.005007 
208     0.005819 
209     0.005883 
210     0.009134 
211     0.009229 
212     0.008181 
213     0.005715 
214     0.005062 
215     0.004830 
216     0.004142 
217     0.004245 
218     0.003637 
219     0.004258 
220     0.003773 
221     0.003289 
222     0.003040 
223     0.002586 
224     0.002645 
225     0.001350 
226     0.003394 
227     0.002925 
228     0.002727 
229     0.002050 
230     0.002728 
231     0.003279 
232     0.002124 
233     0.002294 
234     0.001943 
235     0.002514 
236     0.002964 
237     0.002743 
238     0.003274 
239     0.003118 
240     0.002807 
241     0.003724 
242     0.004510 
243     0.003520 
244     0.003902 
245     0.005605 
246     0.005723 
247     0.005300 
248     0.005704 
249     0.006949 
250     0.006256 
251     0.006398 
252     0.005505 
253     0.006388 
254     0.007029 
255     0.004627 
256     0.004488 
257     0.003038 
258     0.003652 
259     0.004546 
260     0.003767 
261     0.003181 
262     0.003689 
263     0.003842 
264     0.003351 
265     0.003039 
266     0.003009 
267     0.003062 
268     0.002931 
269     0.002842 
270     0.003469 
271     0.003983 
272     0.003581 
273     0.004073 
274     0.004856 
275     0.004921 
276     0.004322 
277     0.004531 
278     0.003540 
279     0.002316 
280     0.002872 
281     0.003541 
282     0.003760 
283     0.003961 
284     0.004946 
285     0.005505 
286     0.004277 
287     0.003486 
288     0.003316 
289     0.007295 
290     0.010662 
291     0.012316 
292     0.007583 
293     0.005059 
294     0.004818 
295     0.004552 
296     0.004793 
297     0.004493 
298     0.004267 
299     0.004702 
300     0.004503 
301     0.005189 
302     0.005878 
303     0.008276 
304     0.006845 
305     0.005701 
306     0.006665 
307     0.005589 
308     0.002663 
309     0.002734 
310     0.004562 
311     0.005058 
312     0.004254 
313     0.003652 
314     0.004191 
315     0.004261 
316     0.003299 
317     0.003736 
318     0.004181 
319     0.002917 
320     0.002794 
321     0.003665 
322     0.003614 
323     0.002719 
324     0.004156 
325     0.005776 
326     0.004352 
327     0.004624 
328     0.008738 
329     0.009848 
330     0.008762 
331     0.007963 
332     0.007936 
333     0.008552 
334     0.008241 
335     0.007837 
336     0.006095 
337     0.004287 
338     0.002318 
339     0.002631 
340     0.002805 
341     0.003311 
342     0.003217 
343     0.003110 
344     0.003040 
345     0.003580 
346     0.004103 
347     0.003463 
348     0.005114 
349     0.004166 
350     0.004415 
351     0.004594 
352     0.004877 
353     0.004439 
354     0.004874 
355     0.005938 
356     0.005901 
357     0.005689 
358     0.006206 
359     0.005670 
360     0.004458 
361     0.003661 
362     0.002552 
363     0.002358 
364     0.002067 
365     0.001741 
366     0.001564 
367     0.002415 
368     0.002010 
369     0.002317 
370     0.002218 
371     0.002932 
372     0.002939 
373     0.003162 
374     0.003076 
375     0.003609 
376     0.003972 
377     0.004598 
378     0.004880 
379     0.005391 
380     0.005702 
381     0.007441 
382     0.006840 
383     0.006462 
384     0.006787 
385     0.005491 
386     0.007933 
387     0.005896 
388     0.005701 
389     0.002716 
390     0.002734 
391     0.002824 
392     0.002550 
393     0.005164 
394     0.007620 
395     0.009547 
396     0.009983 
397     0.005406 
398     0.005823 
399     0.007079 
400     0.007323 
401     0.008188 
402     0.008878 
403     0.009805 
404     0.017326 
405     0.011117 
406     0.010346 
407     0.010024 
408     0.008676 
409     0.009064 
410     0.007942 
411     0.007485 
412     0.006201 
413     0.006128 
414     0.005250 
415     0.007742 
416     0.006733 
417     0.006134 
418     0.006865 
419     0.007789 
420     0.004643 
421     0.005082 
422     0.005870 
423     0.006353 
424     0.008190 
425     0.008625 
426     0.008236 
427     0.007572 
428     0.009625 
429     0.011626 
430     0.015925 
431     0.015930 
432     0.015467 
433     0.012357 
434     0.009311 
435     0.007086 
436     0.007237 
437     0.006988 
438     0.007702 
439     0.008492 
440     0.008086 
441     0.007280 
442     0.006513 
443     0.005587 
444     0.005257 
445     0.006978 
446     0.008335 
447     0.008622 
448     0.008234 
449     0.008053 
450     0.006709 
451     0.006441 
452     0.006139 
453     0.006503 
454     0.007341 
455     0.008309 
456     0.009147 
457     0.008455 
458     0.007239 
459     0.004717 
460     0.004644 
461     0.005479 
462     0.005973 
463     0.009681 
464     0.013671 
465     0.012265 
466     0.013537 
467     0.011431 
468     0.008310 
469     0.006396 
470     0.004477 
471     0.001655 
472     0.004497 
473     0.006858 
474     0.007350 
475     0.005703 
476     0.003601 
477     0.004231 
478     0.005409 
479     0.006023 
480     0.007608 
481     0.005862 
482     0.005925 
483     0.003362 
484     0.003361 
485     0.003947 
486     0.005841 
487     0.007626 
488     0.006776 
489     0.004727 
490     0.001118 
491     0.003560 
492     0.005620 
493     0.006251 
494     0.005410 
495     0.002393 
496     0.004052 
497     0.005422 
498     0.008133 
499     0.008164 
500     0.007398 
501     0.007557 
502     0.007417 
503     0.010621 
504     0.011790 
505     0.008940 
506     0.005942 
507     0.009803 
508     0.007106 
509     0.017145 
510     0.021391 
511     0.013182 
512     0.006119 
513     0.017010 
514     0.015772 
515     0.005291 
516     0.009683 
517     0.013190 
518     0.006959 
519     0.003899 
520     0.008867 
521     0.005995 
522     0.003204 
523     0.006183 
524     0.008680 
525     0.007252 
526     0.008595 
527     0.007461 
528     0.007907 
529     0.007017 
530     0.006893 
531     0.003822 
532     0.001845 
533     0.005409 
534     0.006835 
535     0.003382 
536     0.002153 
537     0.005070 
538     0.005192 
539     0.003200 
540     0.003060 
541     0.003913 
542     0.003912 
543     0.002723 
544     0.002494 
545     0.003287 
546     0.003668 
547     0.003395 
548     0.004384 
549     0.003618 
550     0.003261 
551     0.004125 
552     0.002855 
553     0.001518 
554     0.003277 
555     0.004711 
556     0.003137 
557     0.002766 
558     0.003888 
559     0.004821 
560     0.004522 
561     0.003266 
562     0.003740 
563     0.004622 
564     0.004144 
565     0.003521 
566     0.004076 
567     0.004263 
568     0.004198 
569     0.003921 
570     0.003751 
571     0.003755 
572     0.003645 
573     0.003572 
574     0.003342 
575     0.003125 
576     0.003405 
577     0.004084 
578     0.003764 
579     0.003829 
580     0.003224 
581     0.002447 
582     0.003976 
583     0.003572 
584     0.003173 
585     0.004411 
586     0.005166 
587     0.004289 
588     0.004475 
589     0.005478 
590     0.004762 
591     0.004180 
592     0.003866 
593     0.004213 
594     0.002986 
595     0.001640 
596     0.000925 
597     0.001659 
598     0.000953 
599     0.001829 
600     0.003262 
601     0.002200 
602     0.003057 
603     0.005685 
604     0.003509 
605     0.005978 
606     0.015276 
607     0.015711 
608     0.017297 
609     0.010877 
610     0.005687 
611     0.005960 
612     0.004043 
613     0.005080 
614     0.005244 
615     0.008979 
616     0.013394 
617     0.013367 
618     0.008737 
619     0.010080 
620     0.008805 
621     0.006731 
622     0.005440 
623     0.005970 
624     0.003787 
625     0.005276 
626     0.009048 
627     0.011927 
628     0.008835 
629     0.008291 
630     0.017705 
631     0.018931 
632     0.011152 
633     0.005702 
634     0.004205 
635     0.004739 
636     0.002832 
637     0.002496 
638     0.004139 
639     0.003669 
640     0.003893 
641     0.005542 
642     0.005265 
643     0.004144 
644     0.006081 
645     0.007443 
646     0.005963 
647     0.005489 
648     0.005190 
649     0.003236 
650     0.004224 
651     0.002190 
652     0.001710 
653     0.006454 
654     0.008851 
655     0.009156 
656     0.013244 
657     0.017595 
658     0.017702 
659     0.017459 
660     0.013054 
661     0.005506 
662     0.007284 
663     0.008661 
664     0.009845 
665     0.008765 
666     0.007379 
667     0.006036 
668     0.004609 
669     0.008546 
670     0.007459 
671     0.007489 
672     0.005689 
673     0.009028 
674     0.011094 
675     0.013396 
676     0.015219 
677     0.021142 
678     0.015736 
679     0.011876 
680     0.007502 
681     0.005913 
682     0.005333 
683     0.004457 
684     0.005880 
685     0.006121 
686     0.005056 
687     0.004322 
688     0.003376 
689     0.003669 
690     0.003511 
691     0.002690 
692     0.002494 
693     0.002821 
694     0.003639 
695     0.003730 
696     0.003426 
697     0.003521 
698     0.004526 
699     0.004777 
700     0.004193 
701     0.004080 
702     0.002742 
703     0.004089 
704     0.006544 
705     0.005696 
706     0.003569 
707     0.004982 
708     0.007785 
709     0.006778 
710     0.005069 
711     0.007856 
712     0.010065 
713     0.007314 
714     0.008809 
715     0.011887 
716     0.013059 
717     0.009740 
718     0.008488 
719     0.005489 
720     0.003892 
721     0.002424 
722     0.001611 
723     0.001744 
724     0.001460 
725     0.001700 
726     0.003367 
727     0.003639 
728     0.002540 
729     0.002262 
730     0.003638 
731     0.003450 
732     0.002898 
733     0.002911 
734     0.003621 
735     0.002295 
736     0.003015 
737     0.004216 
738     0.003612 
739     0.003686 
740     0.004415 
741     0.001527 
742     0.002737 
743     0.007343 
744     0.009338 
745     0.007682 
746     0.005334 
747     0.003717 
748     0.002036 
749     0.002423 
750     0.006737 
751     0.006437 
752     0.009057 
753     0.008926 
754     0.010534 
755     0.007004 
756     0.005895 
757     0.005057 
758     0.007114 
759     0.006640 
760     0.007268 
761     0.006758 
762     0.005242 
763     0.006222 
764     0.006486 
765     0.007996 
766     0.006796 
767     0.006929 
768     0.006038 
769     0.007777 
770     0.006935 
771     0.008303 
772     0.012626 
773     0.014350 
774     0.010627 
775     0.010881 
776     0.008404 
777     0.004722 
778     0.004583 
779     0.006306 
780     0.006781 
781     0.005754 
782     0.005872 
783     0.002029 
784     0.003970 
785     0.006429 
786     0.008516 
787     0.013976 
788     0.015297 
789     0.011711 
790     0.013873 
791     0.015050 
792     0.009224 
793     0.011731 
794     0.014275 
795     0.013521 
796     0.011742 
797     0.008834 
798     0.005485 
799     0.005712 
800     0.002266 
801     0.002359 
802     0.002929 
803     0.004344 
804     0.004822 
805     0.004577 
806     0.006108 
807     0.006221 
808     0.008027 
809     0.008272 
810     0.010513 
811     0.009146 
812     0.009651 
813     0.007893 
814     0.009672 
815     0.008757 
816     0.015921 
817     0.018619 
818     0.029810 
819     0.025904 
820     0.022183 
821     0.010549 
822     0.040373 
823     0.023643 
824     0.011213 
825     0.027877 
826     0.034644 
827     0.035888 
828     0.027872 
829     0.019955 
830     0.015245 
831     0.010882 
832     0.008026 
833     0.008006 
834     0.009500 
835     0.009440 
836     0.007100 
837     0.009514 
838     0.008966 
839     0.006022 
840     0.005274 
841     0.003944 
842     0.004831 
843     0.004394 
844     0.003942 
845     0.005478 
846     0.006126 
847     0.005968 
848     0.008068 
849     0.009743 
850     0.009350 
851     0.012074 
852     0.014544 
853     0.012855 
854     0.012243 
855     0.012340 
856     0.012665 
857     0.013507 
858     0.011533 
859     0.010104 
860     0.010745 
861     0.010678 
862     0.011780 
863     0.012455 
864     0.013216 
865     0.011529 
866     0.011905 
867     0.011832 
868     0.009833 
869     0.010600 
870     0.005492 
871     0.004907 
872     0.004250 
873     0.003712 
874     0.003808 
875     0.003488 
876     0.003036 
877     0.003659 
878     0.003901 
879     0.005101 
880     0.004504 
881     0.005433 
882     0.005679 
883     0.008330 
884     0.008492 
885     0.008165 
886     0.010485 
887     0.011845 
888     0.011163 
889     0.010524 
890     0.022703 
891     0.039277 
892     0.017338 
893     0.017400 
894     0.041855 
895     0.026657 
896     0.035388 
897     0.036286 
898     0.014760 
899     0.007844 
900     0.008849 
901     0.010682 
902     0.011455 
903     0.012297 
904     0.010795 
905     0.008217 
906     0.004985 
907     0.005378 
908     0.006357 
909     0.006669 
910     0.007380 
911     0.006887 
912     0.010329 
913     0.011930 
914     0.012337 
915     0.011640 
916     0.011573 
917     0.012493 
918     0.012245 
919     0.010130 
920     0.008487 
921     0.006112 
922     0.005865 
923     0.006338 
924     0.006094 
925     0.005357 
926     0.007234 
927     0.008112 
928     0.010150 
929     0.007778 
930     0.006024 
931     0.005316 
932     0.004122 
933     0.004384 
934     0.003546 
935     0.004641 
936     0.004779 
937     0.006521 
938     0.008085 
939     0.006702 
940     0.007991 
941     0.009462 
942     0.010000 
943     0.007614 
944     0.008716 
945     0.010856 
946     0.010585 
947     0.008205 
948     0.008796 
949     0.006965 
950     0.009363 
951     0.010327 
952     0.008837 
953     0.008781 
954     0.011373 
955     0.010687 
956     0.010236 
957     0.009575 
958     0.010038 
959     0.011483 
960     0.011040 
961     0.009553 
962     0.010869 
963     0.013666 
964     0.011947 
965     0.011010 
966     0.014200 
967     0.016756 
968     0.015190 
969     0.016270 
970     0.021851 
971     0.024298 
972     0.022229 
973     0.019463 
974     0.020482 
975     0.016829 
976     0.012278 
977     0.012627 
978     0.014598 
979     0.009702 
980     0.006439 
981     0.009924 
982     0.009044 
983     0.004409 
984     0.002502 
985     0.004796 
986     0.002922 
987     0.003267 
988     0.004727 
989     0.007125 
990     0.008114 
991     0.008948 
992     0.012031 
993     0.013290 
994     0.014460 
995     0.014475 
996     0.011811 
997     0.011899 
998     0.011122 
999     0.010916 
1000     0.010995 
1001     0.007706 
1002     0.006286 
1003     0.007253 
1004     0.007034 
1005     0.003539 
1006     0.003125 
1007     0.003369 
1008     0.004528 
1009     0.005520 
1010     0.006218 
1011     0.006071 
1012     0.005608 
1013     0.005968 
1014     0.005817 
1015     0.005401 
1016     0.004458 
1017     0.003517 
1018     0.001958 
1019     0.002880 
1020     0.003256 
1021     0.003428 
1022     0.003540 
1023     0.003062 
1024     0.003849 
1025     0.003357 
1026     0.003907 
1027     0.004962 
1028     0.005209 
1029     0.006618 
1030     0.012461 
1031     0.013410 
1032     0.007138 
1033     0.006302 
1034     0.006215 
1035     0.005236 
1036     0.005809 
1037     0.005549 
1038     0.005163 
1039     0.009008 
1040     0.008894 
1041     0.010940 
1042     0.012505 
1043     0.011207 
1044     0.011801 
1045     0.008473 
1046     0.006656 
1047     0.006859 
1048     0.006879 
1049     0.004824 
1050     0.004720 
1051     0.001974 
1052     0.001075 
1053     0.003811 
1054     0.003719 
1055     0.001067 
1056     0.002674 
1057     0.003177 
1058     0.001462 
1059     0.004506 
1060     0.005489 
1061     0.005443 
1062     0.005233 
1063     0.006031 
1064     0.007306 
1065     0.010550 
1066     0.012361 
1067     0.013806 
1068     0.015437 
1069     0.012301 
1070     0.011618 
1071     0.012803 
1072     0.014050 
1073     0.010545 
1074     0.011785 
1075     0.015556 
1076     0.014593 
1077     0.010781 
1078     0.011861 
1079     0.007652 
1080     0.006084 
1081     0.005753 
1082     0.006128 
1083     0.005409 
1084     0.006430 
1085     0.005943 
1086     0.005350 
1087     0.005456 
1088     0.003852 
1089     0.003373 
1090     0.003564 
1091     0.003623 
1092     0.004192 
1093     0.002820 
1094     0.002418 
1095     0.003674 
1096     0.004999 
1097     0.010029 
1098     0.010206 
1099     0.009821 
1100     0.007056 
1101     0.001642 
1102     0.003972 
1103     0.005308 
1104     0.013647 
1105     0.011606 
1106     0.004672 
1107     0.012295 
1108     0.014113 
1109     0.005827 
1110     0.004999 
1111     0.012630 
1112     0.011903 
1113     0.003934 
1114     0.006205 
1115     0.007804 
1116     0.007560 
1117     0.005208 
1118     0.003592 
1119     0.003577 
1120     0.007596 
1121     0.006384 
1122     0.005316 
1123     0.005072 
1124     0.004367 
1125     0.005695 
1126     0.005249 
1127     0.005778 
1128     0.007841 
1129     0.007370 
1130     0.007641 
1131     0.009179 
1132     0.006153 
1133     0.005327 
1134     0.005066 
1135     0.004317 
1136     0.005006 
1137     0.005356 
1138     0.004358 
1139     0.004517 
1140     0.005252 
1141     0.005377 
1142     0.006019 
1143     0.006016 
1144     0.005856 
1145     0.005291 
1146     0.008153 
1147     0.011735 
1148     0.010838 
1149     0.016515 
1150     0.017333 
1151     0.014702 
1152     0.007023 
1153     0.004177 
1154     0.010810 
1155     0.013575 
1156     0.008495 
1157     0.009807 
1158     0.022796 
1159     0.022339 
1160     0.009135 
1161     0.019638 
1162     0.031958 
1163     0.020428 
1164     0.034198 
1165     0.040172 
1166     0.023352 
1167     0.026503 
1168     0.031767 
1169     0.016311 
1170     0.008700 
1171     0.007672 
1172     0.008616 
1173     0.008289 
1174     0.006392 
1175     0.005330 
1176     0.005159 
1177     0.004308 
1178     0.008593 
1179     0.008051 
1180     0.012896 
1181     0.009802 
1182     0.006368 
1183     0.011338 
1184     0.016297 
1185     0.012655 
1186     0.014621 
1187     0.023193 
1188     0.029529 
1189     0.044161 
1190     0.037479 
1191     0.023951 
1192     0.019155 
1193     0.009880 
1194     0.015530 
1195     0.019406 
1196     0.012062 
1197     0.006617 
1198     0.009633 
1199     0.012314 
1200     0.012855 
1201     0.008374 
1202     0.011218 
1203     0.013948 
1204     0.012294 
1205     0.009729 
1206     0.009762 
1207     0.009865 
1208     0.009894 
1209     0.006224 
1210     0.008225 
1211     0.009832 
1212     0.008426 
1213     0.008789 
1214     0.008758 
1215     0.014243 
1216     0.011484 
1217     0.010478 
1218     0.015393 
1219     0.020782 
1220     0.015497 
1221     0.015579 
1222     0.014606 
1223     0.015115 
1224     0.010986 
1225     0.007552 
1226     0.011688 
1227     0.025018 
1228     0.025757 
1229     0.035039 
1230     0.052054 
1231     0.058458 
1232     0.062469 
1233     0.032788 
1234     0.008947 
1235     0.012497 
1236     0.009496 
1237     0.011579 
1238     0.011788 
1239     0.013130 
1240     0.011842 
1241     0.013940 
1242     0.007375 
1243     0.007536 
1244     0.017414 
1245     0.012319 
1246     0.008445 
1247     0.014256 
1248     0.007113 
1249     0.007840 
1250     0.016960 
1251     0.022816 
1252     0.017681 
1253     0.019948 
1254     0.038409 
1255     0.048871 
1256     0.033049 
1257     0.019009 
1258     0.020784 
1259     0.019532 
1260     0.015447 
1261     0.019242 
1262     0.021363 
1263     0.018436 
1264     0.018699 
1265     0.021648 
1266     0.023203 
1267     0.022669 
1268     0.023456 
1269     0.026634 
1270     0.035045 
1271     0.030977 
1272     0.026852 
1273     0.022895 
1274     0.039334 
1275     0.034486 
1276     0.031770 
1277     0.020930 
1278     0.082409 
1279     0.094110 
1280     0.113019 
1281     0.150630 
1282     0.179680 
1283     0.175837 
1284     0.138764 
1285     0.064135 
1286     0.068880 
1287     0.063643 
1288     0.070926 
1289     0.078420 
1290     0.098592 
1291     0.090523 
1292     0.035766 
1293     0.019860 
1294     0.017723 
1295     0.019577 
1296     0.024575 
1297     0.026509 
1298     0.025521 
1299     0.025067 
1300     0.019994 
1301     0.023515 
1302     0.020879 
1303     0.012419 
1304     0.013981 
1305     0.015849 
1306     0.015629 
1307     0.013162 
1308     0.016930 
1309     0.018539 
1310     0.023435 
1311     0.027331 
1312     0.040609 
1313     0.032099 
1314     0.030853 
1315     0.035089 
1316     0.022131 
1317     0.018136 
1318     0.022652 
1319     0.012089 
1320     0.007765 
1321     0.013685 
1322     0.014120 
1323     0.006873 
1324     0.011441 
1325     0.008858 
1326     0.011336 
1327     0.005474 
1328     0.004956 
1329     0.010685 
1330     0.008201 
1331     0.006810 
1332     0.016052 
1333     0.021719 
1334     0.018054 
1335     0.027125 
1336     0.035911 
1337     0.031917 
1338     0.036083 
1339     0.045626 
1340     0.049802 
1341     0.035809 
1342     0.034559 
1343     0.023210 
1344     0.018055 
1345     0.009634 
1346     0.006130 
1347     0.007618 
1348     0.004762 
1349     0.014175 
1350     0.014244 
1351     0.009292 
1352     0.011208 
1353     0.006936 
1354     0.008259 
1355     0.012512 
1356     0.009648 
1357     0.007615 
1358     0.009026 
1359     0.009171 
1360     0.004773 
1361     0.010427 
1362     0.007292 
1363     0.003253 
1364     0.008740 
1365     0.010456 
1366     0.009662 
1367     0.012337 
1368     0.012747 
1369     0.015686 
1370     0.019028 
1371     0.031754 
1372     0.042481 
1373     0.052349 
1374     0.077847 
1375     0.063542 
1376     0.070591 
1377     0.062236 
1378     0.062042 
1379     0.047151 
1380     0.036578 
1381     0.023475 
1382     0.017669 
1383     0.012022 
1384     0.013185 
1385     0.011997 
1386     0.011370 
1387     0.006252 
1388     0.007572 
1389     0.012213 
1390     0.012137 
1391     0.012771 
1392     0.010549 
1393     0.020351 
1394     0.027253 
1395     0.037889 
1396     0.047287 
1397     0.060863 
1398     0.052278 
1399     0.064360 
1400     0.051869 
1401     0.043555 
1402     0.024444 
1403     0.016231 
1404     0.014491 
1405     0.011092 
1406     0.011528 
1407     0.007817 
1408     0.008751 
1409     0.003139 
1410     0.006639 
1411     0.010100 
1412     0.015677 
1413     0.013254 
1414     0.010903 
1415     0.020283 
1416     0.018738 
1417     0.020100 
1418     0.027877 
1419     0.033809 
1420     0.038899 
1421     0.029779 
1422     0.026049 
1423     0.031668 
1424     0.032480 
1425     0.027098 
1426     0.026055 
1427     0.028411 
1428     0.025178 
1429     0.020828 
1430     0.022966 
1431     0.025677 
1432     0.027842 
1433     0.025005 
1434     0.026656 
1435     0.024206 
1436     0.021744 
1437     0.021256 
1438     0.021803 
1439     0.028734 
1440     0.039339 
1441     0.038041 
1442     0.032230 
1443     0.021351 
1444     0.009206 
1445     0.011176 
1446     0.034083 
1447     0.040544 
1448     0.031089 
1449     0.023893 
1450     0.027482 
1451     0.034876 
1452     0.038411 
1453     0.035930 
1454     0.036795 
1455     0.028546 
1456     0.027396 
1457     0.025808 
1458     0.027119 
1459     0.026877 
1460     0.027493 
1461     0.020662 
1462     0.023811 
1463     0.019011 
1464     0.020811 
1465     0.023948 
1466     0.018991 
1467     0.020003 
1468     0.030057 
1469     0.034946 
1470     0.032511 
1471     0.037795 
1472     0.025590 
1473     0.029059 
1474     0.028554 
1475     0.022453 
1476     0.025278 
1477     0.029538 
1478     0.028036 
1479     0.024271 
1480     0.028296 
1481     0.034512 
1482     0.035025 
1483     0.030105 
1484     0.027807 
1485     0.023753 
1486     0.021253 
1487     0.014531 
1488     0.016231 
1489     0.014857 
1490     0.020979 
1491     0.024192 
1492     0.017318 
1493     0.024021 
1494     0.015047 
1495     0.018378 
1496     0.018689 
1497     0.023234 
1498     0.025514 
1499     0.035217 
1500     0.030400 
1501     0.025929 
1502     0.022678 
1503     0.021799 
1504     0.021250 
1505     0.020529 
1506     0.017950 
1507     0.027135 
1508     0.025152 
1509     0.025016 
1510     0.022885 
1511     0.021858 
1512     0.024383 
1513     0.021035 
1514     0.025575 
1515     0.058015 
1516     0.030322 
1517     0.027352 
1518     0.080977 
1519     0.059264 
1520     0.062527 
1521     0.055065 
1522     0.047642 
1523     0.030844 
1524     0.035430 
1525     0.034857 
1526     0.029719 
1527     0.031832 
1528     0.023407 
1529     0.022427 
1530     0.023060 
1531     0.023907 
1532     0.023147 
1533     0.022403 
1534     0.021150 
1535     0.015251 
1536     0.024303 
1537     0.038135 
1538     0.043068 
1539     0.038279 
1540     0.039741 
1541     0.039992 
1542     0.034233 
1543     0.034281 
1544     0.034816 
1545     0.030111 
1546     0.030414 
1547     0.031347 
1548     0.032038 
1549     0.026848 
1550     0.027823 
1551     0.029725 
1552     0.032115 
1553     0.026658 
1554     0.024077 
1555     0.024271 
1556     0.021041 
1557     0.021879 
1558     0.022754 
1559     0.022217 
1560     0.018313 
1561     0.021218 
1562     0.035644 
1563     0.012789 
1564     0.034313 
1565     0.038442 
1566     0.044325 
1567     0.045723 
1568     0.035897 
1569     0.038944 
1570     0.041795 
1571     0.043424 
1572     0.042675 
1573     0.038516 
1574     0.036970 
1575     0.037937 
1576     0.039236 
1577     0.039668 
1578     0.037391 
1579     0.037475 
1580     0.042991 
1581     0.034815 
1582     0.034118 
1583     0.039363 
1584     0.031804 
1585     0.031516 
1586     0.033237 
1587     0.032599 
1588     0.028433 
1589     0.029940 
1590     0.033255 
1591     0.036497 
1592     0.031413 
1593     0.033168 
1594     0.039837 
1595     0.043417 
1596     0.036819 
1597     0.029962 
1598     0.029020 
1599     0.027992 
1600     0.027547 
1601     0.024930 
1602     0.024233 
1603     0.024531 
1604     0.024653 
1605     0.024253 
1606     0.023747 
1607     0.024308 
1608     0.025471 
1609     0.022798 
1610     0.027328 
1611     0.030190 
1612     0.031392 
1613     0.030393 
1614     0.036304 
1615     0.039353 
1616     0.039334 
1617     0.041871 
1618     0.046626 
1619     0.050680 
1620     0.053620 
1621     0.039598 
1622     0.041626 
1623     0.036717 
1624     0.033213 
1625     0.032967 
1626     0.033270 
1627     0.031038 
1628     0.029233 
1629     0.026711 
1630     0.024521 
1631     0.017078 
1632     0.015662 
1633     0.013702 
1634     0.009367 
1635     0.018514 
1636     0.023254 
1637     0.022575 
1638     0.023105 
1639     0.022101 
1640     0.025825 
1641     0.024159 
1642     0.026515 
1643     0.024426 
1644     0.029861 
1645     0.029705 
1646     0.030692 
1647     0.031430 
1648     0.026879 
1649     0.031461 
1650     0.037088 
1651     0.035039 
1652     0.033418 
1653     0.034649 
1654     0.068603 
1655     0.068459 
1656     0.029168 
1657     0.032370 
1658     0.025367 
1659     0.022856 
1660     0.009536 
1661     0.009803 
1662     0.010767 
1663     0.018306 
1664     0.016134 
1665     0.018512 
1666     0.016885 
1667     0.013716 
1668     0.015069 
1669     0.011271 
1670     0.010911 
1671     0.008407 
1672     0.007296 
1673     0.006052 
1674     0.016714 
1675     0.011411 
1676     0.010341 
1677     0.017528 
1678     0.012111 
1679     0.006568 
1680     0.004270 
1681     0.005593 
1682     0.004216 
1683     0.002546 
1684     0.008995 
1685     0.007692 
1686     0.005947 
1687     0.008009 
1688     0.010496 
1689     0.014533 
1690     0.016607 
1691     0.021777 
1692     0.027186 
1693     0.024940 
1694     0.029249 
1695     0.036938 
1696     0.033988 
1697     0.036956 
1698     0.045249 
1699     0.045271 
1700     0.047020 
1701     0.042428 
1702     0.037865 
1703     0.031185 
1704     0.031598 
1705     0.035377 
1706     0.036824 
1707     0.033801 
1708     0.032208 
1709     0.024720 
1710     0.012290 
1711     0.012318 
1712     0.013399 
1713     0.021488 
1714     0.012829 
1715     0.008094 
1716     0.016009 
1717     0.029455 
1718     0.027097 
1719     0.027474 
1720     0.029042 
1721     0.021889 
1722     0.023061 
1723     0.030039 
1724     0.021132 
1725     0.021426 
1726     0.020549 
1727     0.019440 
1728     0.023122 
1729     0.020472 
1730     0.016687 
1731     0.017745 
1732     0.030095 
1733     0.028475 
1734     0.018041 
1735     0.029482 
1736     0.047096 
1737     0.033443 
1738     0.025565 
1739     0.045612 
1740     0.056067 
1741     0.029640 
1742     0.024987 
1743     0.045222 
1744     0.048890 
1745     0.033961 
1746     0.035164 
1747     0.045254 
1748     0.043720 
1749     0.033882 
1750     0.033988 
1751     0.045277 
1752     0.046132 
1753     0.039558 
1754     0.036956 
1755     0.040124 
1756     0.028141 
1757     0.025431 
1758     0.022395 
1759     0.015230 
1760     0.020976 
1761     0.023282 
1762     0.021944 
1763     0.025016 
1764     0.024341 
1765     0.027494 
1766     0.023063 
1767     0.024354 
1768     0.027643 
1769     0.032047 
1770     0.043214 
1771     0.052990 
1772     0.051984 
1773     0.077631 
1774     0.078513 
1775     0.059580 
1776     0.027997 
1777     0.028396 
1778     0.035640 
1779     0.045847 
1780     0.030280 
1781     0.062383 
1782     0.077061 
1783     0.056931 
1784     0.068080 
1785     0.136694 
1786     0.141908 
1787     0.099903 
1788     0.046641 
1789     0.090456 
1790     0.078753 
1791     0.123645 
1792     0.211443 
1793     0.093906 
1794     0.052693 
1795     0.048528 
1796     0.041059 
1797     0.033640 
1798     0.028182 
1799     0.022647 
1800     0.023597 
1801     0.025663 
1802     0.034454 
1803     0.037603 
1804     0.064013 
1805     0.050833 
1806     0.035928 
1807     0.055628 
1808     0.067014 
1809     0.052433 
1810     0.057161 
1811     0.085956 
1812     0.092122 
1813     0.116599 
1814     0.102818 
1815     0.062707 
1816     0.054550 
1817     0.027149 
1818     0.046762 
1819     0.044510 
1820     0.024409 
1821     0.020741 
1822     0.024526 
1823     0.014261 
1824     0.010992 
1825     0.013160 
1826     0.016644 
1827     0.018137 
1828     0.016997 
1829     0.020241 
1830     0.016588 
1831     0.010962 
1832     0.010996 
1833     0.012062 
1834     0.011282 
1835     0.010671 
1836     0.009081 
1837     0.012122 
1838     0.012061 
1839     0.012833 
1840     0.011659 
1841     0.009628 
1842     0.013433 
1843     0.016820 
1844     0.014766 
1845     0.015176 
1846     0.015119 
1847     0.014298 
1848     0.015189 
1849     0.014064 
1850     0.014200 
1851     0.017096 
1852     0.012138 
1853     0.023456 
