    1     0.00110186   
    2     0.00155606   
    3     0.00729848   
    4     0.00155978   
    5     0.00083115   
    6     0.00024473   
    7     0.00026454   
    8     0.00012840   
    9     0.00094367   
   10     0.00066313   
   11     0.00070585   
   12     0.00063602   
   13     0.00029927   
   14     0.00016336   
   15     0.00035449   
   16     0.00105529   
   17     0.00094762   
   18     0.00413240   
   20     0.00256768   
   21     0.00180175   
   22     0.00073631   
   23     0.00073328   
   24     0.00143956   
   25     0.00356090   
   26     0.00128665   
   27     0.00236940   
   28     0.00081332   
   29     0.00050949   
   30     0.00030409   
   31     0.00020189   
   32     0.00023508   
   33     0.00058602   
   34     0.00050042   
   35     0.00065263   
   36     0.00067467   
   37     0.00038500   
   38     0.00061031   
   39     0.00038715   
   40     0.00075030   
   41     0.00052019   
   42     0.00224590   
   43     0.00035254   
   44     0.00023769   
   45     0.00024246   
   46     0.00057950   
   47     0.00059890   
   48     0.00142688   
   49     0.00031427   
   50     0.00082048   
   51     0.00026941   
   52     0.00007012   
   53     0.00013123   
   54     0.00057631   
   55     0.00032306   
   56     0.00008165   
   57     0.00011150   
   58     0.00071387   
   59     0.00071077   
   60     0.00014625   
   61     0.00036147   
   62     0.00519123   
   63     0.00233343   
   64     0.00277631   
   65     0.00059527   
   66     0.00110269   
   67     0.00058618   
   68     0.00067456   
   69     0.00067232   
   70     0.00107974   
   71     0.00126021   
   72     0.00152718   
   73     0.00091967   
   74     0.00134430   
   75     0.00189606   
   76     0.00059088   
   77     0.00043101   
   78     0.00018352   
   79     0.00010071   
   80     0.00006847   
   81     0.00131920   
   82     0.00081251   
   83     0.00016184   
   84     0.00024373   
   85     0.00156296   
   86     0.00026811   
   87     0.00037797   
   88     0.00069141   
   89     0.00078937   
   90     0.00498208   
   91     0.00143010   
   92     0.00078305   
   93     0.00054453   
   94     0.00039269   
   95     0.00062615   
   96     0.00054867   
   97     0.00057025   
   98     0.00068416   
   99     0.00033659   
  100     0.00021933   
  101     0.00026006   
  102     0.00032862   
  103     0.00038408   
  104     0.00245689   
  105     0.00145981   
  106     0.00162103   
  107     0.00228767   
  108     0.00376425   
  109     0.00168181   
  110     0.00355317   
  111     0.00098545   
  112     0.00142028   
  113     0.00111744   
  114     0.00262843   
  115     0.00079297   
  116     0.00168743   
  117     0.00048686   
  118     0.00149246   
  119     0.00113552   
  120     0.00048768   
  121     0.00257720   
  122     0.00187382   
  123     0.00053477   
  124     0.00262787   
  125     0.00352178   
  126     0.00079628   
  127     0.00406962   
  128     0.00195822   
  129     0.00288568   
  130     0.00343391   
  131     0.00257667   
  132     0.00227776   
  133     0.00158814   
  134     0.00503671   
  135     0.00290739   
  136     0.00250547   
  137     0.00144594   
  138     0.00080335   
  139     0.00055110   
  140     0.00063246   
  141     0.00064239   
  142     0.00040178   
  143     0.00076503   
  144     0.00070501   
  145     0.00093581   
  146     0.00071924   
  147     0.00238827   
  148     0.00412169   
  149     0.00185950   
  150     0.00071438   
  151     0.00057497   
  152     0.00122371   
  153     0.00115115   
  154     0.00094505   
  155     0.00042453   
  156     0.00054989   
  157     0.00029973   
  158     0.00054406   
  159     0.00052873   
  160     0.00079850   
  161     0.00066301   
  162     0.00354833   
  163     0.00184379   
  164     0.00042837   
  165     0.00045596   
  166     0.00137572   
  167     0.00270847   
  168     0.00116839   
  169     0.00141562   
  170     0.00056137   
  171     0.00017234   
  172     0.00035871   
  173     0.00034005   
  174     0.00011770   
  175     0.00050522   
  176     0.00046173   
  177     0.00030765   
  178     0.00038314   
  179     0.00051188   
  180     0.00025760   
  181     0.00053652   
  182     0.00008215   
  183     0.00008415   
  184     0.00019413   
  185     0.00009226   
  186     0.00006361   
  187     0.00010431   
  188     0.00028125   
  189     0.00028476   
  190     0.00061312   
  191     0.00066298   
  192     0.00040398   
  193     0.00073325   
  194     0.00060578   
  195     0.00085369   
  196     0.00083749   
  197     0.00058886   
  198     0.00067688   
  199     0.00128491   
  200     0.00073341   
  201     0.00025232   
  202     0.00044684   
  203     0.00056798   
  204     0.00136367   
  205     0.00060169   
  206     0.00054253   
  207     0.00029560   
  208     0.00036025   
  209     0.00026627   
  210     0.00083660   
  211     0.00027493   
  212     0.00060595   
  213     0.00142744   
  214     0.00026801   
  215     0.00042477   
  216     0.00030647   
  217     0.00089746   
  218     0.00057704   
  219     0.00080261   
  220     0.00092390   
  221     0.00082815   
  222     0.00047171   
  223     0.00042004   
  224     0.00045151   
  225     0.00056030   
  226     0.00106056   
  227     0.00118957   
  228     0.00108431   
  229     0.00138226   
  230     0.00167370   
  231     0.00154291   
  232     0.00097900   
  233     0.00125024   
  234     0.00205279   
  235     0.00199559   
  236     0.00173596   
  237     0.00071939   
  238     0.00124931   
  239     0.00375065   
  240     0.00127063   
  241     0.00080790   
  242     0.00149123   
  243     0.00232793   
  244     0.00480086   
  245     0.00041387   
  246     0.00056700   
  247     0.00053586   
  248     0.00304332   
  249     0.00043367   
  250     0.00044854   
  251     0.00021684   
  252     0.00082449   
  253     0.00057526   
  254     0.00018363   
  255     0.00014139   
  256     0.00043633   
  257     0.00429905   
  258     0.00240789   
  259     0.00117055   
  260     0.00270464   
  261     0.00208550   
  262     0.00271676   
  263     0.00052020   
  264     0.00026109   
  265     0.00054958   
  266     0.00017439   
  267     0.00063037   
  268     0.00044216   
  269     0.00040327   
  270     0.00031522   
  271     0.00065156   
  272     0.00030564   
  273     0.00018256   
  274     0.00120599   
  275     0.00011325   
  276     0.00015564   
  277     0.00014360   
  278     0.00024567   
  279     0.00065148   
  280     0.00033504   
  281     0.00172035   
  282     0.00158561   
  283     0.00252549   
  284     0.00302042   
  285     0.00129178   
  286     0.00744411   
  287     0.00246022   
  288     0.00271996   
  289     0.00192585   
  290     0.00345249   
  291     0.00692449   
  292     0.00401203   
  293     0.00149887   
  294     0.00862103   
  295     0.00647750   
  296     0.00921964   
  297     0.00332624   
  298     0.00336881   
  299     0.00059481   
  300     0.00031837   
  301     0.00014375   
  302     0.00067157   
  303     0.00033701   
  304     0.00022992   
  305     0.00054694   
  306     0.00049452   
  307     0.00024291   
  308     0.00115077   
  309     0.00030411   
  310     0.00017067   
  311     0.00018456   
  312     0.00045120   
  313     0.00010836   
  314     0.00006541   
  315     0.00021627   
  316     0.00036191   
  317     0.00044441   
  318     0.00015133   
  319     0.00020649   
  320     0.00140735   
  321     0.00008719   
  322     0.00007210   
  323     0.00015604   
  324     0.00052561   
  325     0.00005044   
  326     0.00092330   
  327     0.00115377   
  328     0.00015473   
  329     0.00053448   
  330     0.00034818   
  331     0.00054020   
  332     0.00026548   
  333     0.00009620   
  334     0.00038733   
  335     0.00012234   
  336     0.00015494   
  337     0.00043218   
  338     0.00036448   
  339     0.00037500   
  340     0.00047469   
  341     0.00022018   
  342     0.00015511   
  343     0.00067821   
  344     0.00049604   
  345     0.00099711   
  346     0.00052788   
  347     0.00028408   
  348     0.00065085   
  349     0.00006406   
  350     0.00025445   
  351     0.00010879   
  352     0.00037738   
  353     0.00043647   
  354     0.00005067   
  355     0.00008492   
  356     0.00093295   
  357     0.00025701   
  358     0.00029017   
  359     0.00011256   
  360     0.00006508   
  361     0.00012270   
  362     0.00002572   
  363     0.00001187   
  364     0.00000401   
  365     0.00032515   
  366     0.00004304   
  367     0.00026773   
  368     0.00015039   
  369     0.00081207   
  370     0.00043812   
  371     0.00025638   
  372     0.00015371   
  373     0.00081501   
  374     0.00029046   
  375     0.00061068   
  376     0.00061848   
  377     0.00150268   
  378     0.00053297   
  379     0.00145417   
  380     0.00200455   
  381     0.00254944   
  382     0.00125906   
  383     0.00194156   
  384     0.00030651   
  385     0.00050544   
  386     0.00200860   
  387     0.00183650   
  388     0.00119825   
  389     0.00136732   
  390     0.00153387   
  391     0.00034590   
  392     0.00082004   
  393     0.00092874   
  394     0.00049667   
  395     0.00502542   
  396     0.00051648   
  397     0.00164706   
  398     0.00051909   
  399     0.00140873   
  400     0.00132116   
  401     0.00606848   
  402     0.00556673   
  403     0.00425921   
  404     0.00650842   
  405     0.00289998   
  406     0.00387693   
  407     0.00645164   
  408     0.00650718   
  409     0.00337826   
  410     0.00184117   
  411     0.00548645   
  412     0.00344231   
  413     0.00101065   
  414     0.00061988   
  415     0.00252708   
  416     0.00141015   
  417     0.00101240   
  418     0.00120209   
  419     0.00078730   
  420     0.00284705   
  421     0.00090180   
  422     0.00228259   
  423     0.00210703   
  424     0.01002057   
  425     0.00525636   
  426     0.01028528   
  427     0.00274500   
  428     0.00293478   
  429     0.00519128   
  430     0.00033134   
  431     0.00020584   
  432     0.00029596   
  433     0.00296455   
  434     0.00161546   
  435     0.00092631   
  436     0.01537766   
  437     0.00489454   
  438     0.01120692   
  439     0.00564007   
  440     0.00316856   
  441     0.00087289   
  442     0.00180524   
  443     0.00297751   
  444     0.00140257   
  445     0.00070533   
  446     0.00094845   
  447     0.00049782   
  448     0.00196486   
  449     0.00194765   
  450     0.00107926   
  451     0.00304238   
  452     0.00285297   
  453     0.01317730   
  454     0.00349592   
  455     0.00395179   
  456     0.00286916   
  457     0.01191860   
  458     0.00730189   
  459     0.00591829   
  460     0.00528594   
  461     0.00310673   
  462     0.00725087   
  463     0.00208545   
  464     0.00055402   
  465     0.00186856   
  466     0.00028562   
  467     0.00050036   
  468     0.00461457   
  469     0.00092743   
  470     0.02469560   
  471     0.01085170   
  472     0.00573141   
  473     0.00815491   
  474     0.00739794   
  475     0.00195023   
  476     0.00207754   
  477     0.00419594   
  478     0.00679457   
  479     0.00098424   
  480     0.00303497   
  481     0.00367908   
  482     0.00265290   
  483     0.00483390   
  484     0.00657533   
  485     0.00747976   
  486     0.00470487   
  487     0.01068747   
  488     0.00210684   
  489     0.00273289   
  490     0.02662290   
  491     0.00846593   
  492     0.00793005   
  493     0.00391451   
  494     0.00655982   
  495     0.01023035   
  496     0.00764694   
  497     0.01158612   
  498     0.00172991   
  499     0.00442948   
  500     0.00109682   
  501     0.00307832   
  502     0.00039259   
  503     0.00307078   
  504     0.00295822   
  505     0.00459805   
  506     0.00147907   
  507     0.00202166   
  508     0.00013086   
  509     0.00016026   
  510     0.00046687   
  511     0.00057503   
  512     0.00129767   
  513     0.00042752   
  514     0.00040737   
  515     0.00064072   
  516     0.00122036   
  517     0.00021579   
  518     0.00090903   
  519     0.00173507   
  520     0.00186954   
  521     0.00069473   
  522     0.00163938   
  523     0.00106450   
  524     0.00066724   
  525     0.00189823   
  526     0.00017200   
  527     0.00048660   
  528     0.00129656   
  529     0.00078396   
  530     0.00127056   
  531     0.00122523   
  532     0.00025834   
  533     0.00101503   
  534     0.00120120   
  535     0.00033023   
  536     0.00059310   
  537     0.00081027   
  538     0.00069444   
  539     0.00072224   
  540     0.00059677   
  541     0.00044988   
  542     0.00120326   
  543     0.00032205   
  544     0.00029438   
  545     0.00031800   
  546     0.00206952   
  547     0.00008510   
  548     0.00036286   
  549     0.00074677   
  550     0.00080471   
  551     0.00097119   
  552     0.00012613   
  553     0.00406211   
  554     0.00244983   
  555     0.00162102   
  556     0.00119747   
  557     0.00393649   
  558     0.00020182   
  559     0.00132601   
  560     0.00019447   
  561     0.00241722   
  562     0.00041338   
  563     0.00018743   
  564     0.00026985   
  565     0.00040732   
  566     0.00005645   
  567     0.00013449   
  568     0.00016656   
  569     0.00003719   
  570     0.00006635   
  571     0.00028610   
  572     0.00011674   
  573     0.00011357   
  574     0.00015228   
  575     0.00034329   
  576     0.00021774   
  577     0.00005138   
  578     0.00012236   
  579     0.00064552   
  580     0.00012354   
  581     0.00029966   
  582     0.00015265   
  583     0.00052866   
  584     0.00008287   
  585     0.00025482   
  586     0.00051577   
  587     0.00058179   
  588     0.00077068   
  589     0.00055142   
  590     0.00047223   
  591     0.00056938   
  592     0.00362895   
  593     0.00043347   
  594     0.00105300   
  595     0.00153839   
  596     0.00175779   
  597     0.00150618   
  598     0.00829072   
  599     0.00593016   
  600     0.00240392   
  601     0.00265359   
  602     0.00352035   
  603     0.00148172   
  604     0.00054843   
  605     0.00113087   
