    1     0.00248623   
    2     0.00192040   
    3     0.00439636   
    4     0.00288245   
    5     0.00061922   
    6     0.00035705   
    7     0.00191513   
    8     0.00224894   
    9     0.00313492   
   10     0.00174427   
   11     0.00159800   
   12     0.00256259   
   13     0.00926471   
   14     0.00283836   
   15     0.00217135   
   16     0.00130909   
   17     0.00052271   
   18     0.00377846   
   20     0.00073680   
   21     0.00048145   
   22     0.00108401   
   23     0.00068815   
   24     0.00151594   
   25     0.00197017   
   26     0.00213916   
   27     0.00128650   
   28     0.00161129   
   29     0.00299317   
   30     0.00168174   
   31     0.00099440   
   32     0.00102117   
   33     0.00070500   
   34     0.00135067   
   35     0.00252990   
   36     0.00566311   
   37     0.00175109   
   38     0.00143453   
   39     0.00185915   
   40     0.00059326   
   41     0.00111567   
   42     0.00227638   
   43     0.00107039   
   44     0.00055808   
   45     0.00162079   
   46     0.00090171   
   47     0.00216087   
   48     0.00094966   
   49     0.00090601   
   50     0.00068115   
   51     0.00097857   
   52     0.00100461   
   53     0.00040462   
   54     0.00082027   
   55     0.00070949   
   56     0.00026344   
   57     0.00026289   
   58     0.00106564   
   59     0.00085472   
   60     0.00041984   
   61     0.00193356   
   62     0.00325101   
   63     0.00121875   
   64     0.00135294   
   65     0.00044124   
   66     0.00184372   
   67     0.00193276   
   68     0.00150669   
   69     0.00106486   
   70     0.00200029   
   71     0.00198573   
   72     0.00409554   
   73     0.00218694   
   74     0.00242765   
   75     0.00299762   
   76     0.00029183   
   77     0.00058458   
   78     0.00047422   
   79     0.00010136   
   80     0.00023422   
   81     0.00167650   
   82     0.00193639   
   83     0.00066359   
   84     0.00096495   
   85     0.00472779   
   86     0.00164212   
   87     0.00288657   
   88     0.00178327   
   89     0.00361197   
   90     0.00206610   
   91     0.00134116   
   92     0.00261451   
   93     0.00247210   
   94     0.00094935   
   95     0.00042719   
   96     0.00049876   
   97     0.00015225   
   98     0.00095306   
   99     0.00080149   
  100     0.00095356   
  101     0.00069734   
  102     0.00065591   
  103     0.00212551   
  104     0.00706451   
  105     0.00203304   
  106     0.00051516   
  107     0.00314393   
  108     0.00284725   
  109     0.00111400   
  110     0.00218484   
  111     0.00176111   
  112     0.00180644   
  113     0.00181096   
  114     0.00088015   
  115     0.00097731   
  116     0.00139874   
  117     0.00025795   
  118     0.00033910   
  119     0.00161537   
  120     0.00199037   
  121     0.00034769   
  122     0.00124716   
  123     0.00248879   
  124     0.00169185   
  125     0.00069757   
  126     0.00111875   
  127     0.00203339   
  128     0.00035881   
  129     0.00056008   
  130     0.00053648   
  131     0.00042556   
  132     0.00031287   
  133     0.00043851   
  134     0.00052828   
  135     0.00120411   
  136     0.00288206   
  137     0.00308554   
  138     0.00176287   
  139     0.00094993   
  140     0.00146583   
  141     0.00177018   
  142     0.00158565   
  143     0.00102745   
  144     0.00085268   
  145     0.00079087   
  146     0.00116697   
  147     0.00263253   
  148     0.00091499   
  149     0.00339256   
  150     0.00105326   
  151     0.00203924   
  152     0.00232137   
  153     0.00267611   
  154     0.00256789   
  155     0.00337508   
  156     0.00198835   
  157     0.00086851   
  158     0.00264645   
  159     0.00095847   
  160     0.00128145   
  161     0.00023687   
  162     0.00195635   
  163     0.00254449   
  164     0.00114637   
  165     0.00222788   
  166     0.00410364   
  167     0.00633387   
  168     0.00165651   
  169     0.00056840   
  170     0.00058665   
  171     0.00074088   
  172     0.00126940   
  173     0.00044237   
  174     0.00088761   
  175     0.00250005   
  176     0.00491303   
  177     0.00494849   
  178     0.00289924   
  179     0.01194403   
  180     0.00395818   
  181     0.01263512   
  182     0.00748169   
  183     0.00337268   
  184     0.00203500   
  185     0.00435102   
  186     0.00156648   
  187     0.00089936   
  188     0.00451126   
  189     0.00209082   
  190     0.00099187   
  191     0.00257220   
  192     0.00144910   
  193     0.00300109   
  194     0.00114957   
  195     0.00121091   
  196     0.00108140   
  197     0.00280931   
  198     0.00234145   
  199     0.00142833   
  200     0.00034133   
  201     0.00116599   
  202     0.00284939   
  203     0.00184117   
  204     0.00358655   
  205     0.00067711   
  206     0.00063976   
  207     0.00112591   
  208     0.00107626   
  209     0.00132110   
  210     0.00076341   
  211     0.00056396   
  212     0.00136782   
  213     0.00222068   
  214     0.00083945   
  215     0.00116219   
  216     0.00076442   
  217     0.00085934   
  218     0.00066933   
  219     0.00119958   
  220     0.00053730   
  221     0.00112513   
  222     0.00124862   
  223     0.00194709   
  224     0.00128949   
  225     0.00029928   
  226     0.00040171   
  227     0.00159719   
  228     0.00083162   
  229     0.00147067   
  230     0.00084625   
  231     0.00273510   
  232     0.00311415   
  233     0.00170650   
  234     0.00088986   
  235     0.00154589   
  236     0.00262770   
  237     0.00202005   
  238     0.00137294   
  239     0.00081931   
  240     0.00154701   
  241     0.00318554   
  242     0.00057415   
  243     0.00099223   
  244     0.00047799   
  245     0.00042087   
  246     0.00045771   
  247     0.00015775   
  248     0.00003125   
  249     0.00005876   
  250     0.00052060   
  251     0.00094043   
  252     0.00083953   
  253     0.00096292   
  254     0.00115517   
  255     0.00129546   
  256     0.00106993   
  257     0.00088806   
  258     0.00034920   
  259     0.00493824   
  260     0.00292187   
  261     0.00210336   
  262     0.00280810   
  263     0.00183926   
  264     0.00244518   
  265     0.00348723   
  266     0.00081178   
  267     0.00110272   
  268     0.00109985   
  269     0.00164398   
  270     0.00085068   
  271     0.00142388   
  272     0.00078756   
  273     0.00136256   
  274     0.00163914   
  275     0.00083773   
  276     0.00057406   
  277     0.00029284   
  278     0.00036625   
  279     0.00090884   
  280     0.00074609   
  281     0.00243537   
  282     0.00056737   
  283     0.00291785   
  284     0.00119826   
  285     0.00055279   
  286     0.00274766   
  287     0.00162449   
  288     0.00047427   
  289     0.00103922   
  290     0.00017326   
  291     0.00322222   
  292     0.00114239   
  293     0.00114242   
  294     0.00442966   
  295     0.00088121   
  296     0.00066168   
  297     0.00074174   
  298     0.00213011   
  299     0.00121119   
  300     0.00072635   
  301     0.00043495   
  302     0.00060711   
  303     0.00041378   
  304     0.00027416   
  305     0.00182098   
  306     0.00192639   
  307     0.00079740   
  308     0.00147614   
  309     0.00319933   
  310     0.00383377   
  311     0.00196897   
  312     0.00454642   
  313     0.00165634   
  314     0.00084279   
  315     0.00384779   
  316     0.00565234   
  317     0.00546188   
  318     0.00352494   
  319     0.00214124   
  320     0.01041003   
  321     0.00133903   
  322     0.00080875   
  323     0.00109855   
  324     0.00262970   
  325     0.00049433   
  326     0.00053336   
  327     0.00043634   
  328     0.00060969   
  329     0.00152270   
  330     0.00118321   
  331     0.00484121   
  332     0.00425784   
  333     0.00085072   
  334     0.00459534   
  335     0.00289064   
  336     0.00262451   
  337     0.00184260   
  338     0.00348337   
  339     0.00182006   
  340     0.00141240   
  341     0.00158836   
  342     0.00089666   
  343     0.00167596   
  344     0.00122989   
  345     0.00350651   
  346     0.00197465   
  347     0.00075425   
  348     0.00157179   
  349     0.00159495   
  350     0.00119249   
  351     0.00077181   
  352     0.00351602   
  353     0.00282477   
  354     0.00041912   
  355     0.00105053   
  356     0.00908060   
  357     0.00479105   
  358     0.00337943   
  359     0.00430059   
  360     0.00062605   
  361     0.00110501   
  362     0.00280825   
  363     0.00246971   
  364     0.00182388   
  365     0.00344443   
  366     0.00317269   
  367     0.00100028   
  368     0.00716982   
  369     0.00471245   
  370     0.00141846   
  371     0.00095812   
  372     0.00155544   
  373     0.00125349   
  374     0.00092367   
  375     0.00075085   
  376     0.00063424   
  377     0.00702552   
  378     0.00172031   
  379     0.00312179   
  380     0.00225788   
  381     0.00169603   
  382     0.00704203   
  383     0.00219716   
  384     0.00176033   
  385     0.00158817   
  386     0.00553313   
  387     0.00384847   
  388     0.00229769   
  389     0.00155983   
  390     0.00245740   
  391     0.00115444   
  392     0.00167315   
  393     0.00079812   
  394     0.00036447   
  395     0.00167146   
  396     0.00087257   
  397     0.00037103   
  398     0.00030912   
  399     0.00039119   
  400     0.00050619   
  401     0.00057345   
  402     0.00174985   
  403     0.00169554   
  404     0.00347075   
  405     0.00102502   
  406     0.00124526   
  407     0.00191962   
  408     0.00236383   
  409     0.00154199   
  410     0.00131771   
  411     0.00236043   
  412     0.00463901   
  413     0.00052412   
  414     0.00054864   
  415     0.00047215   
  416     0.00051989   
  417     0.00059128   
  418     0.00108889   
  419     0.00055405   
  420     0.00296233   
  421     0.00090452   
  422     0.00184475   
  423     0.00072002   
  424     0.00289783   
  425     0.00139696   
  426     0.00386792   
  427     0.00291713   
  428     0.01074768   
  429     0.00070811   
  430     0.00013537   
  431     0.00021562   
  432     0.00063485   
  433     0.00270871   
  434     0.00197373   
  435     0.00400328   
  436     0.00880087   
  437     0.00205102   
  438     0.00393547   
  439     0.00141433   
  440     0.00175517   
  441     0.00052829   
  442     0.00068634   
  443     0.00090797   
  444     0.00192029   
  445     0.00043037   
  446     0.00022963   
  447     0.00026490   
  448     0.00117384   
  449     0.00060500   
  450     0.00071174   
  451     0.00122795   
  452     0.00064141   
  453     0.00630481   
  454     0.00312694   
  455     0.00160076   
  456     0.00213659   
  457     0.00472328   
  458     0.00528254   
  459     0.00455615   
  460     0.00154559   
  461     0.00026451   
  462     0.00244567   
  463     0.00049444   
  464     0.00033144   
  465     0.00132933   
  466     0.00048610   
  467     0.00016693   
  468     0.00074094   
  469     0.00075885   
  470     0.00361165   
  471     0.00242172   
  472     0.00160401   
  473     0.00107465   
  474     0.00141045   
  475     0.00083678   
  476     0.00432397   
  477     0.00127027   
  478     0.00056001   
  479     0.00040487   
  480     0.00075683   
  481     0.00188316   
  482     0.00201776   
  483     0.00193468   
  484     0.00191959   
  485     0.00298161   
  486     0.00273950   
  487     0.00439017   
  488     0.00253317   
  489     0.00088790   
  490     0.00113509   
  491     0.00088263   
  492     0.00071093   
  493     0.00103786   
  494     0.00148575   
  495     0.00066788   
  496     0.00073073   
  497     0.00380951   
  498     0.00215477   
  499     0.00189957   
  500     0.00619467   
  501     0.00581936   
  502     0.00460878   
  503     0.00430841   
  504     0.00583454   
  505     0.00394284   
  506     0.00306698   
  507     0.00358898   
  508     0.00027240   
  509     0.00011089   
  510     0.00032822   
  511     0.00036369   
  512     0.00167544   
  513     0.00014396   
  514     0.00022956   
  515     0.00035125   
  516     0.00054850   
  517     0.00014322   
  518     0.00023493   
  519     0.00016885   
  520     0.00018223   
  521     0.00008525   
  522     0.00033502   
  523     0.00015670   
  524     0.00018865   
  525     0.00022532   
  526     0.00119489   
  527     0.00045157   
  528     0.00018271   
  529     0.00081515   
  530     0.00076294   
  531     0.00075753   
  532     0.00037720   
  533     0.00031243   
  534     0.00080602   
  535     0.00066057   
  536     0.00077777   
  537     0.00062696   
  538     0.00037063   
  539     0.00047544   
  540     0.00093272   
  541     0.00042443   
  542     0.00060210   
  543     0.00048039   
  544     0.00041726   
  545     0.00069443   
  546     0.00056627   
  547     0.00069336   
  548     0.00042080   
  549     0.00175638   
  550     0.00161445   
  551     0.00035072   
  552     0.00013083   
  553     0.00094101   
  554     0.00028028   
  555     0.00005720   
  556     0.00008839   
  557     0.00105662   
  558     0.00015751   
  559     0.00005631   
  560     0.00009421   
  561     0.00067929   
  562     0.00035005   
  563     0.00016703   
  564     0.00011088   
  565     0.00035379   
  566     0.00077700   
  567     0.00034608   
  568     0.00017235   
  569     0.00033052   
  570     0.00030788   
  571     0.00057596   
  572     0.00014027   
  573     0.00017169   
  574     0.00027090   
  575     0.00028299   
  576     0.00105150   
  577     0.00009896   
  578     0.00010050   
  579     0.00128981   
  580     0.00005586   
  581     0.00022802   
  582     0.00006492   
  583     0.00005598   
  584     0.00027068   
  585     0.00039876   
  586     0.00004416   
  587     0.00004552   
  588     0.00024354   
  589     0.00022032   
  590     0.00009639   
  591     0.00011318   
  592     0.00052660   
  593     0.00031370   
  594     0.00015097   
  595     0.00027626   
  596     0.00044112   
  597     0.00087443   
  598     0.00150912   
  599     0.00165074   
  600     0.00030293   
  601     0.00068894   
  602     0.00148422   
  603     0.00008986   
  604     0.00098330   
  605     0.00031835   
