    1     0.00000382   
    2     0.00000614   
    3     0.00002573   
    4     0.00006314   
    5     0.00006131   
    6     0.00002476   
    7     0.00006636   
    8     0.00004220   
    9     0.00008940   
   10     0.00011433   
   11     0.00019741   
   12     0.00018103   
   13     0.00040017   
   14     0.00020036   
   15     0.00028783   
   16     0.00016040   
   17     0.00003471   
   18     0.00005497   
   20     0.00001000   
   21     0.00000253   
   22     0.00001577   
   23     0.00000517   
   24     0.00001940   
   25     0.00001800   
   26     0.00007307   
   27     0.00003505   
   28     0.00002527   
   29     0.00001691   
   30     0.00000284   
   31     0.00010926   
   32     0.00000272   
   33     0.00000689   
   34     0.00011557   
   35     0.00033443   
   36     0.00177929   
   37     0.00054643   
   38     0.00022295   
   39     0.00030836   
   40     0.00147258   
   41     0.00128001   
   42     0.01817699   
   43     0.00944571   
   44     0.02881367   
   45     0.04705671   
   46     0.03430289   
   47     0.04042939   
   48     0.00219497   
   49     0.00895127   
   50     0.00376751   
   51     0.00164898   
   52     0.00043587   
   53     0.00012023   
   54     0.00021219   
   55     0.00003341   
   56     0.00002743   
   57     0.00012027   
   58     0.00007961   
   59     0.00024489   
   60     0.00013548   
   61     0.00086239   
   62     0.00097716   
   63     0.00039378   
   64     0.00251031   
   65     0.00121595   
   66     0.00349003   
   67     0.00042892   
   68     0.00064079   
   69     0.00031830   
   70     0.00028373   
   71     0.00042725   
   72     0.00041486   
   73     0.00024422   
   74     0.00038935   
   75     0.00053834   
   76     0.00009057   
   77     0.00015258   
   78     0.00003093   
   79     0.00000993   
   80     0.00000090   
   81     0.00047427   
   82     0.00008162   
   83     0.00005354   
   84     0.00001615   
   85     0.00002945   
   86     0.00029990   
   87     0.00011263   
   88     0.00002842   
   89     0.00008047   
   90     0.00108091   
   91     0.00049770   
   92     0.00122014   
   93     0.00046924   
   94     0.00077460   
   95     0.00011277   
   96     0.00057541   
   97     0.00002918   
   98     0.00038810   
   99     0.00004147   
  100     0.00011861   
  101     0.00043418   
  102     0.00082719   
  103     0.00103619   
  104     0.00267481   
  105     0.00336798   
  106     0.00846898   
  107     0.00017643   
  108     0.00008023   
  109     0.00105654   
  110     0.00058589   
  111     0.00081704   
  112     0.00121999   
  113     0.00084035   
  114     0.00501988   
  115     0.00125422   
  116     0.00040265   
  117     0.00032630   
  118     0.00193257   
  119     0.00107561   
  120     0.00032945   
  121     0.00135486   
  122     0.00087930   
  123     0.00017930   
  124     0.00072329   
  125     0.00001978   
  126     0.00003471   
  127     0.00006628   
  128     0.00000253   
  129     0.00000453   
  130     0.00000699   
  131     0.00000337   
  132     0.00000151   
  133     0.00000323   
  134     0.00000893   
  135     0.00007115   
  136     0.00023421   
  137     0.00013723   
  138     0.00016334   
  139     0.00003360   
  140     0.00003576   
  141     0.00003397   
  142     0.00005583   
  143     0.00010320   
  144     0.00006655   
  145     0.00012882   
  146     0.00030219   
  147     0.00026201   
  148     0.00026416   
  149     0.00046922   
  150     0.00036938   
  151     0.00037466   
  152     0.00030852   
  153     0.00009023   
  154     0.00011834   
  155     0.00014917   
  156     0.00042303   
  157     0.00015246   
  158     0.00026659   
  159     0.00009245   
  160     0.00204167   
  161     0.00144344   
  162     0.00151000   
  163     0.00034013   
  164     0.00014077   
  165     0.00004786   
  166     0.00002320   
  167     0.00010960   
  168     0.00019414   
  169     0.00006175   
  170     0.00003152   
  171     0.00001563   
  172     0.00002206   
  173     0.00001915   
  174     0.00000881   
  175     0.00004738   
  176     0.00002239   
  177     0.00003773   
  178     0.00006043   
  179     0.00002771   
  180     0.00001947   
  181     0.00001302   
  182     0.00000266   
  183     0.00000106   
  184     0.00000821   
  185     0.00000702   
  186     0.00000029   
  187     0.00000401   
  188     0.00000902   
  189     0.00000406   
  190     0.00000725   
  191     0.00000481   
  192     0.00000753   
  193     0.00001081   
  194     0.00003398   
  195     0.00002882   
  196     0.00002675   
  197     0.00004358   
  198     0.00039908   
  199     0.00005432   
  200     0.00005030   
  201     0.00002851   
  202     0.00001200   
  203     0.00000636   
  204     0.00000599   
  205     0.00000593   
  206     0.00000497   
  207     0.00001817   
  208     0.00000897   
  209     0.00000799   
  210     0.00000945   
  211     0.00000135   
  212     0.00000219   
  213     0.00000673   
  214     0.00001479   
  215     0.00000794   
  216     0.00001521   
  217     0.00000848   
  218     0.00000621   
  219     0.00000969   
  220     0.00001176   
  221     0.00004877   
  222     0.00003057   
  223     0.00005078   
  224     0.00013401   
  225     0.00023380   
  226     0.00042308   
  227     0.00006595   
  228     0.00002432   
  229     0.00002286   
  230     0.00007074   
  231     0.00009140   
  232     0.00006544   
  233     0.00004644   
  234     0.00011654   
  235     0.00007834   
  236     0.00008988   
  237     0.00021422   
  238     0.00005995   
  239     0.00007535   
  240     0.00004653   
  241     0.00006676   
  242     0.00001844   
  243     0.00002389   
  244     0.00013324   
  245     0.00002197   
  246     0.00000561   
  247     0.00000140   
  248     0.00001476   
  249     0.00000774   
  250     0.00003565   
  251     0.00003248   
  252     0.00006376   
  253     0.00008498   
  254     0.00001448   
  255     0.00016669   
  256     0.00074691   
  257     0.00020651   
  258     0.00013274   
  259     0.00023223   
  260     0.00034122   
  261     0.00008105   
  262     0.00005527   
  263     0.00013155   
  264     0.00005884   
  265     0.00003385   
  266     0.00002197   
  267     0.00001789   
  268     0.00002819   
  269     0.00001785   
  270     0.00002715   
  271     0.00004919   
  272     0.00002726   
  273     0.00003846   
  274     0.00012477   
  275     0.00000541   
  276     0.00001503   
  277     0.00001308   
  278     0.00001486   
  279     0.00004832   
  280     0.00002219   
  281     0.00001174   
  282     0.00001179   
  283     0.00004071   
  284     0.00002818   
  285     0.00001087   
  286     0.00006288   
  287     0.00004789   
  288     0.00001247   
  289     0.00003407   
  290     0.00000628   
  291     0.00000260   
  292     0.00000615   
  293     0.00001017   
  294     0.00002133   
  295     0.00000989   
  296     0.00006052   
  297     0.00000868   
  298     0.00015193   
  299     0.00003711   
  300     0.00004600   
  301     0.00000623   
  302     0.00001614   
  303     0.00000365   
  304     0.00001333   
  305     0.00005931   
  306     0.00007876   
  307     0.00003690   
  308     0.00005702   
  309     0.00002606   
  310     0.00007092   
  311     0.00002077   
  312     0.00002674   
  313     0.00002462   
  314     0.00000734   
  315     0.00003666   
  316     0.00002488   
  317     0.00001197   
  318     0.00000321   
  319     0.00001266   
  320     0.00001187   
  321     0.00000042   
  322     0.00000068   
  323     0.00000413   
  324     0.00000216   
  325     0.00000060   
  326     0.00000128   
  327     0.00000115   
  328     0.00000044   
  329     0.00000070   
  330     0.00000019   
  331     0.00000110   
  332     0.00000141   
  333     0.00000106   
  334     0.00000617   
  335     0.00000666   
  336     0.00001377   
  337     0.00000647   
  338     0.00002945   
  339     0.00003398   
  340     0.00005973   
  341     0.00005910   
  342     0.00004691   
  343     0.00008915   
  344     0.00002987   
  345     0.00019910   
  346     0.00005653   
  347     0.00000603   
  348     0.00007251   
  349     0.00003836   
  350     0.00001941   
  351     0.00000889   
  352     0.00001678   
  353     0.00000860   
  354     0.00000589   
  355     0.00000182   
  356     0.00000649   
  357     0.00000483   
  358     0.00000128   
  359     0.00000818   
  360     0.00000790   
  361     0.00001904   
  362     0.00000532   
  363     0.00000680   
  364     0.00000174   
  365     0.00005173   
  366     0.00002707   
  367     0.00011659   
  368     0.00027532   
  369     0.00017100   
  370     0.00008066   
  371     0.00006205   
  372     0.00008093   
  373     0.00007573   
  374     0.00003661   
  375     0.00005663   
  376     0.00005903   
  377     0.00005017   
  378     0.00003805   
  379     0.00004296   
  380     0.00002864   
  381     0.00000590   
  382     0.00000483   
  383     0.00000127   
  384     0.00000285   
  385     0.00000577   
  386     0.00001240   
  387     0.00001101   
  388     0.00001082   
  389     0.00001020   
  390     0.00000482   
  391     0.00001816   
  392     0.00001690   
  393     0.00003929   
  394     0.00000825   
  395     0.00009528   
  396     0.00005034   
  397     0.00006830   
  398     0.00001781   
  399     0.00001559   
  400     0.00000662   
  401     0.00000292   
  402     0.00000158   
  403     0.00000176   
  404     0.00000066   
  405     0.00000075   
  406     0.00000154   
  407     0.00000275   
  408     0.00000891   
  409     0.00001156   
  410     0.00001361   
  411     0.00013161   
  412     0.00007922   
  413     0.00002875   
  414     0.00004244   
  415     0.00001499   
  416     0.00003720   
  417     0.00002362   
  418     0.00001250   
  419     0.00005014   
  420     0.00008317   
  421     0.00002513   
  422     0.00004621   
  423     0.00002323   
  424     0.00014757   
  425     0.00001830   
  426     0.00003419   
  427     0.00000778   
  428     0.00002878   
  429     0.00000979   
  430     0.00000007   
  431     0.00000022   
  432     0.00000080   
  433     0.00001257   
  434     0.00000971   
  435     0.00000090   
  436     0.00007479   
  437     0.00003065   
  438     0.00001112   
  439     0.00000982   
  440     0.00001066   
  441     0.00000364   
  442     0.00001681   
  443     0.00000605   
  444     0.00001631   
  445     0.00000082   
  446     0.00000055   
  447     0.00000066   
  448     0.00000487   
  449     0.00000423   
  450     0.00000155   
  451     0.00000246   
  452     0.00001867   
  453     0.00004548   
  454     0.00002136   
  455     0.00002715   
  456     0.00003976   
  457     0.00002541   
  458     0.00002931   
  459     0.00002840   
  460     0.00000776   
  461     0.00000665   
  462     0.00000554   
  463     0.00000110   
  464     0.00000019   
  465     0.00000090   
  466     0.00000064   
  467     0.00000095   
  468     0.00000247   
  469     0.00000070   
  470     0.00000399   
  471     0.00000104   
  472     0.00002797   
  473     0.00004803   
  474     0.00001148   
  475     0.00002992   
  476     0.00005237   
  477     0.00009069   
  478     0.00007555   
  479     0.00012092   
  480     0.00024570   
  481     0.00010178   
  482     0.00012711   
  483     0.00021584   
  484     0.00003432   
  485     0.00006600   
  486     0.00002870   
  487     0.00003536   
  488     0.00002112   
  489     0.00000920   
  490     0.00000475   
  491     0.00000143   
  492     0.00000168   
  493     0.00000043   
  494     0.00000133   
  495     0.00000123   
  496     0.00000132   
  497     0.00001406   
  498     0.00000642   
  499     0.00003259   
  500     0.00000631   
  501     0.00002284   
  502     0.00001005   
  503     0.00022071   
  504     0.00019773   
  505     0.00018062   
  506     0.00046878   
  507     0.00126558   
  508     0.00031946   
  509     0.00011507   
  510     0.00002940   
  511     0.00088073   
  512     0.00132620   
  513     0.00016322   
  514     0.00088193   
  515     0.00085150   
  516     0.00208361   
  517     0.00243544   
  518     0.00332105   
  519     0.01016247   
  520     0.01269339   
  521     0.00295056   
  522     0.01615662   
  523     0.02647467   
  524     0.01588223   
  525     0.02297984   
  526     0.01091250   
  527     0.05251268   
  528     0.04062491   
  529     0.06508445   
  530     0.05177644   
  531     0.10608697   
  532     0.02181713   
  533     0.06328619   
  534     0.02780599   
  535     0.03040404   
  536     0.00838038   
  537     0.01051427   
  538     0.00612094   
  539     0.00520448   
  540     0.00244154   
  541     0.00088468   
  542     0.00155870   
  543     0.00475382   
  544     0.00055418   
  545     0.00077707   
  546     0.00182098   
  547     0.00202170   
  548     0.00043709   
  549     0.00123672   
  550     0.00257574   
  551     0.00029766   
  552     0.00051949   
  553     0.00042147   
  554     0.00017538   
  555     0.00062515   
  556     0.00056818   
  557     0.00112085   
  558     0.00048039   
  559     0.00108979   
  560     0.00032582   
  561     0.00087613   
  562     0.00108486   
  563     0.00038670   
  564     0.00054267   
  565     0.00140674   
  566     0.00249342   
  567     0.00060476   
  568     0.00103856   
  569     0.00437324   
  570     0.00171826   
  571     0.00162838   
  572     0.00271444   
  573     0.00311344   
  574     0.00277676   
  575     0.00694634   
  576     0.00388314   
  577     0.00179045   
  578     0.00414955   
  579     0.03077481   
  580     0.00095957   
  581     0.02123066   
  582     0.00235559   
  583     0.00206490   
  584     0.00401970   
  585     0.00321539   
  586     0.00133804   
  587     0.00107054   
  588     0.00297982   
  589     0.00073950   
  590     0.00062467   
  591     0.00149367   
  592     0.00121537   
  593     0.00038808   
  594     0.00088306   
  595     0.00163541   
  596     0.00056053   
  597     0.00089767   
  598     0.00195925   
  599     0.00095837   
  600     0.00070435   
  601     0.00048803   
  602     0.00089725   
  603     0.00045662   
  604     0.00052074   
  605     0.00063396   
