    1     0.01462922   
    2     0.00241726   
    3     0.00275410   
    4     0.01140229   
    5     0.00147339   
    6     0.00117172   
    7     0.00058052   
    8     0.00057172   
    9     0.00087743   
   10     0.00066026   
   11     0.00074476   
   12     0.00101104   
   13     0.00074696   
   14     0.00034320   
   15     0.00055738   
   16     0.00127504   
   17     0.00072813   
   18     0.00446920   
   20     0.00270948   
   21     0.00079122   
   22     0.00087468   
   23     0.00048637   
   24     0.00233822   
   25     0.00154176   
   26     0.00144382   
   27     0.00308650   
   28     0.00086474   
   29     0.00130426   
   30     0.00012406   
   31     0.00089893   
   32     0.00043510   
   33     0.00021562   
   34     0.00099489   
   35     0.00146676   
   36     0.00185068   
   37     0.00084407   
   38     0.00148165   
   39     0.00116431   
   40     0.00040712   
   41     0.00059448   
   42     0.00198501   
   43     0.00110487   
   44     0.00087185   
   45     0.00228582   
   46     0.00224619   
   47     0.00065039   
   48     0.00075233   
   49     0.00080042   
   50     0.00049619   
   51     0.00042692   
   52     0.00074081   
   53     0.00027378   
   54     0.00083502   
   55     0.00046363   
   56     0.00058596   
   57     0.00076647   
   58     0.00127357   
   59     0.00297805   
   60     0.00022159   
   61     0.00041974   
   62     0.00039785   
   63     0.00034901   
   64     0.00059469   
   65     0.00053689   
   66     0.00190652   
   67     0.00137252   
   68     0.00136993   
   69     0.00173734   
   70     0.00260738   
   71     0.00220510   
   72     0.00086330   
   73     0.00087258   
   74     0.00083292   
   75     0.00064528   
   76     0.00023347   
   77     0.00019497   
   78     0.00052849   
   79     0.00029035   
   80     0.00095062   
   81     0.00371373   
   82     0.00025623   
   83     0.00043423   
   84     0.00033102   
   85     0.00090111   
   86     0.00020634   
   87     0.00092770   
   88     0.00061605   
   89     0.00087709   
   90     0.00094667   
   91     0.00034986   
   92     0.00018145   
   93     0.00027271   
   94     0.00041012   
   95     0.00160034   
   96     0.00165554   
   97     0.00364533   
   98     0.00169369   
   99     0.00210888   
  100     0.00143978   
  101     0.00036884   
  102     0.00063588   
  103     0.00079038   
  104     0.00075986   
  105     0.00075495   
  106     0.00127088   
  107     0.00041743   
  108     0.00042139   
  109     0.00035148   
  110     0.00090071   
  111     0.00130529   
  112     0.00147555   
  113     0.00116937   
  114     0.00261827   
  115     0.00131352   
  116     0.00237354   
  117     0.00040075   
  118     0.00054335   
  119     0.00075192   
  120     0.00050442   
  121     0.00056379   
  122     0.00098654   
  123     0.00085890   
  124     0.00285989   
  125     0.00143098   
  126     0.00030383   
  127     0.00229783   
  128     0.00044289   
  129     0.00229162   
  130     0.00268567   
  131     0.00259493   
  132     0.00234717   
  133     0.00253558   
  134     0.00202266   
  135     0.00655982   
  136     0.00488441   
  137     0.00377077   
  138     0.00181510   
  139     0.00180130   
  140     0.00190863   
  141     0.00199971   
  142     0.00274602   
  143     0.00228021   
  144     0.00108960   
  145     0.00142094   
  146     0.00123802   
  147     0.00420419   
  148     0.00287210   
  149     0.00061363   
  150     0.00096161   
  151     0.00162840   
  152     0.00132621   
  153     0.00097454   
  154     0.00130610   
  155     0.00105243   
  156     0.00109704   
  157     0.00016754   
  158     0.00021196   
  159     0.00034073   
  160     0.00267834   
  161     0.00057316   
  162     0.00169716   
  163     0.00052098   
  164     0.00073107   
  165     0.00068352   
  166     0.00047019   
  167     0.00164602   
  168     0.00194543   
  169     0.00295394   
  170     0.00114412   
  171     0.00084676   
  172     0.00066604   
  173     0.00064680   
  174     0.00050656   
  175     0.00043631   
  176     0.00158821   
  177     0.00060227   
  178     0.00139604   
  179     0.00481487   
  180     0.00192264   
  181     0.00167539   
  182     0.00081094   
  183     0.00071886   
  184     0.00178066   
  185     0.00111202   
  186     0.00061837   
  187     0.00024455   
  188     0.00187318   
  189     0.00096241   
  190     0.00062682   
  191     0.00126244   
  192     0.00031084   
  193     0.00158247   
  194     0.00100628   
  195     0.00380710   
  196     0.00091246   
  197     0.00080689   
  198     0.00152012   
  199     0.00130487   
  200     0.00189638   
  201     0.00152144   
  202     0.00093623   
  203     0.00025573   
  204     0.00344937   
  205     0.00019574   
  206     0.00033499   
  207     0.00270565   
  208     0.00038674   
  209     0.00083314   
  210     0.00041996   
  211     0.00117996   
  212     0.00049509   
  213     0.00116643   
  214     0.00100582   
  215     0.00037905   
  216     0.00073995   
  217     0.00047726   
  218     0.00042186   
  219     0.00070606   
  220     0.00093825   
  221     0.00157048   
  222     0.00129177   
  223     0.00101003   
  224     0.00081176   
  225     0.00065983   
  226     0.00464275   
  227     0.00479654   
  228     0.00191462   
  229     0.00143186   
  230     0.00113319   
  231     0.00399795   
  232     0.00642205   
  233     0.00406390   
  234     0.00152792   
  235     0.00248543   
  236     0.00296880   
  237     0.00049033   
  238     0.00110611   
  239     0.00260551   
  240     0.00295623   
  241     0.00527778   
  242     0.00072529   
  243     0.00342890   
  244     0.00454761   
  245     0.00119096   
  246     0.00322086   
  247     0.00301749   
  248     0.00239769   
  249     0.00150951   
  250     0.00264760   
  251     0.00174868   
  252     0.00373715   
  253     0.00843239   
  254     0.01094407   
  255     0.00999039   
  256     0.00168886   
  257     0.00256303   
  258     0.00199976   
  259     0.00312038   
  260     0.00120204   
  261     0.00283355   
  262     0.00115173   
  263     0.00111373   
  264     0.00124137   
  265     0.00148463   
  266     0.00094982   
  267     0.00237805   
  268     0.00079915   
  269     0.00127223   
  270     0.00647906   
  271     0.00353493   
  272     0.00157239   
  273     0.00230203   
  274     0.00481173   
  275     0.00055924   
  276     0.00052184   
  277     0.00045161   
  278     0.00061375   
  279     0.00171049   
  280     0.00076270   
  281     0.00094777   
  282     0.00060169   
  283     0.00309391   
  284     0.00233166   
  285     0.00096400   
  286     0.00575506   
  287     0.01024327   
  288     0.00243616   
  289     0.00504750   
  290     0.00024333   
  291     0.00160767   
  292     0.00133117   
  293     0.00152127   
  294     0.00518637   
  295     0.00102891   
  296     0.00315182   
  297     0.00170799   
  298     0.00160150   
  299     0.00073176   
  300     0.00087040   
  301     0.00036743   
  302     0.00354075   
  303     0.00177953   
  304     0.00092999   
  305     0.00576519   
  306     0.00155176   
  307     0.00245367   
  308     0.00114592   
  309     0.00409553   
  310     0.00256547   
  311     0.00316491   
  312     0.00674520   
  313     0.00669169   
  314     0.00616552   
  315     0.00420296   
  316     0.00793148   
  317     0.00674758   
  318     0.00288165   
  319     0.00068483   
  320     0.00473591   
  321     0.00068049   
  322     0.00125414   
  323     0.00134685   
  324     0.00646501   
  325     0.00099803   
  326     0.00210914   
  327     0.00248224   
  328     0.00078327   
  329     0.00377639   
  330     0.00382447   
  331     0.00533007   
  332     0.00221993   
  333     0.00061679   
  334     0.00689596   
  335     0.00127425   
  336     0.00765019   
  337     0.00293233   
  338     0.00085706   
  339     0.00593209   
  340     0.00075156   
  341     0.00091619   
  342     0.00116920   
  343     0.00449281   
  344     0.00247042   
  345     0.00710232   
  346     0.00460490   
  347     0.00312905   
  348     0.00583332   
  349     0.00378933   
  350     0.00354338   
  351     0.00099730   
  352     0.00295389   
  353     0.00325735   
  354     0.00109086   
  355     0.00117960   
  356     0.00180145   
  357     0.00161946   
  358     0.00239610   
  359     0.00313057   
  360     0.00189685   
  361     0.00248020   
  362     0.00537385   
  363     0.00617765   
  364     0.00442499   
  365     0.00202207   
  366     0.00182425   
  367     0.00198393   
  368     0.00060297   
  369     0.00125352   
  370     0.00036780   
  371     0.00114090   
  372     0.00062040   
  373     0.00078105   
  374     0.00101197   
  375     0.00155555   
  376     0.00141047   
  377     0.00191025   
  378     0.00080290   
  379     0.00057446   
  380     0.00053981   
  381     0.00023207   
  382     0.00028136   
  383     0.00010437   
  384     0.00013888   
  385     0.00038150   
  386     0.00012179   
  387     0.00026660   
  388     0.00037206   
  389     0.00043894   
  390     0.00031914   
  391     0.00064262   
  392     0.00027232   
  393     0.00036652   
  394     0.00067836   
  395     0.00336711   
  396     0.00197404   
  397     0.00195027   
  398     0.00104719   
  399     0.00244877   
  400     0.00160093   
  401     0.00326484   
  402     0.00117623   
  403     0.00111302   
  404     0.00096731   
  405     0.00007245   
  406     0.00049632   
  407     0.00050079   
  408     0.00096637   
  409     0.00037165   
  410     0.00049852   
  411     0.00031127   
  412     0.00035774   
  413     0.00021783   
  414     0.00044011   
  415     0.00361643   
  416     0.00020541   
  417     0.00047967   
  418     0.00097071   
  419     0.00050282   
  420     0.00004676   
  421     0.00009935   
  422     0.00006789   
  423     0.00037176   
  424     0.00105664   
  425     0.00103737   
  426     0.00133323   
  427     0.00106342   
  428     0.00124163   
  429     0.00096565   
  430     0.00035277   
  431     0.00034139   
  432     0.00051557   
  433     0.00237190   
  434     0.00130257   
  435     0.00263247   
  436     0.01042026   
  437     0.00806188   
  438     0.01020983   
  439     0.00567852   
  440     0.00170245   
  441     0.00080719   
  442     0.00251677   
  443     0.00038286   
  444     0.00060535   
  445     0.00013334   
  446     0.00011470   
  447     0.00013590   
  448     0.00067085   
  449     0.00016883   
  450     0.00016849   
  451     0.00012439   
  452     0.00038812   
  453     0.00210965   
  454     0.00075906   
  455     0.00057388   
  456     0.00220151   
  457     0.00238548   
  458     0.00207940   
  459     0.00563743   
  460     0.00181274   
  461     0.00144374   
  462     0.00153718   
  463     0.00043094   
  464     0.00058617   
  465     0.00170051   
  466     0.00089637   
  467     0.00036461   
  468     0.00043829   
  469     0.00117417   
  470     0.00292908   
  471     0.00234120   
  472     0.00207414   
  473     0.00106219   
  474     0.00155967   
  475     0.00086175   
  476     0.00243568   
  477     0.00108674   
  478     0.00119837   
  479     0.00120132   
  480     0.00072070   
  481     0.00200721   
  482     0.00213304   
  483     0.00405719   
  484     0.00494963   
  485     0.00571487   
  486     0.00445550   
  487     0.00188268   
  488     0.00046992   
  489     0.00073731   
  490     0.00141113   
  491     0.00066158   
  492     0.00054915   
  493     0.00153737   
  494     0.00240015   
  495     0.00232488   
  496     0.00087507   
  497     0.00377672   
  498     0.00047210   
  499     0.00081975   
  500     0.00058691   
  501     0.00041811   
  502     0.00027906   
  503     0.00099200   
  504     0.00047784   
  505     0.00140528   
  506     0.00188366   
  507     0.00206143   
  508     0.00031133   
  509     0.00035575   
  510     0.00020540   
  511     0.00127116   
  512     0.00148631   
  513     0.00075979   
  514     0.00121932   
  515     0.00024411   
  516     0.00208151   
  517     0.00160954   
  518     0.00126655   
  519     0.00257439   
  520     0.00201444   
  521     0.00187524   
  522     0.00275971   
  523     0.00117106   
  524     0.00064892   
  525     0.00299287   
  526     0.00091258   
  527     0.00052405   
  528     0.00043085   
  529     0.00074867   
  530     0.00110262   
  531     0.00037639   
  532     0.00042942   
  533     0.00033697   
  534     0.00069893   
  535     0.00090342   
  536     0.00058282   
  537     0.00075993   
  538     0.00014869   
  539     0.00021697   
  540     0.00077608   
  541     0.00067578   
  542     0.00111501   
  543     0.00121102   
  544     0.00020878   
  545     0.00069110   
  546     0.00204066   
  547     0.00066718   
  548     0.00018245   
  549     0.00049660   
  550     0.00055577   
  551     0.00020831   
  552     0.00068415   
  553     0.00047790   
  554     0.00086685   
  555     0.00041845   
  556     0.00040216   
  557     0.00086027   
  558     0.00004327   
  559     0.00026657   
  560     0.00022182   
  561     0.00032025   
  562     0.00027115   
  563     0.00015111   
  564     0.00073251   
  565     0.00100442   
  566     0.00042535   
  567     0.00009540   
  568     0.00050693   
  569     0.00088842   
  570     0.00008407   
  571     0.00004860   
  572     0.00034531   
  573     0.00042494   
  574     0.00003478   
  575     0.00039431   
  576     0.00052174   
  577     0.00015625   
  578     0.00020875   
  579     0.00276355   
  580     0.00011171   
  581     0.00025772   
  582     0.00011564   
  583     0.00032147   
  584     0.00025154   
  585     0.00053989   
  586     0.00048628   
  587     0.00021382   
  588     0.00116475   
  589     0.00055177   
  590     0.00052069   
  591     0.00088927   
  592     0.00298135   
  593     0.00066669   
  594     0.00112580   
  595     0.00193392   
  596     0.00211502   
  597     0.00079602   
  598     0.00218825   
  599     0.00349996   
  600     0.00170704   
  601     0.00140902   
  602     0.00121745   
  603     0.00085932   
  604     0.00038128   
  605     0.00057558   
