    1     0.00016565   
    2     0.00013348   
    3     0.00079055   
    4     0.00205505   
    5     0.00141940   
    6     0.00056283   
    7     0.00034328   
    8     0.00033945   
    9     0.00039429   
   10     0.00094932   
   11     0.00129870   
   12     0.00230109   
   13     0.00047325   
   14     0.00042169   
   15     0.00140391   
   16     0.00124545   
   17     0.00107373   
   18     0.00422499   
   20     0.00102656   
   21     0.00128307   
   22     0.00078078   
   23     0.00164409   
   24     0.00381806   
   25     0.00129159   
   26     0.00374041   
   27     0.00102814   
   28     0.00072249   
   29     0.00059752   
   30     0.00063420   
   31     0.00290865   
   32     0.00039076   
   33     0.00035878   
   34     0.00181618   
   35     0.00176593   
   36     0.00315846   
   37     0.00059230   
   38     0.00072178   
   39     0.00147332   
   40     0.00065419   
   41     0.00088087   
   42     0.00325463   
   43     0.00031914   
   44     0.00091907   
   45     0.00069260   
   46     0.00082255   
   47     0.00213978   
   48     0.00277754   
   49     0.00095847   
   50     0.00105910   
   51     0.00064867   
   52     0.00304387   
   53     0.00046950   
   54     0.00052419   
   55     0.00295254   
   56     0.00105404   
   57     0.00074256   
   58     0.00078688   
   59     0.01644788   
   60     0.00101664   
   61     0.00445054   
   62     0.00950969   
   63     0.00111604   
   64     0.00129737   
   65     0.00106133   
   66     0.00219420   
   67     0.00174424   
   68     0.00274543   
   69     0.00102384   
   70     0.00094192   
   71     0.00164098   
   72     0.00086068   
   73     0.00040141   
   74     0.00110876   
   75     0.00186630   
   76     0.00124277   
   77     0.00038366   
   78     0.00011455   
   79     0.00025831   
   80     0.00008725   
   81     0.00121193   
   82     0.00089286   
   83     0.00009586   
   84     0.00005260   
   85     0.00055961   
   86     0.00021732   
   87     0.00023598   
   88     0.00015168   
   89     0.00050284   
   90     0.00234240   
   91     0.00046377   
   92     0.00033471   
   93     0.00032930   
   94     0.00017694   
   95     0.00035738   
   96     0.00083368   
   97     0.00040449   
   98     0.00169194   
   99     0.00013914   
  100     0.00038809   
  101     0.00025060   
  102     0.00014533   
  103     0.00054491   
  104     0.00012544   
  105     0.00047819   
  106     0.00014575   
  107     0.00004726   
  108     0.00009885   
  109     0.00021931   
  110     0.00027319   
  111     0.00247458   
  112     0.00062648   
  113     0.00168679   
  114     0.00934024   
  115     0.00021091   
  116     0.00065762   
  117     0.00064151   
  118     0.00268093   
  119     0.00034373   
  120     0.00013731   
  121     0.00083780   
  122     0.00183643   
  123     0.00034946   
  124     0.00070977   
  125     0.00090276   
  126     0.00050171   
  127     0.00095751   
  128     0.00029656   
  129     0.00056075   
  130     0.00071591   
  131     0.00026759   
  132     0.00031226   
  133     0.00014124   
  134     0.00017451   
  135     0.00045709   
  136     0.00027509   
  137     0.00099978   
  138     0.00119981   
  139     0.00122981   
  140     0.00083891   
  141     0.00046855   
  142     0.00046288   
  143     0.00028489   
  144     0.00026043   
  145     0.00027378   
  146     0.00036985   
  147     0.00207900   
  148     0.00217490   
  149     0.00139299   
  150     0.00037369   
  151     0.00124703   
  152     0.00107387   
  153     0.00103955   
  154     0.00131666   
  155     0.00378057   
  156     0.00469700   
  157     0.00070191   
  158     0.00168222   
  159     0.00702234   
  160     0.00421444   
  161     0.00102344   
  162     0.00119551   
  163     0.00142959   
  164     0.00146947   
  165     0.00417281   
  166     0.00250853   
  167     0.00884700   
  168     0.00193187   
  169     0.00318318   
  170     0.00083505   
  171     0.00024979   
  172     0.00062638   
  173     0.00201508   
  174     0.00033223   
  175     0.00215060   
  176     0.00053192   
  177     0.00115632   
  178     0.00187618   
  179     0.00186247   
  180     0.00165834   
  181     0.00048245   
  182     0.00051232   
  183     0.00028281   
  184     0.00076661   
  185     0.00114913   
  186     0.00010037   
  187     0.00072183   
  188     0.00108429   
  189     0.00087224   
  190     0.00043968   
  191     0.00090249   
  192     0.00048401   
  193     0.00048960   
  194     0.00073574   
  195     0.00094010   
  196     0.00195349   
  197     0.00152688   
  198     0.00126312   
  199     0.00073326   
  200     0.00035102   
  201     0.00031972   
  202     0.00045814   
  203     0.00071002   
  204     0.00186583   
  205     0.00102192   
  206     0.00112415   
  207     0.00067129   
  208     0.00222198   
  209     0.00256685   
  210     0.00406768   
  211     0.00108487   
  212     0.00182926   
  213     0.00205554   
  214     0.00317304   
  215     0.00217218   
  216     0.00218416   
  217     0.00106612   
  218     0.00122482   
  219     0.00078891   
  220     0.00154961   
  221     0.00107947   
  222     0.00077215   
  223     0.00042376   
  224     0.00031853   
  225     0.00032755   
  226     0.00030356   
  227     0.00055353   
  228     0.00057642   
  229     0.00264664   
  230     0.00142594   
  231     0.00051062   
  232     0.00232443   
  233     0.00172739   
  234     0.00456194   
  235     0.00383589   
  236     0.00327136   
  237     0.00415768   
  238     0.00298564   
  239     0.00220389   
  240     0.00356670   
  241     0.00126547   
  242     0.00037366   
  243     0.00128094   
  244     0.00826393   
  245     0.00028563   
  246     0.00036053   
  247     0.00012924   
  248     0.00144364   
  249     0.00035722   
  250     0.00076608   
  251     0.00108469   
  252     0.00089097   
  253     0.00144974   
  254     0.00124845   
  255     0.00056767   
  256     0.00628933   
  257     0.00868037   
  258     0.00262450   
  259     0.00147628   
  260     0.00586706   
  261     0.01010131   
  262     0.00385908   
  263     0.00251049   
  264     0.00085190   
  265     0.00372899   
  266     0.00306819   
  267     0.00077675   
  268     0.00107305   
  269     0.00671838   
  270     0.00211630   
  271     0.00167050   
  272     0.00034146   
  273     0.00340918   
  274     0.00652917   
  275     0.00023665   
  276     0.00038176   
  277     0.00099167   
  278     0.00128882   
  279     0.00156682   
  280     0.00460214   
  281     0.00992259   
  282     0.00463459   
  283     0.00406775   
  284     0.00170766   
  285     0.00041744   
  286     0.00228949   
  287     0.00697795   
  288     0.00382662   
  289     0.00398039   
  290     0.00661751   
  291     0.00320873   
  292     0.00790902   
  293     0.00287925   
  294     0.00639577   
  295     0.00498680   
  296     0.00583747   
  297     0.00317107   
  298     0.00929730   
  299     0.00329122   
  300     0.00704157   
  301     0.00083731   
  302     0.00175679   
  303     0.00136723   
  304     0.00367137   
  305     0.00603107   
  306     0.00679534   
  307     0.00170688   
  308     0.00102277   
  309     0.00112087   
  310     0.00232336   
  311     0.00031307   
  312     0.00044633   
  313     0.00065720   
  314     0.00046308   
  315     0.00044648   
  316     0.00078436   
  317     0.00048528   
  318     0.00028182   
  319     0.00032014   
  320     0.00105245   
  321     0.00004858   
  322     0.00012345   
  323     0.00018222   
  324     0.00048383   
  325     0.00004196   
  326     0.00032637   
  327     0.00071970   
  328     0.00005104   
  329     0.00024060   
  330     0.00023142   
  331     0.00029454   
  332     0.00017834   
  333     0.00022522   
  334     0.00134647   
  335     0.00028344   
  336     0.00031634   
  337     0.00070731   
  338     0.00173834   
  339     0.00211269   
  340     0.00272920   
  341     0.00146120   
  342     0.00162207   
  343     0.00352321   
  344     0.00155420   
  345     0.00922540   
  346     0.00430193   
  347     0.00008606   
  348     0.00530515   
  349     0.00052703   
  350     0.00146938   
  351     0.00037683   
  352     0.00015271   
  353     0.00066888   
  354     0.00021729   
  355     0.00014023   
  356     0.00064214   
  357     0.00039995   
  358     0.00015538   
  359     0.00030864   
  360     0.00019793   
  361     0.00093551   
  362     0.00028472   
  363     0.00021788   
  364     0.00009306   
  365     0.00126106   
  366     0.00030364   
  367     0.00345263   
  368     0.00159774   
  369     0.00253569   
  370     0.00202738   
  371     0.00167672   
  372     0.00125493   
  373     0.00340096   
  374     0.00140899   
  375     0.00153924   
  376     0.00123364   
  377     0.00478579   
  378     0.00136693   
  379     0.00310366   
  380     0.00476508   
  381     0.00141701   
  382     0.00692216   
  383     0.00091095   
  384     0.00079219   
  385     0.00213260   
  386     0.00196584   
  387     0.00150831   
  388     0.00168034   
  389     0.00190596   
  390     0.00180275   
  391     0.00169302   
  392     0.00338787   
  393     0.00339585   
  394     0.00047964   
  395     0.00109573   
  396     0.00059601   
  397     0.00136623   
  398     0.00121062   
  399     0.00157015   
  400     0.00104544   
  401     0.00100154   
  402     0.00153266   
  403     0.00121534   
  404     0.00095646   
  405     0.00135012   
  406     0.00206485   
  407     0.00214126   
  408     0.00207811   
  409     0.00211867   
  410     0.00229522   
  411     0.00321815   
  412     0.00435306   
  413     0.00193972   
  414     0.00292945   
  415     0.00395336   
  416     0.00127798   
  417     0.00210839   
  418     0.00191993   
  419     0.00169112   
  420     0.00247102   
  421     0.00177355   
  422     0.00138961   
  423     0.00138247   
  424     0.00318459   
  425     0.00189904   
  426     0.00101038   
  427     0.00072505   
  428     0.00037161   
  429     0.00021581   
  430     0.00007318   
  431     0.00009562   
  432     0.00013439   
  433     0.00033018   
  434     0.00077011   
  435     0.00019129   
  436     0.00094094   
  437     0.00033633   
  438     0.00058783   
  439     0.00184296   
  440     0.00111315   
  441     0.00122427   
  442     0.00287122   
  443     0.00056514   
  444     0.00146480   
  445     0.00013671   
  446     0.00025129   
  447     0.00017211   
  448     0.00351772   
  449     0.00090156   
  450     0.00015556   
  451     0.00047407   
  452     0.00206763   
  453     0.00862867   
  454     0.00087116   
  455     0.00027777   
  456     0.00083171   
  457     0.00178095   
  458     0.00040196   
  459     0.00106671   
  460     0.00083189   
  461     0.00151040   
  462     0.00135601   
  463     0.00027161   
  464     0.00010500   
  465     0.00088072   
  466     0.00018370   
  467     0.00005586   
  468     0.00013924   
  469     0.00015892   
  470     0.00244191   
  471     0.00194349   
  472     0.00158145   
  473     0.00406762   
  474     0.00246100   
  475     0.00256990   
  476     0.00500431   
  477     0.00266601   
  478     0.00326752   
  479     0.00072405   
  480     0.00113499   
  481     0.00287577   
  482     0.00241324   
  483     0.00117793   
  484     0.00197819   
  485     0.00156845   
  486     0.00303488   
  487     0.00283128   
  488     0.00174460   
  489     0.00341370   
  490     0.00191334   
  491     0.00208351   
  492     0.00149847   
  493     0.00141943   
  494     0.00218015   
  495     0.00169023   
  496     0.00058527   
  497     0.00442139   
  498     0.00190705   
  499     0.00393506   
  500     0.00065768   
  501     0.00083276   
  502     0.00020731   
  503     0.00148579   
  504     0.00208393   
  505     0.00832860   
  506     0.00168121   
  507     0.00636544   
  508     0.00404669   
  509     0.00632844   
  510     0.00966986   
  511     0.00322662   
  512     0.01865787   
  513     0.00538652   
  514     0.00941886   
  515     0.01165548   
  516     0.00392421   
  517     0.00154836   
  518     0.00446552   
  519     0.00949526   
  520     0.00459031   
  521     0.00051348   
  522     0.00362758   
  523     0.00224490   
  524     0.00265195   
  525     0.00053689   
  526     0.00083737   
  527     0.00066928   
  528     0.00115541   
  529     0.00163992   
  530     0.00066921   
  531     0.00059713   
  532     0.00142175   
  533     0.00070516   
  534     0.00029662   
  535     0.00047030   
  536     0.00079069   
  537     0.00037004   
  538     0.00038409   
  539     0.00033873   
  540     0.00051246   
  541     0.00037577   
  542     0.00051963   
  543     0.00066592   
  544     0.00071254   
  545     0.00048226   
  546     0.00051222   
  547     0.00085103   
  548     0.00046327   
  549     0.00025900   
  550     0.00062722   
  551     0.00048746   
  552     0.00007830   
  553     0.00029707   
  554     0.00061098   
  555     0.00025182   
  556     0.00018486   
  557     0.00059870   
  558     0.00015728   
  559     0.00017972   
  560     0.00003659   
  561     0.00106375   
  562     0.00031348   
  563     0.00019809   
  564     0.00012001   
  565     0.00011593   
  566     0.00030068   
  567     0.00040467   
  568     0.00030228   
  569     0.00032253   
  570     0.00037442   
  571     0.00035832   
  572     0.00019876   
  573     0.00039591   
  574     0.00023265   
  575     0.00037304   
  576     0.00059382   
  577     0.00012128   
  578     0.00019388   
  579     0.00131717   
  580     0.00003248   
  581     0.00027746   
  582     0.00002132   
  583     0.00016038   
  584     0.00018546   
  585     0.00018317   
  586     0.00006055   
  587     0.00009287   
  588     0.00040345   
  589     0.00012394   
  590     0.00007699   
  591     0.00010190   
  592     0.00038918   
  593     0.00006973   
  594     0.00067206   
  595     0.00019342   
  596     0.00013724   
  597     0.00027955   
  598     0.00082211   
  599     0.00056714   
  600     0.00006921   
  601     0.00005698   
  602     0.00007836   
  603     0.00004467   
  604     0.00004300   
  605     0.00005088   
