    1     0.00184024   
    2     0.00028718   
    3     0.00176306   
    4     0.00336748   
    5     0.00057461   
    6     0.00040953   
    7     0.00032551   
    8     0.00037017   
    9     0.00060633   
   10     0.00018309   
   11     0.00034417   
   12     0.00023254   
   13     0.00138601   
   14     0.00049106   
   15     0.00054010   
   16     0.00066818   
   17     0.00019879   
   18     0.00194388   
   20     0.00037099   
   21     0.00032438   
   22     0.00198029   
   23     0.00056947   
   24     0.00058428   
   25     0.00068756   
   26     0.00033527   
   27     0.00069507   
   28     0.00306675   
   29     0.00485652   
   30     0.00980225   
   31     0.00168400   
   32     0.00405874   
   33     0.00214527   
   34     0.00071167   
   35     0.00099096   
   36     0.00201546   
   37     0.00042404   
   38     0.00060841   
   39     0.00043468   
   40     0.00049746   
   41     0.00043427   
   42     0.00093284   
   43     0.00020751   
   44     0.00012711   
   45     0.00011693   
   46     0.00055412   
   47     0.00060578   
   48     0.00068042   
   49     0.00068051   
   50     0.00042825   
   51     0.00050779   
   52     0.00089621   
   53     0.00021855   
   54     0.00022469   
   55     0.00067534   
   56     0.00056282   
   57     0.00089210   
   58     0.00063113   
   59     0.00177774   
   60     0.00034208   
   61     0.00047505   
   62     0.00127061   
   63     0.00113209   
   64     0.00056194   
   65     0.00023945   
   66     0.00109353   
   67     0.00004051   
   68     0.00044010   
   69     0.00066713   
   70     0.00097466   
   71     0.00035871   
   72     0.00052957   
   73     0.00057109   
   74     0.00067812   
   75     0.00049625   
   76     0.00054097   
   77     0.00043541   
   78     0.00023588   
   79     0.00010601   
   80     0.00007698   
   81     0.00022963   
   82     0.00015555   
   83     0.00053185   
   84     0.00010756   
   85     0.00045857   
   86     0.00058780   
   87     0.00030645   
   88     0.00018853   
   89     0.00036719   
   90     0.00148454   
   91     0.00040360   
   92     0.00050704   
   93     0.00060386   
   94     0.00035516   
   95     0.00049035   
   96     0.00175926   
   97     0.00112002   
   98     0.00191991   
   99     0.00081038   
  100     0.00088913   
  101     0.00047711   
  102     0.00035623   
  103     0.00146465   
  104     0.00120848   
  105     0.00255040   
  106     0.00092423   
  107     0.00051193   
  108     0.00166346   
  109     0.00143787   
  110     0.00130593   
  111     0.00342908   
  112     0.00083666   
  113     0.00087017   
  114     0.00091687   
  115     0.00108349   
  116     0.00082585   
  117     0.00030584   
  118     0.00096337   
  119     0.00058655   
  120     0.00040436   
  121     0.00057019   
  122     0.00052114   
  123     0.00053754   
  124     0.00121335   
  125     0.00055166   
  126     0.00193178   
  127     0.00056440   
  128     0.00027807   
  129     0.00484580   
  130     0.00076525   
  131     0.00017336   
  132     0.00025089   
  133     0.00020593   
  134     0.00053093   
  135     0.00065242   
  136     0.00136123   
  137     0.00045987   
  138     0.00069319   
  139     0.00035188   
  140     0.00060761   
  141     0.00078367   
  142     0.00039971   
  143     0.00070284   
  144     0.00210325   
  145     0.00210357   
  146     0.00047760   
  147     0.00248308   
  148     0.00145265   
  149     0.00063238   
  150     0.00031824   
  151     0.00009653   
  152     0.00077331   
  153     0.00014895   
  154     0.00076697   
  155     0.00039647   
  156     0.00096051   
  157     0.00033578   
  158     0.00036951   
  159     0.00046051   
  160     0.00233673   
  161     0.00016523   
  162     0.00047227   
  163     0.00042858   
  164     0.00036438   
  165     0.00033468   
  166     0.00137221   
  167     0.00174283   
  168     0.00038083   
  169     0.00087407   
  170     0.00054070   
  171     0.00071515   
  172     0.00146069   
  173     0.00146611   
  174     0.00070238   
  175     0.00136573   
  176     0.00265730   
  177     0.00223936   
  178     0.00100667   
  179     0.01009006   
  180     0.00146459   
  181     0.00235556   
  182     0.00187321   
  183     0.00064494   
  184     0.00109529   
  185     0.00330834   
  186     0.00085601   
  187     0.00123297   
  188     0.00159908   
  189     0.00102007   
  190     0.00072844   
  191     0.00052775   
  192     0.00083436   
  193     0.00128502   
  194     0.00121666   
  195     0.00069472   
  196     0.00061191   
  197     0.00060986   
  198     0.00074320   
  199     0.00054596   
  200     0.00050648   
  201     0.00124722   
  202     0.00150308   
  203     0.00053403   
  204     0.00051237   
  205     0.00086279   
  206     0.00056745   
  207     0.00041079   
  208     0.00077385   
  209     0.00158010   
  210     0.00106272   
  211     0.00030591   
  212     0.00219531   
  213     0.00513157   
  214     0.00257187   
  215     0.00202810   
  216     0.00081358   
  217     0.00051464   
  218     0.00074158   
  219     0.00029477   
  220     0.00037981   
  221     0.00276343   
  222     0.00202876   
  223     0.00143588   
  224     0.00068758   
  225     0.00024855   
  226     0.00019537   
  227     0.00137554   
  228     0.00055644   
  229     0.00060890   
  230     0.00032567   
  231     0.00033421   
  232     0.00084996   
  233     0.00037294   
  234     0.00046612   
  235     0.00082216   
  236     0.00137136   
  237     0.00300327   
  238     0.00058046   
  239     0.00127919   
  240     0.00110256   
  241     0.00059048   
  242     0.00099091   
  243     0.00077974   
  244     0.00634550   
  245     0.00032075   
  246     0.00052742   
  247     0.00043132   
  248     0.00331637   
  249     0.00080162   
  250     0.00059661   
  251     0.00067658   
  252     0.00090288   
  253     0.00039136   
  254     0.00038396   
  255     0.00049877   
  256     0.00101386   
  257     0.00142806   
  258     0.00072448   
  259     0.00273974   
  260     0.00138883   
  261     0.00135314   
  262     0.00145740   
  263     0.00068273   
  264     0.00057889   
  265     0.00046625   
  266     0.00050500   
  267     0.00061186   
  268     0.00061504   
  269     0.00175969   
  270     0.00113069   
  271     0.00075317   
  272     0.00137153   
  273     0.00096013   
  274     0.00287368   
  275     0.00233618   
  276     0.00135090   
  277     0.00121829   
  278     0.00193353   
  279     0.00185915   
  280     0.00216443   
  281     0.00389873   
  282     0.00138632   
  283     0.00045020   
  284     0.00201329   
  285     0.00069654   
  286     0.00110860   
  287     0.00117686   
  288     0.00046053   
  289     0.00119808   
  290     0.00015991   
  291     0.00330359   
  292     0.00171586   
  293     0.00268413   
  294     0.00251948   
  295     0.00137554   
  296     0.00423487   
  297     0.00327187   
  298     0.01236991   
  299     0.00594705   
  300     0.01094188   
  301     0.00146901   
  302     0.00315374   
  303     0.00283635   
  304     0.00226654   
  305     0.00330494   
  306     0.00123916   
  307     0.00304077   
  308     0.00219468   
  309     0.00097500   
  310     0.00281618   
  311     0.00214439   
  312     0.00144253   
  313     0.00149306   
  314     0.00149297   
  315     0.00126747   
  316     0.00394908   
  317     0.00148467   
  318     0.00043000   
  319     0.00187181   
  320     0.00203493   
  321     0.00070287   
  322     0.00084544   
  323     0.00158546   
  324     0.00195409   
  325     0.00055198   
  326     0.00058518   
  327     0.00043869   
  328     0.00040015   
  329     0.00069944   
  330     0.00100327   
  331     0.00075703   
  332     0.00041614   
  333     0.00072693   
  334     0.00335647   
  335     0.00078046   
  336     0.00449640   
  337     0.00210728   
  338     0.00066825   
  339     0.01142667   
  340     0.00072850   
  341     0.00091830   
  342     0.00065674   
  343     0.00074158   
  344     0.00107439   
  345     0.00168181   
  346     0.00219154   
  347     0.00209821   
  348     0.00253174   
  349     0.00146961   
  350     0.00527443   
  351     0.00136898   
  352     0.00126844   
  353     0.00179311   
  354     0.00106781   
  355     0.00053881   
  356     0.00087768   
  357     0.00153926   
  358     0.00025146   
  359     0.00120886   
  360     0.00130816   
  361     0.00497072   
  362     0.01148519   
  363     0.01423727   
  364     0.01127252   
  365     0.00437093   
  366     0.00354384   
  367     0.00134395   
  368     0.00194457   
  369     0.00124192   
  370     0.00068166   
  371     0.00065279   
  372     0.00038760   
  373     0.00029733   
  374     0.00060237   
  375     0.00081102   
  376     0.00103779   
  377     0.00249203   
  378     0.00126343   
  379     0.00189607   
  380     0.00153623   
  381     0.00292288   
  382     0.00252667   
  383     0.00203136   
  384     0.00176294   
  385     0.00168990   
  386     0.00506028   
  387     0.00531667   
  388     0.00577576   
  389     0.00229748   
  390     0.00373056   
  391     0.00227920   
  392     0.00112932   
  393     0.00228117   
  394     0.00107256   
  395     0.00392681   
  396     0.00120100   
  397     0.00261124   
  398     0.00168834   
  399     0.00210177   
  400     0.00180447   
  401     0.00105602   
  402     0.01135703   
  403     0.00164008   
  404     0.01718717   
  405     0.02622230   
  406     0.01865064   
  407     0.01807068   
  408     0.00601677   
  409     0.00301026   
  410     0.00464343   
  411     0.00451077   
  412     0.00438655   
  413     0.00341730   
  414     0.00253662   
  415     0.00079870   
  416     0.00168511   
  417     0.00065050   
  418     0.00077229   
  419     0.00019896   
  420     0.00178820   
  421     0.00111745   
  422     0.00138217   
  423     0.00140950   
  424     0.00153559   
  425     0.00092786   
  426     0.00333918   
  427     0.00158315   
  428     0.00497662   
  429     0.00111496   
  430     0.00047105   
  431     0.00054230   
  432     0.00102572   
  433     0.00213593   
  434     0.00270357   
  435     0.00173643   
  436     0.00805888   
  437     0.00210476   
  438     0.00341473   
  439     0.00542250   
  440     0.00425444   
  441     0.00245892   
  442     0.00303934   
  443     0.00201982   
  444     0.00473011   
  445     0.00150315   
  446     0.00139474   
  447     0.00201466   
  448     0.00720287   
  449     0.00208273   
  450     0.00306522   
  451     0.00290179   
  452     0.00362277   
  453     0.00917485   
  454     0.00679000   
  455     0.00534075   
  456     0.00330409   
  457     0.00547882   
  458     0.00434300   
  459     0.01041638   
  460     0.00300785   
  461     0.00219859   
  462     0.01045411   
  463     0.00167468   
  464     0.00107956   
  465     0.00321000   
  466     0.00086302   
  467     0.00047456   
  468     0.00027372   
  469     0.00077164   
  470     0.00781680   
  471     0.00197084   
  472     0.00451159   
  473     0.00073795   
  474     0.00145094   
  475     0.00091317   
  476     0.00552942   
  477     0.00160041   
  478     0.00109081   
  479     0.00067930   
  480     0.00035305   
  481     0.00107019   
  482     0.00114446   
  483     0.00208406   
  484     0.00227457   
  485     0.00315425   
  486     0.00131156   
  487     0.00176080   
  488     0.00121744   
  489     0.00102125   
  490     0.00375659   
  491     0.00124752   
  492     0.00342365   
  493     0.00182562   
  494     0.00183428   
  495     0.00099475   
  496     0.00226167   
  497     0.00284439   
  498     0.00276840   
  499     0.00164249   
  500     0.00240451   
  501     0.00182555   
  502     0.00179638   
  503     0.00118281   
  504     0.00284771   
  505     0.00389168   
  506     0.00039514   
  507     0.01074177   
  508     0.00831679   
  509     0.00667399   
  510     0.00268207   
  511     0.00562870   
  512     0.00389743   
  513     0.00377736   
  514     0.00210095   
  515     0.00112926   
  516     0.00118571   
  517     0.00152506   
  518     0.00125587   
  519     0.00057851   
  520     0.00043980   
  521     0.00049497   
  522     0.00148105   
  523     0.00058354   
  524     0.00060599   
  525     0.00044842   
  526     0.00047366   
  527     0.00084908   
  528     0.00013500   
  529     0.00078415   
  530     0.00038232   
  531     0.00052679   
  532     0.00042039   
  533     0.00006367   
  534     0.00034639   
  535     0.00025989   
  536     0.00010345   
  537     0.00018630   
  538     0.00018555   
  539     0.00008609   
  540     0.00021381   
  541     0.00010501   
  542     0.00003281   
  543     0.00020662   
  544     0.00011218   
  545     0.00013811   
  546     0.00003415   
  547     0.00011370   
  548     0.00011406   
  549     0.00035590   
  550     0.00048646   
  551     0.00007655   
  552     0.00010137   
  553     0.00008728   
  554     0.00018493   
  555     0.00008388   
  556     0.00002996   
  557     0.00031554   
  558     0.00003251   
  559     0.00005281   
  560     0.00004592   
  561     0.00018636   
  562     0.00003511   
  563     0.00007111   
  564     0.00005934   
  565     0.00008734   
  566     0.00013969   
  567     0.00005841   
  568     0.00003217   
  569     0.00001041   
  570     0.00003335   
  571     0.00004646   
  572     0.00004375   
  573     0.00008347   
  574     0.00003335   
  575     0.00005125   
  576     0.00012474   
  577     0.00002714   
  578     0.00007725   
  579     0.00016111   
  580     0.00001963   
  581     0.00025905   
  582     0.00001222   
  583     0.00003738   
  584     0.00006695   
  585     0.00008192   
  586     0.00003386   
  587     0.00002082   
  588     0.00002996   
  589     0.00003518   
  590     0.00005031   
  591     0.00003175   
  592     0.00004668   
  593     0.00003719   
  594     0.00005646   
  595     0.00008156   
  596     0.00011411   
  597     0.00009128   
  598     0.00015532   
  599     0.00018305   
  600     0.00009155   
  601     0.00009422   
  602     0.00016741   
  603     0.00000932   
  604     0.00009856   
  605     0.00005140   
