    1     0.00008184   
    2     0.00004040   
    3     0.00014171   
    4     0.00009613   
    5     0.00015243   
    6     0.00040223   
    7     0.00082193   
    8     0.00123894   
    9     0.00265906   
   10     0.00096090   
   11     0.00037834   
   12     0.00034696   
   13     0.00046238   
   14     0.00218199   
   15     0.00207925   
   16     0.00095357   
   17     0.00029514   
   18     0.00034536   
   20     0.00021268   
   21     0.00009048   
   22     0.00006920   
   23     0.00005096   
   24     0.00041794   
   25     0.00031539   
   26     0.00036729   
   27     0.00010604   
   28     0.00032132   
   29     0.00039885   
   30     0.00012964   
   31     0.00031737   
   32     0.00012089   
   33     0.00006771   
   34     0.00018304   
   35     0.00034638   
   36     0.00314397   
   37     0.00251212   
   38     0.00231794   
   39     0.00049802   
   40     0.00068182   
   41     0.00092890   
   42     0.00350249   
   43     0.00144062   
   44     0.00052564   
   45     0.00288230   
   46     0.00107698   
   47     0.00635260   
   48     0.00168669   
   49     0.00106274   
   50     0.00107520   
   51     0.00081093   
   52     0.00133344   
   53     0.00042535   
   54     0.00040307   
   55     0.00068118   
   56     0.00047163   
   57     0.00075475   
   58     0.00043819   
   59     0.00073172   
   60     0.00026031   
   61     0.00112545   
   62     0.00185685   
   63     0.00111372   
   64     0.00212160   
   65     0.00071374   
   66     0.00105678   
   67     0.00023138   
   68     0.00025094   
   69     0.00129604   
   70     0.00330451   
   71     0.00116994   
   72     0.00259951   
   73     0.00272353   
   74     0.00456868   
   75     0.00259445   
   76     0.00052197   
   77     0.00035825   
   78     0.00039040   
   79     0.00004565   
   80     0.00018118   
   81     0.00082424   
   82     0.00059110   
   83     0.00035830   
   84     0.00030577   
   85     0.00080441   
   86     0.00023021   
   87     0.00051922   
   88     0.00023402   
   89     0.00127229   
   90     0.00181226   
   91     0.00124224   
   92     0.00042100   
   93     0.00079405   
   94     0.00018089   
   95     0.00154886   
   96     0.00196564   
   97     0.00466767   
   98     0.00160158   
   99     0.00191165   
  100     0.00126519   
  101     0.00129116   
  102     0.00145245   
  103     0.00362490   
  104     0.00530555   
  105     0.00237086   
  106     0.00101862   
  107     0.00304895   
  108     0.00472579   
  109     0.00223084   
  110     0.00336599   
  111     0.00294002   
  112     0.00274029   
  113     0.00398023   
  114     0.00105132   
  115     0.00161819   
  116     0.00138855   
  117     0.00083941   
  118     0.00128349   
  119     0.00224919   
  120     0.00134480   
  121     0.00178900   
  122     0.00111397   
  123     0.00070098   
  124     0.00169862   
  125     0.00012168   
  126     0.00031349   
  127     0.00049003   
  128     0.00007512   
  129     0.00016310   
  130     0.00023378   
  131     0.00016273   
  132     0.00015109   
  133     0.00008170   
  134     0.00016687   
  135     0.00019292   
  136     0.00031016   
  137     0.00020428   
  138     0.00027440   
  139     0.00027695   
  140     0.00070724   
  141     0.00090974   
  142     0.00137084   
  143     0.00221974   
  144     0.00092927   
  145     0.00111266   
  146     0.00103445   
  147     0.00109248   
  148     0.00641520   
  149     0.00740134   
  150     0.00370805   
  151     0.00459086   
  152     0.00610062   
  153     0.00101923   
  154     0.00144629   
  155     0.00080652   
  156     0.00235984   
  157     0.00036372   
  158     0.00055681   
  159     0.00034106   
  160     0.00459968   
  161     0.00158945   
  162     0.00101214   
  163     0.00064369   
  164     0.00024304   
  165     0.00034607   
  166     0.00029655   
  167     0.00086548   
  168     0.00080148   
  169     0.00343698   
  170     0.00264131   
  171     0.00095154   
  172     0.00193411   
  173     0.00359172   
  174     0.00047858   
  175     0.00097838   
  176     0.00186930   
  177     0.00064707   
  178     0.00045635   
  179     0.00134371   
  180     0.00038615   
  181     0.00020273   
  182     0.00003214   
  183     0.00013511   
  184     0.00045535   
  185     0.00044297   
  186     0.00007476   
  187     0.00053844   
  188     0.00347804   
  189     0.00368343   
  190     0.00209170   
  191     0.00226788   
  192     0.00103616   
  193     0.00172091   
  194     0.00071069   
  195     0.00042346   
  196     0.00049931   
  197     0.00034000   
  198     0.00124429   
  199     0.00147935   
  200     0.00063132   
  201     0.00064426   
  202     0.00077263   
  203     0.00095200   
  204     0.00281274   
  205     0.00383943   
  206     0.00394704   
  207     0.00409488   
  208     0.00102857   
  209     0.00168318   
  210     0.00066169   
  211     0.00216941   
  212     0.00047210   
  213     0.00146188   
  214     0.00060652   
  215     0.00109854   
  216     0.00168461   
  217     0.00236597   
  218     0.00331777   
  219     0.00243617   
  220     0.00262448   
  221     0.00181659   
  222     0.00050376   
  223     0.00097923   
  224     0.00064150   
  225     0.00145724   
  226     0.00132057   
  227     0.00261408   
  228     0.00078095   
  229     0.00116406   
  230     0.00045840   
  231     0.00228082   
  232     0.00655145   
  233     0.00139245   
  234     0.00031617   
  235     0.00097209   
  236     0.00196731   
  237     0.00078804   
  238     0.00106829   
  239     0.00055713   
  240     0.00268490   
  241     0.00143903   
  242     0.00051921   
  243     0.00143618   
  244     0.00176285   
  245     0.00061716   
  246     0.00028885   
  247     0.00020481   
  248     0.00103794   
  249     0.00041449   
  250     0.00068672   
  251     0.00203964   
  252     0.00171261   
  253     0.00107433   
  254     0.00055561   
  255     0.00077949   
  256     0.00110558   
  257     0.00063064   
  258     0.00044135   
  259     0.00155582   
  260     0.00080421   
  261     0.00055861   
  262     0.00060605   
  263     0.00032381   
  264     0.00051546   
  265     0.00072310   
  266     0.00045842   
  267     0.00122292   
  268     0.00018113   
  269     0.00083482   
  270     0.00230477   
  271     0.00132052   
  272     0.00056771   
  273     0.00306834   
  274     0.00252246   
  275     0.00070209   
  276     0.00063263   
  277     0.00053000   
  278     0.00048243   
  279     0.00084576   
  280     0.00083285   
  281     0.00119897   
  282     0.00060602   
  283     0.00074447   
  284     0.00055723   
  285     0.00053207   
  286     0.00116945   
  287     0.00208330   
  288     0.00082859   
  289     0.00270029   
  290     0.00012768   
  291     0.00393266   
  292     0.00145030   
  293     0.00141958   
  294     0.00551854   
  295     0.00059778   
  296     0.00183364   
  297     0.00198149   
  298     0.00552343   
  299     0.00172267   
  300     0.00197377   
  301     0.00162371   
  302     0.00287357   
  303     0.00102646   
  304     0.00127304   
  305     0.00903949   
  306     0.00274050   
  307     0.00065037   
  308     0.00195400   
  309     0.00368010   
  310     0.00444090   
  311     0.00048578   
  312     0.00371251   
  313     0.00050662   
  314     0.00042336   
  315     0.00100943   
  316     0.00054940   
  317     0.00240337   
  318     0.00044351   
  319     0.00053282   
  320     0.00290399   
  321     0.00084392   
  322     0.00093717   
  323     0.00056008   
  324     0.00334501   
  325     0.00305145   
  326     0.00195145   
  327     0.00298804   
  328     0.00161366   
  329     0.00450983   
  330     0.00236728   
  331     0.00267070   
  332     0.00076307   
  333     0.00211046   
  334     0.00407149   
  335     0.00125859   
  336     0.00084841   
  337     0.00153908   
  338     0.00188929   
  339     0.00141266   
  340     0.00076298   
  341     0.00039841   
  342     0.00079924   
  343     0.00186215   
  344     0.00080723   
  345     0.00226208   
  346     0.00295665   
  347     0.00015304   
  348     0.00205615   
  349     0.00114131   
  350     0.00110233   
  351     0.00058078   
  352     0.00087931   
  353     0.00166792   
  354     0.00039708   
  355     0.00027176   
  356     0.00258177   
  357     0.00087029   
  358     0.00069428   
  359     0.00056662   
  360     0.00045004   
  361     0.00072152   
  362     0.00086166   
  363     0.00087682   
  364     0.00091642   
  365     0.00120031   
  366     0.00100457   
  367     0.00051463   
  368     0.00094254   
  369     0.00146544   
  370     0.00073766   
  371     0.00146509   
  372     0.00147047   
  373     0.00050801   
  374     0.00076198   
  375     0.00112671   
  376     0.00031191   
  377     0.00045959   
  378     0.00127456   
  379     0.00016137   
  380     0.00009816   
  381     0.00058718   
  382     0.00012804   
  383     0.00007605   
  384     0.00012220   
  385     0.00013956   
  386     0.00039791   
  387     0.00108823   
  388     0.00080246   
  389     0.00145605   
  390     0.00099311   
  391     0.00235331   
  392     0.00162322   
  393     0.00227445   
  394     0.00136401   
  395     0.00234105   
  396     0.00041491   
  397     0.00049429   
  398     0.00053272   
  399     0.00156249   
  400     0.00170501   
  401     0.00163445   
  402     0.00392975   
  403     0.00201557   
  404     0.00269856   
  405     0.00155830   
  406     0.00151306   
  407     0.00131581   
  408     0.00127091   
  409     0.00176490   
  410     0.00088771   
  411     0.00396398   
  412     0.00321565   
  413     0.00061195   
  414     0.00114336   
  415     0.00317803   
  416     0.00126282   
  417     0.00049897   
  418     0.00161874   
  419     0.00164372   
  420     0.00115394   
  421     0.00149010   
  422     0.00209560   
  423     0.00144065   
  424     0.00706858   
  425     0.00290601   
  426     0.00763235   
  427     0.00429194   
  428     0.00942804   
  429     0.00075633   
  430     0.00008598   
  431     0.00010088   
  432     0.00022690   
  433     0.00066613   
  434     0.00112631   
  435     0.00248039   
  436     0.00341969   
  437     0.00170195   
  438     0.00412999   
  439     0.00094837   
  440     0.00194052   
  441     0.00074447   
  442     0.00122117   
  443     0.00030780   
  444     0.00033477   
  445     0.00020262   
  446     0.00049587   
  447     0.00027169   
  448     0.00104531   
  449     0.00046470   
  450     0.00024688   
  451     0.00044922   
  452     0.00042949   
  453     0.00136394   
  454     0.00210089   
  455     0.00052803   
  456     0.00150236   
  457     0.00551188   
  458     0.00123681   
  459     0.00486692   
  460     0.00105860   
  461     0.00087839   
  462     0.00448261   
  463     0.00078843   
  464     0.00046192   
  465     0.00244164   
  466     0.00052587   
  467     0.00021645   
  468     0.00113311   
  469     0.00116603   
  470     0.00597304   
  471     0.00494246   
  472     0.00423691   
  473     0.00368942   
  474     0.00760461   
  475     0.00365593   
  476     0.00993348   
  477     0.00451029   
  478     0.00289524   
  479     0.00338442   
  480     0.00290890   
  481     0.01455700   
  482     0.00254909   
  483     0.00955414   
  484     0.01359512   
  485     0.01598358   
  486     0.01838752   
  487     0.00596705   
  488     0.00215153   
  489     0.00214046   
  490     0.00372946   
  491     0.00279469   
  492     0.00259292   
  493     0.00406623   
  494     0.00587153   
  495     0.00316811   
  496     0.00323547   
  497     0.00345872   
  498     0.00087570   
  499     0.00127502   
  500     0.00178741   
  501     0.00134809   
  502     0.00218319   
  503     0.00226697   
  504     0.00276779   
  505     0.00166769   
  506     0.00335857   
  507     0.00962288   
  508     0.00502031   
  509     0.00421084   
  510     0.00303146   
  511     0.00370729   
  512     0.00326737   
  513     0.00383768   
  514     0.00078369   
  515     0.00186303   
  516     0.00209561   
  517     0.00126310   
  518     0.00155447   
  519     0.00065871   
  520     0.00072479   
  521     0.00115928   
  522     0.00103363   
  523     0.00192976   
  524     0.00200360   
  525     0.00073795   
  526     0.00252029   
  527     0.00317503   
  528     0.00076464   
  529     0.00362114   
  530     0.00283447   
  531     0.00313056   
  532     0.00186264   
  533     0.00089249   
  534     0.00318539   
  535     0.00243568   
  536     0.00138942   
  537     0.00226635   
  538     0.00120748   
  539     0.00130018   
  540     0.00261485   
  541     0.00118384   
  542     0.00135827   
  543     0.00150185   
  544     0.00116274   
  545     0.00219582   
  546     0.00104277   
  547     0.00165544   
  548     0.00130580   
  549     0.00391772   
  550     0.00514089   
  551     0.00093697   
  552     0.00073509   
  553     0.00112814   
  554     0.00136817   
  555     0.00046901   
  556     0.00030579   
  557     0.00297943   
  558     0.00034690   
  559     0.00023144   
  560     0.00031874   
  561     0.00180914   
  562     0.00049860   
  563     0.00045272   
  564     0.00030540   
  565     0.00105512   
  566     0.00191185   
  567     0.00063560   
  568     0.00027144   
  569     0.00062969   
  570     0.00051983   
  571     0.00091140   
  572     0.00030955   
  573     0.00057894   
  574     0.00051709   
  575     0.00060569   
  576     0.00226873   
  577     0.00026411   
  578     0.00047130   
  579     0.00338049   
  580     0.00009815   
  581     0.00166744   
  582     0.00020178   
  583     0.00019329   
  584     0.00100308   
  585     0.00129780   
  586     0.00024055   
  587     0.00013826   
  588     0.00064024   
  589     0.00062748   
  590     0.00042150   
  591     0.00031204   
  592     0.00053592   
  593     0.00058880   
  594     0.00047879   
  595     0.00051479   
  596     0.00075577   
  597     0.00140412   
  598     0.00189722   
  599     0.00241481   
  600     0.00048379   
  601     0.00095670   
  602     0.00224412   
  603     0.00020370   
  604     0.00132615   
  605     0.00060183   
