    1     0.00001584   
    2     0.00001881   
    3     0.00066660   
    4     0.00133110   
    5     0.00032831   
    6     0.00038842   
    7     0.00026351   
    8     0.00004118   
    9     0.00014398   
   10     0.00012416   
   11     0.00063123   
   12     0.00138434   
   13     0.00012001   
   14     0.00023604   
   15     0.00016442   
   16     0.00033947   
   17     0.00016514   
   18     0.00122380   
   20     0.00143861   
   21     0.00043764   
   22     0.00085107   
   23     0.00112840   
   24     0.00141353   
   25     0.00105269   
   26     0.00025012   
   27     0.00015155   
   28     0.00011522   
   29     0.00007665   
   30     0.00001394   
   31     0.00008817   
   32     0.00002418   
   33     0.00003361   
   34     0.00006615   
   35     0.00014071   
   36     0.00079776   
   37     0.00015195   
   38     0.00025659   
   39     0.00076640   
   40     0.00227311   
   41     0.00120444   
   42     0.00151534   
   43     0.00033879   
   44     0.00052189   
   45     0.00326071   
   46     0.00290480   
   47     0.00100260   
   48     0.00056077   
   49     0.00118548   
   50     0.00148523   
   51     0.00026068   
   52     0.00005191   
   53     0.00004708   
   54     0.00038667   
   55     0.00048657   
   56     0.00004466   
   57     0.00057466   
   58     0.00117488   
   59     0.00126644   
   60     0.00089225   
   61     0.00124272   
   62     0.00397153   
   63     0.00048961   
   64     0.00228077   
   65     0.00150537   
   66     0.00481132   
   67     0.00122417   
   68     0.00207901   
   69     0.00041040   
   70     0.00021732   
   71     0.00190997   
   72     0.00161126   
   73     0.00018250   
   74     0.00066686   
   75     0.00077001   
   76     0.00013480   
   77     0.00047966   
   78     0.00011937   
   79     0.00006672   
   80     0.00005868   
   81     0.00256536   
   82     0.00035207   
   83     0.00037784   
   84     0.00015008   
   85     0.00087133   
   86     0.00259019   
   87     0.00046333   
   88     0.00040472   
   89     0.00197645   
   90     0.02676581   
   91     0.00392592   
   92     0.00416381   
   93     0.00113942   
   94     0.00050851   
   95     0.00025355   
   96     0.00019998   
   97     0.00001272   
   98     0.00028549   
   99     0.00006991   
  100     0.00032198   
  101     0.00034457   
  102     0.00076911   
  103     0.00206418   
  104     0.00126949   
  105     0.00097779   
  106     0.00018871   
  107     0.00016323   
  108     0.00051051   
  109     0.00040568   
  110     0.00193450   
  111     0.00223473   
  112     0.00061610   
  113     0.00098409   
  114     0.00294973   
  115     0.00313564   
  116     0.00022877   
  117     0.00041964   
  118     0.00121116   
  119     0.00106912   
  120     0.00040149   
  121     0.00069020   
  122     0.00145074   
  123     0.00040822   
  124     0.00131469   
  125     0.00011195   
  126     0.00008450   
  127     0.00040054   
  128     0.00002469   
  129     0.00001951   
  130     0.00005674   
  131     0.00006654   
  132     0.00001744   
  133     0.00001339   
  134     0.00009216   
  135     0.00023958   
  136     0.00023710   
  137     0.00018457   
  138     0.00050637   
  139     0.00063409   
  140     0.00034701   
  141     0.00020192   
  142     0.00026500   
  143     0.00027352   
  144     0.00041306   
  145     0.00037484   
  146     0.00044586   
  147     0.00167915   
  148     0.00160256   
  149     0.00083757   
  150     0.00059923   
  151     0.00100702   
  152     0.00069053   
  153     0.00020445   
  154     0.00041444   
  155     0.00040686   
  156     0.00066352   
  157     0.00034325   
  158     0.00060670   
  159     0.00157085   
  160     0.00145225   
  161     0.00099280   
  162     0.00180846   
  163     0.00069685   
  164     0.00044156   
  165     0.00032015   
  166     0.00068838   
  167     0.00174654   
  168     0.00035613   
  169     0.00042547   
  170     0.00060894   
  171     0.00029471   
  172     0.00042944   
  173     0.00090676   
  174     0.00034300   
  175     0.00328119   
  176     0.00177251   
  177     0.00150646   
  178     0.00169314   
  179     0.00971665   
  180     0.01633383   
  181     0.00494404   
  182     0.00208681   
  183     0.00155553   
  184     0.00791591   
  185     0.01010971   
  186     0.00203292   
  187     0.00218077   
  188     0.00610823   
  189     0.00108743   
  190     0.00197352   
  191     0.00031925   
  192     0.00029483   
  193     0.00019874   
  194     0.00030521   
  195     0.00070831   
  196     0.00081750   
  197     0.00072975   
  198     0.00144943   
  199     0.00114065   
  200     0.00068779   
  201     0.00015951   
  202     0.00013229   
  203     0.00022484   
  204     0.00075315   
  205     0.00032561   
  206     0.00200378   
  207     0.00545771   
  208     0.01301166   
  209     0.04587449   
  210     0.04987938   
  211     0.02559722   
  212     0.02962276   
  213     0.04595339   
  214     0.02843608   
  215     0.03396342   
  216     0.00610149   
  217     0.00772369   
  218     0.00138591   
  219     0.00126906   
  220     0.00043852   
  221     0.00083298   
  222     0.00016540   
  223     0.00021997   
  224     0.00063270   
  225     0.00091085   
  226     0.00257115   
  227     0.00147117   
  228     0.00138843   
  229     0.00268659   
  230     0.00120406   
  231     0.00083762   
  232     0.00161661   
  233     0.00228667   
  234     0.00182908   
  235     0.00204175   
  236     0.00095702   
  237     0.00552209   
  238     0.00493265   
  239     0.00220608   
  240     0.00102205   
  241     0.00818515   
  242     0.00130949   
  243     0.00372843   
  244     0.01437401   
  245     0.00298604   
  246     0.00035660   
  247     0.00104634   
  248     0.00067701   
  249     0.00117366   
  250     0.00478571   
  251     0.00443404   
  252     0.01111350   
  253     0.00368462   
  254     0.00283636   
  255     0.00683908   
  256     0.02566820   
  257     0.00686615   
  258     0.00507273   
  259     0.00530229   
  260     0.00299730   
  261     0.00280728   
  262     0.00255427   
  263     0.00305580   
  264     0.00054363   
  265     0.00032995   
  266     0.00101079   
  267     0.00257620   
  268     0.00023771   
  269     0.00099918   
  270     0.00045060   
  271     0.00054929   
  272     0.00049486   
  273     0.00029342   
  274     0.00055588   
  275     0.00051881   
  276     0.00035770   
  277     0.00006823   
  278     0.00022444   
  279     0.00077190   
  280     0.00042269   
  281     0.00250142   
  282     0.00064172   
  283     0.00366850   
  284     0.00257630   
  285     0.00115035   
  286     0.00779061   
  287     0.00290712   
  288     0.00124290   
  289     0.00073408   
  290     0.00051031   
  291     0.00123862   
  292     0.00138646   
  293     0.00187073   
  294     0.00236643   
  295     0.00231398   
  296     0.00618775   
  297     0.00364794   
  298     0.01016567   
  299     0.00022025   
  300     0.00068095   
  301     0.00017379   
  302     0.00055361   
  303     0.00029020   
  304     0.00039792   
  305     0.00060308   
  306     0.00132975   
  307     0.00053579   
  308     0.00043445   
  309     0.00046774   
  310     0.00182895   
  311     0.00028785   
  312     0.00109927   
  313     0.00061975   
  314     0.00038388   
  315     0.00050949   
  316     0.00020190   
  317     0.00073017   
  318     0.00017097   
  319     0.00015540   
  320     0.00033236   
  321     0.00008312   
  322     0.00018020   
  323     0.00011784   
  324     0.00015453   
  325     0.00011248   
  326     0.00016253   
  327     0.00012208   
  328     0.00005838   
  329     0.00021301   
  330     0.00012098   
  331     0.00034604   
  332     0.00017923   
  333     0.00011669   
  334     0.00062525   
  335     0.00123985   
  336     0.00182093   
  337     0.00043815   
  338     0.00127464   
  339     0.00071512   
  340     0.00076069   
  341     0.00019131   
  342     0.00022461   
  343     0.00149952   
  344     0.00044879   
  345     0.00063244   
  346     0.00034641   
  347     0.00049142   
  348     0.00040195   
  349     0.00045322   
  350     0.00043064   
  351     0.00025245   
  352     0.00097467   
  353     0.00032289   
  354     0.00015127   
  355     0.00011753   
  356     0.00042515   
  357     0.00041846   
  358     0.00012876   
  359     0.00079243   
  360     0.00044510   
  361     0.00070470   
  362     0.00024531   
  363     0.00046140   
  364     0.00018746   
  365     0.00350983   
  366     0.00043326   
  367     0.00089718   
  368     0.00042965   
  369     0.00077552   
  370     0.00310612   
  371     0.00042114   
  372     0.00056304   
  373     0.00103725   
  374     0.00055520   
  375     0.00083720   
  376     0.00030751   
  377     0.00537154   
  378     0.00107308   
  379     0.00241087   
  380     0.00354366   
  381     0.00225059   
  382     0.00150417   
  383     0.00094803   
  384     0.00049099   
  385     0.00126981   
  386     0.00405353   
  387     0.00848467   
  388     0.00686799   
  389     0.01335669   
  390     0.01331969   
  391     0.00353475   
  392     0.01038093   
  393     0.00367833   
  394     0.00260841   
  395     0.00181863   
  396     0.00086454   
  397     0.00060643   
  398     0.00037798   
  399     0.00026435   
  400     0.00030233   
  401     0.00027101   
  402     0.00021366   
  403     0.00021405   
  404     0.00018558   
  405     0.00018424   
  406     0.00039965   
  407     0.00031333   
  408     0.00034114   
  409     0.00033736   
  410     0.00042544   
  411     0.00035472   
  412     0.00081878   
  413     0.00051098   
  414     0.00107067   
  415     0.00097993   
  416     0.00099770   
  417     0.00164613   
  418     0.00129840   
  419     0.00130440   
  420     0.00056165   
  421     0.00014867   
  422     0.00042462   
  423     0.00015328   
  424     0.00034804   
  425     0.00030019   
  426     0.00021168   
  427     0.00013583   
  428     0.00013203   
  429     0.00000370   
  430     0.00000176   
  431     0.00000375   
  432     0.00001235   
  433     0.00001188   
  434     0.00001636   
  435     0.00004743   
  436     0.00013166   
  437     0.00006000   
  438     0.00008410   
  439     0.00036244   
  440     0.00013055   
  441     0.00028388   
  442     0.00116317   
  443     0.00026647   
  444     0.00044225   
  445     0.00005488   
  446     0.00005121   
  447     0.00002923   
  448     0.00105180   
  449     0.00020719   
  450     0.00004286   
  451     0.00009626   
  452     0.00078025   
  453     0.00252331   
  454     0.00028741   
  455     0.00012729   
  456     0.00012767   
  457     0.00011787   
  458     0.00035698   
  459     0.00012113   
  460     0.00022610   
  461     0.00007501   
  462     0.00013055   
  463     0.00005236   
  464     0.00001464   
  465     0.00013094   
  466     0.00001995   
  467     0.00000948   
  468     0.00007174   
  469     0.00003107   
  470     0.00033261   
  471     0.00036221   
  472     0.00006981   
  473     0.00023186   
  474     0.00024095   
  475     0.00013570   
  476     0.00025899   
  477     0.00016391   
  478     0.00082937   
  479     0.00030636   
  480     0.00101259   
  481     0.00086795   
  482     0.00232777   
  483     0.00078659   
  484     0.00026123   
  485     0.00008273   
  486     0.00013882   
  487     0.00006637   
  488     0.00003510   
  489     0.00008430   
  490     0.00014228   
  491     0.00009615   
  492     0.00001552   
  493     0.00001552   
  494     0.00002904   
  495     0.00001082   
  496     0.00002580   
  497     0.00009546   
  498     0.00003911   
  499     0.00014736   
  500     0.00020840   
  501     0.00037222   
  502     0.00015084   
  503     0.00005092   
  504     0.00141482   
  505     0.00325841   
  506     0.00102781   
  507     0.00310958   
  508     0.00102547   
  509     0.00197074   
  510     0.00271858   
  511     0.00067178   
  512     0.00552706   
  513     0.00167402   
  514     0.00280456   
  515     0.00270715   
  516     0.00095338   
  517     0.00063241   
  518     0.00126702   
  519     0.00207962   
  520     0.00139465   
  521     0.00074530   
  522     0.00328646   
  523     0.00065089   
  524     0.00031456   
  525     0.00199134   
  526     0.00110110   
  527     0.00031182   
  528     0.00051818   
  529     0.00224573   
  530     0.00081499   
  531     0.00019958   
  532     0.00068292   
  533     0.00171784   
  534     0.00101255   
  535     0.00023836   
  536     0.00064788   
  537     0.00120830   
  538     0.00096195   
  539     0.00047338   
  540     0.00067313   
  541     0.00148323   
  542     0.00132975   
  543     0.00050585   
  544     0.00018437   
  545     0.00185251   
  546     0.00243316   
  547     0.00061627   
  548     0.00028083   
  549     0.00105396   
  550     0.00151782   
  551     0.00017204   
  552     0.00015617   
  553     0.00070892   
  554     0.00020841   
  555     0.00015259   
  556     0.00011026   
  557     0.00099826   
  558     0.00027652   
  559     0.00034440   
  560     0.00024617   
  561     0.00157614   
  562     0.00110710   
  563     0.00017506   
  564     0.00005515   
  565     0.00039915   
  566     0.00073334   
  567     0.00029463   
  568     0.00015253   
  569     0.00033450   
  570     0.00022853   
  571     0.00039365   
  572     0.00015128   
  573     0.00003591   
  574     0.00010984   
  575     0.00028892   
  576     0.00029926   
  577     0.00005682   
  578     0.00003532   
  579     0.00217005   
  580     0.00011020   
  581     0.00017918   
  582     0.00001389   
  583     0.00011504   
  584     0.00027976   
  585     0.00023809   
  586     0.00010758   
  587     0.00023441   
  588     0.00090490   
  589     0.00047431   
  590     0.00009867   
  591     0.00027120   
  592     0.00248044   
  593     0.00020073   
  594     0.00056187   
  595     0.00045311   
  596     0.00046739   
  597     0.00066683   
  598     0.00174118   
  599     0.00261863   
  600     0.00019512   
  601     0.00033100   
  602     0.00040721   
  603     0.00027261   
  604     0.00020743   
  605     0.00025644   
