    1     0.00089448   
    2     0.00027806   
    3     0.00094240   
    4     0.00077601   
    5     0.00033684   
    6     0.00030100   
    7     0.00043868   
    8     0.00054785   
    9     0.00080292   
   10     0.00042836   
   11     0.00132564   
   12     0.00111679   
   13     0.00083577   
   14     0.00044569   
   15     0.00054969   
   16     0.00067546   
   17     0.00025793   
   18     0.00159966   
   20     0.00085351   
   21     0.00054910   
   22     0.00049461   
   23     0.00032246   
   24     0.00096080   
   25     0.00060507   
   26     0.00051243   
   27     0.00050687   
   28     0.00241225   
   29     0.00254185   
   30     0.00590308   
   31     0.00115068   
   32     0.00352307   
   33     0.00258469   
   34     0.00032303   
   35     0.00043103   
   36     0.00135593   
   37     0.00065034   
   38     0.00093080   
   39     0.00079094   
   40     0.00163678   
   41     0.00133244   
   42     0.00157879   
   43     0.00406091   
   44     0.00246160   
   45     0.00553510   
   46     0.00294376   
   47     0.00139282   
   48     0.00142737   
   49     0.00236249   
   50     0.00071211   
   51     0.00035575   
   52     0.00034533   
   53     0.00038033   
   54     0.00051696   
   55     0.00025454   
   56     0.00032550   
   57     0.00025460   
   58     0.00039291   
   59     0.00128608   
   60     0.00040091   
   61     0.00313835   
   62     0.00208742   
   63     0.00225767   
   64     0.00081484   
   65     0.00123962   
   66     0.00199919   
   67     0.00046148   
   68     0.00071661   
   69     0.00090251   
   70     0.00096330   
   71     0.00183210   
   72     0.00074596   
   73     0.00060232   
   74     0.00102947   
   75     0.00086103   
   76     0.00054526   
   77     0.00025469   
   78     0.00024827   
   79     0.00002446   
   80     0.00004065   
   81     0.00010480   
   82     0.00006314   
   83     0.00008325   
   84     0.00004602   
   85     0.00009008   
   86     0.00011284   
   87     0.00005839   
   88     0.00001927   
   89     0.00024009   
   90     0.00092919   
   91     0.00173177   
   92     0.00091993   
   93     0.00087227   
   94     0.00083194   
   95     0.00087304   
   96     0.00276686   
   97     0.00300465   
   98     0.00042016   
   99     0.00193108   
  100     0.00054628   
  101     0.00047897   
  102     0.00060833   
  103     0.00335175   
  104     0.00173906   
  105     0.00382881   
  106     0.00055825   
  107     0.00059950   
  108     0.00105003   
  109     0.00174231   
  110     0.00192970   
  111     0.00294228   
  112     0.00138366   
  113     0.00176746   
  114     0.00092515   
  115     0.00219141   
  116     0.00110677   
  117     0.00048047   
  118     0.00206936   
  119     0.00036865   
  120     0.00067548   
  121     0.00097627   
  122     0.00021983   
  123     0.00038640   
  124     0.00086070   
  125     0.00016491   
  126     0.00057185   
  127     0.00055924   
  128     0.00011727   
  129     0.00323093   
  130     0.00058264   
  131     0.00019238   
  132     0.00035687   
  133     0.00018894   
  134     0.00030282   
  135     0.00036851   
  136     0.00169358   
  137     0.00122562   
  138     0.00129462   
  139     0.00026395   
  140     0.00154511   
  141     0.00123174   
  142     0.00094231   
  143     0.00140920   
  144     0.00103776   
  145     0.00095023   
  146     0.00077036   
  147     0.00160334   
  148     0.00092095   
  149     0.00063906   
  150     0.00057474   
  151     0.00125107   
  152     0.00274736   
  153     0.00041711   
  154     0.00201639   
  155     0.00112051   
  156     0.00296469   
  157     0.00073752   
  158     0.00126037   
  159     0.00135072   
  160     0.00404147   
  161     0.00086232   
  162     0.00290345   
  163     0.00122100   
  164     0.00061232   
  165     0.00078614   
  166     0.00018974   
  167     0.00052285   
  168     0.00076924   
  169     0.00075396   
  170     0.00079145   
  171     0.00061187   
  172     0.00163695   
  173     0.00095891   
  174     0.00015735   
  175     0.00040535   
  176     0.00045330   
  177     0.00041679   
  178     0.00044493   
  179     0.00310458   
  180     0.00164708   
  181     0.00023461   
  182     0.00012639   
  183     0.00004772   
  184     0.00060767   
  185     0.00128751   
  186     0.00019871   
  187     0.00060469   
  188     0.00292080   
  189     0.00212181   
  190     0.00109880   
  191     0.00234652   
  192     0.00093425   
  193     0.00263739   
  194     0.00176526   
  195     0.00065908   
  196     0.00035105   
  197     0.00087028   
  198     0.00222586   
  199     0.00121890   
  200     0.00048853   
  201     0.00086212   
  202     0.00126994   
  203     0.00105134   
  204     0.00208624   
  205     0.00060468   
  206     0.00061770   
  207     0.00211365   
  208     0.00075506   
  209     0.00159447   
  210     0.00112201   
  211     0.00190569   
  212     0.00094073   
  213     0.00292535   
  214     0.00126290   
  215     0.00112129   
  216     0.00087192   
  217     0.00103754   
  218     0.00190641   
  219     0.00094304   
  220     0.00090343   
  221     0.00160861   
  222     0.00054981   
  223     0.00084628   
  224     0.00063063   
  225     0.00105658   
  226     0.00049982   
  227     0.00057497   
  228     0.00013158   
  229     0.00025138   
  230     0.00031811   
  231     0.00010496   
  232     0.00032118   
  233     0.00035502   
  234     0.00037850   
  235     0.00040953   
  236     0.00104012   
  237     0.00216230   
  238     0.00038755   
  239     0.00049485   
  240     0.00097820   
  241     0.00079332   
  242     0.00047823   
  243     0.00027777   
  244     0.00210021   
  245     0.00023287   
  246     0.00020743   
  247     0.00013472   
  248     0.00136324   
  249     0.00033368   
  250     0.00028728   
  251     0.00056762   
  252     0.00053557   
  253     0.00057934   
  254     0.00047797   
  255     0.00052280   
  256     0.00051946   
  257     0.00209554   
  258     0.00042583   
  259     0.00316865   
  260     0.00084544   
  261     0.00145997   
  262     0.00112729   
  263     0.00075248   
  264     0.00079557   
  265     0.00007660   
  266     0.00021714   
  267     0.00030305   
  268     0.00042795   
  269     0.00048540   
  270     0.00092365   
  271     0.00094599   
  272     0.00090668   
  273     0.00023155   
  274     0.00233509   
  275     0.00070563   
  276     0.00051724   
  277     0.00026960   
  278     0.00057442   
  279     0.00068675   
  280     0.00049327   
  281     0.00111197   
  282     0.00026232   
  283     0.00043099   
  284     0.00071164   
  285     0.00025620   
  286     0.00143682   
  287     0.00053348   
  288     0.00013516   
  289     0.00038909   
  290     0.00006401   
  291     0.00124538   
  292     0.00062119   
  293     0.00082968   
  294     0.00107454   
  295     0.00073942   
  296     0.00182250   
  297     0.00121862   
  298     0.00340426   
  299     0.00137110   
  300     0.00287482   
  301     0.00036970   
  302     0.00213705   
  303     0.00111596   
  304     0.00067617   
  305     0.00100787   
  306     0.00121825   
  307     0.00078327   
  308     0.00067039   
  309     0.00031284   
  310     0.00079074   
  311     0.00020199   
  312     0.00022896   
  313     0.00028392   
  314     0.00055282   
  315     0.00090586   
  316     0.00065532   
  317     0.00431744   
  318     0.00187774   
  319     0.00084038   
  320     0.00303876   
  321     0.00166103   
  322     0.00155814   
  323     0.00076623   
  324     0.00260228   
  325     0.00353567   
  326     0.00101856   
  327     0.00377280   
  328     0.00127608   
  329     0.00516987   
  330     0.00175185   
  331     0.00341088   
  332     0.00123199   
  333     0.00180326   
  334     0.00624218   
  335     0.00115829   
  336     0.00223086   
  337     0.00158530   
  338     0.00122229   
  339     0.00520429   
  340     0.00049947   
  341     0.00023845   
  342     0.00029462   
  343     0.00039006   
  344     0.00023639   
  345     0.00136934   
  346     0.00103599   
  347     0.00078347   
  348     0.00213020   
  349     0.00005946   
  350     0.00043924   
  351     0.00043377   
  352     0.00076071   
  353     0.00268715   
  354     0.00028746   
  355     0.00053815   
  356     0.00269993   
  357     0.00117881   
  358     0.00061169   
  359     0.00073784   
  360     0.00037725   
  361     0.00077777   
  362     0.00518450   
  363     0.00616956   
  364     0.00391252   
  365     0.00162650   
  366     0.00124389   
  367     0.00103938   
  368     0.00062521   
  369     0.00050621   
  370     0.00014556   
  371     0.00058975   
  372     0.00050269   
  373     0.00036225   
  374     0.00028220   
  375     0.00064719   
  376     0.00022616   
  377     0.00071029   
  378     0.00033309   
  379     0.00032251   
  380     0.00042283   
  381     0.00114406   
  382     0.00021930   
  383     0.00026839   
  384     0.00022395   
  385     0.00056778   
  386     0.00070705   
  387     0.00120808   
  388     0.00251374   
  389     0.00112288   
  390     0.00241987   
  391     0.00180226   
  392     0.00236839   
  393     0.00241842   
  394     0.00145133   
  395     0.00665103   
  396     0.00048776   
  397     0.00284144   
  398     0.00183263   
  399     0.00174375   
  400     0.00394418   
  401     0.00454820   
  402     0.00351826   
  403     0.00237359   
  404     0.00015536   
  405     0.00038520   
  406     0.00047269   
  407     0.00054093   
  408     0.00401746   
  409     0.00431048   
  410     0.00521076   
  411     0.00812946   
  412     0.00537147   
  413     0.00292834   
  414     0.00252863   
  415     0.00219141   
  416     0.00089911   
  417     0.00116999   
  418     0.00202353   
  419     0.00288756   
  420     0.00163725   
  421     0.00240378   
  422     0.00414515   
  423     0.00407206   
  424     0.00525532   
  425     0.00288798   
  426     0.01122321   
  427     0.00338226   
  428     0.00638596   
  429     0.00133018   
  430     0.00068259   
  431     0.00082849   
  432     0.00067665   
  433     0.00259864   
  434     0.00207001   
  435     0.00296251   
  436     0.01276329   
  437     0.01190870   
  438     0.01878253   
  439     0.00831763   
  440     0.00499337   
  441     0.00137841   
  442     0.00131963   
  443     0.00309892   
  444     0.00431343   
  445     0.00067916   
  446     0.00031069   
  447     0.00018766   
  448     0.00213369   
  449     0.00034976   
  450     0.00075241   
  451     0.00087436   
  452     0.00127314   
  453     0.00328357   
  454     0.00215760   
  455     0.00225671   
  456     0.00663086   
  457     0.00383526   
  458     0.00264700   
  459     0.01475490   
  460     0.00342292   
  461     0.00227913   
  462     0.00435731   
  463     0.00072276   
  464     0.00056322   
  465     0.00128380   
  466     0.00021199   
  467     0.00016264   
  468     0.00127521   
  469     0.00045890   
  470     0.00318547   
  471     0.00199300   
  472     0.00846459   
  473     0.00378601   
  474     0.01171891   
  475     0.00792239   
  476     0.01341519   
  477     0.00720524   
  478     0.00514438   
  479     0.00378128   
  480     0.00055609   
  481     0.00331584   
  482     0.00409481   
  483     0.00976527   
  484     0.01268505   
  485     0.01516699   
  486     0.01022620   
  487     0.00465864   
  488     0.00313185   
  489     0.00389049   
  490     0.00260752   
  491     0.00210279   
  492     0.00177360   
  493     0.00208012   
  494     0.00221895   
  495     0.00127699   
  496     0.00062454   
  497     0.00356660   
  498     0.00214203   
  499     0.00622621   
  500     0.00197231   
  501     0.00182370   
  502     0.00110609   
  503     0.00224703   
  504     0.00170211   
  505     0.00173322   
  506     0.00108099   
  507     0.01209329   
  508     0.00625629   
  509     0.00699012   
  510     0.00735778   
  511     0.00508971   
  512     0.00656771   
  513     0.00697651   
  514     0.00226809   
  515     0.00364857   
  516     0.00253534   
  517     0.00078851   
  518     0.00062548   
  519     0.00067964   
  520     0.00104038   
  521     0.00037662   
  522     0.00073073   
  523     0.00079165   
  524     0.00031550   
  525     0.00036109   
  526     0.00085303   
  527     0.00081903   
  528     0.00024045   
  529     0.00666977   
  530     0.00108162   
  531     0.00101057   
  532     0.00109349   
  533     0.00136892   
  534     0.00183753   
  535     0.00151271   
  536     0.00163938   
  537     0.00053776   
  538     0.00200905   
  539     0.00107952   
  540     0.00108574   
  541     0.00101555   
  542     0.00070523   
  543     0.00204462   
  544     0.00130569   
  545     0.00058493   
  546     0.00083383   
  547     0.00179622   
  548     0.00095362   
  549     0.00201592   
  550     0.00518927   
  551     0.00082087   
  552     0.00168875   
  553     0.00132532   
  554     0.00308720   
  555     0.00109775   
  556     0.00075380   
  557     0.00327184   
  558     0.00016269   
  559     0.00033763   
  560     0.00030587   
  561     0.00103503   
  562     0.00037975   
  563     0.00043203   
  564     0.00037026   
  565     0.00097594   
  566     0.00156556   
  567     0.00034479   
  568     0.00014827   
  569     0.00020367   
  570     0.00031876   
  571     0.00041107   
  572     0.00012518   
  573     0.00037810   
  574     0.00027170   
  575     0.00019488   
  576     0.00050158   
  577     0.00036110   
  578     0.00067691   
  579     0.00552841   
  580     0.00012483   
  581     0.00045684   
  582     0.00002103   
  583     0.00017889   
  584     0.00058386   
  585     0.00050499   
  586     0.00010841   
  587     0.00005217   
  588     0.00072667   
  589     0.00014729   
  590     0.00011026   
  591     0.00026652   
  592     0.00023721   
  593     0.00011887   
  594     0.00024872   
  595     0.00032279   
  596     0.00029432   
  597     0.00029788   
  598     0.00077223   
  599     0.00061228   
  600     0.00028358   
  601     0.00023214   
  602     0.00098874   
  603     0.00007259   
  604     0.00045645   
  605     0.00019392   
