    1     0.01307399   
    2     0.00117133   
    3     0.00569497   
    4     0.01198472   
    5     0.00311774   
    6     0.00143311   
    7     0.00073269   
    8     0.00059493   
    9     0.00068575   
   10     0.00099846   
   11     0.00100639   
   12     0.00074601   
   13     0.00204634   
   14     0.00080409   
   15     0.00123715   
   16     0.00398354   
   17     0.00140025   
   18     0.01016238   
   20     0.00464903   
   21     0.00194529   
   22     0.00258518   
   23     0.00091453   
   24     0.00305128   
   25     0.00180800   
   26     0.00210824   
   27     0.00474040   
   28     0.00299945   
   29     0.00321184   
   30     0.00111588   
   31     0.00502954   
   32     0.00209089   
   33     0.00311500   
   34     0.00120224   
   35     0.00121131   
   36     0.00557470   
   37     0.00114715   
   38     0.00123731   
   39     0.00350128   
   40     0.00211009   
   41     0.00186532   
   42     0.00801592   
   43     0.00271549   
   44     0.00196994   
   45     0.00073967   
   46     0.00680368   
   47     0.00245271   
   48     0.00292398   
   49     0.00394578   
   50     0.00174634   
   51     0.00116462   
   52     0.00474835   
   53     0.00337151   
   54     0.00353470   
   55     0.00467393   
   56     0.00593771   
   57     0.00592965   
   58     0.00440770   
   59     0.00644899   
   60     0.00140880   
   61     0.00129985   
   62     0.00171920   
   63     0.00245087   
   64     0.00261393   
   65     0.00115613   
   66     0.00351262   
   67     0.00065761   
   68     0.00072644   
   69     0.00155699   
   70     0.00119864   
   71     0.00193315   
   72     0.00121223   
   73     0.00065212   
   74     0.00070272   
   75     0.00090288   
   76     0.00053965   
   77     0.00051269   
   78     0.00021136   
   79     0.00012395   
   80     0.00011621   
   81     0.00177667   
   82     0.00030021   
   83     0.00034192   
   84     0.00018767   
   85     0.00014492   
   86     0.00037912   
   87     0.00024252   
   88     0.00010340   
   89     0.00027693   
   90     0.00030935   
   91     0.00160272   
   92     0.00072397   
   93     0.00105294   
   94     0.00061369   
   95     0.00008051   
   96     0.00037659   
   97     0.00010620   
   98     0.00056597   
   99     0.00019783   
  100     0.00114047   
  101     0.00027368   
  102     0.00057506   
  103     0.00450951   
  104     0.00459876   
  105     0.00425572   
  106     0.00290535   
  107     0.00210004   
  108     0.00119332   
  109     0.00083343   
  110     0.00238474   
  111     0.00243507   
  112     0.00163964   
  113     0.00105708   
  114     0.00258942   
  115     0.00281026   
  116     0.00172103   
  117     0.00081370   
  118     0.00277280   
  119     0.00081222   
  120     0.00096173   
  121     0.00113173   
  122     0.00303043   
  123     0.00133878   
  124     0.00415963   
  125     0.00062727   
  126     0.00097101   
  127     0.00624577   
  128     0.00068745   
  129     0.00276464   
  130     0.00338111   
  131     0.00391602   
  132     0.00264369   
  133     0.00099632   
  134     0.00150505   
  135     0.00389986   
  136     0.00839455   
  137     0.00302243   
  138     0.00137562   
  139     0.00061013   
  140     0.00104936   
  141     0.00068813   
  142     0.00085567   
  143     0.00124354   
  144     0.00067248   
  145     0.00083429   
  146     0.00098095   
  147     0.00106545   
  148     0.00182742   
  149     0.00142968   
  150     0.00062071   
  151     0.00159669   
  152     0.00074004   
  153     0.00040887   
  154     0.00108366   
  155     0.00078224   
  156     0.00042248   
  157     0.00053850   
  158     0.00121669   
  159     0.00022124   
  160     0.00326453   
  161     0.00155212   
  162     0.00630129   
  163     0.00243886   
  164     0.00120234   
  165     0.00065476   
  166     0.00052296   
  167     0.00096216   
  168     0.00051571   
  169     0.00178311   
  170     0.00057051   
  171     0.00094124   
  172     0.00199772   
  173     0.00227601   
  174     0.00100677   
  175     0.00164449   
  176     0.00193932   
  177     0.00118588   
  178     0.00069754   
  179     0.00131807   
  180     0.00172493   
  181     0.00122125   
  182     0.00069215   
  183     0.00039950   
  184     0.00024803   
  185     0.00078873   
  186     0.00017903   
  187     0.00036439   
  188     0.00126210   
  189     0.00169687   
  190     0.00216399   
  191     0.00181409   
  192     0.00136415   
  193     0.00124060   
  194     0.00075895   
  195     0.00042069   
  196     0.00066527   
  197     0.00111140   
  198     0.00157414   
  199     0.00128275   
  200     0.00024862   
  201     0.00087381   
  202     0.00135563   
  203     0.00140097   
  204     0.00382795   
  205     0.00282200   
  206     0.00165825   
  207     0.00218235   
  208     0.00137904   
  209     0.00679852   
  210     0.00359009   
  211     0.01782886   
  212     0.00553369   
  213     0.01435530   
  214     0.00593707   
  215     0.00320382   
  216     0.00564972   
  217     0.00288895   
  218     0.00411811   
  219     0.00239580   
  220     0.00117100   
  221     0.00187207   
  222     0.00046287   
  223     0.00063197   
  224     0.00079585   
  225     0.00040743   
  226     0.00201566   
  227     0.00076663   
  228     0.00043782   
  229     0.00153004   
  230     0.00162142   
  231     0.00091558   
  232     0.00199860   
  233     0.00155451   
  234     0.00311425   
  235     0.00252786   
  236     0.00148740   
  237     0.00108820   
  238     0.00145312   
  239     0.00244407   
  240     0.00161909   
  241     0.00104579   
  242     0.00024409   
  243     0.00155588   
  244     0.00207649   
  245     0.00046277   
  246     0.00058003   
  247     0.00074121   
  248     0.00073198   
  249     0.00052045   
  250     0.00098728   
  251     0.00069010   
  252     0.00070923   
  253     0.00120262   
  254     0.00090602   
  255     0.00050929   
  256     0.00249934   
  257     0.00234817   
  258     0.00046590   
  259     0.00031190   
  260     0.00191566   
  261     0.00161704   
  262     0.00043168   
  263     0.00061282   
  264     0.00067386   
  265     0.00064931   
  266     0.00052666   
  267     0.00145284   
  268     0.00027180   
  269     0.00067161   
  270     0.00101531   
  271     0.00094540   
  272     0.00018539   
  273     0.00017188   
  274     0.00068785   
  275     0.00062990   
  276     0.00020858   
  277     0.00018828   
  278     0.00033881   
  279     0.00026453   
  280     0.00033357   
  281     0.00089497   
  282     0.00028187   
  283     0.00042113   
  284     0.00043301   
  285     0.00027078   
  286     0.00023161   
  287     0.00070586   
  288     0.00045553   
  289     0.00081865   
  290     0.00011463   
  291     0.00051806   
  292     0.00078033   
  293     0.00034036   
  294     0.00088830   
  295     0.00019598   
  296     0.00078568   
  297     0.00033892   
  298     0.00151045   
  299     0.00084600   
  300     0.00176503   
  301     0.00029783   
  302     0.00078982   
  303     0.00056223   
  304     0.00087794   
  305     0.00131303   
  306     0.00083596   
  307     0.00048108   
  308     0.00066370   
  309     0.00059554   
  310     0.00032768   
  311     0.00052883   
  312     0.00061742   
  313     0.00025328   
  314     0.00077792   
  315     0.00110764   
  316     0.00133330   
  317     0.00086726   
  318     0.00090169   
  319     0.00071982   
  320     0.00180782   
  321     0.00045198   
  322     0.00114637   
  323     0.00101081   
  324     0.00121140   
  325     0.00324375   
  326     0.00075757   
  327     0.00336485   
  328     0.00183772   
  329     0.00559271   
  330     0.00132633   
  331     0.00072779   
  332     0.00085867   
  333     0.00158684   
  334     0.00344269   
  335     0.00069656   
  336     0.00124264   
  337     0.00145621   
  338     0.00275652   
  339     0.00246435   
  340     0.00057876   
  341     0.00021587   
  342     0.00049157   
  343     0.00141133   
  344     0.00107419   
  345     0.00086917   
  346     0.00101207   
  347     0.00037488   
  348     0.00086888   
  349     0.00058056   
  350     0.00160310   
  351     0.00027814   
  352     0.00060496   
  353     0.00114403   
  354     0.00029012   
  355     0.00023752   
  356     0.00022551   
  357     0.00019496   
  358     0.00050324   
  359     0.00090064   
  360     0.00147475   
  361     0.00271932   
  362     0.00210770   
  363     0.00240874   
  364     0.00085452   
  365     0.00383638   
  366     0.00105644   
  367     0.00078550   
  368     0.00147296   
  369     0.00187390   
  370     0.00112398   
  371     0.00064967   
  372     0.00065690   
  373     0.00191638   
  374     0.00102650   
  375     0.00154311   
  376     0.00143472   
  377     0.00490004   
  378     0.00327425   
  379     0.00050903   
  380     0.00203213   
  381     0.00134925   
  382     0.00048249   
  383     0.00081016   
  384     0.00077334   
  385     0.00148433   
  386     0.00133785   
  387     0.00292007   
  388     0.00121751   
  389     0.00232441   
  390     0.00232078   
  391     0.00511322   
  392     0.00316199   
  393     0.00257316   
  394     0.00064268   
  395     0.00085312   
  396     0.00044436   
  397     0.00107737   
  398     0.00028981   
  399     0.00043466   
  400     0.00067497   
  401     0.00086228   
  402     0.00078759   
  403     0.00076964   
  404     0.00163374   
  405     0.00020219   
  406     0.00078456   
  407     0.00076177   
  408     0.00242079   
  409     0.00140118   
  410     0.00151638   
  411     0.00157013   
  412     0.00083029   
  413     0.00032985   
  414     0.00082224   
  415     0.00150298   
  416     0.00023062   
  417     0.00162320   
  418     0.00042553   
  419     0.00072923   
  420     0.00085597   
  421     0.00078394   
  422     0.00109538   
  423     0.00148874   
  424     0.00122658   
  425     0.00157182   
  426     0.00349980   
  427     0.00075794   
  428     0.00105080   
  429     0.00009238   
  430     0.00010264   
  431     0.00014386   
  432     0.00016954   
  433     0.00015792   
  434     0.00022446   
  435     0.00034182   
  436     0.00057901   
  437     0.00116512   
  438     0.00140206   
  439     0.00245502   
  440     0.00069703   
  441     0.00062108   
  442     0.00260151   
  443     0.00063607   
  444     0.00211942   
  445     0.00052316   
  446     0.00031177   
  447     0.00023232   
  448     0.00150473   
  449     0.00023207   
  450     0.00062892   
  451     0.00038222   
  452     0.00032065   
  453     0.00136219   
  454     0.00239284   
  455     0.00186276   
  456     0.00072689   
  457     0.00107331   
  458     0.00093176   
  459     0.00430767   
  460     0.00247796   
  461     0.00205462   
  462     0.00426614   
  463     0.00095532   
  464     0.00075231   
  465     0.00302971   
  466     0.00091975   
  467     0.00041958   
  468     0.00126945   
  469     0.00160068   
  470     0.00613477   
  471     0.00321620   
  472     0.00475314   
  473     0.00167255   
  474     0.00370243   
  475     0.00126598   
  476     0.00076738   
  477     0.00055487   
  478     0.00059696   
  479     0.00037291   
  480     0.00032889   
  481     0.00033296   
  482     0.00075685   
  483     0.00127281   
  484     0.00056907   
  485     0.00053316   
  486     0.00113345   
  487     0.00112225   
  488     0.00111962   
  489     0.00224513   
  490     0.00257352   
  491     0.00209932   
  492     0.00114676   
  493     0.00243222   
  494     0.00464163   
  495     0.00414427   
  496     0.00200028   
  497     0.00755807   
  498     0.00135345   
  499     0.00278829   
  500     0.00189456   
  501     0.00188020   
  502     0.00102173   
  503     0.00027310   
  504     0.00139712   
  505     0.00352780   
  506     0.00090573   
  507     0.00382769   
  508     0.00065355   
  509     0.00167296   
  510     0.00099803   
  511     0.00166563   
  512     0.00186913   
  513     0.00158949   
  514     0.00127166   
  515     0.00053582   
  516     0.00257341   
  517     0.00181725   
  518     0.00174405   
  519     0.00239279   
  520     0.00358307   
  521     0.00172834   
  522     0.00273326   
  523     0.00202698   
  524     0.00167396   
  525     0.00451053   
  526     0.00382014   
  527     0.00132251   
  528     0.00069346   
  529     0.00154478   
  530     0.00114166   
  531     0.00152246   
  532     0.00102595   
  533     0.00163650   
  534     0.00103854   
  535     0.00119382   
  536     0.00312285   
  537     0.00040536   
  538     0.00128398   
  539     0.00154159   
  540     0.00036158   
  541     0.00050842   
  542     0.00051017   
  543     0.00092459   
  544     0.00043895   
  545     0.00101228   
  546     0.00031582   
  547     0.00142033   
  548     0.00125023   
  549     0.00598255   
  550     0.00935996   
  551     0.00088420   
  552     0.00173086   
  553     0.00274436   
  554     0.00281283   
  555     0.00306521   
  556     0.00066144   
  557     0.00740110   
  558     0.00050906   
  559     0.00159027   
  560     0.00050113   
  561     0.00130426   
  562     0.00304241   
  563     0.00077182   
  564     0.00079616   
  565     0.00228654   
  566     0.00195211   
  567     0.00056047   
  568     0.00074710   
  569     0.00041025   
  570     0.00043143   
  571     0.00065979   
  572     0.00054501   
  573     0.00050649   
  574     0.00037001   
  575     0.00150713   
  576     0.00059606   
  577     0.00043541   
  578     0.00069015   
  579     0.00204560   
  580     0.00025590   
  581     0.00125260   
  582     0.00024113   
  583     0.00047613   
  584     0.00121820   
  585     0.00130384   
  586     0.00080811   
  587     0.00089275   
  588     0.00109777   
  589     0.00045778   
  590     0.00103509   
  591     0.00051200   
  592     0.00078300   
  593     0.00054077   
  594     0.00173613   
  595     0.00201753   
  596     0.00346243   
  597     0.00162939   
  598     0.00430532   
  599     0.00317555   
  600     0.00316737   
  601     0.00325816   
  602     0.00263925   
  603     0.00061905   
  604     0.00183473   
  605     0.00106278   
