    1     0.00039920   
    2     0.00054700   
    3     0.00382853   
    4     0.00148271   
    5     0.00210259   
    6     0.00062004   
    7     0.00034030   
    8     0.00012550   
    9     0.00084481   
   10     0.00081890   
   11     0.00089471   
   12     0.00229447   
   13     0.00129747   
   14     0.00060515   
   15     0.00092043   
   16     0.00214420   
   17     0.00115226   
   18     0.00661723   
   20     0.00092665   
   21     0.00834198   
   22     0.00347837   
   23     0.00133957   
   24     0.00094321   
   25     0.00050407   
   26     0.00293556   
   27     0.00386367   
   28     0.00907820   
   29     0.00693197   
   30     0.01393598   
   31     0.00896119   
   32     0.00709603   
   33     0.00289880   
   34     0.00301648   
   35     0.00087369   
   36     0.00496204   
   37     0.00122596   
   38     0.00138246   
   39     0.00163638   
   40     0.00119096   
   41     0.00061838   
   42     0.00032920   
   43     0.00048485   
   44     0.00031975   
   45     0.00047371   
   46     0.00042144   
   47     0.00052357   
   48     0.00045822   
   49     0.00092148   
   50     0.00063273   
   51     0.00065892   
   52     0.00642481   
   53     0.00016884   
   54     0.00092827   
   55     0.00267191   
   56     0.00100101   
   57     0.00072483   
   58     0.00178955   
   59     0.00052450   
   60     0.00022249   
   61     0.00040665   
   62     0.00240751   
   63     0.00085077   
   64     0.00112322   
   65     0.00188269   
   66     0.00423714   
   67     0.00226857   
   68     0.00065882   
   69     0.00147443   
   70     0.00229334   
   71     0.00119529   
   72     0.00228292   
   73     0.00125276   
   74     0.00128863   
   75     0.00231645   
   76     0.00077861   
   77     0.00169626   
   78     0.00123208   
   79     0.00021624   
   80     0.00041184   
   81     0.00096669   
   82     0.00091667   
   83     0.00166979   
   84     0.00090987   
   85     0.00247809   
   86     0.00167454   
   87     0.00330103   
   88     0.00160795   
   89     0.00513089   
   90     0.00573948   
   91     0.00093884   
   92     0.00176671   
   93     0.00212072   
   94     0.00197047   
   95     0.00654476   
   96     0.00701316   
   97     0.01396701   
   98     0.00256447   
   99     0.00582093   
  100     0.00377800   
  101     0.00170143   
  102     0.00156784   
  103     0.00324599   
  104     0.00686689   
  105     0.00247876   
  106     0.00057965   
  107     0.00390814   
  108     0.00564575   
  109     0.00254742   
  110     0.00423931   
  111     0.00361112   
  112     0.00229635   
  113     0.00105118   
  114     0.00071353   
  115     0.00367135   
  116     0.00212912   
  117     0.00094721   
  118     0.00195428   
  119     0.00170362   
  120     0.00096402   
  121     0.00253246   
  122     0.00317430   
  123     0.00157775   
  124     0.00139025   
  125     0.00020516   
  126     0.00542718   
  127     0.00175561   
  128     0.00031650   
  129     0.00318199   
  130     0.00134225   
  131     0.00223289   
  132     0.00065775   
  133     0.00039073   
  134     0.00055667   
  135     0.00125259   
  136     0.00116369   
  137     0.00069807   
  138     0.00073432   
  139     0.00025886   
  140     0.00045377   
  141     0.00038763   
  142     0.00029971   
  143     0.00099657   
  144     0.00067893   
  145     0.00077121   
  146     0.00056959   
  147     0.00100774   
  148     0.00051293   
  149     0.00094073   
  150     0.00061898   
  151     0.00083369   
  152     0.00070898   
  153     0.00020631   
  154     0.00037161   
  155     0.00043424   
  156     0.00057675   
  157     0.00040389   
  158     0.00052554   
  159     0.00026332   
  160     0.00067275   
  161     0.00084215   
  162     0.00064839   
  163     0.00098495   
  164     0.00056197   
  165     0.00036123   
  166     0.00005510   
  167     0.00071062   
  168     0.00020951   
  169     0.00120627   
  170     0.00048599   
  171     0.00050444   
  172     0.00077416   
  173     0.00155259   
  174     0.00147464   
  175     0.00132688   
  176     0.00296713   
  177     0.00391519   
  178     0.00217868   
  179     0.00451174   
  180     0.00839926   
  181     0.00347174   
  182     0.00172327   
  183     0.00232909   
  184     0.00194599   
  185     0.00580872   
  186     0.00153996   
  187     0.00216754   
  188     0.00613307   
  189     0.00337149   
  190     0.00096408   
  191     0.00108511   
  192     0.00061858   
  193     0.00169010   
  194     0.00084613   
  195     0.00125406   
  196     0.00012889   
  197     0.00135592   
  198     0.00090280   
  199     0.00024213   
  200     0.00049039   
  201     0.00074578   
  202     0.00086023   
  203     0.00075065   
  204     0.00498281   
  205     0.00161152   
  206     0.00156372   
  207     0.00325998   
  208     0.00055667   
  209     0.00340123   
  210     0.00242795   
  211     0.00400144   
  212     0.00344793   
  213     0.00892873   
  214     0.01093320   
  215     0.00307695   
  216     0.00370838   
  217     0.00167375   
  218     0.00211251   
  219     0.00203581   
  220     0.00101758   
  221     0.00081461   
  222     0.00102688   
  223     0.00076164   
  224     0.00062458   
  225     0.00015013   
  226     0.00031545   
  227     0.00051292   
  228     0.00054323   
  229     0.00042481   
  230     0.00149796   
  231     0.00056068   
  232     0.00102175   
  233     0.00033913   
  234     0.00020043   
  235     0.00032318   
  236     0.00037638   
  237     0.00032795   
  238     0.00018176   
  239     0.00035841   
  240     0.00042563   
  241     0.00231839   
  242     0.00151560   
  243     0.00055793   
  244     0.00502113   
  245     0.00292376   
  246     0.00141349   
  247     0.00034918   
  248     0.00635824   
  249     0.00248794   
  250     0.00357769   
  251     0.00538800   
  252     0.00494705   
  253     0.00367053   
  254     0.00170637   
  255     0.00287943   
  256     0.00492902   
  257     0.00274583   
  258     0.00193670   
  259     0.00217627   
  260     0.00068304   
  261     0.00096495   
  262     0.00045126   
  263     0.00027828   
  264     0.00026805   
  265     0.00022876   
  266     0.00018043   
  267     0.00066396   
  268     0.00065409   
  269     0.00090254   
  270     0.00141273   
  271     0.00259230   
  272     0.00127598   
  273     0.00055024   
  274     0.00456847   
  275     0.00066140   
  276     0.00074107   
  277     0.00032701   
  278     0.00045867   
  279     0.00164939   
  280     0.00089101   
  281     0.00125461   
  282     0.00170422   
  283     0.00186086   
  284     0.00259515   
  285     0.00126951   
  286     0.00435128   
  287     0.00232416   
  288     0.00228813   
  289     0.00339368   
  290     0.00077225   
  291     0.00092066   
  292     0.00068127   
  293     0.00177323   
  294     0.00462976   
  295     0.00114643   
  296     0.00762919   
  297     0.00014166   
  298     0.00435665   
  299     0.00135008   
  300     0.00087927   
  301     0.00088104   
  302     0.00235367   
  303     0.00064299   
  304     0.00059927   
  305     0.00162730   
  306     0.00130418   
  307     0.00073864   
  308     0.00059422   
  309     0.00069687   
  310     0.00293460   
  311     0.00174586   
  312     0.00086477   
  313     0.00236957   
  314     0.00180719   
  315     0.00252428   
  316     0.00197392   
  317     0.00501526   
  318     0.00233240   
  319     0.00212799   
  320     0.00332606   
  321     0.00141790   
  322     0.00127165   
  323     0.00182362   
  324     0.00658373   
  325     0.00070768   
  326     0.00194222   
  327     0.00170699   
  328     0.00180341   
  329     0.00451143   
  330     0.00392982   
  331     0.00110840   
  332     0.00129043   
  333     0.00270694   
  334     0.01081458   
  335     0.00100275   
  336     0.00298781   
  337     0.00104520   
  338     0.00157847   
  339     0.00326824   
  340     0.00104061   
  341     0.00124840   
  342     0.00130243   
  343     0.00292207   
  344     0.00301529   
  345     0.00496705   
  346     0.00303905   
  347     0.00137690   
  348     0.00387625   
  349     0.00207534   
  350     0.00137871   
  351     0.00084406   
  352     0.00332795   
  353     0.00161470   
  354     0.00008034   
  355     0.00014827   
  356     0.00333488   
  357     0.00107736   
  358     0.00049651   
  359     0.00169715   
  360     0.00070330   
  361     0.00077873   
  362     0.00131400   
  363     0.00145222   
  364     0.00105306   
  365     0.00186763   
  366     0.00022537   
  367     0.00292231   
  368     0.00166765   
  369     0.00220964   
  370     0.00131130   
  371     0.00196095   
  372     0.00054563   
  373     0.00096486   
  374     0.00122456   
  375     0.00120126   
  376     0.00171276   
  377     0.00183493   
  378     0.00522507   
  379     0.00220465   
  380     0.01157095   
  381     0.00424253   
  382     0.00179537   
  383     0.00291234   
  384     0.00130489   
  385     0.00207663   
  386     0.01446466   
  387     0.00698655   
  388     0.01147905   
  389     0.01120244   
  390     0.00839063   
  391     0.00457778   
  392     0.00305831   
  393     0.00112179   
  394     0.00060454   
  395     0.00050526   
  396     0.00024541   
  397     0.00022553   
  398     0.00007692   
  399     0.00025129   
  400     0.00025796   
  401     0.00085289   
  402     0.00094628   
  403     0.00040156   
  404     0.00182794   
  405     0.00002091   
  406     0.00062215   
  407     0.00052684   
  408     0.00082102   
  409     0.00031017   
  410     0.00013851   
  411     0.00141999   
  412     0.00087585   
  413     0.00023068   
  414     0.00010105   
  415     0.00186329   
  416     0.00043424   
  417     0.00074724   
  418     0.00099816   
  419     0.00057341   
  420     0.00087117   
  421     0.00067673   
  422     0.00082279   
  423     0.00079783   
  424     0.00196328   
  425     0.00127744   
  426     0.00214688   
  427     0.00105542   
  428     0.00081720   
  429     0.00034418   
  430     0.00011630   
  431     0.00010135   
  432     0.00044445   
  433     0.00144967   
  434     0.00231550   
  435     0.00071145   
  436     0.00197184   
  437     0.00065484   
  438     0.00122414   
  439     0.00161616   
  440     0.00109513   
  441     0.00033377   
  442     0.00023868   
  443     0.00050978   
  444     0.00043545   
  445     0.00017520   
  446     0.00018026   
  447     0.00009450   
  448     0.00060549   
  449     0.00040717   
  450     0.00042309   
  451     0.00073800   
  452     0.00132111   
  453     0.00314630   
  454     0.00157148   
  455     0.00149653   
  456     0.00122681   
  457     0.00183564   
  458     0.00056413   
  459     0.00250056   
  460     0.00144134   
  461     0.00183945   
  462     0.00116956   
  463     0.00065127   
  464     0.00012490   
  465     0.00089968   
  466     0.00016462   
  467     0.00018107   
  468     0.00271026   
  469     0.00090206   
  470     0.00639054   
  471     0.00589603   
  472     0.00398514   
  473     0.00345968   
  474     0.00345344   
  475     0.00276863   
  476     0.00238776   
  477     0.00093700   
  478     0.00042610   
  479     0.00014507   
  480     0.00030288   
  481     0.00097130   
  482     0.00055757   
  483     0.00075162   
  484     0.00070093   
  485     0.00049999   
  486     0.00182304   
  487     0.00243187   
  488     0.00279579   
  489     0.00243459   
  490     0.00881139   
  491     0.00345885   
  492     0.00247957   
  493     0.00166416   
  494     0.00215467   
  495     0.00423897   
  496     0.00296861   
  497     0.00367221   
  498     0.00041228   
  499     0.00115826   
  500     0.00036042   
  501     0.00031586   
  502     0.00009120   
  503     0.00111777   
  504     0.00096137   
  505     0.00215396   
  506     0.00152119   
  507     0.00109565   
  508     0.00071333   
  509     0.00018540   
  510     0.00018972   
  511     0.00006646   
  512     0.00039310   
  513     0.00025798   
  514     0.00008607   
  515     0.00007467   
  516     0.00015978   
  517     0.00035569   
  518     0.00007889   
  519     0.00022666   
  520     0.00038849   
  521     0.00029663   
  522     0.00017531   
  523     0.00134300   
  524     0.00033923   
  525     0.00022918   
  526     0.00051372   
  527     0.00032806   
  528     0.00030305   
  529     0.00021441   
  530     0.00025226   
  531     0.00062286   
  532     0.00025693   
  533     0.00022561   
  534     0.00036507   
  535     0.00016701   
  536     0.00035977   
  537     0.00019981   
  538     0.00006274   
  539     0.00010174   
  540     0.00019153   
  541     0.00007176   
  542     0.00013935   
  543     0.00006921   
  544     0.00008397   
  545     0.00018757   
  546     0.00006611   
  547     0.00009520   
  548     0.00009974   
  549     0.00010664   
  550     0.00033907   
  551     0.00006705   
  552     0.00006945   
  553     0.00002878   
  554     0.00012102   
  555     0.00004408   
  556     0.00003256   
  557     0.00016498   
  558     0.00001586   
  559     0.00003080   
  560     0.00001795   
  561     0.00015785   
  562     0.00004787   
  563     0.00001622   
  564     0.00004646   
  565     0.00009345   
  566     0.00012304   
  567     0.00002724   
  568     0.00003985   
  569     0.00005342   
  570     0.00001181   
  571     0.00002458   
  572     0.00001636   
  573     0.00003278   
  574     0.00002137   
  575     0.00005233   
  576     0.00021245   
  577     0.00002056   
  578     0.00001042   
  579     0.00023611   
  580     0.00000977   
  581     0.00030847   
  582     0.00004776   
  583     0.00002362   
  584     0.00007057   
  585     0.00009963   
  586     0.00002808   
  587     0.00001470   
  588     0.00001297   
  589     0.00001229   
  590     0.00001943   
  591     0.00002600   
  592     0.00007749   
  593     0.00001718   
  594     0.00011258   
  595     0.00004339   
  596     0.00003655   
  597     0.00004982   
  598     0.00010173   
  599     0.00024056   
  600     0.00006941   
  601     0.00001671   
  602     0.00004788   
  603     0.00000882   
  604     0.00004126   
  605     0.00000725   
