    1     0.00029903   
    2     0.00023584   
    3     0.00081413   
    4     0.00058969   
    5     0.00100702   
    6     0.00050391   
    7     0.00142362   
    8     0.00179156   
    9     0.00460172   
   10     0.00199796   
   11     0.00287502   
   12     0.00365633   
   13     0.00137126   
   14     0.00129448   
   15     0.00260958   
   16     0.00188836   
   17     0.00083453   
   18     0.00210865   
   20     0.00127675   
   21     0.00085313   
   22     0.00046608   
   23     0.00022751   
   24     0.00288636   
   25     0.00266556   
   26     0.00296400   
   27     0.00027800   
   28     0.00049126   
   29     0.00160487   
   30     0.00061002   
   31     0.00060118   
   32     0.00039696   
   33     0.00069753   
   34     0.00226765   
   35     0.00245419   
   36     0.00258393   
   37     0.00161270   
   38     0.00430757   
   39     0.00317121   
   40     0.00129258   
   41     0.00021617   
   42     0.00140624   
   43     0.00040537   
   44     0.00045094   
   45     0.00739518   
   46     0.00201355   
   47     0.00089346   
   48     0.00060131   
   49     0.00027291   
   50     0.00050218   
   51     0.00045450   
   52     0.00042933   
   53     0.00026590   
   54     0.00028173   
   55     0.00034879   
   56     0.00018270   
   57     0.00045594   
   58     0.00053978   
   59     0.00103393   
   60     0.00010842   
   61     0.00027547   
   62     0.00079986   
   63     0.00056232   
   64     0.00088705   
   65     0.00060038   
   66     0.00483682   
   67     0.00630668   
   68     0.00273493   
   69     0.00189085   
   70     0.00604535   
   71     0.00520524   
   72     0.00622429   
   73     0.00268870   
   74     0.00226739   
   75     0.00102103   
   76     0.00069239   
   77     0.00051355   
   78     0.00055023   
   79     0.00031932   
   80     0.00083990   
   81     0.00914257   
   82     0.00302902   
   83     0.00201183   
   84     0.00216747   
   85     0.00670493   
   86     0.00145786   
   87     0.00460044   
   88     0.00263465   
   89     0.01051432   
   90     0.00132841   
   91     0.00104448   
   92     0.00167384   
   93     0.00191254   
   94     0.00209696   
   95     0.00182833   
   96     0.00168478   
   97     0.00095516   
   98     0.00185869   
   99     0.00043326   
  100     0.00191052   
  101     0.00086559   
  102     0.00119207   
  103     0.00180228   
  104     0.00156689   
  105     0.00164409   
  106     0.00111646   
  107     0.00024904   
  108     0.00039141   
  109     0.00043118   
  110     0.00077371   
  111     0.00112835   
  112     0.00254082   
  113     0.00243428   
  114     0.00175632   
  115     0.00183591   
  116     0.00102958   
  117     0.00061972   
  118     0.00057046   
  119     0.00070733   
  120     0.00118520   
  121     0.00091707   
  122     0.00078781   
  123     0.00111091   
  124     0.00140921   
  125     0.00027973   
  126     0.00058493   
  127     0.00070648   
  128     0.00021313   
  129     0.00020648   
  130     0.00007260   
  131     0.00014944   
  132     0.00005618   
  133     0.00010677   
  134     0.00032957   
  135     0.00101751   
  136     0.00160090   
  137     0.00152283   
  138     0.00165376   
  139     0.00055650   
  140     0.00360766   
  141     0.00224131   
  142     0.00657506   
  143     0.00153372   
  144     0.00426004   
  145     0.00155223   
  146     0.00399285   
  147     0.00630905   
  148     0.00304594   
  149     0.00133970   
  150     0.00374924   
  151     0.00808045   
  152     0.00201741   
  153     0.00243508   
  154     0.00628380   
  155     0.00498547   
  156     0.00304601   
  157     0.00181027   
  158     0.00256892   
  159     0.00189940   
  160     0.00340887   
  161     0.00110494   
  162     0.00335223   
  163     0.00231568   
  164     0.00255258   
  165     0.00327615   
  166     0.00052245   
  167     0.00287009   
  168     0.00606542   
  169     0.00267635   
  170     0.00217078   
  171     0.00133182   
  172     0.00194335   
  173     0.00340394   
  174     0.00094395   
  175     0.00100309   
  176     0.00440009   
  177     0.00245778   
  178     0.00290692   
  179     0.00128343   
  180     0.00425170   
  181     0.00300295   
  182     0.00103495   
  183     0.00091184   
  184     0.00173825   
  185     0.00265173   
  186     0.00073848   
  187     0.00077062   
  188     0.00264437   
  189     0.00103924   
  190     0.00095934   
  191     0.00051682   
  192     0.00038836   
  193     0.00129132   
  194     0.00076883   
  195     0.00146432   
  196     0.00168546   
  197     0.00208767   
  198     0.00302752   
  199     0.00363012   
  200     0.00140755   
  201     0.00071357   
  202     0.00031385   
  203     0.00038384   
  204     0.00137952   
  205     0.00111254   
  206     0.00126381   
  207     0.00545596   
  208     0.00097325   
  209     0.00186536   
  210     0.00091267   
  211     0.00098374   
  212     0.00105695   
  213     0.00097985   
  214     0.00242351   
  215     0.00132720   
  216     0.00383243   
  217     0.00246059   
  218     0.00191549   
  219     0.00166920   
  220     0.00096390   
  221     0.00190688   
  222     0.00206742   
  223     0.00180067   
  224     0.00136951   
  225     0.00155260   
  226     0.00892097   
  227     0.00139286   
  228     0.00071394   
  229     0.00045223   
  230     0.00067645   
  231     0.00106126   
  232     0.00032388   
  233     0.00027974   
  234     0.00072509   
  235     0.00037733   
  236     0.00022721   
  237     0.00021723   
  238     0.00023951   
  239     0.00047643   
  240     0.00032140   
  241     0.00093260   
  242     0.00036296   
  243     0.00060374   
  244     0.00266399   
  245     0.00040178   
  246     0.00048572   
  247     0.00008197   
  248     0.00224206   
  249     0.00071025   
  250     0.00106243   
  251     0.00164033   
  252     0.00397027   
  253     0.00206481   
  254     0.00039432   
  255     0.00065140   
  256     0.00099664   
  257     0.00088574   
  258     0.00022862   
  259     0.00100636   
  260     0.00059789   
  261     0.00071501   
  262     0.00025871   
  263     0.00068046   
  264     0.00053962   
  265     0.00068739   
  266     0.00015879   
  267     0.00028725   
  268     0.00026621   
  269     0.00038595   
  270     0.00033043   
  271     0.00074718   
  272     0.00011207   
  273     0.00029048   
  274     0.00168696   
  275     0.00021462   
  276     0.00005898   
  277     0.00012052   
  278     0.00015204   
  279     0.00024289   
  280     0.00067426   
  281     0.00078201   
  282     0.00147416   
  283     0.00108244   
  284     0.00271050   
  285     0.00105607   
  286     0.00220716   
  287     0.00195755   
  288     0.00128910   
  289     0.00230026   
  290     0.00117763   
  291     0.00453357   
  292     0.00211370   
  293     0.00312460   
  294     0.00631207   
  295     0.00294804   
  296     0.00619867   
  297     0.00081004   
  298     0.00014440   
  299     0.00005607   
  300     0.00014677   
  301     0.00008724   
  302     0.00041451   
  303     0.00006553   
  304     0.00008582   
  305     0.00037651   
  306     0.00090253   
  307     0.00037000   
  308     0.00008095   
  309     0.00045181   
  310     0.00088015   
  311     0.00024865   
  312     0.00072021   
  313     0.00259538   
  314     0.00094357   
  315     0.00084053   
  316     0.00148573   
  317     0.00290400   
  318     0.00043949   
  319     0.00130351   
  320     0.00139495   
  321     0.00042292   
  322     0.00075465   
  323     0.00135494   
  324     0.00240437   
  325     0.00027427   
  326     0.00141010   
  327     0.00069671   
  328     0.00012707   
  329     0.00100092   
  330     0.00114805   
  331     0.00100144   
  332     0.00056383   
  333     0.00074948   
  334     0.00342794   
  335     0.00069213   
  336     0.00037646   
  337     0.00059354   
  338     0.00037874   
  339     0.00058220   
  340     0.00042595   
  341     0.00062432   
  342     0.00043954   
  343     0.00197084   
  344     0.00111334   
  345     0.00199827   
  346     0.00091182   
  347     0.00033351   
  348     0.00114844   
  349     0.00105288   
  350     0.00040532   
  351     0.00020531   
  352     0.00260628   
  353     0.00079824   
  354     0.00018216   
  355     0.00045404   
  356     0.00271939   
  357     0.00131164   
  358     0.00047166   
  359     0.00050145   
  360     0.00020173   
  361     0.00011592   
  362     0.00013714   
  363     0.00026060   
  364     0.00005601   
  365     0.00111447   
  366     0.00022973   
  367     0.00051855   
  368     0.00153347   
  369     0.00253355   
  370     0.00192614   
  371     0.00187305   
  372     0.00159473   
  373     0.00206328   
  374     0.00129636   
  375     0.00179425   
  376     0.00056030   
  377     0.00228595   
  378     0.00083089   
  379     0.00024155   
  380     0.00074109   
  381     0.00049095   
  382     0.00045000   
  383     0.00025614   
  384     0.00029243   
  385     0.00048756   
  386     0.00098941   
  387     0.00045627   
  388     0.00042518   
  389     0.00086753   
  390     0.00045285   
  391     0.00080190   
  392     0.00193658   
  393     0.00292260   
  394     0.00226135   
  395     0.00593497   
  396     0.00302545   
  397     0.00569476   
  398     0.00129568   
  399     0.00172255   
  400     0.00039734   
  401     0.00080678   
  402     0.00059033   
  403     0.00061475   
  404     0.00014201   
  405     0.00072916   
  406     0.00092211   
  407     0.00045214   
  408     0.00028875   
  409     0.00080870   
  410     0.00058391   
  411     0.00466185   
  412     0.00307312   
  413     0.00079133   
  414     0.00245355   
  415     0.00482732   
  416     0.00124595   
  417     0.00117709   
  418     0.00098572   
  419     0.00108900   
  420     0.00078255   
  421     0.00061517   
  422     0.00040759   
  423     0.00067703   
  424     0.00075155   
  425     0.00067726   
  426     0.00065665   
  427     0.00060580   
  428     0.00046020   
  429     0.00014081   
  430     0.00000774   
  431     0.00002437   
  432     0.00013237   
  433     0.00033991   
  434     0.00055047   
  435     0.00147103   
  436     0.00395444   
  437     0.00186956   
  438     0.00298110   
  439     0.00047033   
  440     0.00078131   
  441     0.00076358   
  442     0.00407772   
  443     0.00205765   
  444     0.00090088   
  445     0.00023537   
  446     0.00001692   
  447     0.00015145   
  448     0.00109183   
  449     0.00047048   
  450     0.00025607   
  451     0.00030005   
  452     0.00183298   
  453     0.00157707   
  454     0.00207510   
  455     0.00090142   
  456     0.00040205   
  457     0.00072599   
  458     0.00200114   
  459     0.00393556   
  460     0.00064465   
  461     0.00009919   
  462     0.00032229   
  463     0.00005896   
  464     0.00006132   
  465     0.00008749   
  466     0.00003447   
  467     0.00002978   
  468     0.00006053   
  469     0.00006422   
  470     0.00047065   
  471     0.00040792   
  472     0.00237058   
  473     0.00038762   
  474     0.00056328   
  475     0.00082254   
  476     0.01088945   
  477     0.00154629   
  478     0.00131833   
  479     0.00060736   
  480     0.00244001   
  481     0.00313026   
  482     0.00426506   
  483     0.00256843   
  484     0.00178332   
  485     0.00186748   
  486     0.00179215   
  487     0.00250422   
  488     0.00166280   
  489     0.00031624   
  490     0.00018129   
  491     0.00018861   
  492     0.00009179   
  493     0.00000812   
  494     0.00002805   
  495     0.00002775   
  496     0.00003465   
  497     0.00088601   
  498     0.00062739   
  499     0.00163582   
  500     0.00068547   
  501     0.00091401   
  502     0.00065204   
  503     0.00114527   
  504     0.00076789   
  505     0.00199815   
  506     0.00041685   
  507     0.00310207   
  508     0.00272802   
  509     0.00299264   
  510     0.00225225   
  511     0.00306029   
  512     0.00624034   
  513     0.00441958   
  514     0.00176049   
  515     0.00264500   
  516     0.00394007   
  517     0.00306339   
  518     0.00116074   
  519     0.00112544   
  520     0.00208042   
  521     0.00090266   
  522     0.00155096   
  523     0.00069705   
  524     0.00042054   
  525     0.00054746   
  526     0.00063131   
  527     0.00055595   
  528     0.00051067   
  529     0.00476048   
  530     0.00085321   
  531     0.00086633   
  532     0.00548512   
  533     0.00078875   
  534     0.00080495   
  535     0.00161668   
  536     0.00442770   
  537     0.00165474   
  538     0.00098148   
  539     0.00280366   
  540     0.00623213   
  541     0.00298322   
  542     0.00131338   
  543     0.00382018   
  544     0.00510368   
  545     0.00491551   
  546     0.00613998   
  547     0.00125004   
  548     0.00479969   
  549     0.00569971   
  550     0.00828765   
  551     0.00032162   
  552     0.00142013   
  553     0.00337173   
  554     0.00087608   
  555     0.00081641   
  556     0.00059826   
  557     0.00698812   
  558     0.00083011   
  559     0.00428174   
  560     0.00189864   
  561     0.01317207   
  562     0.00423382   
  563     0.00109267   
  564     0.00336538   
  565     0.00520158   
  566     0.00296737   
  567     0.00106511   
  568     0.00287377   
  569     0.00201216   
  570     0.00107080   
  571     0.00071913   
  572     0.00148051   
  573     0.00289625   
  574     0.00052515   
  575     0.00146059   
  576     0.00508887   
  577     0.00064366   
  578     0.00083407   
  579     0.00753661   
  580     0.00031275   
  581     0.00050837   
  582     0.00047012   
  583     0.00107665   
  584     0.00054366   
  585     0.00058401   
  586     0.00136972   
  587     0.00078794   
  588     0.00040120   
  589     0.00155139   
  590     0.00122916   
  591     0.00246084   
  592     0.00184420   
  593     0.00154059   
  594     0.00648551   
  595     0.00324912   
  596     0.00188909   
  597     0.00330638   
  598     0.01378851   
  599     0.00498465   
  600     0.00315472   
  601     0.00366337   
  602     0.00282947   
  603     0.00090539   
  604     0.00102788   
  605     0.00077824   
