    1     0.00202290   
    2     0.00174136   
    3     0.00708068   
    4     0.00158849   
    5     0.00202768   
    6     0.00029652   
    7     0.00033594   
    8     0.00050485   
    9     0.00133203   
   10     0.00078448   
   11     0.00122806   
   12     0.00472435   
   13     0.00361786   
   14     0.00191557   
   15     0.00132474   
   16     0.00160386   
   17     0.00128764   
   18     0.00254354   
   20     0.00064701   
   21     0.00095347   
   22     0.00181048   
   23     0.00077130   
   24     0.00089587   
   25     0.00145653   
   26     0.00250602   
   27     0.00056792   
   28     0.00138041   
   29     0.00759432   
   30     0.00132653   
   31     0.00250525   
   32     0.00198025   
   33     0.00127238   
   34     0.00300386   
   35     0.00447221   
   36     0.00510191   
   37     0.00100265   
   38     0.00109952   
   39     0.00114164   
   40     0.00056697   
   41     0.00036079   
   42     0.00113618   
   43     0.00054318   
   44     0.00050855   
   45     0.00068788   
   46     0.00052306   
   47     0.00030209   
   48     0.00171016   
   49     0.00049376   
   50     0.00189707   
   51     0.00154747   
   52     0.00194805   
   53     0.00014018   
   54     0.00068554   
   55     0.00117625   
   56     0.00036828   
   57     0.00033591   
   58     0.00101785   
   59     0.00063921   
   60     0.00021676   
   61     0.00091277   
   62     0.00090274   
   63     0.00080352   
   64     0.00070103   
   65     0.00098209   
   66     0.00317864   
   67     0.00128279   
   68     0.00114282   
   69     0.00153957   
   70     0.00240943   
   71     0.00260933   
   72     0.00155993   
   73     0.00089121   
   74     0.00322816   
   75     0.00170799   
   76     0.00096063   
   77     0.00081943   
   78     0.00042601   
   79     0.00015905   
   80     0.00012113   
   81     0.00055970   
   82     0.00034149   
   83     0.00045084   
   84     0.00011026   
   85     0.00058617   
   86     0.00027013   
   87     0.00056779   
   88     0.00039409   
   89     0.00139017   
   90     0.00094302   
   91     0.00073986   
   92     0.00039377   
   93     0.00071073   
   94     0.00037847   
   95     0.00081197   
   96     0.00062336   
   97     0.00086010   
   98     0.00300731   
   99     0.00080673   
  100     0.00173730   
  101     0.00102138   
  102     0.00041786   
  103     0.00181465   
  104     0.00204255   
  105     0.00049073   
  106     0.00125708   
  107     0.00202937   
  108     0.00437343   
  109     0.00145568   
  110     0.00619951   
  111     0.00204216   
  112     0.00167259   
  113     0.00480556   
  114     0.00424585   
  115     0.00227407   
  116     0.00169603   
  117     0.00026878   
  118     0.00084903   
  119     0.00165582   
  120     0.00060240   
  121     0.00075784   
  122     0.00607110   
  123     0.00283577   
  124     0.00412695   
  125     0.00345518   
  126     0.00132365   
  127     0.00206088   
  128     0.00192267   
  129     0.00222088   
  130     0.00040498   
  131     0.00195110   
  132     0.00093100   
  133     0.00122778   
  134     0.00370506   
  135     0.00443670   
  136     0.00191086   
  137     0.00415845   
  138     0.00178872   
  139     0.00091738   
  140     0.00047554   
  141     0.00071283   
  142     0.00177595   
  143     0.00099224   
  144     0.00375467   
  145     0.00516746   
  146     0.00586485   
  147     0.00598706   
  148     0.00389857   
  149     0.00548550   
  150     0.00250591   
  151     0.00311987   
  152     0.00336739   
  153     0.00061113   
  154     0.00217612   
  155     0.00222234   
  156     0.00082026   
  157     0.00067257   
  158     0.00102839   
  159     0.00026714   
  160     0.00027265   
  161     0.00025329   
  162     0.00229190   
  163     0.00123613   
  164     0.00137449   
  165     0.00195119   
  166     0.00158786   
  167     0.00333960   
  168     0.00161943   
  169     0.00174045   
  170     0.00141584   
  171     0.00104157   
  172     0.00131558   
  173     0.00333122   
  174     0.00053507   
  175     0.00175740   
  176     0.00240406   
  177     0.00364694   
  178     0.00379296   
  179     0.00428431   
  180     0.00630427   
  181     0.00592585   
  182     0.00247527   
  183     0.00142947   
  184     0.00075439   
  185     0.00447145   
  186     0.00090210   
  187     0.00165518   
  188     0.00199715   
  189     0.00142534   
  190     0.00065817   
  191     0.00088240   
  192     0.00062497   
  193     0.00073851   
  194     0.00059156   
  195     0.00049217   
  196     0.00032060   
  197     0.00279758   
  198     0.00112040   
  199     0.00148529   
  200     0.00054156   
  201     0.00040052   
  202     0.00030701   
  203     0.00061269   
  204     0.00455646   
  205     0.00189141   
  206     0.00200521   
  207     0.00214204   
  208     0.00162139   
  209     0.00245300   
  210     0.00187564   
  211     0.00187577   
  212     0.00132452   
  213     0.00591536   
  214     0.00750432   
  215     0.00279619   
  216     0.00484770   
  217     0.00193456   
  218     0.00137296   
  219     0.00150417   
  220     0.00204830   
  221     0.00179675   
  222     0.00198416   
  223     0.00086687   
  224     0.00085679   
  225     0.00071881   
  226     0.00059046   
  227     0.00121741   
  228     0.00049280   
  229     0.00169541   
  230     0.00400157   
  231     0.00191534   
  232     0.00247546   
  233     0.00200436   
  234     0.00071102   
  235     0.00143554   
  236     0.00357474   
  237     0.00071771   
  238     0.00133719   
  239     0.00409506   
  240     0.00172219   
  241     0.00402881   
  242     0.00169324   
  243     0.00072972   
  244     0.00362598   
  245     0.00194117   
  246     0.00050009   
  247     0.00015851   
  248     0.00056361   
  249     0.00065307   
  250     0.00120492   
  251     0.00123087   
  252     0.00185090   
  253     0.00029043   
  254     0.00031945   
  255     0.00147399   
  256     0.00064626   
  257     0.00101484   
  258     0.00185018   
  259     0.00175058   
  260     0.00036452   
  261     0.00067962   
  262     0.00118182   
  263     0.00056626   
  264     0.00074832   
  265     0.00241697   
  266     0.00297671   
  267     0.00470211   
  268     0.00098222   
  269     0.00177497   
  270     0.00242384   
  271     0.00307880   
  272     0.00091684   
  273     0.00027178   
  274     0.00518478   
  275     0.00121801   
  276     0.00046299   
  277     0.00033070   
  278     0.00040099   
  279     0.00088049   
  280     0.00080754   
  281     0.00385019   
  282     0.00101720   
  283     0.00199490   
  284     0.00101994   
  285     0.00034093   
  286     0.00184258   
  287     0.00230538   
  288     0.00163220   
  289     0.00117670   
  290     0.00050982   
  291     0.00121795   
  292     0.00122976   
  293     0.00164838   
  294     0.00276795   
  295     0.00096760   
  296     0.00414800   
  297     0.00055845   
  298     0.00392501   
  299     0.00140773   
  300     0.00113989   
  301     0.00029189   
  302     0.00283927   
  303     0.00091295   
  304     0.00027597   
  305     0.00283766   
  306     0.00045265   
  307     0.00043462   
  308     0.00331879   
  309     0.00074961   
  310     0.00092782   
  311     0.00048341   
  312     0.00164833   
  313     0.00024235   
  314     0.00048692   
  315     0.00067621   
  316     0.00050404   
  317     0.00037758   
  318     0.00044232   
  319     0.00093746   
  320     0.00133584   
  321     0.00020815   
  322     0.00058082   
  323     0.00084215   
  324     0.00182500   
  325     0.00019103   
  326     0.00303701   
  327     0.00453690   
  328     0.00040699   
  329     0.00209949   
  330     0.00143651   
  331     0.00102596   
  332     0.00079035   
  333     0.00083239   
  334     0.00542952   
  335     0.00074894   
  336     0.00161920   
  337     0.00111536   
  338     0.00268324   
  339     0.00333140   
  340     0.00331468   
  341     0.00157943   
  342     0.00061606   
  343     0.00243290   
  344     0.00048658   
  345     0.00244369   
  346     0.00267964   
  347     0.00289591   
  348     0.00128829   
  349     0.00039579   
  350     0.00142592   
  351     0.00145414   
  352     0.00068265   
  353     0.00040980   
  354     0.00038696   
  355     0.00058843   
  356     0.00137712   
  357     0.00063180   
  358     0.00042031   
  359     0.00024631   
  360     0.00080512   
  361     0.00080507   
  362     0.00126744   
  363     0.00280398   
  364     0.00016623   
  365     0.00402264   
  366     0.00240779   
  367     0.00334430   
  368     0.00547429   
  369     0.00941276   
  370     0.00178719   
  371     0.00116638   
  372     0.00148092   
  373     0.00208466   
  374     0.00093688   
  375     0.00071501   
  376     0.00060401   
  377     0.00494234   
  378     0.00123869   
  379     0.00211370   
  380     0.00254012   
  381     0.00743181   
  382     0.00374969   
  383     0.00520411   
  384     0.00384084   
  385     0.00168873   
  386     0.00377141   
  387     0.00390142   
  388     0.00292854   
  389     0.00895017   
  390     0.00454949   
  391     0.00214908   
  392     0.00282649   
  393     0.00320337   
  394     0.00093351   
  395     0.00392586   
  396     0.00371943   
  397     0.00750367   
  398     0.00246384   
  399     0.00367395   
  400     0.00142501   
  401     0.00235499   
  402     0.00630114   
  403     0.00376869   
  404     0.00695355   
  405     0.00654229   
  406     0.00932118   
  407     0.00840449   
  408     0.00748417   
  409     0.00646813   
  410     0.00633805   
  411     0.00423163   
  412     0.00214195   
  413     0.00195800   
  414     0.00224163   
  415     0.00728837   
  416     0.00020479   
  417     0.00060863   
  418     0.00153779   
  419     0.00057517   
  420     0.00029188   
  421     0.00054823   
  422     0.00064338   
  423     0.00081944   
  424     0.00171192   
  425     0.00076948   
  426     0.00177469   
  427     0.00024181   
  428     0.00037692   
  429     0.00070378   
  430     0.00005241   
  431     0.00004628   
  432     0.00005294   
  433     0.00049108   
  434     0.00021308   
  435     0.00016606   
  436     0.00210806   
  437     0.00066836   
  438     0.00164203   
  439     0.00421010   
  440     0.00275412   
  441     0.00162209   
  442     0.00538907   
  443     0.00241106   
  444     0.00529028   
  445     0.00074878   
  446     0.00189725   
  447     0.00038586   
  448     0.00461384   
  449     0.00276731   
  450     0.00083638   
  451     0.00095440   
  452     0.00134827   
  453     0.00184274   
  454     0.00241463   
  455     0.00176186   
  456     0.00161158   
  457     0.00155633   
  458     0.00103998   
  459     0.00139920   
  460     0.00050463   
  461     0.00041305   
  462     0.00116268   
  463     0.00029675   
  464     0.00010097   
  465     0.00025006   
  466     0.00003834   
  467     0.00006783   
  468     0.00059399   
  469     0.00011329   
  470     0.00288504   
  471     0.00180908   
  472     0.00084104   
  473     0.00117642   
  474     0.00207825   
  475     0.00074618   
  476     0.00486109   
  477     0.00157673   
  478     0.00124464   
  479     0.00043909   
  480     0.00105767   
  481     0.00275832   
  482     0.00466463   
  483     0.00456084   
  484     0.00104397   
  485     0.00203853   
  486     0.00136830   
  487     0.00215114   
  488     0.00085199   
  489     0.00109321   
  490     0.00430850   
  491     0.00079248   
  492     0.00109792   
  493     0.00033090   
  494     0.00071611   
  495     0.00138926   
  496     0.00078970   
  497     0.00130035   
  498     0.00016662   
  499     0.00065914   
  500     0.00050376   
  501     0.00015981   
  502     0.00041677   
  503     0.00170266   
  504     0.00149501   
  505     0.00348152   
  506     0.00302890   
  507     0.00406076   
  508     0.00053861   
  509     0.00020922   
  510     0.00047805   
  511     0.00117670   
  512     0.00031105   
  513     0.00051202   
  514     0.00035472   
  515     0.00073635   
  516     0.00095315   
  517     0.00053630   
  518     0.00079118   
  519     0.00110419   
  520     0.00108507   
  521     0.00048706   
  522     0.00118622   
  523     0.00044201   
  524     0.00044307   
  525     0.00073195   
  526     0.00015186   
  527     0.00031782   
  528     0.00036478   
  529     0.00048981   
  530     0.00051935   
  531     0.00037951   
  532     0.00013081   
  533     0.00022576   
  534     0.00032069   
  535     0.00008457   
  536     0.00011626   
  537     0.00007607   
  538     0.00013809   
  539     0.00023791   
  540     0.00002391   
  541     0.00003747   
  542     0.00037172   
  543     0.00004678   
  544     0.00001835   
  545     0.00018832   
  546     0.00073859   
  547     0.00007328   
  548     0.00026980   
  549     0.00028371   
  550     0.00056432   
  551     0.00094155   
  552     0.00012229   
  553     0.00251370   
  554     0.00228434   
  555     0.00127435   
  556     0.00088614   
  557     0.00249576   
  558     0.00009082   
  559     0.00070421   
  560     0.00007052   
  561     0.00059401   
  562     0.00019373   
  563     0.00011107   
  564     0.00013629   
  565     0.00006179   
  566     0.00006416   
  567     0.00003410   
  568     0.00004466   
  569     0.00001390   
  570     0.00003019   
  571     0.00007618   
  572     0.00004712   
  573     0.00001278   
  574     0.00006551   
  575     0.00017609   
  576     0.00002836   
  577     0.00002370   
  578     0.00009400   
  579     0.00054724   
  580     0.00005042   
  581     0.00011054   
  582     0.00004543   
  583     0.00019207   
  584     0.00005879   
  585     0.00015805   
  586     0.00013173   
  587     0.00020694   
  588     0.00032673   
  589     0.00020565   
  590     0.00018320   
  591     0.00016680   
  592     0.00169104   
  593     0.00013093   
  594     0.00059686   
  595     0.00089092   
  596     0.00089076   
  597     0.00067604   
  598     0.00411373   
  599     0.00320311   
  600     0.00124973   
  601     0.00125007   
  602     0.00216988   
  603     0.00079462   
  604     0.00035451   
  605     0.00060292   
