    1     0.00001056   
    2     0.00002282   
    3     0.00021520   
    4     0.00041879   
    5     0.00017544   
    6     0.00028108   
    7     0.00010154   
    8     0.00015467   
    9     0.00012660   
   10     0.00012812   
   11     0.00025434   
   12     0.00036051   
   13     0.00063379   
   14     0.00022434   
   15     0.00050915   
   16     0.00029455   
   17     0.00029837   
   18     0.00063026   
   20     0.00065213   
   21     0.00023250   
   22     0.00067307   
   23     0.00036641   
   24     0.00072294   
   25     0.00053828   
   26     0.00050261   
   27     0.00014110   
   28     0.00004708   
   29     0.00034051   
   30     0.00006165   
   31     0.00015221   
   32     0.00003119   
   33     0.00005338   
   34     0.00020493   
   35     0.00048398   
   36     0.00057566   
   37     0.00054188   
   38     0.00011687   
   39     0.00051356   
   40     0.00116811   
   41     0.00074031   
   42     0.00104249   
   43     0.00041095   
   44     0.00062113   
   45     0.00062641   
   46     0.00125344   
   47     0.00062485   
   48     0.00064942   
   49     0.00121219   
   50     0.00054203   
   51     0.00016985   
   52     0.00038113   
   53     0.00005673   
   54     0.00019850   
   55     0.00057792   
   56     0.00012072   
   57     0.00015980   
   58     0.00054489   
   59     0.00209316   
   60     0.00026214   
   61     0.00142008   
   62     0.00382445   
   63     0.00113230   
   64     0.00200194   
   65     0.00071901   
   66     0.00228175   
   67     0.00095258   
   68     0.00101155   
   69     0.00040910   
   70     0.00032860   
   71     0.00126450   
   72     0.00100508   
   73     0.00037400   
   74     0.00042041   
   75     0.00052701   
   76     0.00033820   
   77     0.00057347   
   78     0.00012438   
   79     0.00008981   
   80     0.00001934   
   81     0.00164667   
   82     0.00026331   
   83     0.00028358   
   84     0.00006094   
   85     0.00026504   
   86     0.00254520   
   87     0.00050062   
   88     0.00005440   
   89     0.00101231   
   90     0.02188817   
   91     0.00454592   
   92     0.00582153   
   93     0.00127823   
   94     0.00093968   
   95     0.00067109   
   96     0.00083124   
   97     0.00015603   
   98     0.00136984   
   99     0.00014067   
  100     0.00064167   
  101     0.00031871   
  102     0.00033266   
  103     0.00165537   
  104     0.00076000   
  105     0.00123993   
  106     0.00011118   
  107     0.00006284   
  108     0.00019288   
  109     0.00020020   
  110     0.00100288   
  111     0.00087386   
  112     0.00036382   
  113     0.00079659   
  114     0.00052490   
  115     0.00152547   
  116     0.00022624   
  117     0.00012538   
  118     0.00097030   
  119     0.00053040   
  120     0.00008889   
  121     0.00027267   
  122     0.00056287   
  123     0.00011776   
  124     0.00035565   
  125     0.00007343   
  126     0.00012421   
  127     0.00014382   
  128     0.00003905   
  129     0.00003550   
  130     0.00002680   
  131     0.00003017   
  132     0.00001449   
  133     0.00002698   
  134     0.00010604   
  135     0.00021883   
  136     0.00029430   
  137     0.00026284   
  138     0.00044936   
  139     0.00046820   
  140     0.00028698   
  141     0.00023383   
  142     0.00030372   
  143     0.00031066   
  144     0.00072428   
  145     0.00129508   
  146     0.00053189   
  147     0.00128496   
  148     0.00116883   
  149     0.00064721   
  150     0.00022302   
  151     0.00094903   
  152     0.00128237   
  153     0.00041531   
  154     0.00037509   
  155     0.00088867   
  156     0.00025233   
  157     0.00017762   
  158     0.00035139   
  159     0.00050333   
  160     0.00069998   
  161     0.00034313   
  162     0.00070650   
  163     0.00035447   
  164     0.00053053   
  165     0.00057019   
  166     0.00039284   
  167     0.00079747   
  168     0.00066708   
  169     0.00033124   
  170     0.00066456   
  171     0.00038521   
  172     0.00111713   
  173     0.00055875   
  174     0.00025091   
  175     0.00354684   
  176     0.00232893   
  177     0.00124031   
  178     0.00150263   
  179     0.00699616   
  180     0.00890068   
  181     0.00395403   
  182     0.00125112   
  183     0.00100210   
  184     0.00456320   
  185     0.00458856   
  186     0.00096251   
  187     0.00109997   
  188     0.00413650   
  189     0.00032400   
  190     0.00271920   
  191     0.00083564   
  192     0.00109260   
  193     0.00111975   
  194     0.00059036   
  195     0.00095892   
  196     0.00046513   
  197     0.00039667   
  198     0.00095295   
  199     0.00064962   
  200     0.00043853   
  201     0.00036621   
  202     0.00067150   
  203     0.00098458   
  204     0.00159684   
  205     0.00058775   
  206     0.00060947   
  207     0.00309685   
  208     0.00650907   
  209     0.01111303   
  210     0.02202279   
  211     0.00847765   
  212     0.00912272   
  213     0.02185153   
  214     0.00965268   
  215     0.01767190   
  216     0.00290134   
  217     0.00408400   
  218     0.00066815   
  219     0.00069883   
  220     0.00176462   
  221     0.00227904   
  222     0.00259171   
  223     0.00102210   
  224     0.00133307   
  225     0.00063959   
  226     0.00234567   
  227     0.00225812   
  228     0.00056157   
  229     0.00079315   
  230     0.00204781   
  231     0.00160518   
  232     0.00193401   
  233     0.00115733   
  234     0.00089717   
  235     0.00076410   
  236     0.00126719   
  237     0.00219771   
  238     0.00070486   
  239     0.00621040   
  240     0.00209460   
  241     0.00404745   
  242     0.00144299   
  243     0.00229746   
  244     0.01559200   
  245     0.00544853   
  246     0.00064574   
  247     0.00031902   
  248     0.00083485   
  249     0.00082480   
  250     0.00882071   
  251     0.00415274   
  252     0.02047581   
  253     0.00447144   
  254     0.00279148   
  255     0.00539562   
  256     0.01711451   
  257     0.00553740   
  258     0.00468454   
  259     0.00963604   
  260     0.00408961   
  261     0.00719893   
  262     0.00270710   
  263     0.00130590   
  264     0.00022913   
  265     0.00115291   
  266     0.00111169   
  267     0.00234326   
  268     0.00101159   
  269     0.00247170   
  270     0.00321210   
  271     0.00154582   
  272     0.00147606   
  273     0.00328233   
  274     0.00423803   
  275     0.00093752   
  276     0.00125638   
  277     0.00050133   
  278     0.00094366   
  279     0.00214862   
  280     0.00075646   
  281     0.00753075   
  282     0.00116836   
  283     0.01577654   
  284     0.01549652   
  285     0.00883491   
  286     0.01623357   
  287     0.01144578   
  288     0.00363324   
  289     0.01490260   
  290     0.00217915   
  291     0.00633803   
  292     0.00653582   
  293     0.01350900   
  294     0.01865364   
  295     0.00757561   
  296     0.02340076   
  297     0.01079787   
  298     0.00948073   
  299     0.00111166   
  300     0.00122870   
  301     0.00026502   
  302     0.00119575   
  303     0.00038154   
  304     0.00090004   
  305     0.00112564   
  306     0.00675208   
  307     0.00093190   
  308     0.00505739   
  309     0.00107350   
  310     0.00069009   
  311     0.00024638   
  312     0.00078939   
  313     0.00119495   
  314     0.00042192   
  315     0.00081451   
  316     0.00104949   
  317     0.00042983   
  318     0.00035940   
  319     0.00038341   
  320     0.00103261   
  321     0.00014082   
  322     0.00010374   
  323     0.00018727   
  324     0.00028784   
  325     0.00010541   
  326     0.00079621   
  327     0.00037690   
  328     0.00011450   
  329     0.00020826   
  330     0.00009877   
  331     0.00024530   
  332     0.00018363   
  333     0.00015149   
  334     0.00087375   
  335     0.00073796   
  336     0.00217065   
  337     0.00128186   
  338     0.00191552   
  339     0.00673772   
  340     0.00210271   
  341     0.00069183   
  342     0.00093725   
  343     0.00085040   
  344     0.00191534   
  345     0.00659838   
  346     0.00653047   
  347     0.00174493   
  348     0.00612847   
  349     0.00097478   
  350     0.00516105   
  351     0.00271851   
  352     0.00097392   
  353     0.00243881   
  354     0.00118819   
  355     0.00070630   
  356     0.00070612   
  357     0.00118428   
  358     0.00020253   
  359     0.00088273   
  360     0.00222886   
  361     0.00225978   
  362     0.00123424   
  363     0.00230071   
  364     0.00002623   
  365     0.00591107   
  366     0.00125101   
  367     0.00196759   
  368     0.00128096   
  369     0.00217804   
  370     0.00373260   
  371     0.00038264   
  372     0.00052268   
  373     0.00059185   
  374     0.00033998   
  375     0.00073143   
  376     0.00045442   
  377     0.00383887   
  378     0.00107849   
  379     0.00111527   
  380     0.00095451   
  381     0.00075407   
  382     0.00042532   
  383     0.00016049   
  384     0.00003641   
  385     0.00038730   
  386     0.00212777   
  387     0.00209097   
  388     0.00345827   
  389     0.00287136   
  390     0.00678605   
  391     0.00163527   
  392     0.00914402   
  393     0.00278430   
  394     0.00119960   
  395     0.00277050   
  396     0.00158219   
  397     0.00325619   
  398     0.00078845   
  399     0.00133124   
  400     0.00035841   
  401     0.00029914   
  402     0.00094930   
  403     0.00050830   
  404     0.00013790   
  405     0.00016432   
  406     0.00008756   
  407     0.00027683   
  408     0.00024418   
  409     0.00010595   
  410     0.00017029   
  411     0.00061441   
  412     0.00281648   
  413     0.00044779   
  414     0.00241170   
  415     0.00162327   
  416     0.00197437   
  417     0.00115000   
  418     0.00228231   
  419     0.00371785   
  420     0.00260017   
  421     0.00281437   
  422     0.00296258   
  423     0.00255485   
  424     0.00316049   
  425     0.00189304   
  426     0.00361008   
  427     0.00117463   
  428     0.00114014   
  429     0.00008909   
  430     0.00007031   
  431     0.00006836   
  432     0.00026730   
  433     0.00053090   
  434     0.00124084   
  435     0.00034009   
  436     0.00113629   
  437     0.00086136   
  438     0.00313481   
  439     0.00174875   
  440     0.00088343   
  441     0.00038991   
  442     0.00141611   
  443     0.00034880   
  444     0.00053629   
  445     0.00005991   
  446     0.00008588   
  447     0.00012539   
  448     0.00053059   
  449     0.00006194   
  450     0.00004011   
  451     0.00006913   
  452     0.00025994   
  453     0.00240336   
  454     0.00100729   
  455     0.00045294   
  456     0.00041981   
  457     0.00285145   
  458     0.00167847   
  459     0.00245473   
  460     0.00207522   
  461     0.00134132   
  462     0.00141690   
  463     0.00021481   
  464     0.00007588   
  465     0.00015873   
  466     0.00003778   
  467     0.00015450   
  468     0.00087483   
  469     0.00015119   
  470     0.00225751   
  471     0.00147128   
  472     0.00032061   
  473     0.00032984   
  474     0.00187210   
  475     0.00092390   
  476     0.00114451   
  477     0.00107616   
  478     0.00142967   
  479     0.00036336   
  480     0.00061244   
  481     0.00090999   
  482     0.00285889   
  483     0.00152926   
  484     0.00099593   
  485     0.00094199   
  486     0.00214363   
  487     0.00207638   
  488     0.00043251   
  489     0.00069961   
  490     0.00178955   
  491     0.00008822   
  492     0.00010285   
  493     0.00003885   
  494     0.00041088   
  495     0.00039927   
  496     0.00020398   
  497     0.00101051   
  498     0.00164535   
  499     0.00296447   
  500     0.00117863   
  501     0.00117935   
  502     0.00050469   
  503     0.00117955   
  504     0.00183189   
  505     0.00344386   
  506     0.00060386   
  507     0.00132081   
  508     0.00002669   
  509     0.00001800   
  510     0.00007592   
  511     0.00023772   
  512     0.00054483   
  513     0.00012719   
  514     0.00021750   
  515     0.00017701   
  516     0.00052818   
  517     0.00044482   
  518     0.00006820   
  519     0.00133921   
  520     0.00149979   
  521     0.00043425   
  522     0.00091038   
  523     0.00016652   
  524     0.00076227   
  525     0.00138055   
  526     0.00092621   
  527     0.00011788   
  528     0.00070160   
  529     0.00127602   
  530     0.00063269   
  531     0.00008898   
  532     0.00038878   
  533     0.00149904   
  534     0.00079387   
  535     0.00014722   
  536     0.00047371   
  537     0.00094102   
  538     0.00056440   
  539     0.00023453   
  540     0.00037881   
  541     0.00077842   
  542     0.00053414   
  543     0.00028093   
  544     0.00017745   
  545     0.00067792   
  546     0.00070715   
  547     0.00024774   
  548     0.00015466   
  549     0.00031026   
  550     0.00059291   
  551     0.00003235   
  552     0.00006164   
  553     0.00016362   
  554     0.00004226   
  555     0.00002720   
  556     0.00001613   
  557     0.00027841   
  558     0.00004863   
  559     0.00007849   
  560     0.00006637   
  561     0.00021413   
  562     0.00029105   
  563     0.00003402   
  564     0.00001295   
  565     0.00016956   
  566     0.00025536   
  567     0.00005009   
  568     0.00005633   
  569     0.00024611   
  570     0.00004066   
  571     0.00008256   
  572     0.00006539   
  573     0.00003441   
  574     0.00001029   
  575     0.00009355   
  576     0.00005995   
  577     0.00002216   
  578     0.00001326   
  579     0.00038125   
  580     0.00002888   
  581     0.00011670   
  582     0.00003788   
  583     0.00007103   
  584     0.00004064   
  585     0.00003948   
  586     0.00005827   
  587     0.00011172   
  588     0.00017971   
  589     0.00009747   
  590     0.00004896   
  591     0.00007568   
  592     0.00059129   
  593     0.00003655   
  594     0.00009111   
  595     0.00008789   
  596     0.00009938   
  597     0.00011901   
  598     0.00033855   
  599     0.00058035   
  600     0.00004870   
  601     0.00007352   
  602     0.00010134   
  603     0.00005978   
  604     0.00004930   
  605     0.00005557   
