    1     0.00050648   
    2     0.00132611   
    3     0.00268695   
    4     0.00115464   
    5     0.00294917   
    6     0.00056485   
    7     0.00060150   
    8     0.00049676   
    9     0.00091171   
   10     0.00083535   
   11     0.00185682   
   12     0.00116855   
   13     0.00077725   
   14     0.00059627   
   15     0.00229415   
   16     0.00545034   
   17     0.00420812   
   18     0.00670023   
   20     0.00370233   
   21     0.00159326   
   22     0.00428104   
   23     0.00191246   
   24     0.00435705   
   25     0.00555877   
   26     0.00819091   
   27     0.00788844   
   28     0.00317339   
   29     0.00381080   
   30     0.00193955   
   31     0.00172633   
   32     0.00112400   
   33     0.00047296   
   34     0.00474937   
   35     0.00414243   
   36     0.00277584   
   37     0.00142031   
   38     0.00083046   
   39     0.00047338   
   40     0.00059689   
   41     0.00094551   
   42     0.00611793   
   43     0.00047096   
   44     0.00069334   
   45     0.00102647   
   46     0.00100174   
   47     0.00191920   
   48     0.00068317   
   49     0.00182264   
   50     0.00178689   
   51     0.00108991   
   52     0.00199113   
   53     0.00029297   
   54     0.00134732   
   55     0.00047559   
   56     0.00023170   
   57     0.00035417   
   58     0.00057803   
   59     0.00063840   
   60     0.00022493   
   61     0.00091650   
   62     0.00318532   
   63     0.00235328   
   64     0.00267806   
   65     0.00049391   
   66     0.00101581   
   67     0.00234475   
   68     0.00078226   
   69     0.00048190   
   70     0.00153294   
   71     0.00323169   
   72     0.00338223   
   73     0.00128369   
   74     0.00110105   
   75     0.00111288   
   76     0.00043643   
   77     0.00072194   
   78     0.00080410   
   79     0.00054382   
   80     0.00037047   
   81     0.01076943   
   82     0.00110143   
   83     0.00093424   
   84     0.00082995   
   85     0.00190566   
   86     0.00066473   
   87     0.00096506   
   88     0.00113008   
   89     0.00267833   
   90     0.00902392   
   91     0.00280993   
   92     0.00279578   
   93     0.00084663   
   94     0.00068429   
   95     0.00076858   
   96     0.00183864   
   97     0.00101218   
   98     0.00036361   
   99     0.00047721   
  100     0.00095626   
  101     0.00185736   
  102     0.00176136   
  103     0.00161686   
  104     0.00428408   
  105     0.00217927   
  106     0.00306035   
  107     0.00380457   
  108     0.00606926   
  109     0.00297732   
  110     0.00730808   
  111     0.00391508   
  112     0.00275112   
  113     0.00181409   
  114     0.00707595   
  115     0.00315750   
  116     0.00219881   
  117     0.00347640   
  118     0.00439640   
  119     0.00218382   
  120     0.00205911   
  121     0.00557530   
  122     0.00473949   
  123     0.00185221   
  124     0.00384717   
  125     0.00698095   
  126     0.00363243   
  127     0.00964586   
  128     0.00327982   
  129     0.00517939   
  130     0.00827643   
  131     0.00196620   
  132     0.00401803   
  133     0.00199592   
  134     0.00492658   
  135     0.00346367   
  136     0.00301103   
  137     0.00125371   
  138     0.00126159   
  139     0.00055401   
  140     0.00090217   
  141     0.00076985   
  142     0.00195593   
  143     0.00168024   
  144     0.00273938   
  145     0.00388009   
  146     0.00153006   
  147     0.00380520   
  148     0.00150586   
  149     0.00088224   
  150     0.00177650   
  151     0.00392615   
  152     0.00360217   
  153     0.00137366   
  154     0.00228906   
  155     0.00243489   
  156     0.00165634   
  157     0.00168620   
  158     0.00079911   
  159     0.00083173   
  160     0.00121799   
  161     0.00256432   
  162     0.00079795   
  163     0.00192267   
  164     0.00089657   
  165     0.00245240   
  166     0.00136174   
  167     0.00580308   
  168     0.00386606   
  169     0.00330477   
  170     0.00155251   
  171     0.00093763   
  172     0.00122651   
  173     0.00182000   
  174     0.00151570   
  175     0.00129858   
  176     0.00485661   
  177     0.00229339   
  178     0.00623520   
  179     0.00119299   
  180     0.00527283   
  181     0.00393310   
  182     0.00107065   
  183     0.00154156   
  184     0.00254805   
  185     0.00265248   
  186     0.00094555   
  187     0.00102160   
  188     0.00082559   
  189     0.00087833   
  190     0.00250165   
  191     0.00118151   
  192     0.00108421   
  193     0.00058806   
  194     0.00081329   
  195     0.00140174   
  196     0.00082826   
  197     0.00112589   
  198     0.00238629   
  199     0.00328035   
  200     0.00143486   
  201     0.00039890   
  202     0.00059413   
  203     0.00087239   
  204     0.00195730   
  205     0.00077174   
  206     0.00125765   
  207     0.00483731   
  208     0.00062584   
  209     0.00068591   
  210     0.00064715   
  211     0.00023701   
  212     0.00079403   
  213     0.00180454   
  214     0.00490084   
  215     0.00154031   
  216     0.00184334   
  217     0.00220822   
  218     0.00143433   
  219     0.00259820   
  220     0.00145131   
  221     0.00279447   
  222     0.00127236   
  223     0.00067128   
  224     0.00080228   
  225     0.00211854   
  226     0.01122554   
  227     0.00109954   
  228     0.00194190   
  229     0.00327134   
  230     0.00060836   
  231     0.00036007   
  232     0.00263578   
  233     0.00202858   
  234     0.00141144   
  235     0.00242169   
  236     0.00137921   
  237     0.00182576   
  238     0.00143466   
  239     0.00200431   
  240     0.00192433   
  241     0.00139786   
  242     0.00034507   
  243     0.00044778   
  244     0.00142090   
  245     0.00033393   
  246     0.00022743   
  247     0.00007792   
  248     0.00083624   
  249     0.00012605   
  250     0.00032270   
  251     0.00048696   
  252     0.00059459   
  253     0.00022886   
  254     0.00029299   
  255     0.00026147   
  256     0.00100098   
  257     0.00380641   
  258     0.00356717   
  259     0.00323675   
  260     0.00352892   
  261     0.00162327   
  262     0.00298308   
  263     0.00093014   
  264     0.00059894   
  265     0.00244464   
  266     0.00153348   
  267     0.00251832   
  268     0.00153773   
  269     0.00207148   
  270     0.00434064   
  271     0.00306765   
  272     0.00054321   
  273     0.00483425   
  274     0.00905591   
  275     0.00042446   
  276     0.00062164   
  277     0.00094281   
  278     0.00062748   
  279     0.00070385   
  280     0.00085458   
  281     0.00244415   
  282     0.00123166   
  283     0.00239842   
  284     0.00060068   
  285     0.00055754   
  286     0.00347178   
  287     0.00771712   
  288     0.00196909   
  289     0.00231181   
  290     0.00063954   
  291     0.00085380   
  292     0.00165342   
  293     0.00059418   
  294     0.00149489   
  295     0.00064510   
  296     0.00172895   
  297     0.00027112   
  298     0.00161476   
  299     0.00069064   
  300     0.00182443   
  301     0.00047948   
  302     0.00205924   
  303     0.00070799   
  304     0.00257522   
  305     0.00281125   
  306     0.01195850   
  307     0.00151107   
  308     0.00244731   
  309     0.00254846   
  310     0.00124813   
  311     0.00032071   
  312     0.00054082   
  313     0.00170394   
  314     0.00108022   
  315     0.00029396   
  316     0.00075215   
  317     0.00138788   
  318     0.00037600   
  319     0.00064357   
  320     0.00055609   
  321     0.00048471   
  322     0.00075659   
  323     0.00058973   
  324     0.00125527   
  325     0.00061556   
  326     0.00112362   
  327     0.00112653   
  328     0.00048354   
  329     0.00096265   
  330     0.00069960   
  331     0.00122136   
  332     0.00043825   
  333     0.00047169   
  334     0.00169426   
  335     0.00084819   
  336     0.00198034   
  337     0.00126361   
  338     0.00304180   
  339     0.00431348   
  340     0.00250280   
  341     0.00093192   
  342     0.00086839   
  343     0.00227045   
  344     0.00216253   
  345     0.01196965   
  346     0.00960136   
  347     0.00054800   
  348     0.01118386   
  349     0.00072920   
  350     0.00485508   
  351     0.00146698   
  352     0.00060171   
  353     0.00082290   
  354     0.00067664   
  355     0.00033269   
  356     0.00072442   
  357     0.00079895   
  358     0.00036986   
  359     0.00094706   
  360     0.00099936   
  361     0.00124437   
  362     0.00100601   
  363     0.00090853   
  364     0.00105715   
  365     0.00130240   
  366     0.00136477   
  367     0.00235198   
  368     0.00195656   
  369     0.00687379   
  370     0.00136329   
  371     0.00090064   
  372     0.00134136   
  373     0.00409950   
  374     0.00286643   
  375     0.00177254   
  376     0.00203644   
  377     0.00728073   
  378     0.00235031   
  379     0.00235704   
  380     0.00358500   
  381     0.00301625   
  382     0.00387386   
  383     0.00155679   
  384     0.00275798   
  385     0.00271472   
  386     0.00602054   
  387     0.00319056   
  388     0.00275941   
  389     0.00783756   
  390     0.00673235   
  391     0.00355989   
  392     0.00464961   
  393     0.00143560   
  394     0.00117689   
  395     0.00236333   
  396     0.00246488   
  397     0.00128097   
  398     0.00032350   
  399     0.00083162   
  400     0.00056032   
  401     0.00061646   
  402     0.00058819   
  403     0.00075019   
  404     0.00072944   
  405     0.00064636   
  406     0.00140774   
  407     0.00086886   
  408     0.00090058   
  409     0.00151883   
  410     0.00114735   
  411     0.00107349   
  412     0.00091264   
  413     0.00029767   
  414     0.00038648   
  415     0.00221807   
  416     0.00030265   
  417     0.00099840   
  418     0.00043625   
  419     0.00024109   
  420     0.00030083   
  421     0.00013517   
  422     0.00043145   
  423     0.00018740   
  424     0.00063424   
  425     0.00034694   
  426     0.00026267   
  427     0.00024174   
  428     0.00028692   
  429     0.00015677   
  430     0.00000730   
  431     0.00000727   
  432     0.00001695   
  433     0.00012181   
  434     0.00008618   
  435     0.00010377   
  436     0.00069298   
  437     0.00029948   
  438     0.00061860   
  439     0.00108637   
  440     0.00045824   
  441     0.00057674   
  442     0.00097973   
  443     0.00025327   
  444     0.00015248   
  445     0.00007708   
  446     0.00005055   
  447     0.00007754   
  448     0.00209652   
  449     0.00051653   
  450     0.00018709   
  451     0.00022831   
  452     0.00059112   
  453     0.00112544   
  454     0.00051359   
  455     0.00039178   
  456     0.00037136   
  457     0.00032580   
  458     0.00048572   
  459     0.00068984   
  460     0.00033132   
  461     0.00006591   
  462     0.00008642   
  463     0.00003358   
  464     0.00001124   
  465     0.00004309   
  466     0.00001253   
  467     0.00004504   
  468     0.00006701   
  469     0.00003072   
  470     0.00060990   
  471     0.00040661   
  472     0.00035800   
  473     0.00050776   
  474     0.00030571   
  475     0.00018279   
  476     0.00035519   
  477     0.00010669   
  478     0.00018855   
  479     0.00007755   
  480     0.00088818   
  481     0.00068142   
  482     0.00157146   
  483     0.00247410   
  484     0.00014725   
  485     0.00006474   
  486     0.00004606   
  487     0.00009237   
  488     0.00020696   
  489     0.00112861   
  490     0.00097949   
  491     0.00048899   
  492     0.00070586   
  493     0.00070509   
  494     0.00103770   
  495     0.00067413   
  496     0.00015769   
  497     0.00080476   
  498     0.00016330   
  499     0.00020390   
  500     0.00013818   
  501     0.00002757   
  502     0.00003513   
  503     0.00007600   
  504     0.00063086   
  505     0.00214707   
  506     0.00157701   
  507     0.00299274   
  508     0.00022159   
  509     0.00006944   
  510     0.00018231   
  511     0.00076159   
  512     0.00108157   
  513     0.00024011   
  514     0.00014926   
  515     0.00047554   
  516     0.00046531   
  517     0.00030651   
  518     0.00102735   
  519     0.00160888   
  520     0.00081712   
  521     0.00041558   
  522     0.00154473   
  523     0.00103979   
  524     0.00089907   
  525     0.00104734   
  526     0.00097582   
  527     0.00221115   
  528     0.00202611   
  529     0.00182003   
  530     0.00085231   
  531     0.00241572   
  532     0.00181510   
  533     0.00092110   
  534     0.00074351   
  535     0.00075198   
  536     0.00190857   
  537     0.00141093   
  538     0.00031779   
  539     0.00065233   
  540     0.00176814   
  541     0.00108872   
  542     0.00063216   
  543     0.00098985   
  544     0.00086542   
  545     0.00171521   
  546     0.00190483   
  547     0.00052519   
  548     0.00083552   
  549     0.00086632   
  550     0.00150398   
  551     0.00155009   
  552     0.00017984   
  553     0.00351910   
  554     0.00383315   
  555     0.00197442   
  556     0.00122252   
  557     0.00345325   
  558     0.00017820   
  559     0.00103995   
  560     0.00032115   
  561     0.00032586   
  562     0.00063022   
  563     0.00027849   
  564     0.00034840   
  565     0.00013191   
  566     0.00036878   
  567     0.00007845   
  568     0.00009471   
  569     0.00026315   
  570     0.00012254   
  571     0.00006772   
  572     0.00012753   
  573     0.00022532   
  574     0.00008764   
  575     0.00028555   
  576     0.00022496   
  577     0.00009999   
  578     0.00020682   
  579     0.00126728   
  580     0.00003763   
  581     0.00010575   
  582     0.00001740   
  583     0.00006609   
  584     0.00023483   
  585     0.00001747   
  586     0.00007444   
  587     0.00006387   
  588     0.00022450   
  589     0.00004333   
  590     0.00018369   
  591     0.00012808   
  592     0.00061419   
  593     0.00007254   
  594     0.00054300   
  595     0.00086082   
  596     0.00061140   
  597     0.00063547   
  598     0.00411752   
  599     0.00284142   
  600     0.00095674   
  601     0.00076709   
  602     0.00255839   
  603     0.00061903   
  604     0.00047201   
  605     0.00048673   
