    1     0.00327379   
    2     0.00204482   
    3     0.00253973   
    4     0.00164791   
    5     0.00069882   
    6     0.00039792   
    7     0.00042789   
    8     0.00018756   
    9     0.00078945   
   10     0.00039177   
   11     0.00059090   
   12     0.00081967   
   13     0.00012590   
   14     0.00022629   
   15     0.00013173   
   16     0.00096589   
   17     0.00032559   
   18     0.00563772   
   20     0.00284689   
   21     0.00123374   
   22     0.00468057   
   23     0.00194464   
   24     0.00193897   
   25     0.00146022   
   26     0.00040029   
   27     0.00119116   
   28     0.00080094   
   29     0.00237614   
   30     0.00169617   
   31     0.00111052   
   32     0.00083445   
   33     0.00031981   
   34     0.00024238   
   35     0.00008638   
   36     0.00152557   
   37     0.00086154   
   38     0.00147875   
   39     0.00302448   
   40     0.00126348   
   41     0.00118741   
   42     0.00118809   
   43     0.00037715   
   44     0.00035359   
   45     0.00062805   
   46     0.00051914   
   47     0.00046627   
   48     0.00101319   
   49     0.00265799   
   50     0.00194064   
   51     0.00068917   
   52     0.00157724   
   53     0.00229699   
   54     0.00182902   
   55     0.00425315   
   56     0.00287130   
   57     0.00236172   
   58     0.00130898   
   59     0.00272238   
   60     0.00041858   
   61     0.00099509   
   62     0.00570755   
   63     0.00077004   
   64     0.00087323   
   65     0.00092831   
   66     0.00392110   
   67     0.00159500   
   68     0.00108780   
   69     0.00149093   
   70     0.00163975   
   71     0.00137565   
   72     0.00322857   
   73     0.00064569   
   74     0.00115676   
   75     0.00288199   
   76     0.00093961   
   77     0.00081341   
   78     0.00039423   
   79     0.00021437   
   80     0.00008847   
   81     0.00123238   
   82     0.00148580   
   83     0.00048499   
   84     0.00065459   
   85     0.00323716   
   86     0.00149278   
   87     0.00270530   
   88     0.00157507   
   89     0.00259938   
   90     0.00323380   
   91     0.00130445   
   92     0.00076420   
   93     0.00111121   
   94     0.00141535   
   95     0.00083268   
   96     0.00319954   
   97     0.00334708   
   98     0.00051325   
   99     0.00135743   
  100     0.00116685   
  101     0.00024679   
  102     0.00049648   
  103     0.00207594   
  104     0.00086420   
  105     0.00190934   
  106     0.00080527   
  107     0.00044996   
  108     0.00105656   
  109     0.00076574   
  110     0.00196354   
  111     0.00541747   
  112     0.00090221   
  113     0.00169324   
  114     0.00194500   
  115     0.00328745   
  116     0.00326994   
  117     0.00080214   
  118     0.00118023   
  119     0.00149965   
  120     0.00049417   
  121     0.00135978   
  122     0.00158939   
  123     0.00049150   
  124     0.00088584   
  125     0.00042709   
  126     0.00119762   
  127     0.00241855   
  128     0.00036789   
  129     0.00123723   
  130     0.00086477   
  131     0.00170916   
  132     0.00040453   
  133     0.00103003   
  134     0.00081812   
  135     0.00184429   
  136     0.00169893   
  137     0.00467556   
  138     0.00157812   
  139     0.00177168   
  140     0.00153642   
  141     0.00141245   
  142     0.00121990   
  143     0.00094750   
  144     0.00066012   
  145     0.00022360   
  146     0.00042211   
  147     0.00029583   
  148     0.00043986   
  149     0.00160207   
  150     0.00084736   
  151     0.00068996   
  152     0.00047145   
  153     0.00147039   
  154     0.00064327   
  155     0.00077453   
  156     0.00478730   
  157     0.00054517   
  158     0.00053584   
  159     0.00040734   
  160     0.00458891   
  161     0.00077947   
  162     0.00082523   
  163     0.00119564   
  164     0.00041094   
  165     0.00072882   
  166     0.00062469   
  167     0.00294819   
  168     0.00188315   
  169     0.00260326   
  170     0.00093715   
  171     0.00094748   
  172     0.00174516   
  173     0.00144715   
  174     0.00097377   
  175     0.00116009   
  176     0.00140622   
  177     0.00102328   
  178     0.00109574   
  179     0.00062353   
  180     0.00073226   
  181     0.00180036   
  182     0.00107174   
  183     0.00048627   
  184     0.00100176   
  185     0.00215436   
  186     0.00066724   
  187     0.00096739   
  188     0.00132350   
  189     0.00053598   
  190     0.00117956   
  191     0.00067105   
  192     0.00078259   
  193     0.00148159   
  194     0.00041344   
  195     0.00125238   
  196     0.00092693   
  197     0.00043784   
  198     0.00069721   
  199     0.00079755   
  200     0.00070939   
  201     0.00046193   
  202     0.00138738   
  203     0.00045448   
  204     0.00148227   
  205     0.00038604   
  206     0.00053447   
  207     0.00073837   
  208     0.00076165   
  209     0.00108823   
  210     0.00159787   
  211     0.00088205   
  212     0.00195403   
  213     0.00284057   
  214     0.00215804   
  215     0.00137577   
  216     0.00114587   
  217     0.00068709   
  218     0.00058464   
  219     0.00043083   
  220     0.00035903   
  221     0.00053859   
  222     0.00017751   
  223     0.00068459   
  224     0.00051624   
  225     0.00016263   
  226     0.00052967   
  227     0.00273901   
  228     0.00025590   
  229     0.00049897   
  230     0.00039171   
  231     0.00183904   
  232     0.00675126   
  233     0.00189287   
  234     0.00092056   
  235     0.00262313   
  236     0.00700527   
  237     0.00287797   
  238     0.00256878   
  239     0.00527197   
  240     0.00649443   
  241     0.00945371   
  242     0.00237273   
  243     0.00121066   
  244     0.00614342   
  245     0.00310346   
  246     0.00257870   
  247     0.00316545   
  248     0.00380633   
  249     0.00168567   
  250     0.00133748   
  251     0.00377884   
  252     0.00314663   
  253     0.00387489   
  254     0.00456559   
  255     0.00245092   
  256     0.00210225   
  257     0.00293353   
  258     0.00121890   
  259     0.00903954   
  260     0.00209193   
  261     0.00229786   
  262     0.00443848   
  263     0.00286269   
  264     0.00294553   
  265     0.00157387   
  266     0.00159490   
  267     0.00205000   
  268     0.00302132   
  269     0.00252520   
  270     0.00618952   
  271     0.00125104   
  272     0.00159534   
  273     0.00276374   
  274     0.00030393   
  275     0.00013119   
  276     0.00015809   
  277     0.00070226   
  278     0.00108217   
  279     0.00171946   
  280     0.00178849   
  281     0.00719384   
  282     0.00242914   
  283     0.00181066   
  284     0.00038937   
  285     0.00082716   
  286     0.00237306   
  287     0.00113899   
  288     0.00045779   
  289     0.00113255   
  290     0.00003974   
  291     0.00034518   
  292     0.00031446   
  293     0.00067358   
  294     0.00111366   
  295     0.00174720   
  296     0.00666881   
  297     0.00333058   
  298     0.01030212   
  299     0.00562015   
  300     0.00838620   
  301     0.00426613   
  302     0.00698268   
  303     0.00262511   
  304     0.00346836   
  305     0.01639466   
  306     0.00348439   
  307     0.00150643   
  308     0.00455954   
  309     0.00702071   
  310     0.00544634   
  311     0.00063799   
  312     0.00408666   
  313     0.00152301   
  314     0.00064633   
  315     0.00117043   
  316     0.00206179   
  317     0.00371379   
  318     0.00077967   
  319     0.00107013   
  320     0.00441412   
  321     0.00100645   
  322     0.00148082   
  323     0.00109758   
  324     0.00184413   
  325     0.00126983   
  326     0.00094644   
  327     0.00043278   
  328     0.00063716   
  329     0.00142094   
  330     0.00107898   
  331     0.00139555   
  332     0.00090680   
  333     0.00034134   
  334     0.00191621   
  335     0.00070865   
  336     0.00061585   
  337     0.00084834   
  338     0.00116585   
  339     0.00152531   
  340     0.00095135   
  341     0.00051926   
  342     0.00073236   
  343     0.00083553   
  344     0.00037464   
  345     0.00036618   
  346     0.00089860   
  347     0.00020145   
  348     0.00231905   
  349     0.00061403   
  350     0.00034335   
  351     0.00016417   
  352     0.00326362   
  353     0.00045300   
  354     0.00022906   
  355     0.00025605   
  356     0.00285436   
  357     0.00135266   
  358     0.00086636   
  359     0.00014280   
  360     0.00025316   
  361     0.00050026   
  362     0.00086547   
  363     0.00072531   
  364     0.00059095   
  365     0.00054572   
  366     0.00037181   
  367     0.00060653   
  368     0.00035431   
  369     0.00033123   
  370     0.00055456   
  371     0.00085196   
  372     0.00032003   
  373     0.00074618   
  374     0.00108448   
  375     0.00134342   
  376     0.00091300   
  377     0.00477839   
  378     0.00180540   
  379     0.00197130   
  380     0.00235785   
  381     0.00432051   
  382     0.00305041   
  383     0.00167732   
  384     0.00246441   
  385     0.00188947   
  386     0.00351906   
  387     0.00476457   
  388     0.00216793   
  389     0.00193717   
  390     0.00250359   
  391     0.00173652   
  392     0.00123727   
  393     0.00117769   
  394     0.00023418   
  395     0.00044327   
  396     0.00013383   
  397     0.00016170   
  398     0.00071632   
  399     0.00088595   
  400     0.00105323   
  401     0.00071598   
  402     0.00470576   
  403     0.00087010   
  404     0.01187380   
  405     0.00549339   
  406     0.00601902   
  407     0.00668333   
  408     0.00396042   
  409     0.00118017   
  410     0.00189621   
  411     0.00218988   
  412     0.00124223   
  413     0.00118482   
  414     0.00033297   
  415     0.00046993   
  416     0.00037879   
  417     0.00026553   
  418     0.00047946   
  419     0.00082370   
  420     0.00092167   
  421     0.00071728   
  422     0.00082390   
  423     0.00081718   
  424     0.00221555   
  425     0.00137765   
  426     0.00529210   
  427     0.00327468   
  428     0.00765292   
  429     0.00065270   
  430     0.00033942   
  431     0.00026073   
  432     0.00043801   
  433     0.00063841   
  434     0.00056735   
  435     0.00051593   
  436     0.00161317   
  437     0.00140289   
  438     0.00077093   
  439     0.00161456   
  440     0.00071069   
  441     0.00073646   
  442     0.00043606   
  443     0.00042480   
  444     0.00123243   
  445     0.00031215   
  446     0.00033690   
  447     0.00036233   
  448     0.00063009   
  449     0.00035264   
  450     0.00050654   
  451     0.00055274   
  452     0.00033176   
  453     0.00345698   
  454     0.00059510   
  455     0.00110655   
  456     0.00131543   
  457     0.00100148   
  458     0.00339449   
  459     0.00389878   
  460     0.00250353   
  461     0.00198756   
  462     0.00568634   
  463     0.00100241   
  464     0.00087327   
  465     0.00291746   
  466     0.00134908   
  467     0.00121869   
  468     0.00087535   
  469     0.00169607   
  470     0.00932704   
  471     0.00329383   
  472     0.00373762   
  473     0.00174054   
  474     0.00120711   
  475     0.00089156   
  476     0.00085549   
  477     0.00073737   
  478     0.00046164   
  479     0.00032542   
  480     0.00166685   
  481     0.00065752   
  482     0.00040405   
  483     0.00033994   
  484     0.00053986   
  485     0.00032084   
  486     0.00097950   
  487     0.00244302   
  488     0.00160111   
  489     0.00217560   
  490     0.00511289   
  491     0.00387125   
  492     0.00350170   
  493     0.00148343   
  494     0.00219557   
  495     0.00461851   
  496     0.00376653   
  497     0.00636140   
  498     0.00166778   
  499     0.00279894   
  500     0.00270122   
  501     0.00135453   
  502     0.00216613   
  503     0.00035231   
  504     0.00159264   
  505     0.00364251   
  506     0.00934144   
  507     0.01345319   
  508     0.00753034   
  509     0.00763138   
  510     0.00690472   
  511     0.00333435   
  512     0.00796175   
  513     0.00708415   
  514     0.00063918   
  515     0.00379709   
  516     0.00149228   
  517     0.00040384   
  518     0.00125787   
  519     0.00045037   
  520     0.00061964   
  521     0.00052384   
  522     0.00098771   
  523     0.00115306   
  524     0.00090409   
  525     0.00055786   
  526     0.00171287   
  527     0.00143857   
  528     0.00067411   
  529     0.00097868   
  530     0.00057995   
  531     0.00111383   
  532     0.00092378   
  533     0.00032457   
  534     0.00019551   
  535     0.00022642   
  536     0.00035047   
  537     0.00015166   
  538     0.00018760   
  539     0.00048443   
  540     0.00020333   
  541     0.00006022   
  542     0.00042070   
  543     0.00073248   
  544     0.00027636   
  545     0.00006997   
  546     0.00040138   
  547     0.00033943   
  548     0.00046642   
  549     0.00057080   
  550     0.00018879   
  551     0.00020882   
  552     0.00058288   
  553     0.00145511   
  554     0.00046701   
  555     0.00033714   
  556     0.00046582   
  557     0.00115044   
  558     0.00040683   
  559     0.00052723   
  560     0.00038804   
  561     0.00128447   
  562     0.00011350   
  563     0.00072955   
  564     0.00035535   
  565     0.00018457   
  566     0.00024035   
  567     0.00046309   
  568     0.00050537   
  569     0.00044418   
  570     0.00005712   
  571     0.00016229   
  572     0.00032417   
  573     0.00011935   
  574     0.00004025   
  575     0.00010407   
  576     0.00006993   
  577     0.00002296   
  578     0.00007057   
  579     0.00079116   
  580     0.00011864   
  581     0.00044496   
  582     0.00015846   
  583     0.00021186   
  584     0.00017336   
  585     0.00020508   
  586     0.00015783   
  587     0.00025376   
  588     0.00055053   
  589     0.00011143   
  590     0.00014000   
  591     0.00042059   
  592     0.00051869   
  593     0.00008287   
  594     0.00023513   
  595     0.00095043   
  596     0.00060103   
  597     0.00040094   
  598     0.00261728   
  599     0.00127960   
  600     0.00086053   
  601     0.00070629   
  602     0.00110798   
  603     0.00021248   
  604     0.00049711   
  605     0.00020321   
