    1     0.00000339   
    2     0.00000621   
    3     0.00004232   
    4     0.00010021   
    5     0.00006476   
    6     0.00003632   
    7     0.00007604   
    8     0.00002293   
    9     0.00010959   
   10     0.00006478   
   11     0.00041276   
   12     0.00109550   
   13     0.00017159   
   14     0.00009253   
   15     0.00012667   
   16     0.00015033   
   17     0.00009600   
   18     0.00008080   
   20     0.00001305   
   21     0.00000889   
   22     0.00001908   
   23     0.00000804   
   24     0.00003554   
   25     0.00001015   
   26     0.00011859   
   27     0.00005308   
   28     0.00004624   
   29     0.00002926   
   30     0.00000461   
   31     0.00009504   
   32     0.00000949   
   33     0.00000895   
   34     0.00003348   
   35     0.00009584   
   36     0.00042208   
   37     0.00034189   
   38     0.00110164   
   39     0.00196918   
   40     0.00566668   
   41     0.00569685   
   42     0.01028687   
   43     0.00281247   
   44     0.00561896   
   45     0.02081223   
   46     0.01519210   
   47     0.01915614   
   48     0.02897673   
   49     0.01350132   
   50     0.00080949   
   51     0.00014758   
   52     0.00010074   
   53     0.00034235   
   54     0.00087641   
   55     0.00065412   
   56     0.00017079   
   57     0.00063869   
   58     0.00142939   
   59     0.00144364   
   60     0.00021831   
   61     0.00080257   
   62     0.00234023   
   63     0.00042905   
   64     0.00268223   
   65     0.00122968   
   66     0.00483127   
   67     0.00143535   
   68     0.00156414   
   69     0.00092051   
   70     0.00059818   
   71     0.00058254   
   72     0.00040926   
   73     0.00062503   
   74     0.00097845   
   75     0.00077794   
   76     0.00080489   
   77     0.00012098   
   78     0.00008956   
   79     0.00002330   
   80     0.00000404   
   81     0.00011989   
   82     0.00011380   
   83     0.00000633   
   84     0.00001137   
   85     0.00001240   
   86     0.00017127   
   87     0.00007525   
   88     0.00007057   
   89     0.00013091   
   90     0.00121927   
   91     0.00080626   
   92     0.00128915   
   93     0.00050845   
   94     0.00133350   
   95     0.00055223   
   96     0.00263733   
   97     0.00048705   
   98     0.00607867   
   99     0.00039070   
  100     0.00100969   
  101     0.00024285   
  102     0.00081793   
  103     0.00163549   
  104     0.00204130   
  105     0.00401532   
  106     0.00191864   
  107     0.00004757   
  108     0.00007620   
  109     0.00121738   
  110     0.00045733   
  111     0.00060437   
  112     0.00095800   
  113     0.00106866   
  114     0.00223285   
  115     0.00215502   
  116     0.00099075   
  117     0.00046510   
  118     0.00878755   
  119     0.00079663   
  120     0.00042393   
  121     0.00148290   
  122     0.00042038   
  123     0.00029379   
  124     0.00030908   
  125     0.00003322   
  126     0.00004435   
  127     0.00004750   
  128     0.00000294   
  129     0.00000509   
  130     0.00000248   
  131     0.00000341   
  132     0.00000107   
  133     0.00000334   
  134     0.00000409   
  135     0.00004514   
  136     0.00015315   
  137     0.00010560   
  138     0.00018893   
  139     0.00012597   
  140     0.00005929   
  141     0.00004515   
  142     0.00017931   
  143     0.00036547   
  144     0.00017785   
  145     0.00028716   
  146     0.00022024   
  147     0.00048575   
  148     0.00086101   
  149     0.00220184   
  150     0.00055792   
  151     0.00039271   
  152     0.00048006   
  153     0.00025155   
  154     0.00038800   
  155     0.00010113   
  156     0.00016274   
  157     0.00049211   
  158     0.00023339   
  159     0.00012289   
  160     0.00035988   
  161     0.00014013   
  162     0.00048700   
  163     0.00013072   
  164     0.00008095   
  165     0.00006892   
  166     0.00008518   
  167     0.00046828   
  168     0.00013605   
  169     0.00048880   
  170     0.00016137   
  171     0.00004685   
  172     0.00003361   
  173     0.00037787   
  174     0.00003111   
  175     0.00005167   
  176     0.00003007   
  177     0.00005598   
  178     0.00007254   
  179     0.00004329   
  180     0.00005171   
  181     0.00001719   
  182     0.00000651   
  183     0.00000290   
  184     0.00000503   
  185     0.00000483   
  186     0.00000679   
  187     0.00001082   
  188     0.00001616   
  189     0.00004526   
  190     0.00005003   
  191     0.00004899   
  192     0.00002873   
  193     0.00007137   
  194     0.00003818   
  195     0.00017602   
  196     0.00027964   
  197     0.00043486   
  198     0.00097174   
  199     0.00035889   
  200     0.00018780   
  201     0.00008312   
  202     0.00008522   
  203     0.00004274   
  204     0.00010105   
  205     0.00009930   
  206     0.00006546   
  207     0.00005314   
  208     0.00001490   
  209     0.00002033   
  210     0.00001260   
  211     0.00000487   
  212     0.00001826   
  213     0.00006220   
  214     0.00001832   
  215     0.00007446   
  216     0.00022016   
  217     0.00017633   
  218     0.00014877   
  219     0.00010822   
  220     0.00015383   
  221     0.00025194   
  222     0.00032875   
  223     0.00024662   
  224     0.00036711   
  225     0.00040293   
  226     0.00012962   
  227     0.00041420   
  228     0.00022212   
  229     0.00022918   
  230     0.00033029   
  231     0.00055035   
  232     0.00044471   
  233     0.00008216   
  234     0.00046134   
  235     0.00042427   
  236     0.00025831   
  237     0.00035370   
  238     0.00036681   
  239     0.00032220   
  240     0.00048386   
  241     0.00036339   
  242     0.00012764   
  243     0.00019428   
  244     0.00116302   
  245     0.00024501   
  246     0.00005884   
  247     0.00001873   
  248     0.00021291   
  249     0.00006522   
  250     0.00055395   
  251     0.00029528   
  252     0.00065289   
  253     0.00010543   
  254     0.00005375   
  255     0.00052460   
  256     0.00073828   
  257     0.00098554   
  258     0.00073493   
  259     0.00045319   
  260     0.00136936   
  261     0.00060490   
  262     0.00031584   
  263     0.00023110   
  264     0.00017697   
  265     0.00007093   
  266     0.00013515   
  267     0.00015716   
  268     0.00013008   
  269     0.00010530   
  270     0.00004278   
  271     0.00044218   
  272     0.00012798   
  273     0.00013876   
  274     0.00083533   
  275     0.00006049   
  276     0.00007368   
  277     0.00008758   
  278     0.00008299   
  279     0.00027474   
  280     0.00016543   
  281     0.00017190   
  282     0.00003864   
  283     0.00028976   
  284     0.00025044   
  285     0.00012042   
  286     0.00054141   
  287     0.00027008   
  288     0.00021527   
  289     0.00063601   
  290     0.00020837   
  291     0.00010579   
  292     0.00014417   
  293     0.00013531   
  294     0.00035761   
  295     0.00018393   
  296     0.00099214   
  297     0.00017591   
  298     0.00108362   
  299     0.00022899   
  300     0.00045807   
  301     0.00007050   
  302     0.00010122   
  303     0.00005776   
  304     0.00021015   
  305     0.00047980   
  306     0.00018299   
  307     0.00020316   
  308     0.00023000   
  309     0.00028138   
  310     0.00049309   
  311     0.00023300   
  312     0.00021926   
  313     0.00018807   
  314     0.00033295   
  315     0.00043145   
  316     0.00043346   
  317     0.00020148   
  318     0.00019430   
  319     0.00022907   
  320     0.00016137   
  321     0.00006933   
  322     0.00006489   
  323     0.00015049   
  324     0.00003607   
  325     0.00001648   
  326     0.00003334   
  327     0.00004154   
  328     0.00000887   
  329     0.00002256   
  330     0.00002153   
  331     0.00002827   
  332     0.00000496   
  333     0.00000520   
  334     0.00003295   
  335     0.00000750   
  336     0.00001129   
  337     0.00002797   
  338     0.00005957   
  339     0.00008210   
  340     0.00016213   
  341     0.00011591   
  342     0.00011442   
  343     0.00027610   
  344     0.00006954   
  345     0.00088542   
  346     0.00033185   
  347     0.00014975   
  348     0.00020611   
  349     0.00017755   
  350     0.00003554   
  351     0.00008986   
  352     0.00009764   
  353     0.00007409   
  354     0.00002039   
  355     0.00001587   
  356     0.00006061   
  357     0.00001950   
  358     0.00000571   
  359     0.00000794   
  360     0.00002772   
  361     0.00003745   
  362     0.00004083   
  363     0.00006221   
  364     0.00000054   
  365     0.00009327   
  366     0.00003534   
  367     0.00037712   
  368     0.00012235   
  369     0.00034645   
  370     0.00011719   
  371     0.00010205   
  372     0.00005213   
  373     0.00015951   
  374     0.00005685   
  375     0.00017437   
  376     0.00006934   
  377     0.00008872   
  378     0.00012621   
  379     0.00010105   
  380     0.00002270   
  381     0.00009546   
  382     0.00006603   
  383     0.00001160   
  384     0.00000447   
  385     0.00002012   
  386     0.00005646   
  387     0.00007257   
  388     0.00006516   
  389     0.00006524   
  390     0.00015140   
  391     0.00011759   
  392     0.00106894   
  393     0.00089252   
  394     0.00016768   
  395     0.00036786   
  396     0.00016056   
  397     0.00060448   
  398     0.00010962   
  399     0.00015113   
  400     0.00003621   
  401     0.00009019   
  402     0.00007724   
  403     0.00004577   
  404     0.00000267   
  405     0.00000251   
  406     0.00000331   
  407     0.00000340   
  408     0.00001768   
  409     0.00001413   
  410     0.00001487   
  411     0.00051319   
  412     0.00087665   
  413     0.00003093   
  414     0.00008859   
  415     0.00017325   
  416     0.00039851   
  417     0.00077705   
  418     0.00119729   
  419     0.00142094   
  420     0.00181056   
  421     0.00245722   
  422     0.00089040   
  423     0.00144025   
  424     0.00137821   
  425     0.00069964   
  426     0.00135377   
  427     0.00064806   
  428     0.00202754   
  429     0.00066265   
  430     0.00001036   
  431     0.00001768   
  432     0.00005081   
  433     0.00073760   
  434     0.00042730   
  435     0.00020373   
  436     0.00497288   
  437     0.00274420   
  438     0.00053944   
  439     0.00059398   
  440     0.00021240   
  441     0.00012283   
  442     0.00032526   
  443     0.00004009   
  444     0.00001588   
  445     0.00000229   
  446     0.00000128   
  447     0.00000231   
  448     0.00005942   
  449     0.00000737   
  450     0.00000215   
  451     0.00000613   
  452     0.00004143   
  453     0.00286149   
  454     0.00157344   
  455     0.00237244   
  456     0.00297037   
  457     0.00143554   
  458     0.00360814   
  459     0.00151533   
  460     0.00026373   
  461     0.00032305   
  462     0.00023194   
  463     0.00008775   
  464     0.00001442   
  465     0.00013475   
  466     0.00005668   
  467     0.00006775   
  468     0.00017606   
  469     0.00006578   
  470     0.00037146   
  471     0.00023628   
  472     0.00082072   
  473     0.00051903   
  474     0.00061090   
  475     0.00112924   
  476     0.00091501   
  477     0.00144525   
  478     0.00104694   
  479     0.00041738   
  480     0.00106999   
  481     0.00026925   
  482     0.00028452   
  483     0.00104798   
  484     0.00088641   
  485     0.00015309   
  486     0.00076690   
  487     0.00038016   
  488     0.00034771   
  489     0.00006591   
  490     0.00005748   
  491     0.00009430   
  492     0.00004831   
  493     0.00003065   
  494     0.00004429   
  495     0.00003945   
  496     0.00000975   
  497     0.00036758   
  498     0.00021365   
  499     0.00053582   
  500     0.00033157   
  501     0.00180081   
  502     0.00152661   
  503     0.00148949   
  504     0.00867199   
  505     0.00885613   
  506     0.00110341   
  507     0.00055014   
  508     0.00007820   
  509     0.00002636   
  510     0.00006964   
  511     0.00003398   
  512     0.00022913   
  513     0.00004475   
  514     0.00009343   
  515     0.00036905   
  516     0.00053924   
  517     0.00107790   
  518     0.00175128   
  519     0.00247378   
  520     0.00343832   
  521     0.00463155   
  522     0.01072340   
  523     0.00293431   
  524     0.00956862   
  525     0.00776167   
  526     0.01886877   
  527     0.00434670   
  528     0.01357320   
  529     0.06963451   
  530     0.01877581   
  531     0.02138796   
  532     0.07163669   
  533     0.03584490   
  534     0.00862772   
  535     0.03357839   
  536     0.03106431   
  537     0.00944536   
  538     0.00540310   
  539     0.01528166   
  540     0.00745910   
  541     0.00201221   
  542     0.00518704   
  543     0.00339821   
  544     0.00155266   
  545     0.00123675   
  546     0.00320131   
  547     0.00132445   
  548     0.00086555   
  549     0.00071541   
  550     0.00071655   
  551     0.00045779   
  552     0.00020312   
  553     0.00101501   
  554     0.00037062   
  555     0.00011386   
  556     0.00018456   
  557     0.00093461   
  558     0.00053113   
  559     0.00034869   
  560     0.00010568   
  561     0.00665393   
  562     0.00057232   
  563     0.00077343   
  564     0.00099992   
  565     0.00102157   
  566     0.00136678   
  567     0.00142346   
  568     0.00345104   
  569     0.00098821   
  570     0.00253043   
  571     0.00270347   
  572     0.00090399   
  573     0.00239895   
  574     0.00313655   
  575     0.00272045   
  576     0.00896221   
  577     0.00104645   
  578     0.00208337   
  579     0.03621132   
  580     0.00209582   
  581     0.02080948   
  582     0.00892524   
  583     0.00222806   
  584     0.01490621   
  585     0.01836981   
  586     0.00435351   
  587     0.00352635   
  588     0.00752516   
  589     0.00506465   
  590     0.00347593   
  591     0.00242937   
  592     0.00314226   
  593     0.00132615   
  594     0.00568583   
  595     0.00193578   
  596     0.00091349   
  597     0.00100567   
  598     0.00340020   
  599     0.00205175   
  600     0.00033395   
  601     0.00028096   
  602     0.00069182   
  603     0.00026881   
  604     0.00013261   
  605     0.00023860   
