    1     0.00059207   
    2     0.00026909   
    3     0.00095828   
    4     0.00234257   
    5     0.00292608   
    6     0.00130089   
    7     0.00061969   
    8     0.00039167   
    9     0.00063290   
   10     0.00025620   
   11     0.00086075   
   12     0.00046704   
   13     0.00027023   
   14     0.00040689   
   15     0.00104868   
   16     0.00119701   
   17     0.00122423   
   18     0.00701600   
   20     0.00592831   
   21     0.00356183   
   22     0.00149978   
   23     0.00197280   
   24     0.00207302   
   25     0.00753387   
   26     0.00225568   
   27     0.00178762   
   28     0.00110235   
   29     0.00125425   
   30     0.00048323   
   31     0.00069584   
   32     0.00050000   
   33     0.00022255   
   34     0.00098331   
   35     0.00074574   
   36     0.00172973   
   37     0.00060303   
   38     0.00058781   
   39     0.00046072   
   40     0.00041558   
   41     0.00158902   
   42     0.00119566   
   43     0.00063482   
   44     0.00048972   
   45     0.00036732   
   46     0.00066815   
   47     0.00067195   
   48     0.00183871   
   49     0.00092628   
   50     0.00081113   
   51     0.00040864   
   52     0.00090067   
   53     0.00010204   
   54     0.00047695   
   55     0.00052149   
   56     0.00027301   
   57     0.00060774   
   58     0.00128613   
   59     0.00085612   
   60     0.00019035   
   61     0.00198343   
   62     0.00251263   
   63     0.00047160   
   64     0.00053468   
   65     0.00064581   
   66     0.00175458   
   67     0.00092052   
   68     0.00158638   
   69     0.00089446   
   70     0.00163019   
   71     0.00106681   
   72     0.00066498   
   73     0.00068013   
   74     0.00031455   
   75     0.00023889   
   76     0.00022345   
   77     0.00056785   
   78     0.00015836   
   79     0.00004476   
   80     0.00011661   
   81     0.00036600   
   82     0.00031126   
   83     0.00046162   
   84     0.00020730   
   85     0.00082981   
   86     0.00044814   
   87     0.00057510   
   88     0.00038438   
   89     0.00189812   
   90     0.00233026   
   91     0.00154847   
   92     0.00121005   
   93     0.00186925   
   94     0.00134109   
   95     0.00227325   
   96     0.00238143   
   97     0.00189313   
   98     0.00247335   
   99     0.00046884   
  100     0.00152342   
  101     0.00036869   
  102     0.00059336   
  103     0.00158087   
  104     0.00491055   
  105     0.00098005   
  106     0.00138028   
  107     0.00461397   
  108     0.00708595   
  109     0.00278262   
  110     0.00557100   
  111     0.00131444   
  112     0.00113840   
  113     0.00062163   
  114     0.00022966   
  115     0.00041080   
  116     0.00017535   
  117     0.00015923   
  118     0.00064038   
  119     0.00043692   
  120     0.00043774   
  121     0.00060228   
  122     0.00150359   
  123     0.00062787   
  124     0.00148559   
  125     0.00096696   
  126     0.00082421   
  127     0.00454113   
  128     0.00062914   
  129     0.00137943   
  130     0.00204189   
  131     0.00094054   
  132     0.00128347   
  133     0.00049911   
  134     0.00111226   
  135     0.00124114   
  136     0.00161102   
  137     0.00054314   
  138     0.00061385   
  139     0.00046145   
  140     0.00031249   
  141     0.00035449   
  142     0.00037031   
  143     0.00021380   
  144     0.00058975   
  145     0.00030957   
  146     0.00054944   
  147     0.00261380   
  148     0.00242952   
  149     0.00099647   
  150     0.00022790   
  151     0.00156627   
  152     0.00106621   
  153     0.00073668   
  154     0.00035560   
  155     0.00026851   
  156     0.00046327   
  157     0.00019182   
  158     0.00009426   
  159     0.00011058   
  160     0.00025192   
  161     0.00047992   
  162     0.00071976   
  163     0.00069172   
  164     0.00038374   
  165     0.00030778   
  166     0.00131503   
  167     0.00055841   
  168     0.00072379   
  169     0.00147107   
  170     0.00108345   
  171     0.00044386   
  172     0.00079279   
  173     0.00090932   
  174     0.00025851   
  175     0.00093458   
  176     0.00605230   
  177     0.00047962   
  178     0.00306690   
  179     0.01390682   
  180     0.00281577   
  181     0.00915445   
  182     0.00538633   
  183     0.00428459   
  184     0.01315534   
  185     0.00194667   
  186     0.00282945   
  187     0.00302420   
  188     0.02262226   
  189     0.00712194   
  190     0.00565375   
  191     0.00090459   
  192     0.00076928   
  193     0.00090516   
  194     0.00050999   
  195     0.00058191   
  196     0.00050658   
  197     0.00097105   
  198     0.00103384   
  199     0.00038467   
  200     0.00011160   
  201     0.00016375   
  202     0.00086435   
  203     0.00071987   
  204     0.00422891   
  205     0.00144020   
  206     0.00487432   
  207     0.00881529   
  208     0.00720864   
  209     0.00301858   
  210     0.00517361   
  211     0.00150801   
  212     0.00320498   
  213     0.00422618   
  214     0.00485414   
  215     0.00348796   
  216     0.00337412   
  217     0.00580194   
  218     0.00252496   
  219     0.00330823   
  220     0.00222340   
  221     0.00237189   
  222     0.00131831   
  223     0.00023634   
  224     0.00058002   
  225     0.00013436   
  226     0.00028967   
  227     0.00077032   
  228     0.00017470   
  229     0.00030695   
  230     0.00079009   
  231     0.00042480   
  232     0.00176824   
  233     0.00045230   
  234     0.00062361   
  235     0.00111904   
  236     0.00103764   
  237     0.00350445   
  238     0.00060897   
  239     0.00202369   
  240     0.00528487   
  241     0.00636754   
  242     0.00135827   
  243     0.00402470   
  244     0.00739915   
  245     0.00527617   
  246     0.00299342   
  247     0.00072531   
  248     0.00126709   
  249     0.00238671   
  250     0.00402918   
  251     0.00680696   
  252     0.00750893   
  253     0.00468255   
  254     0.00258024   
  255     0.00425867   
  256     0.00330919   
  257     0.00178400   
  258     0.00161478   
  259     0.00267929   
  260     0.00106339   
  261     0.00096099   
  262     0.00230032   
  263     0.00160985   
  264     0.00038905   
  265     0.00100979   
  266     0.00158852   
  267     0.00078468   
  268     0.00054946   
  269     0.00120124   
  270     0.00244475   
  271     0.00089333   
  272     0.00052956   
  273     0.00174523   
  274     0.00165868   
  275     0.00044979   
  276     0.00039911   
  277     0.00025115   
  278     0.00045553   
  279     0.00050778   
  280     0.00033888   
  281     0.00268060   
  282     0.00045844   
  283     0.00351204   
  284     0.00335398   
  285     0.00190205   
  286     0.00593589   
  287     0.00388720   
  288     0.00277599   
  289     0.00304380   
  290     0.00107105   
  291     0.00190621   
  292     0.00148387   
  293     0.00518641   
  294     0.00378630   
  295     0.00131919   
  296     0.00454163   
  297     0.00078635   
  298     0.00289679   
  299     0.00019747   
  300     0.00073487   
  301     0.00055060   
  302     0.00113495   
  303     0.00032693   
  304     0.00104000   
  305     0.00305007   
  306     0.00237307   
  307     0.00059015   
  308     0.00173350   
  309     0.00115286   
  310     0.00226013   
  311     0.00035907   
  312     0.00080831   
  313     0.00100146   
  314     0.00123742   
  315     0.00065664   
  316     0.00059365   
  317     0.00189571   
  318     0.00034691   
  319     0.00033611   
  320     0.00098473   
  321     0.00040664   
  322     0.00061257   
  323     0.00068341   
  324     0.00204677   
  325     0.00026750   
  326     0.00331553   
  327     0.00202909   
  328     0.00034017   
  329     0.00177322   
  330     0.00138279   
  331     0.00124461   
  332     0.00118760   
  333     0.00059704   
  334     0.00682115   
  335     0.00270154   
  336     0.01685014   
  337     0.00335590   
  338     0.00674496   
  339     0.00136030   
  340     0.00095637   
  341     0.00045935   
  342     0.00038529   
  343     0.00071120   
  344     0.00120114   
  345     0.00172139   
  346     0.00383199   
  347     0.00147321   
  348     0.00156863   
  349     0.00145674   
  350     0.00266631   
  351     0.00163204   
  352     0.00199411   
  353     0.00107071   
  354     0.00087046   
  355     0.00095839   
  356     0.00110925   
  357     0.00074335   
  358     0.00063999   
  359     0.00542144   
  360     0.00415956   
  361     0.00399150   
  362     0.00112282   
  363     0.00196110   
  364     0.00007984   
  365     0.00230817   
  366     0.00105479   
  367     0.00067300   
  368     0.00080972   
  369     0.00251030   
  370     0.00202150   
  371     0.00131470   
  372     0.00104013   
  373     0.00304841   
  374     0.00179832   
  375     0.00095506   
  376     0.00106410   
  377     0.00777657   
  378     0.00057557   
  379     0.00250977   
  380     0.00268509   
  381     0.00691674   
  382     0.00264285   
  383     0.00172152   
  384     0.00206180   
  385     0.00082841   
  386     0.00351081   
  387     0.00454749   
  388     0.00305180   
  389     0.00381780   
  390     0.00142864   
  391     0.00243609   
  392     0.00669549   
  393     0.00703219   
  394     0.00697680   
  395     0.00871417   
  396     0.00269696   
  397     0.00591319   
  398     0.00170600   
  399     0.00142942   
  400     0.00097387   
  401     0.00133315   
  402     0.00064507   
  403     0.00066766   
  404     0.00064495   
  405     0.00051757   
  406     0.00052733   
  407     0.00056969   
  408     0.00076806   
  409     0.00066740   
  410     0.00201714   
  411     0.00532840   
  412     0.00295108   
  413     0.00145349   
  414     0.00917302   
  415     0.00836611   
  416     0.00537333   
  417     0.00500215   
  418     0.00181212   
  419     0.00114349   
  420     0.00258209   
  421     0.00135281   
  422     0.00092518   
  423     0.00136060   
  424     0.00185898   
  425     0.00165376   
  426     0.00240818   
  427     0.00081117   
  428     0.00093486   
  429     0.00027191   
  430     0.00011530   
  431     0.00011227   
  432     0.00052838   
  433     0.00150016   
  434     0.00242703   
  435     0.00099122   
  436     0.00545963   
  437     0.00193242   
  438     0.00252188   
  439     0.00052719   
  440     0.00060074   
  441     0.00075720   
  442     0.00348255   
  443     0.00360328   
  444     0.01004606   
  445     0.00100429   
  446     0.00100914   
  447     0.00090769   
  448     0.00119092   
  449     0.00048923   
  450     0.00091822   
  451     0.00087246   
  452     0.00135140   
  453     0.00147859   
  454     0.00130864   
  455     0.00085240   
  456     0.00056542   
  457     0.00074508   
  458     0.00215155   
  459     0.00484301   
  460     0.00087254   
  461     0.00129467   
  462     0.00146915   
  463     0.00023448   
  464     0.00008529   
  465     0.00041306   
  466     0.00016586   
  467     0.00014071   
  468     0.00047623   
  469     0.00008310   
  470     0.00121038   
  471     0.00105507   
  472     0.00358241   
  473     0.00101780   
  474     0.00175996   
  475     0.00176529   
  476     0.01108553   
  477     0.00224381   
  478     0.00271219   
  479     0.00060569   
  480     0.00044277   
  481     0.00257978   
  482     0.00172624   
  483     0.00272027   
  484     0.00239906   
  485     0.00189298   
  486     0.00157784   
  487     0.00216424   
  488     0.00206119   
  489     0.00252143   
  490     0.00234051   
  491     0.00181932   
  492     0.00115121   
  493     0.00187219   
  494     0.00195407   
  495     0.00097523   
  496     0.00020544   
  497     0.00298758   
  498     0.00082755   
  499     0.00196478   
  500     0.00088447   
  501     0.00052768   
  502     0.00083557   
  503     0.00113336   
  504     0.00067414   
  505     0.00100303   
  506     0.00066134   
  507     0.00081761   
  508     0.00034445   
  509     0.00026931   
  510     0.00029523   
  511     0.00053121   
  512     0.00051542   
  513     0.00025548   
  514     0.00053529   
  515     0.00065434   
  516     0.00039789   
  517     0.00028344   
  518     0.00077358   
  519     0.00062476   
  520     0.00064481   
  521     0.00051863   
  522     0.00089406   
  523     0.00132217   
  524     0.00041156   
  525     0.00028099   
  526     0.00131474   
  527     0.00125646   
  528     0.00041635   
  529     0.00059577   
  530     0.00027306   
  531     0.00130756   
  532     0.00078782   
  533     0.00022651   
  534     0.00031715   
  535     0.00035681   
  536     0.00163053   
  537     0.00029701   
  538     0.00015625   
  539     0.00025016   
  540     0.00060038   
  541     0.00016493   
  542     0.00034419   
  543     0.00027518   
  544     0.00027088   
  545     0.00039807   
  546     0.00038391   
  547     0.00029077   
  548     0.00016331   
  549     0.00052329   
  550     0.00047793   
  551     0.00021050   
  552     0.00009658   
  553     0.00017335   
  554     0.00039521   
  555     0.00026934   
  556     0.00016450   
  557     0.00047045   
  558     0.00014512   
  559     0.00027814   
  560     0.00038483   
  561     0.00098530   
  562     0.00027878   
  563     0.00045818   
  564     0.00010463   
  565     0.00015816   
  566     0.00059307   
  567     0.00036134   
  568     0.00013660   
  569     0.00030074   
  570     0.00053347   
  571     0.00059708   
  572     0.00021290   
  573     0.00013523   
  574     0.00035725   
  575     0.00070014   
  576     0.00071194   
  577     0.00012775   
  578     0.00027013   
  579     0.00143953   
  580     0.00010135   
  581     0.00017375   
  582     0.00002349   
  583     0.00009841   
  584     0.00027377   
  585     0.00015569   
  586     0.00004543   
  587     0.00009711   
  588     0.00008040   
  589     0.00015848   
  590     0.00005495   
  591     0.00003397   
  592     0.00013594   
  593     0.00006346   
  594     0.00018252   
  595     0.00017695   
  596     0.00003472   
  597     0.00019088   
  598     0.00048645   
  599     0.00057415   
  600     0.00003931   
  601     0.00008828   
  602     0.00020563   
  603     0.00005544   
  604     0.00013817   
  605     0.00009123   
