    1     0.00040431   
    2     0.00087354   
    3     0.00332344   
    4     0.00098582   
    5     0.00087619   
    6     0.00006430   
    7     0.00141817   
    8     0.00065641   
    9     0.00144709   
   10     0.00142947   
   11     0.00091486   
   12     0.00259817   
   13     0.00377094   
   14     0.00159922   
   15     0.00259012   
   16     0.00310052   
   17     0.00125812   
   18     0.00248705   
   20     0.00006984   
   21     0.00038787   
   22     0.00017075   
   23     0.00045563   
   24     0.00052526   
   25     0.00045568   
   26     0.00231556   
   27     0.00395495   
   28     0.00205485   
   29     0.00411590   
   30     0.00105341   
   31     0.00059611   
   32     0.00067562   
   33     0.00013533   
   34     0.00156256   
   35     0.00305738   
   36     0.00596760   
   37     0.00227065   
   38     0.00088010   
   39     0.00090412   
   40     0.00170564   
   41     0.00062242   
   42     0.00135945   
   43     0.00032233   
   44     0.00020737   
   45     0.00030740   
   46     0.00115732   
   47     0.00065747   
   48     0.00158742   
   49     0.00187932   
   50     0.00406266   
   51     0.00268292   
   52     0.00170731   
   53     0.00045874   
   54     0.00035087   
   55     0.00038808   
   56     0.00034104   
   57     0.00058248   
   58     0.00013346   
   59     0.00044970   
   60     0.00008746   
   61     0.00024989   
   62     0.00063706   
   63     0.00013083   
   64     0.00048055   
   65     0.00016907   
   66     0.00053786   
   67     0.00009947   
   68     0.00106723   
   69     0.00018419   
   70     0.00035369   
   71     0.00059065   
   72     0.00026995   
   73     0.00046026   
   74     0.00059155   
   75     0.00121127   
   76     0.00085210   
   77     0.00027292   
   78     0.00015208   
   79     0.00018487   
   80     0.00006268   
   81     0.00097286   
   82     0.00048093   
   83     0.00009200   
   84     0.00003534   
   85     0.00020766   
   86     0.00021963   
   87     0.00025684   
   88     0.00007978   
   89     0.00017535   
   90     0.00100751   
   91     0.00022893   
   92     0.00070298   
   93     0.00021056   
   94     0.00035672   
   95     0.00067560   
   96     0.00067013   
   97     0.00100385   
   98     0.00049461   
   99     0.00051996   
  100     0.00035672   
  101     0.00012585   
  102     0.00011934   
  103     0.00021664   
  104     0.00049454   
  105     0.00105194   
  106     0.00038057   
  107     0.00006550   
  108     0.00029258   
  109     0.00013923   
  110     0.00046154   
  111     0.00104192   
  112     0.00094600   
  113     0.00077888   
  114     0.00416821   
  115     0.00115192   
  116     0.00188715   
  117     0.00174801   
  118     0.00311902   
  119     0.00135867   
  120     0.00212658   
  121     0.01387912   
  122     0.00320179   
  123     0.00345105   
  124     0.00776105   
  125     0.00344957   
  126     0.00375718   
  127     0.00536880   
  128     0.00202404   
  129     0.00321207   
  130     0.00533785   
  131     0.00155890   
  132     0.00244884   
  133     0.00128347   
  134     0.00400422   
  135     0.00252164   
  136     0.00419538   
  137     0.00143185   
  138     0.00115146   
  139     0.00041965   
  140     0.00104760   
  141     0.00062125   
  142     0.00105078   
  143     0.00097470   
  144     0.00037090   
  145     0.00015595   
  146     0.00062945   
  147     0.00114450   
  148     0.00076445   
  149     0.00181538   
  150     0.00060950   
  151     0.00130571   
  152     0.00077463   
  153     0.00069136   
  154     0.00110125   
  155     0.00148131   
  156     0.00084821   
  157     0.00047473   
  158     0.00194034   
  159     0.00257211   
  160     0.00841656   
  161     0.00601412   
  162     0.00774044   
  163     0.00327537   
  164     0.00072681   
  165     0.00138757   
  166     0.00078458   
  167     0.00298451   
  168     0.00153975   
  169     0.00106680   
  170     0.00058541   
  171     0.00047675   
  172     0.00028189   
  173     0.00023824   
  174     0.00042406   
  175     0.00015474   
  176     0.00007889   
  177     0.00012929   
  178     0.00015719   
  179     0.00012266   
  180     0.00007265   
  181     0.00006552   
  182     0.00002433   
  183     0.00001863   
  184     0.00003142   
  185     0.00004755   
  186     0.00002425   
  187     0.00007330   
  188     0.00017963   
  189     0.00010257   
  190     0.00008785   
  191     0.00019456   
  192     0.00008155   
  193     0.00021093   
  194     0.00024235   
  195     0.00063106   
  196     0.00219443   
  197     0.00116061   
  198     0.00082225   
  199     0.00092183   
  200     0.00046120   
  201     0.00033720   
  202     0.00019653   
  203     0.00008142   
  204     0.00020027   
  205     0.00008146   
  206     0.00008489   
  207     0.00009363   
  208     0.00016093   
  209     0.00015920   
  210     0.00029051   
  211     0.00006700   
  212     0.00022063   
  213     0.00021238   
  214     0.00026249   
  215     0.00024526   
  216     0.00017331   
  217     0.00008635   
  218     0.00005725   
  219     0.00005433   
  220     0.00011496   
  221     0.00012692   
  222     0.00015606   
  223     0.00040063   
  224     0.00051462   
  225     0.00044006   
  226     0.00060690   
  227     0.00066206   
  228     0.00014272   
  229     0.00041765   
  230     0.00131501   
  231     0.00056184   
  232     0.00088228   
  233     0.00040186   
  234     0.00045031   
  235     0.00100820   
  236     0.00102335   
  237     0.00035944   
  238     0.00059539   
  239     0.00247789   
  240     0.00059592   
  241     0.00136350   
  242     0.00094843   
  243     0.00095446   
  244     0.00170453   
  245     0.00024262   
  246     0.00052462   
  247     0.00036198   
  248     0.00112858   
  249     0.00024798   
  250     0.00082623   
  251     0.00011397   
  252     0.00119617   
  253     0.00043912   
  254     0.00005933   
  255     0.00019956   
  256     0.00033393   
  257     0.00035625   
  258     0.00052576   
  259     0.00047707   
  260     0.00058338   
  261     0.00069749   
  262     0.00064992   
  263     0.00008541   
  264     0.00053357   
  265     0.00065738   
  266     0.00016084   
  267     0.00051812   
  268     0.00058194   
  269     0.00047279   
  270     0.00070394   
  271     0.00041940   
  272     0.00018690   
  273     0.00027523   
  274     0.00030290   
  275     0.00008819   
  276     0.00007235   
  277     0.00002158   
  278     0.00009851   
  279     0.00017995   
  280     0.00027961   
  281     0.00078968   
  282     0.00027492   
  283     0.00047431   
  284     0.00028109   
  285     0.00027661   
  286     0.00113610   
  287     0.00119766   
  288     0.00030317   
  289     0.00114665   
  290     0.00027464   
  291     0.00009170   
  292     0.00016449   
  293     0.00021321   
  294     0.00062869   
  295     0.00028715   
  296     0.00159131   
  297     0.00031737   
  298     0.00089306   
  299     0.00024516   
  300     0.00020288   
  301     0.00011781   
  302     0.00034679   
  303     0.00008414   
  304     0.00014548   
  305     0.00036868   
  306     0.00042515   
  307     0.00011025   
  308     0.00145224   
  309     0.00017995   
  310     0.00014477   
  311     0.00025610   
  312     0.00047603   
  313     0.00029316   
  314     0.00010898   
  315     0.00030062   
  316     0.00047429   
  317     0.00033806   
  318     0.00004673   
  319     0.00019086   
  320     0.00025745   
  321     0.00004658   
  322     0.00004824   
  323     0.00013280   
  324     0.00019791   
  325     0.00001526   
  326     0.00007135   
  327     0.00012503   
  328     0.00005037   
  329     0.00012775   
  330     0.00011534   
  331     0.00015262   
  332     0.00011575   
  333     0.00003088   
  334     0.00011763   
  335     0.00007989   
  336     0.00005314   
  337     0.00005421   
  338     0.00007366   
  339     0.00009506   
  340     0.00018040   
  341     0.00057730   
  342     0.00042276   
  343     0.00104208   
  344     0.00046169   
  345     0.00016254   
  346     0.00059779   
  347     0.00010192   
  348     0.00044790   
  349     0.00023279   
  350     0.00024488   
  351     0.00011938   
  352     0.00036490   
  353     0.00006971   
  354     0.00004572   
  355     0.00003653   
  356     0.00029249   
  357     0.00015655   
  358     0.00009781   
  359     0.00007283   
  360     0.00003085   
  361     0.00003176   
  362     0.00005086   
  363     0.00004913   
  364     0.00001632   
  365     0.00026062   
  366     0.00028691   
  367     0.00029367   
  368     0.00268002   
  369     0.00106824   
  370     0.00006896   
  371     0.00041072   
  372     0.00095724   
  373     0.00083163   
  374     0.00033622   
  375     0.00081955   
  376     0.00038125   
  377     0.00052115   
  378     0.00104953   
  379     0.00116604   
  380     0.00214573   
  381     0.00040554   
  382     0.00160069   
  383     0.00050465   
  384     0.00033036   
  385     0.00024942   
  386     0.00036581   
  387     0.00029459   
  388     0.00017343   
  389     0.00055087   
  390     0.00039214   
  391     0.00035622   
  392     0.00039406   
  393     0.00017106   
  394     0.00006431   
  395     0.00038809   
  396     0.00011832   
  397     0.00115520   
  398     0.00023422   
  399     0.00037157   
  400     0.00022575   
  401     0.00023341   
  402     0.00097705   
  403     0.00040679   
  404     0.00053061   
  405     0.00077883   
  406     0.00081751   
  407     0.00089979   
  408     0.00060022   
  409     0.00030696   
  410     0.00046435   
  411     0.00011625   
  412     0.00029487   
  413     0.00029035   
  414     0.00029308   
  415     0.00023961   
  416     0.00013388   
  417     0.00011909   
  418     0.00011281   
  419     0.00011134   
  420     0.00013329   
  421     0.00003287   
  422     0.00014018   
  423     0.00004718   
  424     0.00021668   
  425     0.00015574   
  426     0.00017415   
  427     0.00013646   
  428     0.00028321   
  429     0.00008920   
  430     0.00000388   
  431     0.00000495   
  432     0.00000904   
  433     0.00006583   
  434     0.00004772   
  435     0.00007690   
  436     0.00024916   
  437     0.00019035   
  438     0.00054561   
  439     0.00101239   
  440     0.00028207   
  441     0.00019447   
  442     0.00107460   
  443     0.00029838   
  444     0.00069706   
  445     0.00013060   
  446     0.00028536   
  447     0.00010514   
  448     0.00077655   
  449     0.00026290   
  450     0.00002959   
  451     0.00010642   
  452     0.00029113   
  453     0.00109167   
  454     0.00049128   
  455     0.00023637   
  456     0.00037364   
  457     0.00093263   
  458     0.00026108   
  459     0.00079480   
  460     0.00019332   
  461     0.00009894   
  462     0.00007607   
  463     0.00000901   
  464     0.00000478   
  465     0.00001482   
  466     0.00000898   
  467     0.00003101   
  468     0.00002566   
  469     0.00001399   
  470     0.00040971   
  471     0.00023293   
  472     0.00019843   
  473     0.00029508   
  474     0.00028044   
  475     0.00016396   
  476     0.00032748   
  477     0.00015910   
  478     0.00032108   
  479     0.00016436   
  480     0.00084415   
  481     0.00045635   
  482     0.00035088   
  483     0.00031991   
  484     0.00020010   
  485     0.00005864   
  486     0.00031394   
  487     0.00009580   
  488     0.00020294   
  489     0.00115223   
  490     0.00079292   
  491     0.00046679   
  492     0.00081145   
  493     0.00080058   
  494     0.00121323   
  495     0.00076435   
  496     0.00013070   
  497     0.00112844   
  498     0.00023689   
  499     0.00052162   
  500     0.00011461   
  501     0.00010577   
  502     0.00005350   
  503     0.00035802   
  504     0.00037967   
  505     0.00276525   
  506     0.00412074   
  507     0.00528493   
  508     0.00377463   
  509     0.00200159   
  510     0.00377544   
  511     0.00461685   
  512     0.01325360   
  513     0.00401055   
  514     0.00496585   
  515     0.00170704   
  516     0.00450617   
  517     0.00078454   
  518     0.00324756   
  519     0.00398617   
  520     0.00296749   
  521     0.00146223   
  522     0.00092458   
  523     0.00902172   
  524     0.00228236   
  525     0.00295415   
  526     0.00129278   
  527     0.00117894   
  528     0.00416549   
  529     0.00380431   
  530     0.00209828   
  531     0.00549825   
  532     0.00188137   
  533     0.00227609   
  534     0.00427571   
  535     0.00279478   
  536     0.00515983   
  537     0.00555629   
  538     0.00367039   
  539     0.00356924   
  540     0.00845167   
  541     0.00782522   
  542     0.00375839   
  543     0.00518585   
  544     0.00726605   
  545     0.01066399   
  546     0.00727284   
  547     0.00769888   
  548     0.01228874   
  549     0.00449786   
  550     0.01872696   
  551     0.02291967   
  552     0.00358349   
  553     0.03084843   
  554     0.06028913   
  555     0.03041355   
  556     0.01930989   
  557     0.04248345   
  558     0.00280504   
  559     0.01689678   
  560     0.00512656   
  561     0.00959741   
  562     0.00670306   
  563     0.00374430   
  564     0.00480326   
  565     0.00166969   
  566     0.00238139   
  567     0.00089128   
  568     0.00097462   
  569     0.00045229   
  570     0.00034366   
  571     0.00088723   
  572     0.00065526   
  573     0.00089873   
  574     0.00024411   
  575     0.00090069   
  576     0.00199008   
  577     0.00021548   
  578     0.00042868   
  579     0.00410525   
  580     0.00019329   
  581     0.00279207   
  582     0.00035240   
  583     0.00068301   
  584     0.00123912   
  585     0.00065985   
  586     0.00151477   
  587     0.00102706   
  588     0.00026632   
  589     0.00076490   
  590     0.00285717   
  591     0.00090201   
  592     0.00164694   
  593     0.00073761   
  594     0.00583407   
  595     0.00859104   
  596     0.00699801   
  597     0.00307020   
  598     0.04622360   
  599     0.01382089   
  600     0.00756958   
  601     0.00512033   
  602     0.01838445   
  603     0.00344953   
  604     0.00248368   
  605     0.00247716   
