    1     0.00160015   
    2     0.00131722   
    3     0.00830153   
    4     0.00159494   
    5     0.00069322   
    6     0.00011842   
    7     0.00021915   
    8     0.00005811   
    9     0.00012798   
   10     0.00018938   
   11     0.00066056   
   12     0.00048077   
   13     0.00022485   
   14     0.00014815   
   15     0.00009063   
   16     0.00025091   
   17     0.00030282   
   18     0.00348466   
   20     0.00184850   
   21     0.00921641   
   22     0.00319477   
   23     0.00202445   
   24     0.00194596   
   25     0.00070698   
   26     0.00082704   
   27     0.00091995   
   28     0.00230441   
   29     0.00225244   
   30     0.00361965   
   31     0.00125490   
   32     0.00166768   
   33     0.00026302   
   34     0.00048943   
   35     0.00014514   
   36     0.00055473   
   37     0.00060436   
   38     0.00043662   
   39     0.00031940   
   40     0.00078147   
   41     0.00054408   
   42     0.00301297   
   43     0.00138763   
   44     0.00219212   
   45     0.00427985   
   46     0.00381129   
   47     0.00211218   
   48     0.00233401   
   49     0.00242921   
   50     0.00060780   
   51     0.00038167   
   52     0.00064021   
   53     0.00012083   
   54     0.00021827   
   55     0.00017674   
   56     0.00013180   
   57     0.00010388   
   58     0.00020111   
   59     0.00028407   
   60     0.00015677   
   61     0.00042690   
   62     0.00450302   
   63     0.00153039   
   64     0.00211240   
   65     0.00073813   
   66     0.00105909   
   67     0.00142162   
   68     0.00046093   
   69     0.00063163   
   70     0.00062281   
   71     0.00078946   
   72     0.00233203   
   73     0.00058481   
   74     0.00093400   
   75     0.00225305   
   76     0.00127320   
   77     0.00063850   
   78     0.00038116   
   79     0.00034687   
   80     0.00007522   
   81     0.00146077   
   82     0.00205361   
   83     0.00032713   
   84     0.00048891   
   85     0.00436574   
   86     0.00219878   
   87     0.00209493   
   88     0.00166040   
   89     0.00201150   
   90     0.00275654   
   91     0.00442497   
   92     0.00436550   
   93     0.00665798   
   94     0.00254252   
   95     0.00073148   
   96     0.00302783   
   97     0.00071539   
   98     0.00597264   
   99     0.00087650   
  100     0.00107324   
  101     0.00050700   
  102     0.00317873   
  103     0.00741368   
  104     0.04183248   
  105     0.01360725   
  106     0.01521884   
  107     0.04655079   
  108     0.06248628   
  109     0.01904968   
  110     0.04472049   
  111     0.00559932   
  112     0.00560182   
  113     0.00204452   
  114     0.01172863   
  115     0.00418577   
  116     0.00202704   
  117     0.00061011   
  118     0.00147772   
  119     0.00039312   
  120     0.00113200   
  121     0.00134556   
  122     0.00079469   
  123     0.00063693   
  124     0.00095502   
  125     0.00103613   
  126     0.00139112   
  127     0.00204600   
  128     0.00060792   
  129     0.00154982   
  130     0.00050269   
  131     0.00286738   
  132     0.00085297   
  133     0.00058539   
  134     0.00265750   
  135     0.00227444   
  136     0.00268599   
  137     0.00326637   
  138     0.00087669   
  139     0.00026610   
  140     0.00067137   
  141     0.00028222   
  142     0.00020032   
  143     0.00014082   
  144     0.00015959   
  145     0.00017407   
  146     0.00075391   
  147     0.00270959   
  148     0.00131194   
  149     0.00096811   
  150     0.00109157   
  151     0.00136996   
  152     0.00233506   
  153     0.00061229   
  154     0.00055891   
  155     0.00108692   
  156     0.00089773   
  157     0.00040047   
  158     0.00111046   
  159     0.00167892   
  160     0.00353232   
  161     0.00113631   
  162     0.00871152   
  163     0.00219943   
  164     0.00117761   
  165     0.00101909   
  166     0.00053565   
  167     0.00200419   
  168     0.00118593   
  169     0.00088095   
  170     0.00019716   
  171     0.00012534   
  172     0.00032993   
  173     0.00074179   
  174     0.00062438   
  175     0.00064404   
  176     0.00161840   
  177     0.00233189   
  178     0.00114087   
  179     0.00423584   
  180     0.00716324   
  181     0.00246260   
  182     0.00233826   
  183     0.00135454   
  184     0.00187733   
  185     0.00232677   
  186     0.00125070   
  187     0.00071466   
  188     0.00096032   
  189     0.00054229   
  190     0.00096732   
  191     0.00033932   
  192     0.00016966   
  193     0.00019857   
  194     0.00011120   
  195     0.00021846   
  196     0.00009798   
  197     0.00019571   
  198     0.00021114   
  199     0.00030868   
  200     0.00013880   
  201     0.00009912   
  202     0.00019946   
  203     0.00020902   
  204     0.00059729   
  205     0.00105349   
  206     0.00067662   
  207     0.00123891   
  208     0.00065443   
  209     0.00303146   
  210     0.00234130   
  211     0.00865287   
  212     0.00390653   
  213     0.00960947   
  214     0.00712786   
  215     0.00322892   
  216     0.00353650   
  217     0.00126470   
  218     0.00101642   
  219     0.00081021   
  220     0.00098884   
  221     0.00062859   
  222     0.00019571   
  223     0.00008515   
  224     0.00007982   
  225     0.00019845   
  226     0.00014699   
  227     0.00034789   
  228     0.00015184   
  229     0.00011964   
  230     0.00020006   
  231     0.00025392   
  232     0.00060237   
  233     0.00014359   
  234     0.00011898   
  235     0.00014543   
  236     0.00025970   
  237     0.00012945   
  238     0.00006530   
  239     0.00010950   
  240     0.00027694   
  241     0.00032218   
  242     0.00010383   
  243     0.00008604   
  244     0.00051002   
  245     0.00046954   
  246     0.00011192   
  247     0.00003550   
  248     0.00043541   
  249     0.00023777   
  250     0.00052255   
  251     0.00062675   
  252     0.00097325   
  253     0.00024744   
  254     0.00012945   
  255     0.00024240   
  256     0.00134408   
  257     0.00134759   
  258     0.00075336   
  259     0.00108424   
  260     0.00173115   
  261     0.00068659   
  262     0.00091880   
  263     0.00014129   
  264     0.00022069   
  265     0.00069337   
  266     0.00011321   
  267     0.00012856   
  268     0.00013122   
  269     0.00035934   
  270     0.00037514   
  271     0.00023835   
  272     0.00012742   
  273     0.00013901   
  274     0.00042188   
  275     0.00006981   
  276     0.00006332   
  277     0.00003799   
  278     0.00004543   
  279     0.00012738   
  280     0.00023601   
  281     0.00091647   
  282     0.00029105   
  283     0.00104916   
  284     0.00033288   
  285     0.00021194   
  286     0.00193702   
  287     0.00052219   
  288     0.00039789   
  289     0.00041582   
  290     0.00010803   
  291     0.00014727   
  292     0.00010739   
  293     0.00021478   
  294     0.00046450   
  295     0.00017067   
  296     0.00059002   
  297     0.00008250   
  298     0.00062687   
  299     0.00025636   
  300     0.00025153   
  301     0.00013365   
  302     0.00044439   
  303     0.00011572   
  304     0.00008627   
  305     0.00072016   
  306     0.00018002   
  307     0.00005665   
  308     0.00022646   
  309     0.00022846   
  310     0.00015311   
  311     0.00004368   
  312     0.00034903   
  313     0.00045645   
  314     0.00009418   
  315     0.00012260   
  316     0.00022240   
  317     0.00089692   
  318     0.00008877   
  319     0.00006998   
  320     0.00067278   
  321     0.00020668   
  322     0.00022646   
  323     0.00009754   
  324     0.00065912   
  325     0.00053038   
  326     0.00037198   
  327     0.00081695   
  328     0.00038306   
  329     0.00090831   
  330     0.00053029   
  331     0.00063000   
  332     0.00028587   
  333     0.00034230   
  334     0.00036339   
  335     0.00016133   
  336     0.00029486   
  337     0.00010372   
  338     0.00060194   
  339     0.00010662   
  340     0.00010931   
  341     0.00011372   
  342     0.00011953   
  343     0.00019347   
  344     0.00014582   
  345     0.00029459   
  346     0.00049965   
  347     0.00018502   
  348     0.00040383   
  349     0.00019986   
  350     0.00015450   
  351     0.00013388   
  352     0.00068992   
  353     0.00006795   
  354     0.00002836   
  355     0.00004511   
  356     0.00079349   
  357     0.00027018   
  358     0.00026716   
  359     0.00013885   
  360     0.00006942   
  361     0.00010453   
  362     0.00015736   
  363     0.00009243   
  364     0.00020435   
  365     0.00016722   
  366     0.00004547   
  367     0.00017424   
  368     0.00010858   
  369     0.00051792   
  370     0.00029625   
  371     0.00018831   
  372     0.00009277   
  373     0.00032198   
  374     0.00037559   
  375     0.00060417   
  376     0.00036003   
  377     0.00080029   
  378     0.00270296   
  379     0.00152697   
  380     0.01133096   
  381     0.00321544   
  382     0.00265850   
  383     0.00476281   
  384     0.00135711   
  385     0.00267801   
  386     0.01172712   
  387     0.00456443   
  388     0.00644152   
  389     0.00775727   
  390     0.00510051   
  391     0.00299017   
  392     0.00386622   
  393     0.00132899   
  394     0.00022459   
  395     0.00143058   
  396     0.00030050   
  397     0.00144816   
  398     0.00027041   
  399     0.00122088   
  400     0.00086315   
  401     0.00087261   
  402     0.00116303   
  403     0.00070515   
  404     0.00004492   
  405     0.00087606   
  406     0.00100759   
  407     0.00049809   
  408     0.00029417   
  409     0.00018012   
  410     0.00039767   
  411     0.00259718   
  412     0.00251302   
  413     0.00063621   
  414     0.00150611   
  415     0.00110515   
  416     0.00033111   
  417     0.00039183   
  418     0.00107003   
  419     0.00141484   
  420     0.00096007   
  421     0.00153893   
  422     0.00135126   
  423     0.00171771   
  424     0.00285091   
  425     0.00132071   
  426     0.00371851   
  427     0.00062367   
  428     0.00069262   
  429     0.00003297   
  430     0.00005266   
  431     0.00003947   
  432     0.00004500   
  433     0.00009387   
  434     0.00009637   
  435     0.00044225   
  436     0.00370060   
  437     0.00215473   
  438     0.00318002   
  439     0.00078310   
  440     0.00115456   
  441     0.00045579   
  442     0.00088395   
  443     0.00023579   
  444     0.00067955   
  445     0.00006831   
  446     0.00029627   
  447     0.00013597   
  448     0.00144005   
  449     0.00041401   
  450     0.00012685   
  451     0.00010936   
  452     0.00129868   
  453     0.00056483   
  454     0.00258531   
  455     0.00123330   
  456     0.00068094   
  457     0.00316063   
  458     0.00138585   
  459     0.00332818   
  460     0.00087746   
  461     0.00014230   
  462     0.00032346   
  463     0.00004643   
  464     0.00001856   
  465     0.00003809   
  466     0.00007441   
  467     0.00011547   
  468     0.00037652   
  469     0.00020299   
  470     0.00127535   
  471     0.00065782   
  472     0.00258447   
  473     0.00145231   
  474     0.00262067   
  475     0.00349952   
  476     0.00774524   
  477     0.00384241   
  478     0.00248445   
  479     0.00047079   
  480     0.00108869   
  481     0.00102697   
  482     0.00111102   
  483     0.00220958   
  484     0.00129840   
  485     0.00191686   
  486     0.00710228   
  487     0.00238798   
  488     0.00161867   
  489     0.00115388   
  490     0.00121080   
  491     0.00060374   
  492     0.00046743   
  493     0.00046405   
  494     0.00078324   
  495     0.00041035   
  496     0.00027962   
  497     0.00080533   
  498     0.00027929   
  499     0.00183953   
  500     0.00067923   
  501     0.00021315   
  502     0.00024394   
  503     0.00242510   
  504     0.00164757   
  505     0.00391249   
  506     0.00174335   
  507     0.01330389   
  508     0.00440761   
  509     0.00233742   
  510     0.00321686   
  511     0.00809969   
  512     0.00147593   
  513     0.00405080   
  514     0.00306457   
  515     0.00565593   
  516     0.00842775   
  517     0.00488975   
  518     0.00501603   
  519     0.00172572   
  520     0.00344752   
  521     0.00149589   
  522     0.00269239   
  523     0.00094002   
  524     0.00083074   
  525     0.00244581   
  526     0.00296362   
  527     0.00173037   
  528     0.00106604   
  529     0.00232474   
  530     0.00093036   
  531     0.00328788   
  532     0.00090259   
  533     0.00149871   
  534     0.00186702   
  535     0.00114893   
  536     0.00245176   
  537     0.00114185   
  538     0.00092256   
  539     0.00068169   
  540     0.00122851   
  541     0.00074155   
  542     0.00169566   
  543     0.00061942   
  544     0.00079804   
  545     0.00191722   
  546     0.00122026   
  547     0.00106933   
  548     0.00068318   
  549     0.00151388   
  550     0.00227188   
  551     0.00059305   
  552     0.00047714   
  553     0.00018389   
  554     0.00126254   
  555     0.00104759   
  556     0.00034442   
  557     0.00184471   
  558     0.00047357   
  559     0.00075986   
  560     0.00112055   
  561     0.00311127   
  562     0.00057084   
  563     0.00104505   
  564     0.00019469   
  565     0.00054166   
  566     0.00118961   
  567     0.00052232   
  568     0.00016688   
  569     0.00068766   
  570     0.00073563   
  571     0.00076268   
  572     0.00023073   
  573     0.00017359   
  574     0.00039433   
  575     0.00065647   
  576     0.00147168   
  577     0.00019839   
  578     0.00007338   
  579     0.00393178   
  580     0.00018604   
  581     0.00070502   
  582     0.00015333   
  583     0.00010225   
  584     0.00061688   
  585     0.00084826   
  586     0.00029341   
  587     0.00020247   
  588     0.00036618   
  589     0.00073850   
  590     0.00051014   
  591     0.00030403   
  592     0.00049632   
  593     0.00021265   
  594     0.00089526   
  595     0.00084012   
  596     0.00016065   
  597     0.00081696   
  598     0.00195111   
  599     0.00262971   
  600     0.00064960   
  601     0.00041314   
  602     0.00048255   
  603     0.00029595   
  604     0.00041231   
  605     0.00027241   
