    1     0.00180111   
    2     0.00152414   
    3     0.00238420   
    4     0.00249233   
    5     0.00503796   
    6     0.00149695   
    7     0.00237614   
    8     0.00058460   
    9     0.00138254   
   10     0.00037305   
   11     0.00049472   
   12     0.00065908   
   13     0.00254729   
   14     0.00123145   
   15     0.00092044   
   16     0.00436180   
   17     0.00082793   
   18     0.01669702   
   20     0.01223009   
   21     0.00479550   
   22     0.00504198   
   23     0.00609236   
   24     0.00747383   
   25     0.01076473   
   26     0.00260851   
   27     0.00286291   
   28     0.01284539   
   29     0.01427387   
   30     0.02678277   
   31     0.00647668   
   32     0.01268371   
   33     0.00145916   
   34     0.00189035   
   35     0.00169593   
   36     0.00485370   
   37     0.00094762   
   38     0.00105248   
   39     0.00113171   
   40     0.00159968   
   41     0.00144402   
   42     0.00174234   
   43     0.00151760   
   44     0.00113916   
   45     0.00173889   
   46     0.00143371   
   47     0.00229702   
   48     0.00138085   
   49     0.00327915   
   50     0.00149156   
   51     0.00051426   
   52     0.00184407   
   53     0.00007347   
   54     0.00057041   
   55     0.00019347   
   56     0.00013135   
   57     0.00027908   
   58     0.00062197   
   59     0.00056882   
   60     0.00019717   
   61     0.00123554   
   62     0.00198430   
   63     0.00061242   
   64     0.00094607   
   65     0.00131158   
   66     0.00311601   
   67     0.00122368   
   68     0.00108432   
   69     0.00070063   
   70     0.00170355   
   71     0.00139934   
   72     0.00282659   
   73     0.00089551   
   74     0.00122669   
   75     0.00191767   
   76     0.00066431   
   77     0.00145105   
   78     0.00037495   
   79     0.00026494   
   80     0.00031088   
   81     0.00158235   
   82     0.00112319   
   83     0.00149172   
   84     0.00096486   
   85     0.00207469   
   86     0.00219696   
   87     0.00311686   
   88     0.00123579   
   89     0.00335203   
   90     0.00199173   
   91     0.00123356   
   92     0.00125074   
   93     0.00160709   
   94     0.00216170   
   95     0.00094904   
   96     0.00128548   
   97     0.00070791   
   98     0.00248338   
   99     0.00042918   
  100     0.00055489   
  101     0.00026322   
  102     0.00017575   
  103     0.00098253   
  104     0.00143723   
  105     0.00086325   
  106     0.00088795   
  107     0.00027401   
  108     0.00017982   
  109     0.00042741   
  110     0.00037550   
  111     0.00062523   
  112     0.00148748   
  113     0.00054981   
  114     0.00511484   
  115     0.00110162   
  116     0.00123952   
  117     0.00016615   
  118     0.00064942   
  119     0.00096542   
  120     0.00110202   
  121     0.00099865   
  122     0.00189156   
  123     0.00233990   
  124     0.00450728   
  125     0.00162413   
  126     0.00889398   
  127     0.00547015   
  128     0.00122420   
  129     0.00640942   
  130     0.00044801   
  131     0.00077303   
  132     0.00047433   
  133     0.00058393   
  134     0.00091240   
  135     0.00259611   
  136     0.00354338   
  137     0.00342645   
  138     0.00378331   
  139     0.00098597   
  140     0.00253267   
  141     0.00186008   
  142     0.00126794   
  143     0.00059918   
  144     0.00144627   
  145     0.00076962   
  146     0.00093483   
  147     0.00143536   
  148     0.00163050   
  149     0.00542881   
  150     0.00122447   
  151     0.00180736   
  152     0.00224710   
  153     0.00326061   
  154     0.00247857   
  155     0.00139345   
  156     0.00196513   
  157     0.00039052   
  158     0.00196319   
  159     0.00165643   
  160     0.00338047   
  161     0.00095771   
  162     0.00648606   
  163     0.00348445   
  164     0.00102654   
  165     0.00078372   
  166     0.00118566   
  167     0.00198491   
  168     0.00106196   
  169     0.00061419   
  170     0.00054621   
  171     0.00096831   
  172     0.00221077   
  173     0.00419694   
  174     0.00108717   
  175     0.00107305   
  176     0.00271764   
  177     0.00166293   
  178     0.00325065   
  179     0.00137652   
  180     0.00218262   
  181     0.00100947   
  182     0.00020404   
  183     0.00043861   
  184     0.00114729   
  185     0.00084519   
  186     0.00040760   
  187     0.00033724   
  188     0.00329241   
  189     0.00145587   
  190     0.00153052   
  191     0.00061907   
  192     0.00083507   
  193     0.00032418   
  194     0.00032547   
  195     0.00124856   
  196     0.00052478   
  197     0.00091979   
  198     0.00136060   
  199     0.00030778   
  200     0.00031142   
  201     0.00035389   
  202     0.00046939   
  203     0.00130387   
  204     0.00315979   
  205     0.00227252   
  206     0.00121660   
  207     0.00145932   
  208     0.00034670   
  209     0.00070967   
  210     0.00096814   
  211     0.00124748   
  212     0.00245185   
  213     0.00668024   
  214     0.00134073   
  215     0.00120052   
  216     0.00183190   
  217     0.00230373   
  218     0.00324130   
  219     0.00247714   
  220     0.00057015   
  221     0.00132828   
  222     0.00050430   
  223     0.00059336   
  224     0.00042703   
  225     0.00036734   
  226     0.00013505   
  227     0.00042133   
  228     0.00069983   
  229     0.00061294   
  230     0.00087403   
  231     0.00204428   
  232     0.00172882   
  233     0.00056165   
  234     0.00139712   
  235     0.00078155   
  236     0.00199719   
  237     0.00063231   
  238     0.00165659   
  239     0.00228161   
  240     0.00610714   
  241     0.00477630   
  242     0.00079730   
  243     0.00469530   
  244     0.00272570   
  245     0.00129042   
  246     0.00257184   
  247     0.00178013   
  248     0.00291519   
  249     0.00083825   
  250     0.00065427   
  251     0.00181187   
  252     0.00132776   
  253     0.00139401   
  254     0.00293801   
  255     0.00186443   
  256     0.00072834   
  257     0.00054286   
  258     0.00035941   
  259     0.00454103   
  260     0.00178505   
  261     0.00061043   
  262     0.00126205   
  263     0.00148929   
  264     0.00132780   
  265     0.00092495   
  266     0.00075379   
  267     0.00075299   
  268     0.00085163   
  269     0.00085916   
  270     0.00051455   
  271     0.00037023   
  272     0.00053576   
  273     0.00063694   
  274     0.00096287   
  275     0.00091527   
  276     0.00035512   
  277     0.00019203   
  278     0.00018748   
  279     0.00026572   
  280     0.00019746   
  281     0.00158739   
  282     0.00034770   
  283     0.00054130   
  284     0.00029392   
  285     0.00013030   
  286     0.00011826   
  287     0.00051980   
  288     0.00001421   
  289     0.00003497   
  290     0.00000939   
  291     0.00002482   
  292     0.00002072   
  293     0.00010445   
  294     0.00004462   
  295     0.00007761   
  296     0.00248345   
  297     0.00060688   
  298     0.00192801   
  299     0.00035200   
  300     0.00021257   
  301     0.00037965   
  302     0.00083337   
  303     0.00039793   
  304     0.00037255   
  305     0.00236236   
  306     0.00336108   
  307     0.00099112   
  308     0.00133581   
  309     0.00149756   
  310     0.00460281   
  311     0.00101601   
  312     0.00199527   
  313     0.00214144   
  314     0.00116806   
  315     0.00254310   
  316     0.00111434   
  317     0.00079947   
  318     0.00178831   
  319     0.00153622   
  320     0.00151040   
  321     0.00063735   
  322     0.00082101   
  323     0.00080669   
  324     0.00256090   
  325     0.00117248   
  326     0.00071636   
  327     0.00175340   
  328     0.00170052   
  329     0.00339585   
  330     0.00212043   
  331     0.00165833   
  332     0.00157074   
  333     0.00142703   
  334     0.00652631   
  335     0.00144595   
  336     0.00383782   
  337     0.00110619   
  338     0.00195464   
  339     0.00126718   
  340     0.00036570   
  341     0.00025198   
  342     0.00057293   
  343     0.00099808   
  344     0.00026097   
  345     0.00115333   
  346     0.00092591   
  347     0.00080454   
  348     0.00258704   
  349     0.00129944   
  350     0.00203056   
  351     0.00125967   
  352     0.00301102   
  353     0.00059405   
  354     0.00035303   
  355     0.00038442   
  356     0.00295941   
  357     0.00078651   
  358     0.00046246   
  359     0.00295850   
  360     0.00117332   
  361     0.00110203   
  362     0.00214852   
  363     0.00191054   
  364     0.00122383   
  365     0.00228234   
  366     0.00025962   
  367     0.00043810   
  368     0.00174564   
  369     0.00154929   
  370     0.00044355   
  371     0.00083408   
  372     0.00107794   
  373     0.00526003   
  374     0.00181215   
  375     0.00193787   
  376     0.00178131   
  377     0.00978808   
  378     0.00224155   
  379     0.00220834   
  380     0.00127981   
  381     0.00519474   
  382     0.00246772   
  383     0.00272017   
  384     0.00250548   
  385     0.00440659   
  386     0.00769940   
  387     0.01084353   
  388     0.00440374   
  389     0.00447654   
  390     0.00254539   
  391     0.00132726   
  392     0.00137314   
  393     0.00254271   
  394     0.00078163   
  395     0.00172672   
  396     0.00096757   
  397     0.00115335   
  398     0.00040981   
  399     0.00066074   
  400     0.00031589   
  401     0.00036383   
  402     0.00049446   
  403     0.00057571   
  404     0.00085006   
  405     0.00090507   
  406     0.00119919   
  407     0.00094180   
  408     0.00081687   
  409     0.00062093   
  410     0.00063744   
  411     0.00028685   
  412     0.00086823   
  413     0.00028815   
  414     0.00075499   
  415     0.00074375   
  416     0.00044978   
  417     0.00035720   
  418     0.00042844   
  419     0.00043783   
  420     0.00064341   
  421     0.00020057   
  422     0.00031048   
  423     0.00016712   
  424     0.00015831   
  425     0.00019310   
  426     0.00033564   
  427     0.00032933   
  428     0.00134604   
  429     0.00072416   
  430     0.00010026   
  431     0.00004286   
  432     0.00018882   
  433     0.00122260   
  434     0.00143356   
  435     0.00035628   
  436     0.00416617   
  437     0.00097144   
  438     0.00079563   
  439     0.00063212   
  440     0.00016666   
  441     0.00017885   
  442     0.00045614   
  443     0.00046006   
  444     0.00094941   
  445     0.00008389   
  446     0.00033406   
  447     0.00008321   
  448     0.00107980   
  449     0.00044302   
  450     0.00012914   
  451     0.00005349   
  452     0.00068574   
  453     0.00067055   
  454     0.00197408   
  455     0.00050674   
  456     0.00092340   
  457     0.00119620   
  458     0.00218928   
  459     0.00187858   
  460     0.00064556   
  461     0.00119669   
  462     0.00231964   
  463     0.00066362   
  464     0.00026649   
  465     0.00160252   
  466     0.00045966   
  467     0.00017820   
  468     0.00033219   
  469     0.00027646   
  470     0.00284138   
  471     0.00125183   
  472     0.00075270   
  473     0.00027220   
  474     0.00034931   
  475     0.00041350   
  476     0.00033197   
  477     0.00074861   
  478     0.00033435   
  479     0.00011021   
  480     0.00094207   
  481     0.00053570   
  482     0.00096201   
  483     0.00091504   
  484     0.00034757   
  485     0.00019928   
  486     0.00041935   
  487     0.00109237   
  488     0.00060234   
  489     0.00137943   
  490     0.00162490   
  491     0.00049709   
  492     0.00112945   
  493     0.00160215   
  494     0.00183201   
  495     0.00048898   
  496     0.00065944   
  497     0.00084687   
  498     0.00168703   
  499     0.00178768   
  500     0.00209629   
  501     0.00153164   
  502     0.00218238   
  503     0.00207025   
  504     0.00285842   
  505     0.00201973   
  506     0.00501440   
  507     0.00984599   
  508     0.00676965   
  509     0.00554896   
  510     0.00536289   
  511     0.01033870   
  512     0.00642235   
  513     0.00665332   
  514     0.00509562   
  515     0.00777564   
  516     0.00846203   
  517     0.00524868   
  518     0.00371441   
  519     0.00064163   
  520     0.00283758   
  521     0.00267172   
  522     0.00335102   
  523     0.00264794   
  524     0.00284717   
  525     0.00148227   
  526     0.00431235   
  527     0.00237918   
  528     0.00184629   
  529     0.00103457   
  530     0.00133953   
  531     0.00445157   
  532     0.00070167   
  533     0.00109741   
  534     0.00305787   
  535     0.00214020   
  536     0.00218086   
  537     0.00192495   
  538     0.00065204   
  539     0.00076916   
  540     0.00230727   
  541     0.00066251   
  542     0.00077691   
  543     0.00102772   
  544     0.00078810   
  545     0.00123361   
  546     0.00056441   
  547     0.00069391   
  548     0.00054360   
  549     0.00116646   
  550     0.00226801   
  551     0.00051357   
  552     0.00050800   
  553     0.00028226   
  554     0.00093817   
  555     0.00032200   
  556     0.00030222   
  557     0.00107202   
  558     0.00009583   
  559     0.00016637   
  560     0.00010133   
  561     0.00057955   
  562     0.00029227   
  563     0.00009457   
  564     0.00020606   
  565     0.00042491   
  566     0.00094171   
  567     0.00017269   
  568     0.00017858   
  569     0.00031531   
  570     0.00011518   
  571     0.00024271   
  572     0.00012039   
  573     0.00030536   
  574     0.00020727   
  575     0.00036608   
  576     0.00173000   
  577     0.00015851   
  578     0.00008728   
  579     0.00170845   
  580     0.00005236   
  581     0.00181093   
  582     0.00023060   
  583     0.00014677   
  584     0.00037250   
  585     0.00086029   
  586     0.00022249   
  587     0.00010584   
  588     0.00007985   
  589     0.00015228   
  590     0.00021967   
  591     0.00012701   
  592     0.00034951   
  593     0.00017784   
  594     0.00052760   
  595     0.00012273   
  596     0.00027345   
  597     0.00030257   
  598     0.00040488   
  599     0.00137607   
  600     0.00029899   
  601     0.00010806   
  602     0.00044041   
  603     0.00005871   
  604     0.00022287   
  605     0.00011859   
