    1     0.00076976   
    2     0.00064327   
    3     0.00080177   
    4     0.00037029   
    5     0.00029772   
    6     0.00013971   
    7     0.00037901   
    8     0.00037870   
    9     0.00053201   
   10     0.00032740   
   11     0.00037376   
   12     0.00050345   
   13     0.00064034   
   14     0.00013769   
   15     0.00040471   
   16     0.00071021   
   17     0.00015726   
   18     0.00049988   
   20     0.00005513   
   21     0.00009607   
   22     0.00113489   
   23     0.00021864   
   24     0.00043790   
   25     0.00007646   
   26     0.00020559   
   27     0.00028194   
   28     0.00138794   
   29     0.00152839   
   30     0.00208295   
   31     0.00098066   
   32     0.00181614   
   33     0.00168972   
   34     0.00036783   
   35     0.00063929   
   36     0.00213703   
   37     0.00096714   
   38     0.00084879   
   39     0.00154722   
   40     0.00189141   
   41     0.00394043   
   42     0.00263043   
   43     0.00330475   
   44     0.00088348   
   45     0.00485984   
   46     0.00144561   
   47     0.00260254   
   48     0.01086027   
   49     0.00863237   
   50     0.00094431   
   51     0.00048053   
   52     0.00126180   
   53     0.00106484   
   54     0.00247179   
   55     0.00228226   
   56     0.00128698   
   57     0.00110410   
   58     0.00089543   
   59     0.00148638   
   60     0.00025171   
   61     0.00324790   
   62     0.00221402   
   63     0.00107946   
   64     0.00216919   
   65     0.00169341   
   66     0.00282611   
   67     0.00108602   
   68     0.00021486   
   69     0.00028389   
   70     0.00111836   
   71     0.00074777   
   72     0.00193738   
   73     0.00118610   
   74     0.00093913   
   75     0.00134115   
   76     0.00079882   
   77     0.00147785   
   78     0.00067607   
   79     0.00032369   
   80     0.00028400   
   81     0.00084025   
   82     0.00043014   
   83     0.00155327   
   84     0.00074589   
   85     0.00120952   
   86     0.00207865   
   87     0.00243157   
   88     0.00103400   
   89     0.00268792   
   90     0.00250646   
   91     0.00151736   
   92     0.00091665   
   93     0.00174931   
   94     0.00190481   
   95     0.00069290   
   96     0.00146573   
   97     0.00028114   
   98     0.00117696   
   99     0.00033206   
  100     0.00038598   
  101     0.00041892   
  102     0.00074914   
  103     0.00077173   
  104     0.00104161   
  105     0.00087268   
  106     0.00082783   
  107     0.00023882   
  108     0.00005348   
  109     0.00048654   
  110     0.00031031   
  111     0.00117708   
  112     0.00135492   
  113     0.00167713   
  114     0.00396022   
  115     0.00062819   
  116     0.00114420   
  117     0.00075597   
  118     0.00271390   
  119     0.00083437   
  120     0.00099570   
  121     0.00227593   
  122     0.00061463   
  123     0.00061074   
  124     0.00061711   
  125     0.00042740   
  126     0.00059838   
  127     0.00048296   
  128     0.00016450   
  129     0.00089270   
  130     0.00030646   
  131     0.00037626   
  132     0.00010360   
  133     0.00020066   
  134     0.00021644   
  135     0.00049153   
  136     0.00100715   
  137     0.00125115   
  138     0.00037333   
  139     0.00033630   
  140     0.00103455   
  141     0.00088460   
  142     0.00075390   
  143     0.00040181   
  144     0.00078179   
  145     0.00052894   
  146     0.00076463   
  147     0.00153398   
  148     0.00155007   
  149     0.00156145   
  150     0.00147063   
  151     0.00240434   
  152     0.00142380   
  153     0.00079304   
  154     0.00147174   
  155     0.00144453   
  156     0.00044422   
  157     0.00056520   
  158     0.00071788   
  159     0.00015817   
  160     0.00194869   
  161     0.00039450   
  162     0.00130893   
  163     0.00078746   
  164     0.00038324   
  165     0.00058625   
  166     0.00011689   
  167     0.00130361   
  168     0.00181401   
  169     0.00079957   
  170     0.00057572   
  171     0.00042793   
  172     0.00105054   
  173     0.00116181   
  174     0.00063206   
  175     0.00046609   
  176     0.00197138   
  177     0.00070341   
  178     0.00101055   
  179     0.00403884   
  180     0.00181219   
  181     0.00088617   
  182     0.00020172   
  183     0.00034876   
  184     0.00136880   
  185     0.00077814   
  186     0.00027693   
  187     0.00044912   
  188     0.00266268   
  189     0.00104921   
  190     0.00105705   
  191     0.00076717   
  192     0.00041839   
  193     0.00075716   
  194     0.00081953   
  195     0.00077064   
  196     0.00020492   
  197     0.00016531   
  198     0.00034980   
  199     0.00026954   
  200     0.00027682   
  201     0.00038154   
  202     0.00038475   
  203     0.00049026   
  204     0.00092028   
  205     0.00038655   
  206     0.00036912   
  207     0.00179251   
  208     0.00104328   
  209     0.00106406   
  210     0.00044775   
  211     0.00100082   
  212     0.00047394   
  213     0.00132133   
  214     0.00085275   
  215     0.00059487   
  216     0.00134924   
  217     0.00041407   
  218     0.00036880   
  219     0.00024473   
  220     0.00036979   
  221     0.00110265   
  222     0.00108480   
  223     0.00057083   
  224     0.00039049   
  225     0.00027887   
  226     0.00026180   
  227     0.00069993   
  228     0.00022589   
  229     0.00023710   
  230     0.00018301   
  231     0.00092294   
  232     0.00120833   
  233     0.00049393   
  234     0.00089558   
  235     0.00151012   
  236     0.00314283   
  237     0.00727459   
  238     0.00191867   
  239     0.00204415   
  240     0.00367030   
  241     0.00382701   
  242     0.00242125   
  243     0.00103592   
  244     0.00872658   
  245     0.00120787   
  246     0.00172705   
  247     0.00159651   
  248     0.00835400   
  249     0.00200120   
  250     0.00179757   
  251     0.00329044   
  252     0.00390747   
  253     0.00335235   
  254     0.00552828   
  255     0.00424270   
  256     0.00093962   
  257     0.00138653   
  258     0.00095127   
  259     0.01339125   
  260     0.00226709   
  261     0.00290646   
  262     0.00485174   
  263     0.00323466   
  264     0.00360114   
  265     0.00060680   
  266     0.00070137   
  267     0.00055149   
  268     0.00092160   
  269     0.00082065   
  270     0.00134313   
  271     0.00097590   
  272     0.00168332   
  273     0.00082564   
  274     0.00183640   
  275     0.00141015   
  276     0.00109198   
  277     0.00045915   
  278     0.00101529   
  279     0.00117933   
  280     0.00091243   
  281     0.00125854   
  282     0.00059461   
  283     0.00066715   
  284     0.00085691   
  285     0.00055739   
  286     0.00096742   
  287     0.00366127   
  288     0.00053859   
  289     0.00140353   
  290     0.00010464   
  291     0.00126957   
  292     0.00087603   
  293     0.00154925   
  294     0.00121018   
  295     0.00067415   
  296     0.00767153   
  297     0.00094815   
  298     0.00712334   
  299     0.00134695   
  300     0.00233440   
  301     0.00036201   
  302     0.00265358   
  303     0.00112534   
  304     0.00066389   
  305     0.00165213   
  306     0.00115634   
  307     0.00112635   
  308     0.00216763   
  309     0.00104836   
  310     0.00190829   
  311     0.00077494   
  312     0.00029165   
  313     0.00094028   
  314     0.00071985   
  315     0.00037627   
  316     0.00187380   
  317     0.00233705   
  318     0.00041702   
  319     0.00083325   
  320     0.00145401   
  321     0.00089889   
  322     0.00088269   
  323     0.00090413   
  324     0.00335250   
  325     0.00034761   
  326     0.00100646   
  327     0.00039710   
  328     0.00053369   
  329     0.00166751   
  330     0.00174730   
  331     0.00078269   
  332     0.00081366   
  333     0.00068575   
  334     0.00296096   
  335     0.00073719   
  336     0.00279322   
  337     0.00134161   
  338     0.00040109   
  339     0.00275646   
  340     0.00025209   
  341     0.00041063   
  342     0.00024027   
  343     0.00039075   
  344     0.00042159   
  345     0.00109864   
  346     0.00180654   
  347     0.00141810   
  348     0.00201000   
  349     0.00054239   
  350     0.00209124   
  351     0.00082178   
  352     0.00111694   
  353     0.00150687   
  354     0.00039120   
  355     0.00021041   
  356     0.00133067   
  357     0.00110234   
  358     0.00026239   
  359     0.00027558   
  360     0.00037012   
  361     0.00062057   
  362     0.00349105   
  363     0.00389362   
  364     0.00337351   
  365     0.00112021   
  366     0.00174753   
  367     0.00051249   
  368     0.00085268   
  369     0.00056510   
  370     0.00031461   
  371     0.00053419   
  372     0.00035521   
  373     0.00026883   
  374     0.00064608   
  375     0.00075119   
  376     0.00023739   
  377     0.00139745   
  378     0.00088590   
  379     0.00078073   
  380     0.00056721   
  381     0.00147243   
  382     0.00082239   
  383     0.00046239   
  384     0.00046825   
  385     0.00056455   
  386     0.00048536   
  387     0.00055927   
  388     0.00126817   
  389     0.00115173   
  390     0.00121959   
  391     0.00120181   
  392     0.00058353   
  393     0.00081205   
  394     0.00035461   
  395     0.00116465   
  396     0.00061851   
  397     0.00241153   
  398     0.00074802   
  399     0.00058781   
  400     0.00046756   
  401     0.00049714   
  402     0.00144824   
  403     0.00110207   
  404     0.00258752   
  405     0.00170961   
  406     0.00219445   
  407     0.00120384   
  408     0.00182703   
  409     0.00205653   
  410     0.00169881   
  411     0.00378786   
  412     0.00114660   
  413     0.00078000   
  414     0.00073696   
  415     0.00089296   
  416     0.00046234   
  417     0.00039072   
  418     0.00048978   
  419     0.00098264   
  420     0.00106595   
  421     0.00087356   
  422     0.00124844   
  423     0.00164283   
  424     0.00355656   
  425     0.00048597   
  426     0.00532806   
  427     0.00339101   
  428     0.00988019   
  429     0.00030894   
  430     0.00026144   
  431     0.00021874   
  432     0.00051784   
  433     0.00058521   
  434     0.00088057   
  435     0.00028564   
  436     0.00333700   
  437     0.00225119   
  438     0.00226246   
  439     0.00144984   
  440     0.00124249   
  441     0.00053773   
  442     0.00091538   
  443     0.00048290   
  444     0.00091428   
  445     0.00015488   
  446     0.00042647   
  447     0.00069218   
  448     0.00019856   
  449     0.00014067   
  450     0.00017515   
  451     0.00017957   
  452     0.00108195   
  453     0.00099434   
  454     0.00167426   
  455     0.00243629   
  456     0.00260155   
  457     0.00356920   
  458     0.00514300   
  459     0.00540659   
  460     0.00136411   
  461     0.00165691   
  462     0.00671070   
  463     0.00094974   
  464     0.00068802   
  465     0.00201911   
  466     0.00080244   
  467     0.00075828   
  468     0.00065634   
  469     0.00091359   
  470     0.00754830   
  471     0.00150812   
  472     0.00354330   
  473     0.00133411   
  474     0.00191806   
  475     0.00057455   
  476     0.00080487   
  477     0.00098777   
  478     0.00071181   
  479     0.00175673   
  480     0.00237873   
  481     0.00228509   
  482     0.00069641   
  483     0.00184706   
  484     0.00236519   
  485     0.00365033   
  486     0.00449661   
  487     0.00409089   
  488     0.00165836   
  489     0.00107240   
  490     0.00334267   
  491     0.00120493   
  492     0.00174024   
  493     0.00035505   
  494     0.00055686   
  495     0.00111179   
  496     0.00170902   
  497     0.00562027   
  498     0.00296986   
  499     0.00579866   
  500     0.00574551   
  501     0.00299140   
  502     0.00499781   
  503     0.00053965   
  504     0.00182995   
  505     0.00273048   
  506     0.00209219   
  507     0.00290909   
  508     0.00175882   
  509     0.00250068   
  510     0.00149160   
  511     0.00193823   
  512     0.00312208   
  513     0.00349347   
  514     0.00065004   
  515     0.00106955   
  516     0.00067163   
  517     0.00157799   
  518     0.00315871   
  519     0.00455969   
  520     0.00139472   
  521     0.00241755   
  522     0.00751431   
  523     0.00399733   
  524     0.00334636   
  525     0.00246724   
  526     0.01032714   
  527     0.00470438   
  528     0.00324267   
  529     0.00278228   
  530     0.00397573   
  531     0.00419014   
  532     0.00206823   
  533     0.00307817   
  534     0.00116756   
  535     0.00375843   
  536     0.00148471   
  537     0.00178453   
  538     0.00268623   
  539     0.00491253   
  540     0.00199513   
  541     0.00176619   
  542     0.00549620   
  543     0.00729152   
  544     0.00280446   
  545     0.00095767   
  546     0.00542969   
  547     0.00558889   
  548     0.00306982   
  549     0.00314637   
  550     0.00778264   
  551     0.00238086   
  552     0.00655200   
  553     0.00734246   
  554     0.00739456   
  555     0.00303199   
  556     0.00385454   
  557     0.00759286   
  558     0.00079627   
  559     0.00122717   
  560     0.00083991   
  561     0.00165621   
  562     0.00044629   
  563     0.00153872   
  564     0.00174017   
  565     0.00308304   
  566     0.00404480   
  567     0.00103115   
  568     0.00241914   
  569     0.00449084   
  570     0.00043802   
  571     0.00085612   
  572     0.00112378   
  573     0.00043201   
  574     0.00039874   
  575     0.00057435   
  576     0.00052279   
  577     0.00032916   
  578     0.00034603   
  579     0.00395590   
  580     0.00040487   
  581     0.00144771   
  582     0.00063774   
  583     0.00071032   
  584     0.00158794   
  585     0.00216528   
  586     0.00079941   
  587     0.00096608   
  588     0.00659298   
  589     0.00112611   
  590     0.00073142   
  591     0.00308233   
  592     0.00471375   
  593     0.00076489   
  594     0.00145607   
  595     0.00515173   
  596     0.00209441   
  597     0.00158483   
  598     0.00876767   
  599     0.00861458   
  600     0.00354283   
  601     0.00276677   
  602     0.00531969   
  603     0.00199536   
  604     0.00156784   
  605     0.00108934   
