    1     0.00050556   
    2     0.00030439   
    3     0.00130045   
    4     0.00082829   
    5     0.00094017   
    6     0.00061454   
    7     0.00127223   
    8     0.00158289   
    9     0.00359038   
   10     0.00223278   
   11     0.00114159   
   12     0.00205691   
   13     0.00150036   
   14     0.00164640   
   15     0.00134310   
   16     0.00124281   
   17     0.00038312   
   18     0.01127406   
   20     0.00983910   
   21     0.00472515   
   22     0.00112226   
   23     0.00119810   
   24     0.00607113   
   25     0.00991887   
   26     0.00487632   
   27     0.00129368   
   28     0.00326904   
   29     0.00188849   
   30     0.00385976   
   31     0.00302949   
   32     0.00183425   
   33     0.00128945   
   34     0.00217291   
   35     0.00050187   
   36     0.00366153   
   37     0.00284748   
   38     0.00191185   
   39     0.00098841   
   40     0.00192369   
   41     0.00132145   
   42     0.00289744   
   43     0.00157947   
   44     0.00115643   
   45     0.00155182   
   46     0.00150296   
   47     0.00133441   
   48     0.00197801   
   49     0.00475903   
   50     0.00241092   
   51     0.00126305   
   52     0.00364403   
   53     0.00084810   
   54     0.00126210   
   55     0.00150190   
   56     0.00102400   
   57     0.00118653   
   58     0.00031706   
   59     0.00197540   
   60     0.00033605   
   61     0.00123437   
   62     0.00024657   
   63     0.00031584   
   64     0.00078630   
   65     0.00077297   
   66     0.00157991   
   67     0.00047187   
   68     0.00031514   
   69     0.00083150   
   70     0.00339665   
   71     0.00122180   
   72     0.00157995   
   73     0.00108560   
   74     0.00176691   
   75     0.00115185   
   76     0.00152699   
   77     0.00097125   
   78     0.00135390   
   79     0.00012635   
   80     0.00008090   
   81     0.00016882   
   82     0.00037089   
   83     0.00018224   
   84     0.00005679   
   85     0.00032147   
   86     0.00012504   
   87     0.00008596   
   88     0.00007023   
   89     0.00009873   
   90     0.00018634   
   91     0.00044345   
   92     0.00063555   
   93     0.00039350   
   94     0.00123253   
   95     0.00940567   
   96     0.01243628   
   97     0.02809436   
   98     0.00341536   
   99     0.01428506   
  100     0.00409405   
  101     0.00080368   
  102     0.00089443   
  103     0.00204852   
  104     0.00231139   
  105     0.00145332   
  106     0.00187452   
  107     0.00121494   
  108     0.00169566   
  109     0.00241694   
  110     0.00269376   
  111     0.00282133   
  112     0.00148077   
  113     0.00074903   
  114     0.00366306   
  115     0.00222576   
  116     0.00293313   
  117     0.00041832   
  118     0.00222050   
  119     0.00227327   
  120     0.00076491   
  121     0.00051850   
  122     0.00094715   
  123     0.00078869   
  124     0.00122639   
  125     0.00060844   
  126     0.00227243   
  127     0.00177460   
  128     0.00053090   
  129     0.00115192   
  130     0.00165519   
  131     0.00074374   
  132     0.00087359   
  133     0.00068684   
  134     0.00138136   
  135     0.00087325   
  136     0.00037078   
  137     0.00066524   
  138     0.00031942   
  139     0.00034744   
  140     0.00233723   
  141     0.00351971   
  142     0.00313238   
  143     0.00102982   
  144     0.00148572   
  145     0.00087360   
  146     0.00160409   
  147     0.00363160   
  148     0.00211221   
  149     0.00329815   
  150     0.00285341   
  151     0.00265387   
  152     0.00153047   
  153     0.00147558   
  154     0.00394524   
  155     0.00122684   
  156     0.00099947   
  157     0.00023352   
  158     0.00045185   
  159     0.00093792   
  160     0.00238344   
  161     0.00015401   
  162     0.00131656   
  163     0.00056333   
  164     0.00033834   
  165     0.00049684   
  166     0.00059506   
  167     0.00160964   
  168     0.00184182   
  169     0.00153666   
  170     0.00150533   
  171     0.00224402   
  172     0.00116124   
  173     0.00072950   
  174     0.00080162   
  175     0.00110808   
  176     0.00167514   
  177     0.00068958   
  178     0.00437563   
  179     0.00171710   
  180     0.00267902   
  181     0.00172107   
  182     0.00057430   
  183     0.00124687   
  184     0.00234043   
  185     0.00167020   
  186     0.00062504   
  187     0.00088149   
  188     0.00268055   
  189     0.00076569   
  190     0.00043920   
  191     0.00008262   
  192     0.00023671   
  193     0.00034211   
  194     0.00091810   
  195     0.00042394   
  196     0.00066473   
  197     0.00132203   
  198     0.00156662   
  199     0.00076523   
  200     0.00032863   
  201     0.00042167   
  202     0.00044610   
  203     0.00058190   
  204     0.00056703   
  205     0.00020073   
  206     0.00098239   
  207     0.00273322   
  208     0.00119626   
  209     0.00090414   
  210     0.00120204   
  211     0.00043727   
  212     0.00053709   
  213     0.00113960   
  214     0.00137837   
  215     0.00067117   
  216     0.00089290   
  217     0.00150032   
  218     0.00068522   
  219     0.00067093   
  220     0.00021736   
  221     0.00124506   
  222     0.00148034   
  223     0.00027347   
  224     0.00013894   
  225     0.00018739   
  226     0.00014554   
  227     0.00026120   
  228     0.00014867   
  229     0.00031337   
  230     0.00062432   
  231     0.00024802   
  232     0.00030381   
  233     0.00022343   
  234     0.00056513   
  235     0.00057826   
  236     0.00077062   
  237     0.00166444   
  238     0.00037782   
  239     0.00090994   
  240     0.00102599   
  241     0.00050128   
  242     0.00034305   
  243     0.00078031   
  244     0.00021953   
  245     0.00015124   
  246     0.00010804   
  247     0.00007902   
  248     0.00003008   
  249     0.00002025   
  250     0.00008823   
  251     0.00067758   
  252     0.00045930   
  253     0.00040758   
  254     0.00041851   
  255     0.00026681   
  256     0.00013639   
  257     0.00024145   
  258     0.00026158   
  259     0.00237371   
  260     0.00103809   
  261     0.00175891   
  262     0.00146504   
  263     0.00118643   
  264     0.00065409   
  265     0.00008640   
  266     0.00014140   
  267     0.00009043   
  268     0.00013251   
  269     0.00009224   
  270     0.00014095   
  271     0.00031643   
  272     0.00010793   
  273     0.00010810   
  274     0.00068742   
  275     0.00002872   
  276     0.00003410   
  277     0.00008036   
  278     0.00004742   
  279     0.00009194   
  280     0.00009377   
  281     0.00020299   
  282     0.00003500   
  283     0.00014961   
  284     0.00007236   
  285     0.00004419   
  286     0.00038432   
  287     0.00015557   
  288     0.00003726   
  289     0.00002791   
  290     0.00000278   
  291     0.00001136   
  292     0.00001332   
  293     0.00003210   
  294     0.00009249   
  295     0.00007702   
  296     0.00007276   
  297     0.00009755   
  298     0.00051768   
  299     0.00009920   
  300     0.00031623   
  301     0.00002870   
  302     0.00016348   
  303     0.00005820   
  304     0.00005633   
  305     0.00016240   
  306     0.00010346   
  307     0.00009689   
  308     0.00017581   
  309     0.00021543   
  310     0.00014255   
  311     0.00005653   
  312     0.00006910   
  313     0.00034495   
  314     0.00010248   
  315     0.00005915   
  316     0.00008053   
  317     0.00056996   
  318     0.00011409   
  319     0.00009718   
  320     0.00031109   
  321     0.00012888   
  322     0.00012802   
  323     0.00015944   
  324     0.00037685   
  325     0.00004580   
  326     0.00014537   
  327     0.00006453   
  328     0.00007272   
  329     0.00023744   
  330     0.00022267   
  331     0.00009738   
  332     0.00015861   
  333     0.00014178   
  334     0.00073722   
  335     0.00017713   
  336     0.00178890   
  337     0.00023222   
  338     0.00014491   
  339     0.00030984   
  340     0.00043327   
  341     0.00025282   
  342     0.00027814   
  343     0.00042305   
  344     0.00038406   
  345     0.00070898   
  346     0.00024973   
  347     0.00004323   
  348     0.00020403   
  349     0.00013914   
  350     0.00006781   
  351     0.00002992   
  352     0.00055259   
  353     0.00010984   
  354     0.00003071   
  355     0.00003223   
  356     0.00028705   
  357     0.00014268   
  358     0.00010766   
  359     0.00045892   
  360     0.00020563   
  361     0.00010422   
  362     0.00006610   
  363     0.00005660   
  364     0.00006740   
  365     0.00042480   
  366     0.00017237   
  367     0.00036850   
  368     0.00024393   
  369     0.00171115   
  370     0.00064423   
  371     0.00112158   
  372     0.00128262   
  373     0.00335906   
  374     0.00128183   
  375     0.00144918   
  376     0.00057229   
  377     0.00181358   
  378     0.00079760   
  379     0.00045961   
  380     0.00148760   
  381     0.00085511   
  382     0.00148275   
  383     0.00078299   
  384     0.00047118   
  385     0.00080645   
  386     0.00165163   
  387     0.00077261   
  388     0.00093526   
  389     0.00062694   
  390     0.00057546   
  391     0.00066551   
  392     0.00153510   
  393     0.00089492   
  394     0.00051070   
  395     0.00369981   
  396     0.00076329   
  397     0.00434132   
  398     0.00216290   
  399     0.00371406   
  400     0.00260020   
  401     0.00591868   
  402     0.00097699   
  403     0.00260209   
  404     0.00281399   
  405     0.00264466   
  406     0.00528866   
  407     0.00246747   
  408     0.00216539   
  409     0.00228245   
  410     0.00212269   
  411     0.00306667   
  412     0.00479575   
  413     0.00265986   
  414     0.00272500   
  415     0.00034792   
  416     0.00044281   
  417     0.00142113   
  418     0.00110868   
  419     0.00073374   
  420     0.00192547   
  421     0.00127756   
  422     0.00195720   
  423     0.00187804   
  424     0.00721217   
  425     0.00569354   
  426     0.01322546   
  427     0.00183861   
  428     0.00356536   
  429     0.00367068   
  430     0.00023020   
  431     0.00023923   
  432     0.00180853   
  433     0.00561584   
  434     0.00983336   
  435     0.00208644   
  436     0.01683411   
  437     0.00483227   
  438     0.00548210   
  439     0.00454325   
  440     0.00341972   
  441     0.00036822   
  442     0.00248951   
  443     0.00261821   
  444     0.00355857   
  445     0.00079597   
  446     0.00017940   
  447     0.00072325   
  448     0.00247591   
  449     0.00210622   
  450     0.00126611   
  451     0.00097234   
  452     0.00091908   
  453     0.00094733   
  454     0.00330974   
  455     0.00166039   
  456     0.00178843   
  457     0.00270933   
  458     0.00544026   
  459     0.01127539   
  460     0.00447670   
  461     0.00742761   
  462     0.00818806   
  463     0.00206840   
  464     0.00052107   
  465     0.00347811   
  466     0.00069850   
  467     0.00047377   
  468     0.00648769   
  469     0.00241752   
  470     0.01132545   
  471     0.01346617   
  472     0.01206352   
  473     0.00286237   
  474     0.01248315   
  475     0.00391361   
  476     0.00419035   
  477     0.00209288   
  478     0.00246956   
  479     0.00103797   
  480     0.00109780   
  481     0.00199942   
  482     0.00158109   
  483     0.00251105   
  484     0.00354233   
  485     0.00299108   
  486     0.00541554   
  487     0.00425331   
  488     0.00912411   
  489     0.00521636   
  490     0.01560577   
  491     0.00469582   
  492     0.00319562   
  493     0.00464759   
  494     0.00431332   
  495     0.00455698   
  496     0.00502343   
  497     0.00954927   
  498     0.00168806   
  499     0.00118547   
  500     0.00127987   
  501     0.00049421   
  502     0.00051534   
  503     0.00055105   
  504     0.00154585   
  505     0.00461491   
  506     0.00261892   
  507     0.00871181   
  508     0.00536714   
  509     0.00366616   
  510     0.00414511   
  511     0.00794796   
  512     0.00475839   
  513     0.00582720   
  514     0.00309220   
  515     0.00431585   
  516     0.00445484   
  517     0.00579144   
  518     0.00307111   
  519     0.00117255   
  520     0.00185426   
  521     0.00257192   
  522     0.00643145   
  523     0.00152057   
  524     0.00159409   
  525     0.00126959   
  526     0.00405499   
  527     0.00128993   
  528     0.00169960   
  529     0.00088749   
  530     0.00082350   
  531     0.00349788   
  532     0.00032229   
  533     0.00095452   
  534     0.00215075   
  535     0.00115807   
  536     0.00234830   
  537     0.00129018   
  538     0.00024579   
  539     0.00061491   
  540     0.00161225   
  541     0.00040617   
  542     0.00046403   
  543     0.00067860   
  544     0.00042078   
  545     0.00057189   
  546     0.00036311   
  547     0.00029279   
  548     0.00027121   
  549     0.00054485   
  550     0.00113048   
  551     0.00026599   
  552     0.00021657   
  553     0.00015043   
  554     0.00041331   
  555     0.00013972   
  556     0.00015475   
  557     0.00071457   
  558     0.00012772   
  559     0.00022694   
  560     0.00016101   
  561     0.00073217   
  562     0.00033348   
  563     0.00011524   
  564     0.00026868   
  565     0.00024341   
  566     0.00056183   
  567     0.00015413   
  568     0.00023652   
  569     0.00012991   
  570     0.00006530   
  571     0.00018008   
  572     0.00015639   
  573     0.00023986   
  574     0.00010689   
  575     0.00026243   
  576     0.00148468   
  577     0.00011281   
  578     0.00005537   
  579     0.00178297   
  580     0.00005190   
  581     0.00078795   
  582     0.00014849   
  583     0.00011495   
  584     0.00015259   
  585     0.00026290   
  586     0.00008708   
  587     0.00005058   
  588     0.00012896   
  589     0.00006273   
  590     0.00006724   
  591     0.00016050   
  592     0.00030315   
  593     0.00009706   
  594     0.00061932   
  595     0.00012889   
  596     0.00020235   
  597     0.00011956   
  598     0.00044888   
  599     0.00059439   
  600     0.00016815   
  601     0.00009863   
  602     0.00020636   
  603     0.00001877   
  604     0.00009120   
  605     0.00006881   
