  1     0.007904 
  2     0.015594 
  3     0.009008 
  4     0.004532 
  5     0.002286 
  6     0.001951 
  7     0.000636 
  8     0.000980 
  9     0.001680 
 10     0.001192 
 11     0.002214 
 12     0.003617 
 13     0.003427 
 14     0.001830 
 15     0.001759 
 16     0.002658 
 17     0.003313 
 18     0.005591 
 19     0.010699 
 20     0.025434 
 21     0.036931 
 22     0.031313 
 23     0.015117 
 24     0.007956 
 25     0.006501 
 26     0.005023 
 27     0.007585 
 28     0.008123 
 29     0.008475 
 30     0.007586 
 31     0.008799 
 32     0.009255 
 33     0.007979 
 34     0.006366 
 35     0.004713 
 36     0.004480 
 37     0.005081 
 38     0.004613 
 39     0.006940 
 40     0.007853 
 41     0.009108 
 42     0.010546 
 43     0.013609 
 44     0.018418 
 45     0.016898 
 46     0.011983 
 47     0.009976 
 48     0.008749 
 49     0.006887 
 50     0.006333 
 51     0.005932 
 52     0.007149 
 53     0.008006 
 54     0.008677 
 55     0.011026 
 56     0.010575 
 57     0.010971 
 58     0.012938 
 59     0.011882 
 60     0.011096 
 61     0.014126 
 62     0.016485 
 63     0.020564 
 64     0.016573 
 65     0.010816 
 66     0.010524 
 67     0.005981 
 68     0.004073 
 69     0.004880 
 70     0.003158 
 71     0.005132 
 72     0.006463 
 73     0.008386 
 74     0.012571 
 75     0.012173 
 76     0.021411 
 77     0.026836 
 78     0.029471 
 79     0.021876 
 80     0.017326 
 81     0.013301 
 82     0.021122 
 83     0.029202 
 84     0.032237 
 85     0.026329 
 86     0.033323 
 87     0.046386 
 88     0.041005 
 89     0.027601 
 90     0.026267 
 91     0.021566 
 92     0.024888 
 93     0.026263 
 94     0.031280 
 95     0.036416 
 96     0.034382 
 97     0.051805 
 98     0.048496 
 99     0.038054 
100     0.026340 
101     0.020824 
102     0.021678 
103     0.021076 
104     0.025168 
105     0.022647 
106     0.023398 
107     0.032461 
108     0.029716 
109     0.026869 
110     0.022646 
111     0.019541 
112     0.011889 
113     0.011851 
114     0.011791 
115     0.009618 
116     0.007307 
117     0.008484 
118     0.007310 
119     0.004816 
120     0.004765 
121     0.006023 
122     0.005341 
123     0.003086 
124     0.003176 
125     0.006613 
126     0.006160 
127     0.006021 
128     0.009607 
129     0.015006 
130     0.016812 
131     0.021408 
132     0.024248 
133     0.021794 
134     0.010290 
135     0.002107 
136     0.004171 
137     0.005154 
138     0.003566 
139     0.004424 
140     0.003329 
141     0.003242 
142     0.005559 
143     0.012278 
144     0.019670 
145     0.026355 
146     0.013852 
147     0.017073 
148     0.019209 
149     0.015077 
150     0.009595 
151     0.011907 
152     0.015940 
153     0.012830 
154     0.008966 
155     0.010343 
156     0.011887 
157     0.010072 
158     0.007606 
159     0.009891 
160     0.010472 
161     0.007721 
162     0.007230 
163     0.006222 
164     0.008017 
165     0.008142 
166     0.009727 
167     0.009984 
168     0.008206 
169     0.006656 
170     0.008671 
171     0.006639 
172     0.009549 
173     0.007616 
174     0.001353 
175     0.003163 
176     0.002089 
177     0.006024 
178     0.004804 
179     0.008754 
180     0.020078 
181     0.020476 
182     0.021080 
183     0.053231 
184     0.073144 
185     0.056662 
186     0.052616 
187     0.022455 
188     0.018650 
189     0.014255 
190     0.011595 
191     0.015628 
192     0.012081 
193     0.013046 
194     0.008957 
195     0.008262 
196     0.004424 
197     0.003635 
198     0.002025 
199     0.003728 
200     0.009199 
201     0.014883 
202     0.017067 
203     0.017685 
204     0.017971 
205     0.015074 
206     0.018300 
207     0.019096 
208     0.039406 
209     0.060714 
210     0.097662 
211     0.147909 
212     0.155077 
213     0.078600 
214     0.059874 
215     0.040787 
216     0.019628 
217     0.022603 
218     0.022393 
219     0.022533 
220     0.024447 
221     0.022117 
222     0.024992 
223     0.017907 
224     0.011315 
225     0.002387 
226     0.002986 
227     0.006321 
228     0.008280 
229     0.014140 
230     0.013114 
231     0.008921 
232     0.009961 
233     0.016073 
234     0.015802 
235     0.017063 
236     0.017631 
237     0.018968 
238     0.017587 
239     0.021402 
240     0.014913 
241     0.013790 
242     0.014464 
243     0.018308 
244     0.017756 
245     0.017894 
246     0.022320 
247     0.031701 
248     0.029938 
249     0.028195 
250     0.027197 
251     0.019984 
252     0.018954 
253     0.025922 
254     0.033626 
255     0.026788 
256     0.025625 
257     0.019055 
258     0.017183 
259     0.020916 
260     0.020165 
261     0.015377 
262     0.018985 
263     0.020974 
264     0.020330 
265     0.019728 
266     0.019091 
267     0.018262 
268     0.020295 
269     0.019858 
270     0.016765 
271     0.015522 
272     0.019048 
273     0.016264 
274     0.014402 
275     0.015799 
276     0.015983 
277     0.017440 
278     0.017466 
279     0.016360 
280     0.014846 
281     0.017191 
282     0.014641 
283     0.012572 
284     0.013874 
285     0.013221 
286     0.015381 
287     0.029644 
288     0.076636 
289     0.087071 
290     0.185952 
291     0.150083 
292     0.114449 
293     0.056591 
294     0.036882 
295     0.020720 
296     0.013706 
297     0.012869 
298     0.014424 
299     0.015464 
300     0.016955 
301     0.017437 
302     0.016191 
303     0.018076 
304     0.016835 
305     0.016383 
306     0.014615 
307     0.017889 
308     0.015007 
309     0.014566 
310     0.010821 
311     0.009284 
312     0.007877 
313     0.012520 
314     0.016002 
315     0.012589 
316     0.015691 
317     0.023521 
318     0.025709 
319     0.023640 
320     0.024362 
321     0.033339 
322     0.033316 
323     0.027069 
324     0.031004 
325     0.038090 
326     0.034586 
327     0.030643 
328     0.036966 
329     0.033681 
330     0.036380 
331     0.033531 
332     0.038258 
333     0.031911 
334     0.021821 
335     0.020873 
336     0.015885 
337     0.015503 
338     0.011489 
339     0.010937 
340     0.007101 
341     0.005518 
342     0.006204 
343     0.009026 
344     0.010872 
345     0.013567 
346     0.012940 
347     0.014054 
348     0.010959 
349     0.007799 
350     0.014063 
351     0.017543 
352     0.013523 
353     0.015520 
354     0.022837 
355     0.025970 
356     0.024991 
357     0.029049 
358     0.033791 
359     0.030696 
360     0.024456 
361     0.017179 
362     0.015157 
363     0.010074 
364     0.012894 
365     0.005369 
366     0.003422 
367     0.005451 
368     0.003698 
369     0.003001 
370     0.001371 
371     0.002894 
372     0.002084 
373     0.002287 
374     0.001147 
375     0.002286 
376     0.004314 
377     0.006651 
378     0.005175 
379     0.007323 
380     0.008977 
381     0.014357 
382     0.014938 
383     0.012868 
384     0.016891 
385     0.027049 
386     0.031809 
387     0.025480 
388     0.031827 
389     0.038635 
390     0.035225 
391     0.025264 
392     0.009495 
393     0.008773 
394     0.024229 
395     0.026122 
396     0.013075 
397     0.007199 
398     0.006070 
399     0.005061 
400     0.005126 
401     0.005420 
402     0.002304 
403     0.003368 
404     0.002749 
405     0.003612 
406     0.003504 
407     0.002746 
408     0.003631 
409     0.004753 
410     0.005391 
411     0.003987 
412     0.005342 
413     0.006058 
414     0.009813 
415     0.013304 
416     0.003938 
417     0.017297 
418     0.021607 
419     0.020662 
420     0.013532 
421     0.008449 
422     0.003923 
423     0.002795 
424     0.004191 
425     0.005897 
426     0.007422 
427     0.011508 
428     0.013058 
429     0.018571 
430     0.022220 
431     0.019285 
432     0.013886 
433     0.013095 
434     0.009263 
435     0.011971 
436     0.012206 
437     0.011707 
438     0.008413 
439     0.010817 
440     0.007535 
441     0.004848 
442     0.004845 
443     0.004583 
444     0.005027 
445     0.003378 
446     0.003454 
447     0.003580 
448     0.003403 
449     0.003234 
450     0.003054 
451     0.003526 
452     0.004798 
453     0.007076 
454     0.004473 
455     0.013297 
456     0.023728 
457     0.011942 
458     0.012549 
459     0.009865 
460     0.011549 
461     0.009348 
462     0.004758 
463     0.004434 
464     0.007093 
465     0.012011 
466     0.018253 
467     0.017707 
468     0.017330 
469     0.015473 
470     0.009151 
471     0.008949 
472     0.003915 
473     0.002804 
474     0.005135 
475     0.003950 
476     0.001993 
477     0.005546 
478     0.012554 
479     0.014692 
480     0.021367 
481     0.022096 
482     0.020684 
483     0.013146 
484     0.010697 
485     0.004062 
486     0.008934 
487     0.010883 
488     0.008664 
489     0.007897 
490     0.006179 
491     0.011605 
492     0.011078 
493     0.009533 
494     0.013245 
495     0.011810 
496     0.012463 
497     0.014193 
498     0.016298 
499     0.022561 
500     0.011742 
501     0.015834 
502     0.021034 
503     0.025165 
504     0.035098 
505     0.024050 
506     0.005855 
507     0.007694 
508     0.006450 
509     0.004936 
510     0.005359 
511     0.005734 
512     0.004498 
513     0.003561 
514     0.004405 
515     0.004066 
516     0.003120 
517     0.003525 
518     0.004606 
519     0.004232 
520     0.005189 
521     0.007210 
522     0.007351 
523     0.006973 
524     0.009176 
525     0.008639 
526     0.005113 
527     0.005495 
528     0.005853 
529     0.004630 
530     0.004028 
531     0.004415 
532     0.003268 
533     0.003859 
534     0.004331 
535     0.003409 
536     0.003590 
537     0.004928 
538     0.004379 
539     0.002652 
540     0.003777 
541     0.004074 
542     0.002271 
543     0.002526 
544     0.003201 
545     0.002051 
546     0.001965 
547     0.002515 
548     0.002148 
549     0.002379 
550     0.002218 
551     0.001761 
552     0.002062 
553     0.002944 
554     0.002483 
555     0.003799 
556     0.004314 
557     0.003985 
558     0.004563 
559     0.003649 
560     0.003608 
561     0.003476 
562     0.002551 
563     0.001960 
564     0.002487 
565     0.002434 
566     0.001679 
567     0.002340 
568     0.002512 
569     0.002019 
570     0.003020 
571     0.003927 
572     0.002563 
573     0.003495 
574     0.005610 
575     0.004661 
576     0.003660 
577     0.006854 
578     0.006928 
579     0.005821 
580     0.004765 
581     0.002618 
582     0.006243 
583     0.005515 
584     0.002829 
585     0.004785 
586     0.005928 
587     0.003683 
588     0.003619 
589     0.005317 
590     0.003785 
591     0.003064 
592     0.004442 
593     0.003748 
594     0.002979 
595     0.003859 
596     0.005030 
597     0.005167 
598     0.004225 
599     0.005300 
600     0.006778 
601     0.004872 
602     0.005644 
603     0.004545 
604     0.013414 
605     0.025876 
606     0.171566 
607     0.099015 
608     0.093464 
609     0.067800 
610     0.065353 
611     0.020423 
612     0.037928 
613     0.061347 
614     0.065907 
615     0.070671 
616     0.107723 
617     0.086515 
618     0.066022 
619     0.088675 
620     0.087261 
621     0.042577 
622     0.037925 
623     0.051375 
624     0.044370 
625     0.022179 
626     0.021354 
627     0.013462 
628     0.033038 
629     0.038725 
630     0.035424 
631     0.040582 
632     0.040096 
633     0.036197 
634     0.047386 
635     0.044887 
636     0.024603 
637     0.028572 
638     0.042617 
639     0.042424 
640     0.018817 
641     0.037710 
642     0.043254 
643     0.043029 
644     0.033489 
645     0.064435 
646     0.069715 
647     0.037346 
648     0.054022 
649     0.070689 
650     0.054279 
651     0.044951 
652     0.054789 
653     0.052645 
654     0.067442 
655     0.050179 
656     0.038286 
657     0.039619 
658     0.027967 
659     0.021039 
660     0.018644 
661     0.027366 
662     0.017601 
663     0.014749 
664     0.024731 
665     0.021190 
666     0.017283 
667     0.022022 
668     0.023725 
669     0.021211 
670     0.022671 
671     0.027391 
672     0.026374 
673     0.025684 
674     0.026601 
675     0.037191 
676     0.031142 
677     0.043880 
678     0.059644 
679     0.075401 
680     0.072894 
681     0.087471 
682     0.071912 
683     0.053543 
684     0.045175 
685     0.033902 
686     0.018803 
687     0.022397 
688     0.025348 
689     0.016956 
690     0.013242 
691     0.019346 
692     0.014628 
693     0.010834 
694     0.017149 
695     0.012988 
696     0.009579 
697     0.015906 
698     0.014067 
699     0.010825 
700     0.024428 
701     0.025105 
702     0.016911 
703     0.033520 
704     0.038324 
705     0.039451 
706     0.019968 
707     0.019081 
708     0.018845 
709     0.015967 
710     0.023519 
711     0.030320 
712     0.018079 
713     0.021152 
714     0.030444 
715     0.028890 
716     0.007215 
717     0.004488 
718     0.005554 
719     0.006171 
720     0.006420 
721     0.007753 
722     0.008653 
723     0.007947 
724     0.012194 
725     0.013359 
726     0.016891 
727     0.026954 
728     0.034873 
729     0.026080 
730     0.031037 
731     0.018872 
732     0.020352 
733     0.032173 
734     0.033093 
735     0.025174 
736     0.020411 
737     0.009500 
738     0.002493 
739     0.010807 
740     0.016297 
741     0.017332 
742     0.018960 
743     0.018343 
744     0.010143 
745     0.004407 
746     0.010146 
747     0.028298 
748     0.045306 
749     0.027925 
750     0.008028 
751     0.005663 
752     0.008182 
753     0.006038 
754     0.007407 
755     0.008670 
756     0.011100 
757     0.007627 
758     0.008532 
759     0.008897 
760     0.018538 
761     0.032444 
762     0.044802 
763     0.049334 
764     0.070279 
765     0.035662 
766     0.028864 
767     0.037641 
768     0.041764 
769     0.030403 
770     0.041593 
771     0.050672 
772     0.042742 
773     0.043673 
774     0.034248 
775     0.018079 
776     0.023989 
777     0.029167 
778     0.046755 
779     0.053731 
780     0.033821 
781     0.058190 
782     0.098509 
783     0.079008 
784     0.065848 
785     0.087058 
786     0.100530 
787     0.064198 
788     0.055618 
789     0.059002 
790     0.052051 
791     0.026659 
792     0.024555 
793     0.038496 
794     0.047434 
795     0.043603 
796     0.093757 
797     0.105666 
798     0.073492 
799     0.094446 
800     0.148960 
801     0.120073 
802     0.072786 
803     0.098918 
804     0.116697 
805     0.066322 
806     0.047741 
807     0.061750 
808     0.045960 
809     0.014958 
810     0.035294 
811     0.024968 
812     0.016160 
813     0.035958 
814     0.038386 
815     0.023067 
816     0.033555 
817     0.041965 
818     0.028666 
819     0.025925 
820     0.028700 
821     0.026530 
822     0.023176 
823     0.018778 
824     0.019408 
825     0.026910 
826     0.025243 
827     0.017932 
828     0.020678 
829     0.022331 
830     0.024282 
831     0.015682 
832     0.017158 
833     0.028029 
834     0.027849 
835     0.025286 
836     0.034379 
837     0.045642 
838     0.054862 
839     0.053566 
840     0.054697 
841     0.035518 
842     0.027338 
843     0.021004 
844     0.031984 
845     0.028715 
846     0.027151 
847     0.037771 
848     0.033169 
849     0.027004 
850     0.035539 
851     0.039131 
852     0.031022 
853     0.033092 
854     0.042299 
855     0.034991 
856     0.033391 
857     0.037349 
858     0.034885 
859     0.033697 
860     0.034435 
861     0.036211 
862     0.041430 
863     0.042641 
864     0.045357 
865     0.030015 
866     0.029626 
867     0.040047 
868     0.035771 
869     0.040651 
870     0.045472 
871     0.049869 
872     0.061353 
873     0.064163 
874     0.058570 
875     0.054027 
876     0.063148 
877     0.058244 
878     0.049557 
879     0.039983 
880     0.049308 
881     0.049673 
882     0.042797 
883     0.036548 
884     0.027753 
885     0.023089 
886     0.022499 
887     0.030607 
888     0.060902 
889     0.053468 
890     0.062285 
891     0.053984 
892     0.048824 
893     0.035548 
894     0.037632 
895     0.047198 
896     0.045974 
897     0.043895 
898     0.033715 
899     0.038277 
900     0.036817 
901     0.041851 
902     0.039540 
903     0.033295 
904     0.023319 
905     0.019320 
906     0.030866 
907     0.055771 
908     0.051872 
909     0.034149 
910     0.018287 
911     0.022188 
912     0.032797 
913     0.040508 
914     0.043271 
915     0.042750 
916     0.039887 
917     0.032504 
918     0.033611 
919     0.031941 
920     0.025763 
921     0.037382 
922     0.057172 
923     0.225968 
