  1     0.008505 
  2     0.010674 
  3     0.013694 
  4     0.013578 
  5     0.014695 
  6     0.015844 
  7     0.013059 
  8     0.014231 
  9     0.010466 
 10     0.013295 
 11     0.012324 
 12     0.010218 
 13     0.012006 
 14     0.011919 
 15     0.015448 
 16     0.016026 
 17     0.019764 
 18     0.020422 
 19     0.023946 
 20     0.026828 
 21     0.027924 
 22     0.029199 
 23     0.030652 
 24     0.027212 
 25     0.026599 
 26     0.023488 
 27     0.022372 
 28     0.023285 
 29     0.020576 
 30     0.022427 
 31     0.021260 
 32     0.022316 
 33     0.019846 
 34     0.020498 
 35     0.017899 
 36     0.013877 
 37     0.010105 
 38     0.006412 
 39     0.003933 
 40     0.003592 
 41     0.006816 
 42     0.010863 
 43     0.014685 
 44     0.017695 
 45     0.021242 
 46     0.018670 
 47     0.015997 
 48     0.011426 
 49     0.010302 
 50     0.008217 
 51     0.010067 
 52     0.013154 
 53     0.013044 
 54     0.008726 
 55     0.008724 
 56     0.012056 
 57     0.010948 
 58     0.006400 
 59     0.006670 
 60     0.009476 
 61     0.008990 
 62     0.005275 
 63     0.008982 
 64     0.008851 
 65     0.004158 
 66     0.002933 
 67     0.004225 
 68     0.009078 
 69     0.008023 
 70     0.011798 
 71     0.014963 
 72     0.013796 
 73     0.012182 
 74     0.016113 
 75     0.019034 
 76     0.022440 
 77     0.023263 
 78     0.026655 
 79     0.025779 
 80     0.026566 
 81     0.021860 
 82     0.020215 
 83     0.023335 
 84     0.021350 
 85     0.016636 
 86     0.017021 
 87     0.017428 
 88     0.013358 
 89     0.010111 
 90     0.007697 
 91     0.008495 
 92     0.013222 
 93     0.015080 
 94     0.019580 
 95     0.023199 
 96     0.022960 
 97     0.026990 
 98     0.027013 
 99     0.026494 
100     0.021803 
101     0.018673 
102     0.016005 
103     0.013444 
104     0.015960 
105     0.013645 
106     0.016877 
107     0.020108 
108     0.019520 
109     0.018450 
110     0.014332 
111     0.013223 
112     0.009900 
113     0.008192 
114     0.007097 
115     0.004555 
116     0.002849 
117     0.001444 
118     0.004323 
119     0.004316 
120     0.005159 
121     0.007233 
122     0.010619 
123     0.011443 
124     0.010924 
125     0.014250 
126     0.017363 
127     0.017383 
128     0.017721 
129     0.021390 
130     0.023294 
131     0.022392 
132     0.023525 
133     0.020434 
134     0.015094 
135     0.011841 
136     0.007076 
137     0.007399 
138     0.009962 
139     0.013262 
140     0.012249 
141     0.015648 
142     0.017593 
143     0.021494 
144     0.026377 
145     0.027427 
146     0.022911 
147     0.024020 
148     0.020741 
149     0.021093 
150     0.017701 
151     0.016433 
152     0.014914 
153     0.012512 
154     0.010266 
155     0.009326 
156     0.007867 
157     0.004901 
158     0.003127 
159     0.003173 
160     0.004985 
161     0.003109 
162     0.004107 
163     0.003349 
164     0.004136 
165     0.008418 
166     0.010953 
167     0.015378 
168     0.016935 
169     0.021228 
170     0.023490 
171     0.023112 
172     0.028370 
173     0.028421 
174     0.025147 
175     0.028358 
176     0.032614 
177     0.030660 
178     0.029892 
179     0.034722 
180     0.036607 
181     0.037172 
182     0.034711 
183     0.039165 
184     0.044067 
185     0.046508 
186     0.047708 
187     0.047378 
188     0.046587 
189     0.045011 
190     0.040769 
191     0.038514 
192     0.033353 
193     0.031101 
194     0.025944 
195     0.023822 
196     0.019285 
197     0.014835 
198     0.015653 
199     0.019717 
200     0.024554 
201     0.027396 
202     0.032229 
203     0.033892 
204     0.037985 
205     0.036893 
206     0.040818 
207     0.041178 
208     0.043524 
209     0.042494 
210     0.046521 
211     0.043701 
212     0.040739 
213     0.038156 
214     0.034796 
215     0.036430 
216     0.033809 
217     0.032738 
218     0.033923 
219     0.038666 
220     0.038735 
221     0.034475 
222     0.033854 
223     0.029489 
224     0.026255 
225     0.021781 
226     0.019428 
227     0.022827 
228     0.020224 
229     0.015072 
230     0.012749 
231     0.017485 
232     0.019476 
233     0.015983 
234     0.013488 
235     0.016907 
236     0.016524 
237     0.011364 
238     0.010481 
239     0.013540 
240     0.012793 
241     0.008505 
242     0.009420 
243     0.013117 
244     0.011849 
245     0.009096 
246     0.011787 
247     0.015467 
248     0.014577 
249     0.011097 
250     0.008746 
251     0.004736 
252     0.005170 
253     0.002713 
254     0.005609 
255     0.006469 
256     0.005608 
257     0.008886 
258     0.008946 
259     0.005663 
260     0.006895 
261     0.010577 
262     0.010106 
263     0.009683 
264     0.012331 
265     0.015336 
266     0.015540 
267     0.016802 
268     0.020197 
269     0.021653 
270     0.022604 
271     0.025903 
272     0.028068 
273     0.028576 
274     0.030732 
275     0.034082 
276     0.034983 
277     0.034424 
278     0.030672 
279     0.027256 
280     0.023799 
281     0.018434 
282     0.019560 
283     0.017096 
284     0.019531 
285     0.018052 
286     0.015009 
287     0.013861 
288     0.016078 
289     0.015271 
290     0.017485 
291     0.018101 
292     0.019670 
293     0.018610 
294     0.017118 
295     0.019106 
296     0.017351 
297     0.019877 
298     0.018400 
299     0.023336 
300     0.023937 
301     0.028753 
302     0.030563 
303     0.030581 
304     0.025574 
305     0.025033 
306     0.028808 
307     0.028594 
308     0.024400 
309     0.025500 
310     0.030713 
311     0.028759 
312     0.027655 
313     0.031218 
314     0.034905 
315     0.032117 
316     0.032480 
317     0.037838 
318     0.038366 
319     0.036273 
320     0.038267 
321     0.043296 
322     0.042917 
323     0.040641 
324     0.045029 
325     0.048186 
326     0.045857 
327     0.047300 
328     0.051923 
329     0.051519 
330     0.052103 
331     0.049554 
332     0.053565 
333     0.053083 
334     0.047811 
335     0.047750 
336     0.043162 
337     0.040191 
338     0.035661 
339     0.031579 
340     0.026544 
341     0.022398 
342     0.021743 
343     0.023004 
344     0.027819 
345     0.029339 
346     0.029335 
347     0.034060 
348     0.032883 
349     0.032351 
350     0.036283 
351     0.039661 
352     0.038691 
353     0.039114 
354     0.043352 
355     0.045679 
356     0.045164 
357     0.046628 
358     0.050472 
359     0.048243 
360     0.044207 
361     0.039267 
362     0.039186 
363     0.035598 
364     0.037349 
365     0.032899 
366     0.029514 
367     0.026899 
368     0.021762 
369     0.022901 
370     0.025918 
371     0.022650 
372     0.019363 
373     0.023478 
374     0.024457 
375     0.019622 
376     0.019954 
377     0.024210 
378     0.022137 
379     0.017579 
380     0.019566 
381     0.022751 
382     0.021052 
383     0.017119 
384     0.014605 
385     0.011004 
386     0.012085 
387     0.015808 
388     0.022721 
389     0.026602 
390     0.033490 
391     0.033923 
392     0.034057 
393     0.028931 
394     0.025153 
395     0.018190 
396     0.011373 
397     0.006847 
398     0.008694 
399     0.013106 
400     0.019430 
401     0.026269 
402     0.030032 
403     0.033837 
404     0.039162 
405     0.031134 
406     0.031915 
407     0.024033 
408     0.020349 
409     0.021481 
410     0.019000 
411     0.023619 
412     0.019560 
413     0.018134 
414     0.013809 
415     0.019993 
416     0.024040 
417     0.021868 
418     0.022762 
419     0.026473 
420     0.027973 
421     0.031536 
422     0.032873 
423     0.038954 
424     0.039564 
425     0.045714 
426     0.045317 
427     0.052372 
428     0.056137 
429     0.053594 
430     0.062059 
431     0.069404 
432     0.074385 
433     0.067949 
434     0.069453 
435     0.062258 
436     0.053807 
437     0.044485 
438     0.039134 
439     0.034703 
440     0.027924 
441     0.020925 
442     0.012903 
443     0.009164 
444     0.006225 
445     0.011006 
446     0.013969 
447     0.021985 
448     0.025177 
449     0.030314 
450     0.025631 
451     0.020367 
452     0.021031 
453     0.026612 
454     0.025227 
455     0.039382 
456     0.036223 
457     0.041704 
458     0.049263 
459     0.052668 
460     0.061199 
461     0.068255 
462     0.066954 
463     0.074658 
464     0.077774 
465     0.076631 
466     0.073619 
467     0.064849 
468     0.061857 
469     0.068482 
470     0.063420 
471     0.057565 
472     0.051361 
473     0.046479 
474     0.038630 
475     0.035843 
476     0.028018 
477     0.028745 
478     0.022009 
479     0.022239 
480     0.022217 
481     0.015061 
482     0.013139 
483     0.013769 
484     0.017051 
485     0.025134 
486     0.029018 
487     0.037169 
488     0.043592 
489     0.050482 
490     0.057938 
491     0.063608 
492     0.070087 
493     0.070774 
494     0.066082 
495     0.061768 
496     0.053396 
497     0.047641 
498     0.039660 
499     0.033524 
500     0.025272 
501     0.018844 
502     0.012104 
503     0.007806 
504     0.009957 
505     0.012976 
506     0.012042 
507     0.014547 
508     0.020069 
509     0.023874 
510     0.027994 
511     0.022529 
512     0.017912 
513     0.024230 
514     0.024740 
515     0.017088 
516     0.018739 
517     0.024524 
518     0.020926 
519     0.015020 
520     0.021189 
521     0.024319 
522     0.020350 
523     0.015287 
524     0.016659 
525     0.018955 
526     0.014667 
527     0.009376 
528     0.013950 
529     0.015667 
530     0.010317 
531     0.007853 
532     0.012909 
533     0.014838 
534     0.011770 
535     0.008648 
536     0.012733 
537     0.018051 
538     0.015571 
539     0.007742 
540     0.015821 
541     0.021234 
542     0.014760 
543     0.009078 
544     0.021452 
545     0.024793 
546     0.014763 
547     0.013008 
548     0.025568 
549     0.023997 
550     0.011023 
551     0.020390 
552     0.028962 
553     0.021255 
554     0.010753 
555     0.011018 
556     0.025154 
557     0.024831 
558     0.035011 
559     0.036558 
560     0.049058 
561     0.040703 
562     0.027376 
563     0.040173 
564     0.044356 
565     0.029369 
566     0.027751 
567     0.042092 
568     0.035877 
569     0.022933 
570     0.036592 
571     0.042482 
572     0.029017 
573     0.031679 
574     0.045780 
575     0.040143 
576     0.030833 
577     0.045240 
578     0.046336 
579     0.039182 
580     0.039333 
581     0.028342 
582     0.041169 
583     0.043634 
584     0.028470 
585     0.030912 
586     0.044492 
587     0.036702 
588     0.027558 
589     0.043094 
590     0.046438 
591     0.032759 
592     0.039468 
593     0.053108 
594     0.046692 
595     0.037087 
596     0.051934 
597     0.049049 
598     0.034636 
599     0.044995 
600     0.056129 
601     0.044524 
602     0.044967 
603     0.061767 
604     0.070924 
605     0.060346 
606     0.041563 
607     0.024342 
608     0.043837 
609     0.046310 
610     0.023898 
611     0.026664 
612     0.041443 
613     0.028597 
614     0.016847 
615     0.035014 
616     0.029999 
617     0.013147 
618     0.026533 
619     0.030836 
620     0.015909 
621     0.024412 
622     0.035446 
623     0.026111 
624     0.020159 
625     0.034243 
626     0.036318 
627     0.025933 
628     0.025238 
629     0.035972 
630     0.033465 
631     0.026086 
632     0.032251 
633     0.037174 
634     0.030880 
635     0.029097 
636     0.034803 
637     0.034531 
638     0.029928 
639     0.031593 
640     0.032915 
641     0.029602 
642     0.028125 
643     0.029476 
644     0.027611 
645     0.026363 
646     0.025637 
647     0.023794 
648     0.022224 
649     0.022246 
650     0.020748 
651     0.018019 
652     0.018329 
653     0.019515 
654     0.017632 
655     0.016094 
656     0.019433 
657     0.021607 
658     0.019088 
659     0.016690 
660     0.020162 
661     0.023649 
662     0.017982 
663     0.018985 
664     0.022971 
665     0.017928 
666     0.013789 
667     0.018222 
668     0.016638 
669     0.010787 
670     0.012452 
671     0.016184 
672     0.010864 
673     0.009081 
674     0.014154 
675     0.012796 
676     0.007319 
677     0.005897 
678     0.008152 
679     0.010490 
680     0.009019 
681     0.014168 
682     0.012848 
683     0.008640 
684     0.009099 
685     0.010847 
686     0.007797 
687     0.002831 
688     0.007219 
689     0.007462 
690     0.003213 
691     0.004955 
692     0.006633 
693     0.003279 
694     0.005219 
695     0.007476 
696     0.003017 
697     0.005946 
698     0.010274 
699     0.006567 
700     0.005830 
701     0.010160 
702     0.010248 
703     0.008334 
704     0.010222 
705     0.013098 
706     0.014500 
707     0.014157 
708     0.015543 
709     0.018946 
710     0.020931 
711     0.022167 
712     0.021126 
713     0.022105 
714     0.022569 
715     0.020861 
716     0.018103 
717     0.018120 
718     0.015276 
719     0.017346 
720     0.019308 
721     0.017263 
722     0.014863 
723     0.013002 
724     0.010870 
725     0.010449 
726     0.011999 
727     0.013243 
728     0.015264 
729     0.018057 
730     0.020969 
731     0.021840 
732     0.021352 
733     0.021542 
734     0.018935 
735     0.017751 
736     0.019397 
737     0.018341 
738     0.018041 
739     0.017683 
740     0.018091 
741     0.016861 
742     0.018358 
743     0.018803 
744     0.018814 
745     0.019184 
746     0.020144 
747     0.018273 
748     0.018281 
749     0.020687 
750     0.023083 
751     0.021339 
752     0.021270 
753     0.019489 
754     0.017839 
755     0.017494 
756     0.015668 
757     0.015584 
758     0.014177 
759     0.015159 
760     0.016505 
761     0.015818 
762     0.018160 
763     0.017864 
764     0.016437 
765     0.058510 
766     0.037601 
767     0.025441 
768     0.045991 
769     0.045868 
770     0.026258 
771     0.039613 
772     0.051232 
773     0.036594 
774     0.032388 
775     0.051223 
776     0.048887 
777     0.033938 
778     0.045103 
779     0.056693 
780     0.046274 
781     0.038132 
782     0.052715 
783     0.054245 
784     0.041485 
785     0.044890 
786     0.055975 
787     0.049395 
788     0.041589 
789     0.050100 
790     0.053799 
791     0.044948 
792     0.043141 
793     0.049474 
794     0.045894 
795     0.039518 
796     0.040903 
797     0.042700 
798     0.037307 
799     0.033727 
800     0.033945 
801     0.032143 
802     0.028465 
803     0.026875 
804     0.024430 
805     0.022653 
806     0.021318 
807     0.020639 
808     0.016601 
809     0.016275 
810     0.016634 
811     0.015250 
812     0.011232 
813     0.011654 
814     0.013538 
815     0.012625 
816     0.008329 
817     0.009974 
818     0.013745 
819     0.011981 
820     0.007721 
821     0.009477 
822     0.013889 
823     0.012420 
824     0.009092 
825     0.014510 
826     0.017149 
827     0.012828 
828     0.012929 
829     0.018818 
830     0.017391 
831     0.011727 
832     0.015492 
833     0.019703 
834     0.016761 
835     0.014937 
836     0.012667 
837     0.014515 
838     0.010513 
839     0.005604 
840     0.009773 
841     0.011087 
842     0.008670 
843     0.010900 
844     0.014794 
845     0.011928 
846     0.016538 
847     0.020995 
848     0.017846 
849     0.014682 
850     0.020673 
851     0.022648 
852     0.017741 
853     0.018446 
854     0.024706 
855     0.024019 
856     0.019163 
857     0.024382 
858     0.028014 
859     0.024313 
860     0.022893 
861     0.030719 
862     0.030739 
863     0.028598 
864     0.032212 
865     0.028285 
866     0.032741 
867     0.035246 
868     0.041597 
869     0.049593 
870     0.061105 
871     0.071476 
872     0.081721 
873     0.076424 
874     0.077404 
875     0.070140 
876     0.059816 
877     0.052610 
878     0.043437 
879     0.046579 
880     0.052633 
881     0.054092 
882     0.065242 
883     0.065829 
884     0.076792 
885     0.085716 
886     0.090858 
887     0.102130 
888     0.104743 
889     0.106864 
890     0.101701 
891     0.095315 
892     0.100543 
893     0.099543 
894     0.088895 
895     0.083339 
896     0.074502 
897     0.078555 
898     0.069744 
899     0.058062 
900     0.054526 
901     0.043074 
902     0.036709 
903     0.034189 
904     0.029672 
905     0.030739 
906     0.028652 
907     0.033834 
908     0.037127 
909     0.031483 
910     0.030380 
911     0.023551 
912     0.027880 
913     0.037219 
914     0.042404 
915     0.050107 
916     0.060738 
917     0.072622 
918     0.080064 
919     0.091795 
920     0.101285 
921     0.112713 
922     0.120212 
923     0.132487 
