  1     0.016420 
  2     0.010925 
  3     0.013643 
  4     0.013982 
  5     0.014139 
  6     0.012921 
  7     0.012908 
  8     0.011478 
  9     0.011992 
 10     0.009386 
 11     0.010221 
 12     0.010178 
 13     0.010270 
 14     0.013442 
 15     0.014110 
 16     0.014385 
 17     0.013459 
 18     0.014725 
 19     0.015141 
 20     0.023270 
 21     0.034836 
 22     0.014126 
 23     0.014374 
 24     0.013807 
 25     0.016611 
 26     0.013960 
 27     0.015878 
 28     0.018628 
 29     0.017678 
 30     0.016925 
 31     0.016447 
 32     0.018905 
 33     0.015767 
 34     0.015512 
 35     0.013169 
 36     0.015187 
 37     0.015557 
 38     0.014213 
 39     0.014041 
 40     0.014209 
 41     0.018969 
 42     0.035323 
 43     0.044474 
 44     0.069118 
 45     0.079456 
 46     0.068449 
 47     0.045577 
 48     0.040776 
 49     0.022917 
 50     0.020855 
 51     0.019805 
 52     0.024329 
 53     0.017523 
 54     0.010248 
 55     0.017769 
 56     0.023986 
 57     0.019006 
 58     0.026555 
 59     0.038643 
 60     0.037384 
 61     0.047634 
 62     0.054002 
 63     0.050146 
 64     0.036358 
 65     0.023349 
 66     0.013787 
 67     0.011706 
 68     0.012235 
 69     0.012914 
 70     0.013803 
 71     0.020469 
 72     0.021095 
 73     0.016149 
 74     0.020448 
 75     0.035018 
 76     0.055371 
 77     0.055359 
 78     0.075762 
 79     0.077000 
 80     0.088238 
 81     0.063910 
 82     0.060649 
 83     0.080874 
 84     0.091561 
 85     0.070738 
 86     0.058194 
 87     0.077959 
 88     0.079038 
 89     0.060670 
 90     0.053048 
 91     0.030142 
 92     0.021238 
 93     0.018432 
 94     0.017849 
 95     0.040217 
 96     0.045017 
 97     0.087191 
 98     0.098057 
 99     0.074982 
100     0.049561 
101     0.032231 
102     0.019595 
103     0.010009 
104     0.020097 
105     0.041408 
106     0.076506 
107     0.052801 
108     0.047793 
109     0.035358 
110     0.034346 
111     0.025022 
112     0.014048 
113     0.016076 
114     0.012225 
115     0.005509 
116     0.011579 
117     0.013479 
118     0.013686 
119     0.013414 
120     0.013443 
121     0.014874 
122     0.016583 
123     0.015810 
124     0.015570 
125     0.017077 
126     0.017360 
127     0.015956 
128     0.015143 
129     0.016345 
130     0.014313 
131     0.013502 
132     0.016224 
133     0.015070 
134     0.013809 
135     0.015425 
136     0.014805 
137     0.014407 
138     0.013444 
139     0.012500 
140     0.011998 
141     0.009859 
142     0.010130 
143     0.008458 
144     0.008696 
145     0.006006 
146     0.009722 
147     0.006799 
148     0.006221 
149     0.009023 
150     0.012256 
151     0.009892 
152     0.009264 
153     0.013391 
154     0.011256 
155     0.011647 
156     0.012946 
157     0.013774 
158     0.013166 
159     0.013711 
160     0.013528 
161     0.014084 
162     0.014715 
163     0.014529 
164     0.013791 
165     0.012983 
166     0.012764 
167     0.011677 
168     0.010590 
169     0.009569 
170     0.008126 
171     0.009444 
172     0.010145 
173     0.009381 
174     0.009082 
175     0.009689 
176     0.010338 
177     0.009295 
178     0.010492 
179     0.011373 
180     0.010679 
181     0.009626 
182     0.011678 
183     0.018824 
184     0.025136 
185     0.022336 
186     0.016616 
187     0.020877 
188     0.032141 
189     0.024794 
190     0.018367 
191     0.016915 
192     0.013540 
193     0.013125 
194     0.012126 
195     0.012290 
196     0.011283 
197     0.008713 
198     0.007910 
199     0.007038 
200     0.008997 
201     0.008825 
202     0.011281 
203     0.011586 
204     0.015029 
205     0.011931 
206     0.015689 
207     0.015746 
208     0.013097 
209     0.011974 
210     0.013891 
211     0.025915 
212     0.029688 
213     0.016006 
214     0.015411 
215     0.009846 
216     0.009387 
217     0.009924 
218     0.010620 
219     0.013737 
220     0.014949 
221     0.010727 
222     0.011558 
223     0.007649 
224     0.006893 
225     0.018347 
226     0.010496 
227     0.010264 
228     0.004594 
229     0.018200 
230     0.021191 
231     0.015390 
232     0.011356 
233     0.021125 
234     0.020964 
235     0.013442 
236     0.022621 
237     0.029041 
238     0.026198 
239     0.025151 
240     0.026785 
241     0.022907 
242     0.020407 
243     0.024635 
244     0.018876 
245     0.011829 
246     0.020063 
247     0.021535 
248     0.010598 
249     0.010522 
250     0.008581 
251     0.012469 
252     0.023821 
253     0.026474 
254     0.029143 
255     0.032795 
256     0.041100 
257     0.037651 
258     0.035344 
259     0.037905 
260     0.046096 
261     0.043650 
262     0.040763 
263     0.044828 
264     0.055919 
265     0.051935 
266     0.041590 
267     0.046883 
268     0.059828 
269     0.053442 
270     0.044362 
271     0.044174 
272     0.063724 
273     0.055939 
274     0.045288 
275     0.062452 
276     0.076564 
277     0.072844 
278     0.069524 
279     0.067220 
280     0.060854 
281     0.048528 
282     0.054598 
283     0.046551 
284     0.033186 
285     0.032469 
286     0.040894 
287     0.042482 
288     0.066934 
289     0.095813 
290     0.147754 
291     0.118157 
292     0.063384 
293     0.022595 
294     0.007962 
295     0.023788 
296     0.042819 
297     0.041187 
298     0.040673 
299     0.051138 
300     0.052176 
301     0.059675 
302     0.055510 
303     0.056122 
304     0.047354 
305     0.039540 
306     0.037625 
307     0.036514 
308     0.023025 
309     0.020781 
310     0.020248 
311     0.012768 
312     0.009067 
313     0.010066 
314     0.006950 
315     0.006754 
316     0.009199 
317     0.011277 
318     0.008908 
319     0.010045 
320     0.014458 
321     0.021297 
322     0.019316 
323     0.016716 
324     0.023979 
325     0.028461 
326     0.024177 
327     0.024598 
328     0.031048 
329     0.030663 
330     0.030991 
331     0.028311 
332     0.035020 
333     0.033876 
334     0.027250 
335     0.030830 
336     0.025130 
337     0.020074 
338     0.017883 
339     0.015810 
340     0.012930 
341     0.013357 
342     0.012408 
343     0.015362 
344     0.014471 
345     0.013777 
346     0.018832 
347     0.010433 
348     0.016894 
349     0.011893 
350     0.015078 
351     0.014422 
352     0.008943 
353     0.008600 
354     0.016545 
355     0.013191 
356     0.011521 
357     0.022055 
358     0.028168 
359     0.029522 
360     0.026288 
361     0.021593 
362     0.024489 
363     0.017678 
364     0.017670 
365     0.016483 
366     0.016306 
367     0.013958 
368     0.010306 
369     0.012107 
370     0.011708 
371     0.009707 
372     0.010843 
373     0.011282 
374     0.010076 
375     0.010661 
376     0.012599 
377     0.012275 
378     0.012141 
379     0.012435 
380     0.012401 
381     0.010372 
382     0.007415 
383     0.010861 
384     0.007640 
385     0.004975 
386     0.021067 
387     0.016631 
388     0.015007 
389     0.020222 
390     0.019190 
391     0.013827 
392     0.011527 
393     0.015726 
394     0.018615 
395     0.013103 
396     0.012753 
397     0.013191 
398     0.012007 
399     0.013128 
400     0.014374 
401     0.015368 
402     0.021341 
403     0.025775 
404     0.034844 
405     0.029698 
406     0.024470 
407     0.019832 
408     0.015984 
409     0.018390 
410     0.016311 
411     0.014136 
412     0.012788 
413     0.012664 
414     0.010491 
415     0.012384 
416     0.010852 
417     0.008794 
418     0.013992 
419     0.013882 
420     0.012029 
421     0.012665 
422     0.012090 
423     0.011378 
424     0.010889 
425     0.018460 
426     0.020408 
427     0.012451 
428     0.006298 
429     0.009679 
430     0.010001 
431     0.012998 
432     0.019815 
433     0.015924 
434     0.018642 
435     0.014939 
436     0.011687 
437     0.011396 
438     0.009990 
439     0.014433 
440     0.012539 
441     0.013167 
442     0.010991 
443     0.008193 
444     0.009263 
445     0.005792 
446     0.010568 
447     0.014021 
448     0.015702 
449     0.018792 
450     0.016263 
451     0.009860 
452     0.008893 
453     0.012245 
454     0.012028 
455     0.010044 
456     0.010269 
457     0.011151 
458     0.010525 
459     0.010234 
460     0.014013 
461     0.018145 
462     0.015453 
463     0.021987 
464     0.024002 
465     0.022100 
466     0.018226 
467     0.011573 
468     0.017283 
469     0.020666 
470     0.013809 
471     0.015120 
472     0.010578 
473     0.013243 
474     0.012780 
475     0.012426 
476     0.012991 
477     0.013930 
478     0.013827 
479     0.014623 
480     0.013230 
481     0.013160 
482     0.014663 
483     0.014271 
484     0.015046 
485     0.014163 
486     0.013793 
487     0.011748 
488     0.009527 
489     0.008709 
490     0.010946 
491     0.018638 
492     0.021440 
493     0.020472 
494     0.018597 
495     0.013363 
496     0.009406 
497     0.008759 
498     0.010634 
499     0.014078 
500     0.014379 
501     0.015422 
502     0.015210 
503     0.015351 
504     0.017333 
505     0.016732 
506     0.012268 
507     0.006555 
508     0.006431 
509     0.004698 
510     0.012466 
511     0.007632 
512     0.007127 
513     0.019169 
514     0.021809 
515     0.008633 
516     0.023276 
517     0.037041 
518     0.025546 
519     0.025491 
520     0.051048 
521     0.058573 
522     0.039210 
523     0.034656 
524     0.034414 
525     0.025387 
526     0.008791 
527     0.009852 
528     0.006627 
529     0.016180 
530     0.017342 
531     0.016099 
532     0.018155 
533     0.027263 
534     0.024914 
535     0.017576 
536     0.023476 
537     0.028971 
538     0.020898 
539     0.015395 
540     0.018085 
541     0.015710 
542     0.013211 
543     0.007810 
544     0.006448 
545     0.018538 
546     0.015836 
547     0.014478 
548     0.027379 
549     0.024594 
550     0.017750 
551     0.030773 
552     0.032151 
553     0.019447 
554     0.024345 
555     0.023262 
556     0.011755 
557     0.009720 
558     0.016838 
559     0.024801 
560     0.023513 
561     0.011769 
562     0.012606 
563     0.016858 
564     0.010795 
565     0.003009 
566     0.007669 
567     0.005405 
568     0.005244 
569     0.003421 
570     0.008735 
571     0.013577 
572     0.012566 
573     0.018073 
574     0.025668 
575     0.022375 
576     0.023741 
577     0.037183 
578     0.034081 
579     0.025277 
580     0.019978 
581     0.009184 
582     0.010496 
583     0.015472 
584     0.010694 
585     0.002422 
586     0.007658 
587     0.007942 
588     0.005110 
589     0.004036 
590     0.004818 
591     0.005692 
592     0.005087 
593     0.006985 
594     0.007050 
595     0.007298 
596     0.012613 
597     0.011772 
598     0.008720 
599     0.017378 
600     0.020643 
601     0.016348 
602     0.023475 
603     0.043217 
604     0.058166 
605     0.066606 
606     0.043055 
607     0.024864 
608     0.027067 
609     0.029123 
610     0.016507 
611     0.008803 
612     0.018049 
613     0.013332 
614     0.010462 
615     0.013812 
616     0.018128 
617     0.020629 
618     0.019763 
619     0.021384 
620     0.025441 
621     0.026513 
622     0.020666 
623     0.021910 
624     0.029306 
625     0.021341 
626     0.018027 
627     0.025892 
628     0.026466 
629     0.021088 
630     0.024289 
631     0.029813 
632     0.023614 
633     0.022549 
634     0.022805 
635     0.015445 
636     0.017112 
637     0.016231 
638     0.013826 
639     0.019126 
640     0.022675 
641     0.031336 
642     0.032505 
643     0.043925 
644     0.043693 
645     0.051935 
646     0.047797 
647     0.046983 
648     0.040902 
649     0.038734 
650     0.035641 
651     0.033790 
652     0.027511 
653     0.020670 
654     0.023029 
655     0.011318 
656     0.015351 
657     0.020429 
658     0.018551 
659     0.013866 
660     0.014559 
661     0.017686 
662     0.024008 
663     0.023160 
664     0.031891 
665     0.034672 
666     0.036832 
667     0.033834 
668     0.040705 
669     0.037912 
670     0.036464 
671     0.034043 
672     0.038043 
673     0.044004 
674     0.036726 
675     0.058955 
676     0.058854 
677     0.063892 
678     0.065960 
679     0.086316 
680     0.049850 
681     0.099337 
682     0.090016 
683     0.052023 
684     0.056360 
685     0.047172 
686     0.012585 
687     0.027623 
688     0.038781 
689     0.026850 
690     0.028832 
691     0.039986 
692     0.037442 
693     0.038479 
694     0.043818 
695     0.045258 
696     0.041450 
697     0.043540 
698     0.039139 
699     0.029660 
700     0.028764 
701     0.019206 
702     0.016834 
703     0.015192 
704     0.010978 
705     0.017844 
706     0.016997 
707     0.017705 
708     0.022387 
709     0.026822 
710     0.043938 
711     0.054013 
712     0.047240 
713     0.055035 
714     0.069332 
715     0.068362 
716     0.040407 
717     0.035631 
718     0.021675 
719     0.027298 
720     0.030676 
721     0.034265 
722     0.032505 
723     0.033180 
724     0.036416 
725     0.034133 
726     0.036602 
727     0.035590 
728     0.048278 
729     0.047001 
730     0.054873 
731     0.044091 
732     0.050621 
733     0.063553 
734     0.066986 
735     0.064057 
736     0.057201 
737     0.049057 
738     0.040448 
739     0.040479 
740     0.042134 
741     0.045295 
742     0.047159 
743     0.038643 
744     0.033294 
745     0.028403 
746     0.024911 
747     0.021811 
748     0.025690 
749     0.033099 
750     0.026873 
751     0.027144 
752     0.030673 
753     0.034248 
754     0.033956 
755     0.032129 
756     0.038308 
757     0.038271 
758     0.036110 
759     0.043675 
760     0.050514 
761     0.061089 
762     0.071845 
763     0.071653 
764     0.091132 
765     0.020337 
766     0.011291 
767     0.015781 
768     0.019098 
769     0.014600 
770     0.006388 
771     0.013614 
772     0.020846 
773     0.015802 
774     0.022449 
775     0.032367 
776     0.026371 
777     0.027621 
778     0.040706 
779     0.034655 
780     0.027133 
781     0.035008 
782     0.038879 
783     0.024334 
784     0.025216 
785     0.028619 
786     0.018458 
787     0.021094 
788     0.023643 
789     0.023814 
790     0.032522 
791     0.029838 
792     0.028473 
793     0.039390 
794     0.027104 
795     0.022334 
796     0.032611 
797     0.022638 
798     0.014164 
799     0.026388 
800     0.027758 
801     0.024881 
802     0.033606 
803     0.038799 
804     0.036849 
805     0.037972 
806     0.042798 
807     0.035328 
808     0.036601 
809     0.032500 
810     0.027701 
811     0.020164 
812     0.015712 
813     0.010750 
814     0.008740 
815     0.011992 
816     0.010559 
817     0.015142 
818     0.023952 
819     0.028889 
820     0.026226 
821     0.030899 
822     0.032933 
823     0.028758 
824     0.036130 
825     0.031852 
826     0.027197 
827     0.022843 
828     0.020678 
829     0.017678 
830     0.009034 
831     0.008060 
832     0.016046 
833     0.027537 
834     0.055095 
835     0.094494 
836     0.086518 
837     0.103690 
838     0.061944 
839     0.029132 
840     0.062156 
841     0.093174 
842     0.071402 
843     0.096443 
844     0.097566 
845     0.038127 
846     0.029876 
847     0.023241 
848     0.024275 
849     0.020085 
850     0.018053 
851     0.020461 
852     0.023708 
853     0.017646 
854     0.019543 
855     0.019708 
856     0.017443 
857     0.017722 
858     0.015554 
859     0.012998 
860     0.010565 
861     0.013535 
862     0.013550 
863     0.020493 
864     0.024349 
865     0.023923 
866     0.015921 
867     0.015065 
868     0.026309 
869     0.030308 
870     0.039637 
871     0.040676 
872     0.040495 
873     0.050542 
874     0.056866 
875     0.045084 
876     0.039969 
877     0.030711 
878     0.032302 
879     0.033137 
880     0.032606 
881     0.029797 
882     0.029570 
883     0.030769 
884     0.027593 
885     0.023246 
886     0.019335 
887     0.023905 
888     0.033451 
889     0.021006 
890     0.005657 
891     0.023732 
892     0.034431 
893     0.041317 
894     0.047519 
895     0.043305 
896     0.036811 
897     0.027812 
898     0.027909 
899     0.029962 
900     0.030454 
901     0.030768 
902     0.030514 
903     0.031867 
904     0.030172 
905     0.033306 
906     0.047554 
907     0.066188 
908     0.072034 
909     0.064217 
910     0.040452 
911     0.037389 
912     0.034139 
913     0.031712 
914     0.030753 
915     0.031109 
916     0.030356 
917     0.027678 
918     0.031705 
919     0.026461 
920     0.039329 
921     0.047240 
922     0.057021 
923     0.261751 
