  1     0.010244 
  2     0.031980 
  3     0.021882 
  4     0.018724 
  5     0.009105 
  6     0.006519 
  7     0.010271 
  8     0.015043 
  9     0.017045 
 10     0.018622 
 11     0.017942 
 12     0.017514 
 13     0.016559 
 14     0.016309 
 15     0.016508 
 16     0.012599 
 17     0.010566 
 18     0.026320 
 19     0.045740 
 20     0.218480 
 21     0.462512 
 22     0.098018 
 23     0.100829 
 24     0.054667 
 25     0.094489 
 26     0.025632 
 27     0.017366 
 28     0.017331 
 29     0.020214 
 30     0.020879 
 31     0.016264 
 32     0.017997 
 33     0.019649 
 34     0.020062 
 35     0.017715 
 36     0.016727 
 37     0.017100 
 38     0.015694 
 39     0.014393 
 40     0.011950 
 41     0.011003 
 42     0.012793 
 43     0.020440 
 44     0.022251 
 45     0.044009 
 46     0.042513 
 47     0.030389 
 48     0.009347 
 49     0.014268 
 50     0.014491 
 51     0.015668 
 52     0.015412 
 53     0.012781 
 54     0.014657 
 55     0.013455 
 56     0.010771 
 57     0.013534 
 58     0.012890 
 59     0.008347 
 60     0.007071 
 61     0.012683 
 62     0.009463 
 63     0.004143 
 64     0.005502 
 65     0.009300 
 66     0.009506 
 67     0.017003 
 68     0.016575 
 69     0.016116 
 70     0.018595 
 71     0.019223 
 72     0.018953 
 73     0.019864 
 74     0.025126 
 75     0.027850 
 76     0.032179 
 77     0.023177 
 78     0.020260 
 79     0.022131 
 80     0.021720 
 81     0.017203 
 82     0.016860 
 83     0.021545 
 84     0.032404 
 85     0.027670 
 86     0.028340 
 87     0.052745 
 88     0.049033 
 89     0.014010 
 90     0.010109 
 91     0.005399 
 92     0.012631 
 93     0.013266 
 94     0.021588 
 95     0.044664 
 96     0.044894 
 97     0.148633 
 98     0.148033 
 99     0.067466 
100     0.046758 
101     0.020346 
102     0.015386 
103     0.009300 
104     0.014890 
105     0.011604 
106     0.020419 
107     0.033433 
108     0.033188 
109     0.012841 
110     0.005049 
111     0.013961 
112     0.014475 
113     0.014599 
114     0.014455 
115     0.013485 
116     0.015280 
117     0.014612 
118     0.014665 
119     0.016121 
120     0.014363 
121     0.014597 
122     0.016197 
123     0.014520 
124     0.012985 
125     0.015076 
126     0.014645 
127     0.016794 
128     0.016295 
129     0.017220 
130     0.042301 
131     0.029514 
132     0.021029 
133     0.027232 
134     0.031302 
135     0.015572 
136     0.007513 
137     0.004302 
138     0.007843 
139     0.012298 
140     0.012296 
141     0.017236 
142     0.020030 
143     0.022984 
144     0.025230 
145     0.029699 
146     0.020938 
147     0.020160 
148     0.018554 
149     0.014944 
150     0.016615 
151     0.014337 
152     0.013310 
153     0.012480 
154     0.014678 
155     0.013233 
156     0.013088 
157     0.013392 
158     0.012772 
159     0.012777 
160     0.014023 
161     0.012954 
162     0.012307 
163     0.008961 
164     0.007805 
165     0.009236 
166     0.016753 
167     0.025620 
168     0.015702 
169     0.020142 
170     0.021513 
171     0.019957 
172     0.021380 
173     0.023462 
174     0.021605 
175     0.020528 
176     0.024409 
177     0.021428 
178     0.019604 
179     0.024557 
180     0.025320 
181     0.025085 
182     0.024319 
183     0.024523 
184     0.020544 
185     0.015004 
186     0.018054 
187     0.020069 
188     0.022150 
189     0.021904 
190     0.022096 
191     0.021171 
192     0.018929 
193     0.019582 
194     0.016180 
195     0.015744 
196     0.013805 
197     0.020488 
198     0.014529 
199     0.014274 
200     0.012987 
201     0.018200 
202     0.017282 
203     0.017182 
204     0.018374 
205     0.021955 
206     0.023262 
207     0.025793 
208     0.029276 
209     0.027697 
210     0.041930 
211     0.073104 
212     0.059587 
213     0.029186 
214     0.047672 
215     0.027789 
216     0.027627 
217     0.025246 
218     0.022002 
219     0.014827 
220     0.011425 
221     0.013271 
222     0.012564 
223     0.012802 
224     0.014929 
225     0.014808 
226     0.024860 
227     0.024004 
228     0.030960 
229     0.081990 
230     0.102586 
231     0.083046 
232     0.059650 
233     0.070732 
234     0.090669 
235     0.071657 
236     0.055169 
237     0.068880 
238     0.067982 
239     0.047655 
240     0.045024 
241     0.045717 
242     0.035315 
243     0.035813 
244     0.038027 
245     0.034395 
246     0.041303 
247     0.044176 
248     0.042624 
249     0.039076 
250     0.034580 
251     0.035499 
252     0.031612 
253     0.039382 
254     0.051348 
255     0.044504 
256     0.041013 
257     0.040661 
258     0.042383 
259     0.061364 
260     0.066877 
261     0.068881 
262     0.067425 
263     0.090636 
264     0.111341 
265     0.079905 
266     0.069148 
267     0.084299 
268     0.091656 
269     0.061702 
270     0.047599 
271     0.047686 
272     0.062665 
273     0.042054 
274     0.032312 
275     0.064807 
276     0.077448 
277     0.069857 
278     0.059577 
279     0.060379 
280     0.060986 
281     0.053900 
282     0.061683 
283     0.048732 
284     0.022787 
285     0.026008 
286     0.035483 
287     0.030171 
288     0.045966 
289     0.034933 
290     0.037458 
291     0.063349 
292     0.057016 
293     0.039025 
294     0.026372 
295     0.029381 
296     0.038909 
297     0.047663 
298     0.047216 
299     0.045827 
300     0.035856 
301     0.049298 
302     0.045667 
303     0.058786 
304     0.041111 
305     0.024861 
306     0.027815 
307     0.055540 
308     0.046136 
309     0.036056 
310     0.035752 
311     0.044501 
312     0.033450 
313     0.026261 
314     0.031977 
315     0.028080 
316     0.026600 
317     0.026704 
318     0.024303 
319     0.017293 
320     0.016545 
321     0.018581 
322     0.012220 
323     0.009709 
324     0.009509 
325     0.006073 
326     0.006705 
327     0.012541 
328     0.011864 
329     0.013405 
330     0.013659 
331     0.016227 
332     0.018767 
333     0.020800 
334     0.021179 
335     0.023107 
336     0.022331 
337     0.022000 
338     0.021429 
339     0.014966 
340     0.014983 
341     0.011209 
342     0.016392 
343     0.021491 
344     0.017801 
345     0.014418 
346     0.028066 
347     0.019480 
348     0.021237 
349     0.025861 
350     0.026650 
351     0.026520 
352     0.020112 
353     0.018362 
354     0.020226 
355     0.020847 
356     0.018574 
357     0.016634 
358     0.020804 
359     0.022053 
360     0.023278 
361     0.019329 
362     0.022781 
363     0.025561 
364     0.027148 
365     0.021969 
366     0.020897 
367     0.017930 
368     0.013011 
369     0.014798 
370     0.018307 
371     0.017003 
372     0.013559 
373     0.016128 
374     0.014236 
375     0.012639 
376     0.006907 
377     0.009381 
378     0.021947 
379     0.021487 
380     0.029283 
381     0.045204 
382     0.040989 
383     0.036196 
384     0.039753 
385     0.025027 
386     0.058611 
387     0.054024 
388     0.021969 
389     0.027142 
390     0.028414 
391     0.032920 
392     0.034897 
393     0.010679 
394     0.030604 
395     0.033577 
396     0.014991 
397     0.001900 
398     0.003848 
399     0.003167 
400     0.003075 
401     0.002352 
402     0.002546 
403     0.003792 
404     0.011096 
405     0.006022 
406     0.004442 
407     0.004006 
408     0.003400 
409     0.003675 
410     0.003654 
411     0.002661 
412     0.005096 
413     0.004277 
414     0.005884 
415     0.010628 
416     0.013138 
417     0.030233 
418     0.021911 
419     0.018679 
420     0.017546 
421     0.010287 
422     0.004049 
423     0.003836 
424     0.003118 
425     0.003844 
426     0.004405 
427     0.005069 
428     0.004539 
429     0.004609 
430     0.005053 
431     0.004571 
432     0.003825 
433     0.003726 
434     0.003471 
435     0.003480 
436     0.002960 
437     0.003895 
438     0.001859 
439     0.001538 
440     0.001536 
441     0.002023 
442     0.003255 
443     0.003571 
444     0.003826 
445     0.004528 
446     0.003945 
447     0.004014 
448     0.003341 
449     0.003443 
450     0.004695 
451     0.003319 
452     0.004321 
453     0.001398 
454     0.001356 
455     0.001835 
456     0.000905 
457     0.001008 
458     0.001529 
459     0.002320 
460     0.003186 
461     0.003552 
462     0.003624 
463     0.003617 
464     0.003348 
465     0.003627 
466     0.004150 
467     0.004646 
468     0.004661 
469     0.004345 
470     0.004428 
471     0.004505 
472     0.004516 
473     0.004286 
474     0.003202 
475     0.003595 
476     0.004766 
477     0.005506 
478     0.008628 
479     0.004674 
480     0.006757 
481     0.020380 
482     0.013071 
483     0.011995 
484     0.010396 
485     0.005980 
486     0.004986 
487     0.003335 
488     0.003380 
489     0.004262 
490     0.004337 
491     0.004275 
492     0.004005 
493     0.003779 
494     0.004106 
495     0.003677 
496     0.003686 
497     0.003252 
498     0.004396 
499     0.007628 
500     0.011314 
501     0.013366 
502     0.017710 
503     0.019912 
504     0.027859 
505     0.015591 
506     0.009942 
507     0.010436 
508     0.018753 
509     0.015156 
510     0.013302 
511     0.010892 
512     0.004585 
513     0.007559 
514     0.008819 
515     0.005682 
516     0.008109 
517     0.008680 
518     0.008203 
519     0.008629 
520     0.014402 
521     0.017271 
522     0.014044 
523     0.012350 
524     0.014262 
525     0.012420 
526     0.006998 
527     0.003649 
528     0.005165 
529     0.004731 
530     0.003057 
531     0.006819 
532     0.004857 
533     0.004689 
534     0.008578 
535     0.006808 
536     0.004021 
537     0.007931 
538     0.009318 
539     0.005975 
540     0.006858 
541     0.009140 
542     0.006117 
543     0.005905 
544     0.005560 
545     0.004688 
546     0.002696 
547     0.003035 
548     0.002608 
549     0.002841 
550     0.002272 
551     0.005598 
552     0.006904 
553     0.005745 
554     0.006554 
555     0.007908 
556     0.008111 
557     0.004890 
558     0.005816 
559     0.006578 
560     0.008396 
561     0.006304 
562     0.005427 
563     0.007568 
564     0.006736 
565     0.005671 
566     0.006403 
567     0.006188 
568     0.005454 
569     0.006153 
570     0.006402 
571     0.004939 
572     0.004917 
573     0.006764 
574     0.006914 
575     0.005442 
576     0.005864 
577     0.009907 
578     0.009536 
579     0.010191 
580     0.008615 
581     0.006000 
582     0.009474 
583     0.006789 
584     0.003850 
585     0.006899 
586     0.006859 
587     0.004956 
588     0.005879 
589     0.006323 
590     0.005103 
591     0.004993 
592     0.004323 
593     0.004712 
594     0.005280 
595     0.003879 
596     0.005259 
597     0.005727 
598     0.004809 
599     0.004894 
600     0.007067 
601     0.006692 
602     0.007020 
603     0.006942 
604     0.003343 
605     0.010108 
606     0.040062 
607     0.021659 
608     0.018171 
609     0.009932 
610     0.014111 
611     0.017185 
612     0.011520 
613     0.017007 
614     0.020920 
615     0.022364 
616     0.017321 
617     0.019119 
618     0.022388 
619     0.026711 
620     0.021897 
621     0.026844 
622     0.020278 
623     0.019463 
624     0.019540 
625     0.018608 
626     0.010531 
627     0.019775 
628     0.016122 
629     0.019042 
630     0.035424 
631     0.029653 
632     0.030105 
633     0.030675 
634     0.030592 
635     0.028396 
636     0.025121 
637     0.018280 
638     0.025248 
639     0.027559 
640     0.031561 
641     0.042910 
642     0.058488 
643     0.059231 
644     0.065184 
645     0.074144 
646     0.065285 
647     0.068011 
648     0.082575 
649     0.064669 
650     0.048952 
651     0.059223 
652     0.046188 
653     0.038643 
654     0.038964 
655     0.037874 
656     0.022024 
657     0.015963 
658     0.022960 
659     0.023018 
660     0.008711 
661     0.012704 
662     0.008733 
663     0.008765 
664     0.009160 
665     0.009522 
666     0.003590 
667     0.003299 
668     0.006388 
669     0.011227 
670     0.008252 
671     0.016118 
672     0.015807 
673     0.013904 
674     0.017363 
675     0.028118 
676     0.024887 
677     0.026582 
678     0.038945 
679     0.051717 
680     0.047154 
681     0.062401 
682     0.048351 
683     0.033263 
684     0.025465 
685     0.013344 
686     0.009319 
687     0.010986 
688     0.011052 
689     0.009398 
690     0.009874 
691     0.009856 
692     0.012193 
693     0.011809 
694     0.008437 
695     0.005585 
696     0.010589 
697     0.013407 
698     0.009224 
699     0.014499 
700     0.018311 
701     0.023159 
702     0.022920 
703     0.033596 
704     0.040355 
705     0.035042 
706     0.025732 
707     0.020862 
708     0.012815 
709     0.013181 
710     0.014514 
711     0.017198 
712     0.008812 
713     0.004954 
714     0.010983 
715     0.006364 
716     0.008925 
717     0.015175 
718     0.012411 
719     0.011413 
720     0.010837 
721     0.006467 
722     0.005580 
723     0.003540 
724     0.007554 
725     0.002306 
726     0.002636 
727     0.005051 
728     0.005691 
729     0.002771 
730     0.002466 
731     0.001872 
732     0.002052 
733     0.003231 
734     0.002595 
735     0.002431 
736     0.003331 
737     0.004172 
738     0.005310 
739     0.008566 
740     0.010340 
741     0.009105 
742     0.008412 
743     0.005965 
744     0.008649 
745     0.010314 
746     0.016853 
747     0.026505 
748     0.037351 
749     0.039274 
750     0.015707 
751     0.013257 
752     0.011066 
753     0.008023 
754     0.008285 
755     0.007932 
756     0.004906 
757     0.004653 
758     0.003736 
759     0.003660 
760     0.002781 
761     0.003278 
762     0.005177 
763     0.006192 
764     0.013788 
765     0.107361 
766     0.020416 
767     0.024268 
768     0.018822 
769     0.019816 
770     0.029271 
771     0.032772 
772     0.042940 
773     0.031050 
774     0.025920 
775     0.026738 
776     0.028005 
777     0.020135 
778     0.025919 
779     0.026165 
780     0.027433 
781     0.029591 
782     0.038558 
783     0.028090 
784     0.026246 
785     0.017949 
786     0.016569 
787     0.017182 
788     0.017460 
789     0.026556 
790     0.027449 
791     0.034255 
792     0.036791 
793     0.042941 
794     0.031543 
795     0.028365 
796     0.033384 
797     0.021690 
798     0.017015 
799     0.027475 
800     0.016538 
801     0.025116 
802     0.042011 
803     0.029824 
804     0.032225 
805     0.048438 
806     0.041725 
807     0.038108 
808     0.061066 
809     0.060727 
810     0.048871 
811     0.058467 
812     0.075146 
813     0.052896 
814     0.043822 
815     0.049550 
816     0.041047 
817     0.030045 
818     0.023158 
819     0.008653 
820     0.006611 
821     0.014230 
822     0.018981 
823     0.016845 
824     0.018718 
825     0.015487 
826     0.015548 
827     0.016617 
828     0.013777 
829     0.014697 
830     0.014432 
831     0.010167 
832     0.010682 
833     0.013466 
834     0.012885 
835     0.009516 
836     0.018587 
837     0.028556 
838     0.035783 
839     0.031484 
840     0.034055 
841     0.018896 
842     0.011167 
843     0.015849 
844     0.028392 
845     0.024439 
846     0.024402 
847     0.018396 
848     0.013345 
849     0.016558 
850     0.018827 
851     0.016741 
852     0.015432 
853     0.016982 
854     0.024755 
855     0.018527 
856     0.012050 
857     0.017989 
858     0.023545 
859     0.015149 
860     0.012507 
861     0.011747 
862     0.031317 
863     0.035524 
864     0.007263 
865     0.007520 
866     0.027064 
867     0.021904 
868     0.009105 
869     0.007251 
870     0.012952 
871     0.015844 
872     0.015724 
873     0.017838 
874     0.019225 
875     0.012941 
876     0.007649 
877     0.004842 
878     0.006902 
879     0.007365 
880     0.006799 
881     0.006677 
882     0.008873 
883     0.012102 
884     0.013564 
885     0.011320 
886     0.007235 
887     0.008965 
888     0.009213 
889     0.007591 
890     0.008249 
891     0.010232 
892     0.011241 
893     0.013910 
894     0.016128 
895     0.015344 
896     0.013530 
897     0.011440 
898     0.012527 
899     0.011104 
900     0.012418 
901     0.008993 
902     0.009694 
903     0.005578 
904     0.007890 
905     0.019777 
906     0.044900 
907     0.085850 
908     0.104611 
909     0.085114 
910     0.019166 
911     0.021059 
912     0.010365 
913     0.004330 
914     0.005684 
915     0.008872 
916     0.010057 
917     0.011417 
918     0.011759 
919     0.010098 
920     0.015086 
921     0.019202 
922     0.021348 
923     0.034544 
