  1     0.048983 
  2     0.069905 
  3     0.046777 
  4     0.027731 
  5     0.016087 
  6     0.011143 
  7     0.009193 
  8     0.010623 
  9     0.007100 
 10     0.008217 
 11     0.008243 
 12     0.006153 
 13     0.005822 
 14     0.007744 
 15     0.008232 
 16     0.007908 
 17     0.011121 
 18     0.013859 
 19     0.013616 
 20     0.014899 
 21     0.013848 
 22     0.013919 
 23     0.018364 
 24     0.013586 
 25     0.013463 
 26     0.010660 
 27     0.009333 
 28     0.009583 
 29     0.012248 
 30     0.044251 
 31     0.032086 
 32     0.021390 
 33     0.014792 
 34     0.007349 
 35     0.007892 
 36     0.004845 
 37     0.008587 
 38     0.009674 
 39     0.014117 
 40     0.011696 
 41     0.012324 
 42     0.003073 
 43     0.012311 
 44     0.017922 
 45     0.037253 
 46     0.027877 
 47     0.010308 
 48     0.009607 
 49     0.013699 
 50     0.012050 
 51     0.013091 
 52     0.015303 
 53     0.018562 
 54     0.015238 
 55     0.019282 
 56     0.024040 
 57     0.023839 
 58     0.025856 
 59     0.028550 
 60     0.026972 
 61     0.017179 
 62     0.014433 
 63     0.003709 
 64     0.004132 
 65     0.013938 
 66     0.011859 
 67     0.008507 
 68     0.007693 
 69     0.009233 
 70     0.004470 
 71     0.009507 
 72     0.007654 
 73     0.009777 
 74     0.010513 
 75     0.016108 
 76     0.023557 
 77     0.024308 
 78     0.042401 
 79     0.040362 
 80     0.041051 
 81     0.021279 
 82     0.026424 
 83     0.031210 
 84     0.011143 
 85     0.009185 
 86     0.038042 
 87     0.076177 
 88     0.069442 
 89     0.013129 
 90     0.008909 
 91     0.004538 
 92     0.005651 
 93     0.006379 
 94     0.016270 
 95     0.026226 
 96     0.021955 
 97     0.048961 
 98     0.033446 
 99     0.032481 
100     0.018434 
101     0.014140 
102     0.009525 
103     0.007541 
104     0.009117 
105     0.009866 
106     0.012606 
107     0.020639 
108     0.023217 
109     0.015131 
110     0.009359 
111     0.003604 
112     0.005267 
113     0.010696 
114     0.010847 
115     0.008690 
116     0.008902 
117     0.010015 
118     0.010997 
119     0.010918 
120     0.006417 
121     0.010016 
122     0.011074 
123     0.004842 
124     0.010831 
125     0.022004 
126     0.015392 
127     0.017026 
128     0.030476 
129     0.029451 
130     0.030448 
131     0.025480 
132     0.023101 
133     0.049336 
134     0.044372 
135     0.029024 
136     0.016113 
137     0.012642 
138     0.013982 
139     0.013046 
140     0.009734 
141     0.011665 
142     0.011826 
143     0.024792 
144     0.022352 
145     0.034475 
146     0.030467 
147     0.032462 
148     0.028456 
149     0.021884 
150     0.012922 
151     0.018490 
152     0.020684 
153     0.013319 
154     0.010065 
155     0.012442 
156     0.014848 
157     0.010817 
158     0.007132 
159     0.011210 
160     0.014749 
161     0.010666 
162     0.011719 
163     0.005593 
164     0.004421 
165     0.010095 
166     0.011500 
167     0.015457 
168     0.013002 
169     0.017730 
170     0.015639 
171     0.017568 
172     0.018319 
173     0.018008 
174     0.016761 
175     0.016471 
176     0.018545 
177     0.016197 
178     0.016978 
179     0.016298 
180     0.019709 
181     0.019963 
182     0.015074 
183     0.023324 
184     0.024708 
185     0.019529 
186     0.007278 
187     0.009930 
188     0.025528 
189     0.015032 
190     0.011231 
191     0.013724 
192     0.014841 
193     0.017165 
194     0.015947 
195     0.012649 
196     0.012443 
197     0.010533 
198     0.012541 
199     0.014467 
200     0.011597 
201     0.017692 
202     0.013142 
203     0.014579 
204     0.012494 
205     0.014097 
206     0.009213 
207     0.009939 
208     0.012294 
209     0.014184 
210     0.029563 
211     0.057402 
212     0.040488 
213     0.023665 
214     0.044726 
215     0.018332 
216     0.021625 
217     0.017113 
218     0.015412 
219     0.013489 
220     0.010870 
221     0.012395 
222     0.009299 
223     0.009413 
224     0.008687 
225     0.020520 
226     0.012363 
227     0.008265 
228     0.008932 
229     0.022910 
230     0.023217 
231     0.017547 
232     0.014069 
233     0.018038 
234     0.021690 
235     0.017069 
236     0.014275 
237     0.019155 
238     0.034071 
239     0.035649 
240     0.018863 
241     0.032538 
242     0.035955 
243     0.032130 
244     0.030187 
245     0.028246 
246     0.029559 
247     0.024894 
248     0.020656 
249     0.030968 
250     0.025059 
251     0.029100 
252     0.031538 
253     0.036858 
254     0.040929 
255     0.023537 
256     0.013859 
257     0.010595 
258     0.009680 
259     0.015617 
260     0.026035 
261     0.018373 
262     0.017150 
263     0.018803 
264     0.030462 
265     0.023254 
266     0.019275 
267     0.022671 
268     0.029488 
269     0.020509 
270     0.018136 
271     0.012176 
272     0.020143 
273     0.018339 
274     0.016291 
275     0.025933 
276     0.025672 
277     0.022989 
278     0.020211 
279     0.020231 
280     0.021710 
281     0.021898 
282     0.022429 
283     0.021191 
284     0.025581 
285     0.027760 
286     0.018413 
287     0.018878 
288     0.041799 
289     0.046845 
290     0.038091 
291     0.044442 
292     0.031908 
293     0.031430 
294     0.026877 
295     0.026958 
296     0.021535 
297     0.019504 
298     0.023289 
299     0.015567 
300     0.016811 
301     0.019406 
302     0.021211 
303     0.024417 
304     0.017046 
305     0.014607 
306     0.017237 
307     0.012026 
308     0.008653 
309     0.009775 
310     0.011894 
311     0.008069 
312     0.012893 
313     0.015554 
314     0.013474 
315     0.012902 
316     0.010107 
317     0.007523 
318     0.017609 
319     0.013015 
320     0.010841 
321     0.024401 
322     0.021967 
323     0.012891 
324     0.020753 
325     0.030809 
326     0.020576 
327     0.023056 
328     0.041481 
329     0.042817 
330     0.037206 
331     0.023732 
332     0.034374 
333     0.038865 
334     0.025407 
335     0.032098 
336     0.017318 
337     0.013105 
338     0.015791 
339     0.016044 
340     0.016491 
341     0.012532 
342     0.011460 
343     0.009140 
344     0.014060 
345     0.013961 
346     0.014832 
347     0.016375 
348     0.015166 
349     0.015728 
350     0.017760 
351     0.013643 
352     0.010966 
353     0.008122 
354     0.009518 
355     0.008583 
356     0.013056 
357     0.009735 
358     0.014598 
359     0.016486 
360     0.018268 
361     0.018944 
362     0.020991 
363     0.013233 
364     0.013156 
365     0.014016 
366     0.013897 
367     0.013848 
368     0.013032 
369     0.013329 
370     0.015470 
371     0.014972 
372     0.012399 
373     0.013617 
374     0.015269 
375     0.013618 
376     0.013368 
377     0.015254 
378     0.020700 
379     0.023639 
380     0.024698 
381     0.030997 
382     0.038335 
383     0.046978 
384     0.045524 
385     0.082975 
386     0.154190 
387     0.111528 
388     0.038799 
389     0.071191 
390     0.099840 
391     0.050500 
392     0.060547 
393     0.053348 
394     0.046997 
395     0.028566 
396     0.093769 
397     0.033414 
398     0.026696 
399     0.026873 
400     0.030105 
401     0.024880 
402     0.019244 
403     0.021834 
404     0.055472 
405     0.041186 
406     0.027205 
407     0.019163 
408     0.017480 
409     0.028523 
410     0.033303 
411     0.022927 
412     0.023649 
413     0.024845 
414     0.024816 
415     0.032049 
416     0.033076 
417     0.020820 
418     0.007844 
419     0.024235 
420     0.023996 
421     0.019055 
422     0.014253 
423     0.013416 
424     0.014133 
425     0.012268 
426     0.016463 
427     0.017500 
428     0.015276 
429     0.013986 
430     0.024966 
431     0.024412 
432     0.025423 
433     0.022117 
434     0.019527 
435     0.015624 
436     0.017037 
437     0.034978 
438     0.022436 
439     0.027829 
440     0.027659 
441     0.021891 
442     0.020772 
443     0.018491 
444     0.021935 
445     0.017825 
446     0.022102 
447     0.024074 
448     0.016256 
449     0.024996 
450     0.024398 
451     0.017722 
452     0.023700 
453     0.028570 
454     0.032875 
455     0.034215 
456     0.033035 
457     0.016575 
458     0.015684 
459     0.010829 
460     0.008047 
461     0.012396 
462     0.014434 
463     0.019265 
464     0.023849 
465     0.022428 
466     0.022245 
467     0.020178 
468     0.016825 
469     0.015059 
470     0.013676 
471     0.010787 
472     0.011163 
473     0.007348 
474     0.005894 
475     0.019668 
476     0.023962 
477     0.018120 
478     0.025068 
479     0.020646 
480     0.021125 
481     0.034915 
482     0.022262 
483     0.015558 
484     0.025916 
485     0.016095 
486     0.018788 
487     0.010787 
488     0.009914 
489     0.007384 
490     0.009605 
491     0.007822 
492     0.011346 
493     0.012942 
494     0.009464 
495     0.009386 
496     0.009669 
497     0.013555 
498     0.016165 
499     0.025521 
500     0.038912 
501     0.040998 
502     0.040106 
503     0.049148 
504     0.068654 
505     0.058069 
506     0.022173 
507     0.045897 
508     0.075388 
509     0.021379 
510     0.036543 
511     0.020702 
512     0.020596 
513     0.048057 
514     0.024257 
515     0.014976 
516     0.028396 
517     0.024621 
518     0.020809 
519     0.019324 
520     0.026050 
521     0.049069 
522     0.045093 
523     0.033003 
524     0.051734 
525     0.044319 
526     0.019843 
527     0.003184 
528     0.012319 
529     0.028042 
530     0.026065 
531     0.024162 
532     0.024269 
533     0.033855 
534     0.036109 
535     0.023678 
536     0.020741 
537     0.031599 
538     0.025331 
539     0.011604 
540     0.007799 
541     0.014731 
542     0.022140 
543     0.019714 
544     0.030769 
545     0.040575 
546     0.033502 
547     0.030470 
548     0.039599 
549     0.020513 
550     0.009534 
551     0.024652 
552     0.007912 
553     0.011557 
554     0.033766 
555     0.062196 
556     0.044191 
557     0.025797 
558     0.031785 
559     0.027002 
560     0.015228 
561     0.016792 
562     0.012497 
563     0.017025 
564     0.013027 
565     0.013716 
566     0.013805 
567     0.014009 
568     0.017076 
569     0.021000 
570     0.022143 
571     0.017345 
572     0.015734 
573     0.018506 
574     0.022784 
575     0.016541 
576     0.016468 
577     0.028476 
578     0.027861 
579     0.029918 
580     0.027283 
581     0.020631 
582     0.016079 
583     0.013188 
584     0.008607 
585     0.011207 
586     0.017420 
587     0.017795 
588     0.016072 
589     0.025577 
590     0.024138 
591     0.016964 
592     0.020685 
593     0.022914 
594     0.012661 
595     0.022792 
596     0.037775 
597     0.038927 
598     0.028690 
599     0.043489 
600     0.054025 
601     0.028547 
602     0.021990 
603     0.032848 
604     0.172868 
605     0.023402 
606     0.120062 
607     0.056726 
608     0.016477 
609     0.095500 
610     0.047365 
611     0.023915 
612     0.107432 
613     0.081569 
614     0.041072 
615     0.069731 
616     0.059372 
617     0.053783 
618     0.045806 
619     0.045913 
620     0.082609 
621     0.058799 
622     0.048895 
623     0.098923 
624     0.073040 
625     0.046000 
626     0.069379 
627     0.068642 
628     0.026896 
629     0.026885 
630     0.044876 
631     0.055111 
632     0.061138 
633     0.067353 
634     0.098668 
635     0.099485 
636     0.087550 
637     0.076243 
638     0.085124 
639     0.049052 
640     0.043405 
641     0.030192 
642     0.008161 
643     0.012277 
644     0.038160 
645     0.060832 
646     0.050726 
647     0.055049 
648     0.059826 
649     0.075193 
650     0.054918 
651     0.044090 
652     0.032779 
653     0.046998 
654     0.045030 
655     0.053177 
656     0.051511 
657     0.085335 
658     0.092468 
659     0.051736 
660     0.052993 
661     0.045330 
662     0.046769 
663     0.033049 
664     0.009260 
665     0.025082 
666     0.025917 
667     0.022684 
668     0.027909 
669     0.026270 
670     0.024665 
671     0.024337 
672     0.026426 
673     0.024102 
674     0.026677 
675     0.030046 
676     0.028851 
677     0.025743 
678     0.023166 
679     0.012757 
680     0.011801 
681     0.023556 
682     0.027084 
683     0.027609 
684     0.033586 
685     0.033359 
686     0.037531 
687     0.028269 
688     0.026547 
689     0.028962 
690     0.025268 
691     0.028606 
692     0.034579 
693     0.028969 
694     0.030045 
695     0.042807 
696     0.022241 
697     0.033387 
698     0.042115 
699     0.020411 
700     0.047174 
701     0.056292 
702     0.034111 
703     0.040704 
704     0.042042 
705     0.028091 
706     0.031055 
707     0.029735 
708     0.045748 
709     0.043359 
710     0.042852 
711     0.040628 
712     0.042280 
713     0.039520 
714     0.038235 
715     0.026181 
716     0.029204 
717     0.028203 
718     0.020320 
719     0.018515 
720     0.019751 
721     0.026318 
722     0.027414 
723     0.028805 
724     0.027908 
725     0.028119 
726     0.030580 
727     0.032166 
728     0.024904 
729     0.032963 
730     0.042202 
731     0.049922 
732     0.034106 
733     0.024507 
734     0.013269 
735     0.015376 
736     0.024811 
737     0.031874 
738     0.037708 
739     0.037182 
740     0.041329 
741     0.036024 
742     0.045917 
743     0.051552 
744     0.043943 
745     0.038498 
746     0.023576 
747     0.017175 
748     0.024574 
749     0.031649 
750     0.015862 
751     0.020846 
752     0.032752 
753     0.043741 
754     0.038215 
755     0.040732 
756     0.041907 
757     0.036118 
758     0.030016 
759     0.029432 
760     0.024677 
761     0.014490 
762     0.015159 
763     0.021036 
764     0.013533 
765     0.246759 
766     0.082167 
767     0.029754 
768     0.054193 
769     0.019227 
770     0.044869 
771     0.066555 
772     0.037705 
773     0.042329 
774     0.064201 
775     0.074660 
776     0.037993 
777     0.049295 
778     0.075986 
779     0.044873 
780     0.022664 
781     0.046562 
782     0.037405 
783     0.025354 
784     0.026356 
785     0.028068 
786     0.050398 
787     0.033292 
788     0.039414 
789     0.070234 
790     0.039595 
791     0.039029 
792     0.069058 
793     0.047347 
794     0.039172 
795     0.058593 
796     0.052011 
797     0.049217 
798     0.040878 
799     0.030713 
800     0.033184 
801     0.013052 
802     0.013263 
803     0.031488 
804     0.034685 
805     0.035537 
806     0.051825 
807     0.041759 
808     0.048824 
809     0.040911 
810     0.038778 
811     0.034936 
812     0.044096 
813     0.043777 
814     0.046295 
815     0.050839 
816     0.068490 
817     0.076392 
818     0.044211 
819     0.049795 
820     0.053648 
821     0.050027 
822     0.030387 
823     0.015218 
824     0.026155 
825     0.025329 
826     0.020367 
827     0.025046 
828     0.024517 
829     0.023791 
830     0.023423 
831     0.025358 
832     0.027497 
833     0.024594 
834     0.034974 
835     0.060006 
836     0.048529 
837     0.026330 
838     0.019387 
839     0.008683 
840     0.019772 
841     0.023828 
842     0.028515 
843     0.045805 
844     0.027271 
845     0.021165 
846     0.016596 
847     0.023141 
848     0.022766 
849     0.015578 
850     0.014538 
851     0.019618 
852     0.021441 
853     0.016146 
854     0.018098 
855     0.011536 
856     0.025215 
857     0.021967 
858     0.014690 
859     0.036978 
860     0.040548 
861     0.022375 
862     0.036827 
863     0.038957 
864     0.028545 
865     0.014625 
866     0.002986 
867     0.007625 
868     0.005419 
869     0.008081 
870     0.008087 
871     0.010357 
872     0.009278 
873     0.011065 
874     0.012039 
875     0.005844 
876     0.011477 
877     0.008232 
878     0.010684 
879     0.008043 
880     0.003788 
881     0.004441 
882     0.010297 
883     0.014242 
884     0.026439 
885     0.024091 
886     0.017482 
887     0.005439 
888     0.012337 
889     0.011407 
890     0.008412 
891     0.006058 
892     0.010713 
893     0.013915 
894     0.014976 
895     0.012180 
896     0.011308 
897     0.011898 
898     0.014726 
899     0.013241 
900     0.015768 
901     0.014665 
902     0.015490 
903     0.012546 
904     0.013258 
905     0.016915 
906     0.007797 
907     0.017820 
908     0.035290 
909     0.040604 
910     0.032295 
911     0.035360 
912     0.024637 
913     0.010282 
914     0.006869 
915     0.007129 
916     0.010272 
917     0.015351 
918     0.014358 
919     0.009704 
920     0.013876 
921     0.020113 
922     0.021523 
923     0.042400 
