  1     0.007595 
  2     0.027760 
  3     0.009247 
  4     0.004724 
  5     0.004687 
  6     0.006067 
  7     0.005109 
  8     0.005002 
  9     0.004446 
 10     0.004523 
 11     0.006425 
 12     0.004640 
 13     0.004849 
 14     0.004009 
 15     0.004286 
 16     0.004747 
 17     0.005457 
 18     0.007542 
 19     0.013722 
 20     0.031414 
 21     0.074049 
 22     0.077921 
 23     0.043238 
 24     0.018991 
 25     0.016885 
 26     0.008961 
 27     0.009996 
 28     0.008853 
 29     0.012470 
 30     0.030125 
 31     0.036172 
 32     0.021889 
 33     0.013184 
 34     0.003222 
 35     0.004058 
 36     0.005426 
 37     0.005837 
 38     0.003962 
 39     0.004481 
 40     0.008274 
 41     0.007746 
 42     0.025995 
 43     0.040456 
 44     0.044561 
 45     0.105477 
 46     0.112810 
 47     0.076703 
 48     0.032628 
 49     0.013754 
 50     0.011689 
 51     0.008006 
 52     0.015442 
 53     0.014693 
 54     0.005547 
 55     0.008035 
 56     0.014391 
 57     0.002962 
 58     0.000324 
 59     0.007170 
 60     0.004927 
 61     0.021244 
 62     0.007373 
 63     0.009223 
 64     0.004499 
 65     0.003853 
 66     0.004931 
 67     0.003315 
 68     0.003794 
 69     0.004853 
 70     0.004856 
 71     0.011762 
 72     0.010672 
 73     0.009484 
 74     0.009205 
 75     0.011785 
 76     0.013033 
 77     0.014660 
 78     0.021985 
 79     0.024311 
 80     0.031979 
 81     0.023176 
 82     0.019482 
 83     0.026739 
 84     0.024183 
 85     0.014118 
 86     0.018444 
 87     0.013801 
 88     0.009883 
 89     0.009412 
 90     0.013760 
 91     0.008885 
 92     0.010267 
 93     0.011325 
 94     0.010554 
 95     0.010868 
 96     0.012779 
 97     0.031992 
 98     0.028429 
 99     0.019819 
100     0.010309 
101     0.007080 
102     0.004154 
103     0.009124 
104     0.013478 
105     0.010746 
106     0.029562 
107     0.048568 
108     0.039490 
109     0.008271 
110     0.008088 
111     0.003837 
112     0.006414 
113     0.009218 
114     0.009231 
115     0.007271 
116     0.007462 
117     0.010613 
118     0.011873 
119     0.004729 
120     0.005403 
121     0.007742 
122     0.005007 
123     0.002634 
124     0.006890 
125     0.007296 
126     0.007748 
127     0.013094 
128     0.017288 
129     0.023545 
130     0.029847 
131     0.032015 
132     0.035443 
133     0.031858 
134     0.026421 
135     0.016690 
136     0.014378 
137     0.008691 
138     0.006219 
139     0.007640 
140     0.006158 
141     0.005451 
142     0.003585 
143     0.006709 
144     0.007044 
145     0.009011 
146     0.007334 
147     0.015618 
148     0.013932 
149     0.012200 
150     0.010373 
151     0.011764 
152     0.013289 
153     0.011129 
154     0.010461 
155     0.013595 
156     0.013605 
157     0.011894 
158     0.011253 
159     0.014491 
160     0.014010 
161     0.011478 
162     0.014576 
163     0.011182 
164     0.011935 
165     0.010055 
166     0.010279 
167     0.015531 
168     0.007888 
169     0.008152 
170     0.006839 
171     0.007057 
172     0.008199 
173     0.009310 
174     0.007927 
175     0.008001 
176     0.009911 
177     0.008915 
178     0.008445 
179     0.010636 
180     0.010964 
181     0.013205 
182     0.012151 
183     0.019468 
184     0.025498 
185     0.019463 
186     0.013121 
187     0.013748 
188     0.016854 
189     0.010524 
190     0.006796 
191     0.008434 
192     0.007000 
193     0.007140 
194     0.006550 
195     0.007182 
196     0.005936 
197     0.005683 
198     0.007261 
199     0.009036 
200     0.010188 
201     0.006430 
202     0.006719 
203     0.005608 
204     0.006720 
205     0.007787 
206     0.007816 
207     0.007331 
208     0.012190 
209     0.010395 
210     0.026876 
211     0.041169 
212     0.022528 
213     0.017486 
214     0.031826 
215     0.012315 
216     0.011975 
217     0.007865 
218     0.006150 
219     0.004449 
220     0.005521 
221     0.007643 
222     0.015267 
223     0.014598 
224     0.013266 
225     0.019750 
226     0.013753 
227     0.011974 
228     0.009075 
229     0.009281 
230     0.012724 
231     0.017754 
232     0.016288 
233     0.017008 
234     0.026633 
235     0.031449 
236     0.026128 
237     0.031625 
238     0.038183 
239     0.034606 
240     0.033271 
241     0.037908 
242     0.036847 
243     0.036423 
244     0.033546 
245     0.037897 
246     0.039679 
247     0.039519 
248     0.040065 
249     0.038133 
250     0.036371 
251     0.042117 
252     0.029613 
253     0.034676 
254     0.040575 
255     0.018909 
256     0.011845 
257     0.011269 
258     0.015285 
259     0.016961 
260     0.011917 
261     0.013384 
262     0.016125 
263     0.015367 
264     0.014484 
265     0.015960 
266     0.014659 
267     0.008445 
268     0.012487 
269     0.011973 
270     0.002109 
271     0.017120 
272     0.017291 
273     0.006965 
274     0.015604 
275     0.023906 
276     0.018722 
277     0.009459 
278     0.014094 
279     0.015413 
280     0.017877 
281     0.016061 
282     0.003557 
283     0.002170 
284     0.012638 
285     0.014873 
286     0.018811 
287     0.028289 
288     0.032245 
289     0.027598 
290     0.078185 
291     0.022204 
292     0.029361 
293     0.024032 
294     0.020241 
295     0.019452 
296     0.025196 
297     0.011668 
298     0.022138 
299     0.029291 
300     0.016887 
301     0.010829 
302     0.004170 
303     0.012331 
304     0.017100 
305     0.012234 
306     0.014833 
307     0.024329 
308     0.023324 
309     0.018424 
310     0.024302 
311     0.018649 
312     0.013688 
313     0.020341 
314     0.018449 
315     0.013741 
316     0.013624 
317     0.016984 
318     0.019200 
319     0.017963 
320     0.014748 
321     0.030985 
322     0.025071 
323     0.013407 
324     0.017913 
325     0.022136 
326     0.011070 
327     0.008879 
328     0.018858 
329     0.033200 
330     0.038078 
331     0.034419 
332     0.032907 
333     0.034589 
334     0.019529 
335     0.017579 
336     0.007427 
337     0.007366 
338     0.006448 
339     0.008410 
340     0.007466 
341     0.006578 
342     0.007645 
343     0.011594 
344     0.013079 
345     0.019623 
346     0.024930 
347     0.027143 
348     0.025632 
349     0.021931 
350     0.025349 
351     0.028811 
352     0.029377 
353     0.022812 
354     0.022412 
355     0.030307 
356     0.032104 
357     0.023683 
358     0.019005 
359     0.010445 
360     0.011253 
361     0.011721 
362     0.007035 
363     0.009081 
364     0.011681 
365     0.010279 
366     0.009779 
367     0.008346 
368     0.005909 
369     0.006668 
370     0.008124 
371     0.006982 
372     0.006077 
373     0.006088 
374     0.007409 
375     0.007263 
376     0.006716 
377     0.007580 
378     0.011048 
379     0.010168 
380     0.011533 
381     0.008861 
382     0.014820 
383     0.022578 
384     0.027298 
385     0.035499 
386     0.058218 
387     0.054425 
388     0.027582 
389     0.033137 
390     0.012052 
391     0.029731 
392     0.053378 
393     0.025304 
394     0.027525 
395     0.033634 
396     0.089483 
397     0.025141 
398     0.011743 
399     0.011218 
400     0.009146 
401     0.006113 
402     0.014353 
403     0.015799 
404     0.025889 
405     0.023574 
406     0.026389 
407     0.030047 
408     0.020343 
409     0.019431 
410     0.015695 
411     0.012489 
412     0.014643 
413     0.006402 
414     0.013317 
415     0.008971 
416     0.027868 
417     0.039219 
418     0.016048 
419     0.006393 
420     0.014620 
421     0.016942 
422     0.010889 
423     0.008466 
424     0.007372 
425     0.007642 
426     0.006478 
427     0.012458 
428     0.009991 
429     0.015583 
430     0.020167 
431     0.015361 
432     0.006861 
433     0.005753 
434     0.004690 
435     0.008090 
436     0.008986 
437     0.011598 
438     0.007994 
439     0.011445 
440     0.009862 
441     0.007299 
442     0.005432 
443     0.009331 
444     0.016341 
445     0.023492 
446     0.029641 
447     0.029763 
448     0.024943 
449     0.029205 
450     0.028338 
451     0.018279 
452     0.017874 
453     0.020026 
454     0.020044 
455     0.018802 
456     0.017157 
457     0.005140 
458     0.002719 
459     0.002657 
460     0.007678 
461     0.009947 
462     0.004994 
463     0.009269 
464     0.006444 
465     0.012220 
466     0.018306 
467     0.017163 
468     0.018567 
469     0.017702 
470     0.011035 
471     0.011436 
472     0.008011 
473     0.005975 
474     0.003307 
475     0.006386 
476     0.007937 
477     0.013730 
478     0.025978 
479     0.035752 
480     0.033397 
481     0.058490 
482     0.046014 
483     0.040949 
484     0.032910 
485     0.022972 
486     0.010349 
487     0.005754 
488     0.003815 
489     0.005383 
490     0.008163 
491     0.013897 
492     0.014446 
493     0.012933 
494     0.014296 
495     0.010326 
496     0.006583 
497     0.004520 
498     0.007561 
499     0.014909 
500     0.019716 
501     0.019158 
502     0.020846 
503     0.036881 
504     0.036704 
505     0.041412 
506     0.033090 
507     0.034415 
508     0.062038 
509     0.027895 
510     0.018726 
511     0.008551 
512     0.020274 
513     0.035291 
514     0.019160 
515     0.015849 
516     0.014898 
517     0.016472 
518     0.022483 
519     0.006309 
520     0.036235 
521     0.065380 
522     0.049011 
523     0.040811 
524     0.061583 
525     0.042129 
526     0.013499 
527     0.017461 
528     0.011442 
529     0.026466 
530     0.030198 
531     0.023646 
532     0.023909 
533     0.027506 
534     0.025961 
535     0.015753 
536     0.006474 
537     0.008901 
538     0.022335 
539     0.017028 
540     0.022797 
541     0.040159 
542     0.034377 
543     0.033197 
544     0.042546 
545     0.049300 
546     0.032791 
547     0.032147 
548     0.034699 
549     0.012690 
550     0.011914 
551     0.028879 
552     0.013399 
553     0.019800 
554     0.044332 
555     0.068162 
556     0.048543 
557     0.025839 
558     0.026781 
559     0.022506 
560     0.012972 
561     0.015289 
562     0.013181 
563     0.020052 
564     0.016364 
565     0.016566 
566     0.016596 
567     0.015912 
568     0.017214 
569     0.025462 
570     0.026465 
571     0.017020 
572     0.017836 
573     0.026248 
574     0.027355 
575     0.018870 
576     0.017177 
577     0.029598 
578     0.029992 
579     0.031202 
580     0.029033 
581     0.020161 
582     0.020398 
583     0.013570 
584     0.004996 
585     0.005931 
586     0.002881 
587     0.011676 
588     0.017111 
589     0.010715 
590     0.016761 
591     0.018844 
592     0.019147 
593     0.018636 
594     0.016293 
595     0.021719 
596     0.032363 
597     0.032105 
598     0.023201 
599     0.033385 
600     0.042065 
601     0.025763 
602     0.016541 
603     0.021102 
604     0.147309 
605     0.019646 
606     0.082141 
607     0.042039 
608     0.025135 
609     0.018422 
610     0.037631 
611     0.028552 
612     0.047306 
613     0.061326 
614     0.036336 
615     0.035126 
616     0.032691 
617     0.019078 
618     0.014740 
619     0.025899 
620     0.032111 
621     0.040534 
622     0.036717 
623     0.051895 
624     0.040364 
625     0.035035 
626     0.028664 
627     0.025174 
628     0.024527 
629     0.016544 
630     0.025962 
631     0.027310 
632     0.036651 
633     0.035133 
634     0.044446 
635     0.031828 
636     0.028150 
637     0.022908 
638     0.018572 
639     0.013768 
640     0.007816 
641     0.017900 
642     0.018781 
643     0.027904 
644     0.030952 
645     0.030572 
646     0.036557 
647     0.033393 
648     0.036209 
649     0.025294 
650     0.021507 
651     0.023422 
652     0.013847 
653     0.006918 
654     0.011935 
655     0.029173 
656     0.024230 
657     0.034527 
658     0.055826 
659     0.065579 
660     0.037352 
661     0.038422 
662     0.050415 
663     0.065073 
664     0.056053 
665     0.061439 
666     0.075479 
667     0.071159 
668     0.080586 
669     0.069339 
670     0.082764 
671     0.089901 
672     0.080808 
673     0.081290 
674     0.086787 
675     0.093662 
676     0.067786 
677     0.024243 
678     0.036365 
679     0.099321 
680     0.092377 
681     0.127032 
682     0.080551 
683     0.037899 
684     0.051759 
685     0.059160 
686     0.059150 
687     0.051822 
688     0.051360 
689     0.042692 
690     0.043380 
691     0.066114 
692     0.083152 
693     0.062300 
694     0.076088 
695     0.130945 
696     0.092259 
697     0.073774 
698     0.087697 
699     0.064593 
700     0.041554 
701     0.042826 
702     0.030630 
703     0.029710 
704     0.032072 
705     0.041436 
706     0.048887 
707     0.054601 
708     0.061211 
709     0.025282 
710     0.010080 
711     0.008490 
712     0.007582 
713     0.011104 
714     0.011146 
715     0.017847 
716     0.015805 
717     0.025468 
718     0.021633 
719     0.031123 
720     0.031455 
721     0.023213 
722     0.019654 
723     0.011377 
724     0.011006 
725     0.010037 
726     0.010393 
727     0.009479 
728     0.019041 
729     0.012079 
730     0.013412 
731     0.020786 
732     0.014049 
733     0.015622 
734     0.012847 
735     0.015436 
736     0.013707 
737     0.008435 
738     0.004161 
739     0.008542 
740     0.016379 
741     0.021617 
742     0.023494 
743     0.028163 
744     0.030352 
745     0.035072 
746     0.049034 
747     0.044494 
748     0.037001 
749     0.046387 
750     0.047764 
751     0.047022 
752     0.044865 
753     0.046633 
754     0.033150 
755     0.023387 
756     0.020957 
757     0.013510 
758     0.009795 
759     0.008167 
760     0.005606 
761     0.012794 
762     0.010660 
763     0.021467 
764     0.045481 
765     0.052106 
766     0.018108 
767     0.020038 
768     0.020483 
769     0.021742 
770     0.030302 
771     0.031379 
772     0.034231 
773     0.021176 
774     0.016046 
775     0.008617 
776     0.019243 
777     0.021577 
778     0.025019 
779     0.030291 
780     0.031217 
781     0.032234 
782     0.026969 
783     0.020057 
784     0.025767 
785     0.031751 
786     0.028698 
787     0.024984 
788     0.032733 
789     0.055895 
790     0.044597 
791     0.039593 
792     0.033411 
793     0.032074 
794     0.025697 
795     0.012736 
796     0.018590 
797     0.032301 
798     0.025009 
799     0.042050 
800     0.066887 
801     0.047491 
802     0.043335 
803     0.045067 
804     0.040936 
805     0.042390 
806     0.031676 
807     0.024695 
808     0.054231 
809     0.037789 
810     0.030138 
811     0.045035 
812     0.034441 
813     0.009103 
814     0.033469 
815     0.026366 
816     0.014409 
817     0.034791 
818     0.042461 
819     0.041657 
820     0.057469 
821     0.059200 
822     0.076167 
823     0.087544 
824     0.036956 
825     0.052466 
826     0.086514 
827     0.047829 
828     0.040726 
829     0.079319 
830     0.053279 
831     0.026042 
832     0.066365 
833     0.044390 
834     0.041902 
835     0.111917 
836     0.097647 
837     0.070374 
838     0.031330 
839     0.047480 
840     0.054675 
841     0.098193 
842     0.069062 
843     0.092377 
844     0.080529 
845     0.067781 
846     0.077062 
847     0.133183 
848     0.084908 
849     0.045784 
850     0.069586 
851     0.076076 
852     0.036726 
853     0.045862 
854     0.065536 
855     0.032455 
856     0.043723 
857     0.059671 
858     0.046855 
859     0.041156 
860     0.048880 
861     0.046630 
862     0.046242 
863     0.038448 
864     0.045647 
865     0.042740 
866     0.054608 
867     0.039457 
868     0.029453 
869     0.017885 
870     0.030842 
871     0.040000 
872     0.039520 
873     0.043658 
874     0.041973 
875     0.020337 
876     0.031097 
877     0.036476 
878     0.045524 
879     0.032757 
880     0.022432 
881     0.024065 
882     0.026141 
883     0.030277 
884     0.043942 
885     0.030565 
886     0.021112 
887     0.020504 
888     0.028585 
889     0.013469 
890     0.010696 
891     0.025820 
892     0.030692 
893     0.030436 
894     0.030379 
895     0.035318 
896     0.031154 
897     0.031005 
898     0.034433 
899     0.027678 
900     0.031464 
901     0.028969 
902     0.026901 
903     0.025908 
904     0.041015 
905     0.044621 
906     0.033414 
907     0.062498 
908     0.083155 
909     0.066542 
910     0.038915 
911     0.027087 
912     0.021942 
913     0.022290 
914     0.016931 
915     0.016049 
916     0.019898 
917     0.026649 
918     0.025276 
919     0.015191 
920     0.019831 
921     0.040729 
922     0.055130 
923     0.100682 
