  1     0.011199 
  2     0.010803 
  3     0.010865 
  4     0.010506 
  5     0.010524 
  6     0.010447 
  7     0.010543 
  8     0.010536 
  9     0.010543 
 10     0.010483 
 11     0.010404 
 12     0.010330 
 13     0.010474 
 14     0.010593 
 15     0.010608 
 16     0.010657 
 17     0.010658 
 18     0.010563 
 19     0.010595 
 20     0.010307 
 21     0.010484 
 22     0.010396 
 23     0.010803 
 24     0.010780 
 25     0.010861 
 26     0.010884 
 27     0.010829 
 28     0.011120 
 29     0.010910 
 30     0.010237 
 31     0.012193 
 32     0.012108 
 33     0.011350 
 34     0.011084 
 35     0.010693 
 36     0.010780 
 37     0.010607 
 38     0.010640 
 39     0.010683 
 40     0.011118 
 41     0.011346 
 42     0.011852 
 43     0.011853 
 44     0.012256 
 45     0.012797 
 46     0.012887 
 47     0.012391 
 48     0.012306 
 49     0.011716 
 50     0.011321 
 51     0.011057 
 52     0.011154 
 53     0.011565 
 54     0.011064 
 55     0.010385 
 56     0.010575 
 57     0.010998 
 58     0.010403 
 59     0.009929 
 60     0.010819 
 61     0.010912 
 62     0.010533 
 63     0.010893 
 64     0.011257 
 65     0.010906 
 66     0.010790 
 67     0.010530 
 68     0.010393 
 69     0.010546 
 70     0.010498 
 71     0.010526 
 72     0.010598 
 73     0.010692 
 74     0.010780 
 75     0.010695 
 76     0.010723 
 77     0.010693 
 78     0.010552 
 79     0.010454 
 80     0.010255 
 81     0.010227 
 82     0.010399 
 83     0.010273 
 84     0.010104 
 85     0.010228 
 86     0.010395 
 87     0.010133 
 88     0.010044 
 89     0.010154 
 90     0.010310 
 91     0.010700 
 92     0.010861 
 93     0.010709 
 94     0.010856 
 95     0.010919 
 96     0.011102 
 97     0.011376 
 98     0.011328 
 99     0.011023 
100     0.010940 
101     0.010779 
102     0.010916 
103     0.010877 
104     0.011122 
105     0.011581 
106     0.012209 
107     0.011747 
108     0.011554 
109     0.011231 
110     0.011152 
111     0.011088 
112     0.010804 
113     0.010827 
114     0.010866 
115     0.010752 
116     0.010726 
117     0.010794 
118     0.010902 
119     0.010785 
120     0.010757 
121     0.010745 
122     0.010663 
123     0.010620 
124     0.010717 
125     0.010241 
126     0.010088 
127     0.010537 
128     0.010318 
129     0.008945 
130     0.008593 
131     0.010300 
132     0.009138 
133     0.010366 
134     0.011920 
135     0.011259 
136     0.011070 
137     0.010733 
138     0.010453 
139     0.009971 
140     0.010301 
141     0.010414 
142     0.010414 
143     0.010421 
144     0.010419 
145     0.010497 
146     0.010511 
147     0.010899 
148     0.010951 
149     0.010881 
150     0.010735 
151     0.010708 
152     0.010864 
153     0.010784 
154     0.010721 
155     0.010594 
156     0.010815 
157     0.010798 
158     0.010642 
159     0.010808 
160     0.010845 
161     0.010792 
162     0.010942 
163     0.010783 
164     0.010804 
165     0.010565 
166     0.009892 
167     0.009410 
168     0.010342 
169     0.010110 
170     0.010391 
171     0.010426 
172     0.010487 
173     0.010358 
174     0.010381 
175     0.010598 
176     0.010588 
177     0.010472 
178     0.010622 
179     0.010766 
180     0.010668 
181     0.010634 
182     0.010276 
183     0.010303 
184     0.010711 
185     0.011265 
186     0.010554 
187     0.010677 
188     0.011105 
189     0.011271 
190     0.010903 
191     0.010981 
192     0.010748 
193     0.010735 
194     0.010611 
195     0.010453 
196     0.010518 
197     0.010495 
198     0.010543 
199     0.010634 
200     0.010626 
201     0.010729 
202     0.010829 
203     0.010809 
204     0.010904 
205     0.010660 
206     0.010711 
207     0.010508 
208     0.010140 
209     0.009860 
210     0.009588 
211     0.009158 
212     0.009271 
213     0.009499 
214     0.009331 
215     0.009868 
216     0.010111 
217     0.010200 
218     0.010467 
219     0.010811 
220     0.010904 
221     0.010816 
222     0.010922 
223     0.010811 
224     0.010745 
225     0.010678 
226     0.010488 
227     0.010379 
228     0.010059 
229     0.009962 
230     0.010052 
231     0.010055 
232     0.009702 
233     0.009291 
234     0.009396 
235     0.009232 
236     0.008740 
237     0.008643 
238     0.008707 
239     0.008365 
240     0.007860 
241     0.007937 
242     0.007835 
243     0.007232 
244     0.006955 
245     0.007140 
246     0.006758 
247     0.006195 
248     0.005926 
249     0.006604 
250     0.007161 
251     0.008122 
252     0.008243 
253     0.009247 
254     0.009172 
255     0.008672 
256     0.008988 
257     0.008413 
258     0.007979 
259     0.008706 
260     0.008845 
261     0.008157 
262     0.008162 
263     0.008679 
264     0.008532 
265     0.008041 
266     0.008439 
267     0.008642 
268     0.008435 
269     0.008235 
270     0.008674 
271     0.008541 
272     0.008280 
273     0.008262 
274     0.008702 
275     0.008477 
276     0.008057 
277     0.007982 
278     0.007603 
279     0.007259 
280     0.006855 
281     0.007038 
282     0.006169 
283     0.006225 
284     0.004739 
285     0.005803 
286     0.006451 
287     0.006704 
288     0.006487 
289     0.006946 
290     0.007085 
291     0.006248 
292     0.005885 
293     0.005620 
294     0.005533 
295     0.005112 
296     0.005877 
297     0.005936 
298     0.006702 
299     0.007012 
300     0.007517 
301     0.007776 
302     0.008268 
303     0.008371 
304     0.008139 
305     0.008519 
306     0.009004 
307     0.009057 
308     0.009121 
309     0.009442 
310     0.009786 
311     0.010209 
312     0.010379 
313     0.010531 
314     0.010728 
315     0.010865 
316     0.010860 
317     0.010968 
318     0.011229 
319     0.011050 
320     0.011014 
321     0.011319 
322     0.011300 
323     0.011104 
324     0.011214 
325     0.011342 
326     0.011208 
327     0.011177 
328     0.011353 
329     0.011292 
330     0.011427 
331     0.011255 
332     0.011296 
333     0.011220 
334     0.011297 
335     0.011215 
336     0.010820 
337     0.010890 
338     0.010671 
339     0.010525 
340     0.010580 
341     0.010482 
342     0.010403 
343     0.010181 
344     0.010277 
345     0.009899 
346     0.009450 
347     0.009534 
348     0.010228 
349     0.010482 
350     0.010735 
351     0.010739 
352     0.010745 
353     0.010714 
354     0.010741 
355     0.010827 
356     0.010868 
357     0.010748 
358     0.010780 
359     0.010773 
360     0.010605 
361     0.010531 
362     0.010518 
363     0.010816 
364     0.010875 
365     0.010712 
366     0.010577 
367     0.010589 
368     0.010633 
369     0.010708 
370     0.010627 
371     0.010561 
372     0.010556 
373     0.010609 
374     0.010488 
375     0.010327 
376     0.010468 
377     0.010446 
378     0.009849 
379     0.009893 
380     0.010448 
381     0.010145 
382     0.008502 
383     0.008051 
384     0.009514 
385     0.006094 
386     0.012807 
387     0.014798 
388     0.014479 
389     0.015787 
390     0.017577 
391     0.015683 
392     0.019305 
393     0.022135 
394     0.026849 
395     0.026670 
396     0.029747 
397     0.026851 
398     0.021820 
399     0.019030 
400     0.014613 
401     0.011787 
402     0.009544 
403     0.007555 
404     0.017737 
405     0.011677 
406     0.005723 
407     0.006742 
408     0.011244 
409     0.010083 
410     0.012674 
411     0.010400 
412     0.013978 
413     0.016730 
414     0.022186 
415     0.023138 
416     0.018049 
417     0.018385 
418     0.016758 
419     0.015354 
420     0.012486 
421     0.009220 
422     0.005703 
423     0.002622 
424     0.001834 
425     0.007122 
426     0.006450 
427     0.011451 
428     0.014700 
429     0.012069 
430     0.017256 
431     0.022695 
432     0.026863 
433     0.023509 
434     0.026727 
435     0.023857 
436     0.018637 
437     0.019268 
438     0.014868 
439     0.016806 
440     0.017278 
441     0.018634 
442     0.021855 
443     0.021684 
444     0.019887 
445     0.016996 
446     0.012181 
447     0.005359 
448     0.009378 
449     0.011135 
450     0.014087 
451     0.018123 
452     0.022929 
453     0.022874 
454     0.025948 
455     0.030287 
456     0.021919 
457     0.021864 
458     0.022827 
459     0.021542 
460     0.026656 
461     0.029400 
462     0.025603 
463     0.029419 
464     0.030497 
465     0.028846 
466     0.026420 
467     0.020366 
468     0.018914 
469     0.023170 
470     0.019689 
471     0.015116 
472     0.012066 
473     0.008418 
474     0.007187 
475     0.008486 
476     0.011431 
477     0.012007 
478     0.014593 
479     0.015872 
480     0.016653 
481     0.018302 
482     0.020022 
483     0.020435 
484     0.018554 
485     0.017236 
486     0.015112 
487     0.014505 
488     0.013397 
489     0.014614 
490     0.017900 
491     0.019843 
492     0.024771 
493     0.027200 
494     0.024121 
495     0.024271 
496     0.020850 
497     0.021322 
498     0.019868 
499     0.021714 
500     0.022648 
501     0.023915 
502     0.027082 
503     0.026513 
504     0.031171 
505     0.029906 
506     0.029598 
507     0.030215 
508     0.035357 
509     0.038536 
510     0.036644 
511     0.030965 
512     0.031040 
513     0.033057 
514     0.027722 
515     0.024735 
516     0.028366 
517     0.025992 
518     0.018798 
519     0.022470 
520     0.025530 
521     0.017768 
522     0.014243 
523     0.024183 
524     0.030464 
525     0.021429 
526     0.014927 
527     0.026009 
528     0.030929 
529     0.015567 
530     0.016601 
531     0.032198 
532     0.022200 
533     0.004715 
534     0.020677 
535     0.025282 
536     0.009427 
537     0.015990 
538     0.026540 
539     0.005004 
540     0.030802 
541     0.044404 
542     0.029086 
543     0.028312 
544     0.062511 
545     0.068571 
546     0.043168 
547     0.061281 
548     0.090170 
549     0.076715 
550     0.061430 
551     0.098816 
552     0.110042 
553     0.081529 
554     0.087597 
555     0.079304 
556     0.064537 
557     0.032162 
558     0.018350 
559     0.055514 
560     0.062141 
561     0.033701 
562     0.040906 
563     0.072930 
564     0.065322 
565     0.034950 
566     0.060648 
567     0.081881 
568     0.060073 
569     0.046027 
570     0.079317 
571     0.084210 
572     0.055170 
573     0.066805 
574     0.093496 
575     0.080543 
576     0.059335 
577     0.087951 
578     0.092361 
579     0.080799 
580     0.086215 
581     0.066087 
582     0.095952 
583     0.092689 
584     0.058211 
585     0.066252 
586     0.089924 
587     0.067310 
588     0.045514 
589     0.076356 
590     0.076618 
591     0.041751 
592     0.055886 
593     0.078866 
594     0.055895 
595     0.035279 
596     0.067708 
597     0.053414 
598     0.042031 
599     0.073380 
600     0.091913 
601     0.080215 
602     0.097741 
603     0.128146 
604     0.160984 
605     0.188723 
606     0.170952 
607     0.128035 
608     0.128428 
609     0.153254 
610     0.130924 
611     0.092379 
612     0.114712 
613     0.123529 
614     0.086524 
615     0.074827 
616     0.100612 
617     0.087813 
618     0.048478 
619     0.066612 
620     0.075483 
621     0.046430 
622     0.029252 
623     0.058147 
624     0.052618 
625     0.018465 
626     0.035931 
627     0.053809 
628     0.038359 
629     0.012172 
630     0.037811 
631     0.039344 
632     0.016409 
633     0.017888 
634     0.031573 
635     0.020264 
636     0.004131 
637     0.021664 
638     0.018733 
639     0.002302 
640     0.015047 
641     0.013092 
642     0.007870 
643     0.013204 
644     0.018167 
645     0.013762 
646     0.014551 
647     0.021567 
648     0.020952 
649     0.019301 
650     0.022265 
651     0.025225 
652     0.023039 
653     0.021239 
654     0.023277 
655     0.021839 
656     0.018551 
657     0.018387 
658     0.019674 
659     0.015164 
660     0.013145 
661     0.014369 
662     0.011676 
663     0.008700 
664     0.006660 
665     0.006363 
666     0.005367 
667     0.004199 
668     0.003717 
669     0.003007 
670     0.005574 
671     0.005627 
672     0.008738 
673     0.010854 
674     0.010131 
675     0.013865 
676     0.016918 
677     0.022339 
678     0.024702 
679     0.029533 
680     0.032759 
681     0.033656 
682     0.029238 
683     0.025083 
684     0.020259 
685     0.017150 
686     0.014356 
687     0.013534 
688     0.013368 
689     0.009378 
690     0.007325 
691     0.008892 
692     0.008108 
693     0.003918 
694     0.005000 
695     0.009705 
696     0.008255 
697     0.008223 
698     0.011885 
699     0.015294 
700     0.015109 
701     0.015063 
702     0.016552 
703     0.020191 
704     0.022280 
705     0.019213 
706     0.017142 
707     0.015496 
708     0.012169 
709     0.012147 
710     0.010963 
711     0.012183 
712     0.012070 
713     0.013171 
714     0.013472 
715     0.014227 
716     0.013448 
717     0.013824 
718     0.012500 
719     0.012702 
720     0.012747 
721     0.011319 
722     0.010124 
723     0.010324 
724     0.009114 
725     0.009519 
726     0.010801 
727     0.011192 
728     0.012557 
729     0.013373 
730     0.014778 
731     0.014035 
732     0.013895 
733     0.014938 
734     0.014616 
735     0.014119 
736     0.013580 
737     0.012080 
738     0.011670 
739     0.010355 
740     0.009202 
741     0.007238 
742     0.006726 
743     0.008101 
744     0.010110 
745     0.011573 
746     0.014152 
747     0.016780 
748     0.019748 
749     0.017613 
750     0.013831 
751     0.012897 
752     0.012180 
753     0.010133 
754     0.010090 
755     0.009987 
756     0.008803 
757     0.009738 
758     0.009949 
759     0.011589 
760     0.012746 
761     0.013388 
762     0.014717 
763     0.014488 
764     0.014391 
765     0.031139 
766     0.060129 
767     0.079530 
768     0.058859 
769     0.030245 
770     0.066873 
771     0.082438 
772     0.052370 
773     0.041205 
774     0.078459 
775     0.080443 
776     0.044884 
777     0.054789 
778     0.083037 
779     0.071618 
780     0.038704 
781     0.062109 
782     0.081893 
783     0.057402 
784     0.040302 
785     0.066755 
786     0.069385 
787     0.039778 
788     0.041347 
789     0.063521 
790     0.055563 
791     0.031210 
792     0.043874 
793     0.055287 
794     0.040377 
795     0.026623 
796     0.041934 
797     0.047038 
798     0.032078 
799     0.028373 
800     0.039325 
801     0.040216 
802     0.029367 
803     0.027920 
804     0.034908 
805     0.034830 
806     0.027684 
807     0.029892 
808     0.034502 
809     0.031959 
810     0.028155 
811     0.030751 
812     0.033837 
813     0.028861 
814     0.026755 
815     0.029806 
816     0.029441 
817     0.022584 
818     0.021918 
819     0.023271 
820     0.020654 
821     0.015659 
822     0.013006 
823     0.007975 
824     0.005215 
825     0.007237 
826     0.006155 
827     0.002380 
828     0.006123 
829     0.009881 
830     0.008828 
831     0.009314 
832     0.012924 
833     0.015131 
834     0.015720 
835     0.019800 
836     0.022954 
837     0.028693 
838     0.029678 
839     0.031449 
840     0.034344 
841     0.032427 
842     0.026986 
843     0.025170 
844     0.022527 
845     0.017136 
846     0.017206 
847     0.017623 
848     0.012579 
849     0.011025 
850     0.014608 
851     0.014288 
852     0.009388 
853     0.010962 
854     0.015685 
855     0.014075 
856     0.012229 
857     0.016792 
858     0.018839 
859     0.017275 
860     0.019996 
861     0.025009 
862     0.024403 
863     0.027794 
864     0.032126 
865     0.028539 
866     0.027548 
867     0.024626 
868     0.028422 
869     0.031409 
870     0.044086 
871     0.052131 
872     0.062813 
873     0.060258 
874     0.059128 
875     0.046983 
876     0.044847 
877     0.032829 
878     0.037106 
879     0.035389 
880     0.031360 
881     0.023399 
882     0.026505 
883     0.019362 
884     0.031032 
885     0.043129 
886     0.054378 
887     0.066793 
888     0.075439 
889     0.078878 
890     0.078948 
891     0.072218 
892     0.075324 
893     0.067959 
894     0.057898 
895     0.057769 
896     0.048907 
897     0.052499 
898     0.045171 
899     0.033038 
900     0.025932 
901     0.014922 
902     0.014488 
903     0.018379 
904     0.023055 
905     0.031903 
906     0.034729 
907     0.040920 
908     0.043891 
909     0.041507 
910     0.035001 
911     0.027274 
912     0.021298 
913     0.021961 
914     0.019511 
915     0.016740 
916     0.028486 
917     0.037896 
918     0.045635 
919     0.058139 
920     0.061892 
921     0.074856 
922     0.082702 
923     0.095191 
