  1     0.029670 
  2     0.025489 
  3     0.018284 
  4     0.006459 
  5     0.006977 
  6     0.002918 
  7     0.002798 
  8     0.004487 
  9     0.004720 
 10     0.004883 
 11     0.005450 
 12     0.002998 
 13     0.004371 
 14     0.005572 
 15     0.005971 
 16     0.005257 
 17     0.004085 
 18     0.012631 
 19     0.036940 
 20     0.071982 
 21     0.190746 
 22     0.163718 
 23     0.118043 
 24     0.055155 
 25     0.020789 
 26     0.012320 
 27     0.008759 
 28     0.009000 
 29     0.009909 
 30     0.008739 
 31     0.009320 
 32     0.008566 
 33     0.006629 
 34     0.008965 
 35     0.006095 
 36     0.004963 
 37     0.004760 
 38     0.004981 
 39     0.003435 
 40     0.004031 
 41     0.009061 
 42     0.024642 
 43     0.040861 
 44     0.043850 
 45     0.093321 
 46     0.096389 
 47     0.067289 
 48     0.025153 
 49     0.007912 
 50     0.006668 
 51     0.005627 
 52     0.007637 
 53     0.002552 
 54     0.003699 
 55     0.007177 
 56     0.011332 
 57     0.013044 
 58     0.012082 
 59     0.019722 
 60     0.019119 
 61     0.027944 
 62     0.016165 
 63     0.000822 
 64     0.007762 
 65     0.009686 
 66     0.005474 
 67     0.006575 
 68     0.006611 
 69     0.007953 
 70     0.008177 
 71     0.011435 
 72     0.014156 
 73     0.010125 
 74     0.012165 
 75     0.015102 
 76     0.016857 
 77     0.014734 
 78     0.018922 
 79     0.017519 
 80     0.019722 
 81     0.020581 
 82     0.014333 
 83     0.019028 
 84     0.037680 
 85     0.031375 
 86     0.031299 
 87     0.077664 
 88     0.079377 
 89     0.018134 
 90     0.013993 
 91     0.005538 
 92     0.008195 
 93     0.011927 
 94     0.005898 
 95     0.016139 
 96     0.017506 
 97     0.043832 
 98     0.038586 
 99     0.025586 
100     0.017284 
101     0.014068 
102     0.010644 
103     0.005076 
104     0.008148 
105     0.012838 
106     0.025496 
107     0.038958 
108     0.036342 
109     0.009259 
110     0.015375 
111     0.013655 
112     0.010868 
113     0.008304 
114     0.008588 
115     0.007822 
116     0.004520 
117     0.004476 
118     0.007002 
119     0.003572 
120     0.003660 
121     0.004790 
122     0.007962 
123     0.005781 
124     0.007150 
125     0.013749 
126     0.009603 
127     0.011534 
128     0.026532 
129     0.031389 
130     0.022163 
131     0.049030 
132     0.042406 
133     0.074532 
134     0.023159 
135     0.014429 
136     0.010103 
137     0.005239 
138     0.004738 
139     0.003233 
140     0.003669 
141     0.005583 
142     0.008586 
143     0.022424 
144     0.028341 
145     0.044584 
146     0.033289 
147     0.027915 
148     0.019544 
149     0.006276 
150     0.006381 
151     0.009542 
152     0.008054 
153     0.004960 
154     0.005009 
155     0.004050 
156     0.003733 
157     0.004963 
158     0.004126 
159     0.004912 
160     0.006246 
161     0.005367 
162     0.006562 
163     0.005094 
164     0.003838 
165     0.003190 
166     0.004796 
167     0.006549 
168     0.007228 
169     0.012876 
170     0.015873 
171     0.011525 
172     0.016431 
173     0.017976 
174     0.005914 
175     0.007882 
176     0.014469 
177     0.008304 
178     0.003632 
179     0.008008 
180     0.013350 
181     0.030278 
182     0.023536 
183     0.058148 
184     0.079377 
185     0.068251 
186     0.053185 
187     0.066850 
188     0.060358 
189     0.027638 
190     0.013119 
191     0.016546 
192     0.014911 
193     0.017216 
194     0.013256 
195     0.004383 
196     0.008169 
197     0.013281 
198     0.013616 
199     0.014675 
200     0.005350 
201     0.022202 
202     0.022036 
203     0.024749 
204     0.023459 
205     0.023002 
206     0.030359 
207     0.042144 
208     0.039943 
209     0.031893 
210     0.052478 
211     0.090427 
212     0.101044 
213     0.060154 
214     0.054858 
215     0.028777 
216     0.033790 
217     0.030147 
218     0.030128 
219     0.033703 
220     0.033830 
221     0.029637 
222     0.028964 
223     0.015076 
224     0.002683 
225     0.013848 
226     0.018151 
227     0.011228 
228     0.015406 
229     0.036553 
230     0.051991 
231     0.044793 
232     0.027207 
233     0.034832 
234     0.045877 
235     0.042599 
236     0.036415 
237     0.036492 
238     0.041089 
239     0.044325 
240     0.037780 
241     0.032903 
242     0.051862 
243     0.061178 
244     0.046164 
245     0.055322 
246     0.077209 
247     0.078736 
248     0.069431 
249     0.069781 
250     0.044557 
251     0.033806 
252     0.026430 
253     0.024094 
254     0.021771 
255     0.019455 
256     0.016719 
257     0.014891 
258     0.017397 
259     0.027241 
260     0.030752 
261     0.026287 
262     0.027798 
263     0.037615 
264     0.037168 
265     0.025847 
266     0.026159 
267     0.032571 
268     0.028931 
269     0.018553 
270     0.016098 
271     0.020821 
272     0.020747 
273     0.013438 
274     0.008429 
275     0.020710 
276     0.034713 
277     0.034115 
278     0.026547 
279     0.023997 
280     0.021181 
281     0.021731 
282     0.017595 
283     0.011961 
284     0.012651 
285     0.018784 
286     0.014431 
287     0.024400 
288     0.054384 
289     0.037791 
290     0.379955 
291     0.174429 
292     0.179960 
293     0.095753 
294     0.060675 
295     0.034053 
296     0.025686 
297     0.021970 
298     0.024142 
299     0.015944 
300     0.013948 
301     0.021051 
302     0.022728 
303     0.028255 
304     0.023163 
305     0.016757 
306     0.018117 
307     0.029044 
308     0.026979 
309     0.017510 
310     0.016414 
311     0.022718 
312     0.016868 
313     0.007638 
314     0.009812 
315     0.010017 
316     0.010070 
317     0.023008 
318     0.024342 
319     0.023027 
320     0.025760 
321     0.033994 
322     0.034651 
323     0.032772 
324     0.037608 
325     0.043816 
326     0.043857 
327     0.047435 
328     0.052839 
329     0.056445 
330     0.047793 
331     0.036209 
332     0.033499 
333     0.028716 
334     0.020312 
335     0.010981 
336     0.014559 
337     0.015217 
338     0.010925 
339     0.007266 
340     0.008262 
341     0.004384 
342     0.003299 
343     0.007262 
344     0.005833 
345     0.004508 
346     0.009059 
347     0.001727 
348     0.014974 
349     0.007647 
350     0.006058 
351     0.013848 
352     0.012325 
353     0.011225 
354     0.018956 
355     0.025432 
356     0.026059 
357     0.030881 
358     0.034309 
359     0.025443 
360     0.014772 
361     0.009965 
362     0.007211 
363     0.005629 
364     0.006699 
365     0.004301 
366     0.003997 
367     0.004271 
368     0.004243 
369     0.005410 
370     0.004003 
371     0.003904 
372     0.003473 
373     0.007325 
374     0.002504 
375     0.002681 
376     0.001116 
377     0.001326 
378     0.001502 
379     0.003815 
380     0.007165 
381     0.010518 
382     0.014371 
383     0.013476 
384     0.014524 
385     0.023664 
386     0.030235 
387     0.023628 
388     0.019971 
389     0.016191 
390     0.012818 
391     0.003712 
392     0.003467 
393     0.007015 
394     0.021430 
395     0.028225 
396     0.033250 
397     0.018296 
398     0.019833 
399     0.012502 
400     0.018143 
401     0.019824 
402     0.025333 
403     0.029681 
404     0.018239 
405     0.027194 
406     0.032469 
407     0.023157 
408     0.019780 
409     0.025353 
410     0.027912 
411     0.024686 
412     0.019613 
413     0.019664 
414     0.018175 
415     0.014658 
416     0.010937 
417     0.015614 
418     0.007448 
419     0.012708 
420     0.016335 
421     0.021495 
422     0.023240 
423     0.032001 
424     0.035670 
425     0.025253 
426     0.020658 
427     0.016654 
428     0.017546 
429     0.020479 
430     0.039369 
431     0.042053 
432     0.043160 
433     0.029422 
434     0.024304 
435     0.011642 
436     0.018455 
437     0.027671 
438     0.035832 
439     0.029322 
440     0.021011 
441     0.006983 
442     0.011252 
443     0.021195 
444     0.031055 
445     0.025961 
446     0.022873 
447     0.025772 
448     0.012848 
449     0.005187 
450     0.011400 
451     0.009851 
452     0.016658 
453     0.006892 
454     0.023382 
455     0.020655 
456     0.039271 
457     0.033278 
458     0.026834 
459     0.016534 
460     0.010166 
461     0.022447 
462     0.018457 
463     0.034029 
464     0.042042 
465     0.040051 
466     0.040449 
467     0.030549 
468     0.021999 
469     0.020651 
470     0.012356 
471     0.006592 
472     0.012984 
473     0.023942 
474     0.026201 
475     0.032131 
476     0.019869 
477     0.019680 
478     0.010064 
479     0.016521 
480     0.014729 
481     0.021266 
482     0.011491 
483     0.019550 
484     0.010925 
485     0.008596 
486     0.022908 
487     0.036610 
488     0.026658 
489     0.024055 
490     0.016195 
491     0.023018 
492     0.025848 
493     0.031060 
494     0.034399 
495     0.027780 
496     0.026607 
497     0.027381 
498     0.032213 
499     0.036587 
500     0.021022 
501     0.035017 
502     0.042973 
503     0.030355 
504     0.036353 
505     0.054559 
506     0.041384 
507     0.051911 
508     0.138827 
509     0.099510 
510     0.085496 
511     0.082127 
512     0.028090 
513     0.054190 
514     0.078444 
515     0.048879 
516     0.064924 
517     0.094416 
518     0.050030 
519     0.061833 
520     0.083791 
521     0.041370 
522     0.027888 
523     0.074649 
524     0.146208 
525     0.114777 
526     0.058399 
527     0.071201 
528     0.085148 
529     0.052333 
530     0.029934 
531     0.029887 
532     0.037354 
533     0.025985 
534     0.029350 
535     0.025859 
536     0.021810 
537     0.027008 
538     0.032096 
539     0.026662 
540     0.024439 
541     0.025620 
542     0.024356 
543     0.023997 
544     0.027736 
545     0.019961 
546     0.015356 
547     0.016995 
548     0.020182 
549     0.010448 
550     0.005696 
551     0.012641 
552     0.021695 
553     0.019776 
554     0.017024 
555     0.026369 
556     0.034116 
557     0.026898 
558     0.038200 
559     0.037925 
560     0.046169 
561     0.031162 
562     0.023147 
563     0.034831 
564     0.033098 
565     0.020429 
566     0.025113 
567     0.033480 
568     0.028898 
569     0.027803 
570     0.033177 
571     0.029227 
572     0.029219 
573     0.030367 
574     0.025505 
575     0.019184 
576     0.025049 
577     0.033362 
578     0.035485 
579     0.066348 
580     0.034824 
581     0.018632 
582     0.041801 
583     0.030726 
584     0.021723 
585     0.036482 
586     0.040057 
587     0.031136 
588     0.032216 
589     0.036143 
590     0.024793 
591     0.021232 
592     0.013999 
593     0.011474 
594     0.015944 
595     0.006090 
596     0.019284 
597     0.019001 
598     0.015796 
599     0.021479 
600     0.016111 
601     0.013231 
602     0.030998 
603     0.044917 
604     0.144467 
605     0.043145 
606     0.022887 
607     0.014445 
608     0.011851 
609     0.016620 
610     0.010140 
611     0.009969 
612     0.012426 
613     0.007052 
614     0.006006 
615     0.014027 
616     0.017175 
617     0.013548 
618     0.011190 
619     0.017722 
620     0.019238 
621     0.016617 
622     0.014590 
623     0.014044 
624     0.013854 
625     0.014437 
626     0.016184 
627     0.011267 
628     0.007538 
629     0.010303 
630     0.018902 
631     0.015348 
632     0.011066 
633     0.011641 
634     0.012670 
635     0.011195 
636     0.011413 
637     0.014884 
638     0.010238 
639     0.016734 
640     0.020992 
641     0.020547 
642     0.010182 
643     0.025096 
644     0.025757 
645     0.029346 
646     0.030885 
647     0.023467 
648     0.024916 
649     0.033967 
650     0.022114 
651     0.010572 
652     0.015900 
653     0.017500 
654     0.019057 
655     0.013006 
656     0.007496 
657     0.017049 
658     0.017024 
659     0.002771 
660     0.002862 
661     0.004470 
662     0.007926 
663     0.008655 
664     0.008438 
665     0.008793 
666     0.014928 
667     0.014428 
668     0.011539 
669     0.011269 
670     0.014761 
671     0.016514 
672     0.010655 
673     0.011726 
674     0.020184 
675     0.014489 
676     0.005781 
677     0.011045 
678     0.010422 
679     0.024935 
680     0.019376 
681     0.028878 
682     0.018690 
683     0.007394 
684     0.007477 
685     0.009663 
686     0.011287 
687     0.007900 
688     0.009720 
689     0.010444 
690     0.008595 
691     0.013511 
692     0.017923 
693     0.012315 
694     0.014154 
695     0.024389 
696     0.017505 
697     0.012485 
698     0.016361 
699     0.014803 
700     0.008308 
701     0.006110 
702     0.013356 
703     0.015655 
704     0.010680 
705     0.015266 
706     0.013564 
707     0.015369 
708     0.012513 
709     0.009572 
710     0.016860 
711     0.036016 
712     0.032313 
713     0.033454 
714     0.038258 
715     0.039495 
716     0.022864 
717     0.008741 
718     0.005128 
719     0.005590 
720     0.009587 
721     0.011934 
722     0.014952 
723     0.016583 
724     0.018401 
725     0.017037 
726     0.019304 
727     0.021295 
728     0.028207 
729     0.025929 
730     0.031478 
731     0.044222 
732     0.035089 
733     0.034191 
734     0.028317 
735     0.030182 
736     0.031040 
737     0.025325 
738     0.024311 
739     0.021947 
740     0.018924 
741     0.020941 
742     0.020173 
743     0.017516 
744     0.014655 
745     0.014671 
746     0.014830 
747     0.016577 
748     0.022951 
749     0.011605 
750     0.013364 
751     0.014754 
752     0.015724 
753     0.017480 
754     0.014824 
755     0.014977 
756     0.017623 
757     0.017045 
758     0.018825 
759     0.020766 
760     0.021515 
761     0.027500 
762     0.024935 
763     0.035575 
764     0.068428 
765     0.059456 
766     0.012791 
767     0.016684 
768     0.005557 
769     0.018197 
770     0.013039 
771     0.028610 
772     0.036295 
773     0.017305 
774     0.019683 
775     0.030763 
776     0.015730 
777     0.005700 
778     0.011188 
779     0.008638 
780     0.015926 
781     0.014926 
782     0.019652 
783     0.025464 
784     0.019376 
785     0.019928 
786     0.028452 
787     0.016529 
788     0.010739 
789     0.016250 
790     0.005817 
791     0.006717 
792     0.013407 
793     0.019008 
794     0.019769 
795     0.021487 
796     0.024068 
797     0.034357 
798     0.027378 
799     0.024263 
800     0.022505 
801     0.024360 
802     0.021044 
803     0.026953 
804     0.026162 
805     0.017789 
806     0.020561 
807     0.035924 
808     0.035620 
809     0.018798 
810     0.023888 
811     0.040001 
812     0.034861 
813     0.017522 
814     0.022118 
815     0.034715 
816     0.025662 
817     0.019247 
818     0.017618 
819     0.018750 
820     0.018043 
821     0.017470 
822     0.018364 
823     0.020406 
824     0.011898 
825     0.014887 
826     0.018952 
827     0.014128 
828     0.010722 
829     0.017640 
830     0.014227 
831     0.008371 
832     0.013505 
833     0.011111 
834     0.008086 
835     0.023540 
836     0.020476 
837     0.018513 
838     0.008806 
839     0.006607 
840     0.007111 
841     0.018152 
842     0.014423 
843     0.018344 
844     0.007837 
845     0.006435 
846     0.010692 
847     0.019721 
848     0.011064 
849     0.004472 
850     0.011702 
851     0.012098 
852     0.004169 
853     0.012067 
854     0.015218 
855     0.008012 
856     0.011787 
857     0.014975 
858     0.011031 
859     0.010687 
860     0.012741 
861     0.011098 
862     0.012177 
863     0.014009 
864     0.005883 
865     0.005533 
866     0.009192 
867     0.005418 
868     0.005372 
869     0.005276 
870     0.007496 
871     0.007328 
872     0.006786 
873     0.007325 
874     0.005622 
875     0.003252 
876     0.005566 
877     0.007375 
878     0.010072 
879     0.007953 
880     0.006087 
881     0.006160 
882     0.005026 
883     0.006258 
884     0.005085 
885     0.003855 
886     0.003955 
887     0.004356 
888     0.003481 
889     0.003193 
890     0.004813 
891     0.005286 
892     0.006164 
893     0.004986 
894     0.003299 
895     0.003984 
896     0.004364 
897     0.004740 
898     0.006526 
899     0.006431 
900     0.005924 
901     0.004360 
902     0.002952 
903     0.003185 
904     0.004350 
905     0.007844 
906     0.015841 
907     0.031981 
908     0.042028 
909     0.039111 
910     0.012095 
911     0.010033 
912     0.006943 
913     0.006416 
914     0.005180 
915     0.005572 
916     0.005314 
917     0.004166 
918     0.002219 
919     0.001393 
920     0.004235 
921     0.007162 
922     0.008783 
923     0.010675 
