  1     0.007653 
  2     0.005963 
  3     0.006633 
  4     0.005061 
  5     0.005446 
  6     0.004794 
  7     0.003712 
  8     0.004115 
  9     0.003844 
 10     0.004806 
 11     0.006045 
 12     0.004507 
 13     0.003618 
 14     0.003592 
 15     0.005084 
 16     0.005963 
 17     0.007427 
 18     0.007932 
 19     0.008430 
 20     0.009928 
 21     0.008057 
 22     0.006364 
 23     0.009650 
 24     0.009151 
 25     0.010921 
 26     0.009850 
 27     0.010271 
 28     0.011501 
 29     0.010903 
 30     0.013298 
 31     0.013030 
 32     0.012384 
 33     0.009586 
 34     0.008918 
 35     0.006625 
 36     0.005535 
 37     0.003827 
 38     0.003814 
 39     0.005297 
 40     0.007859 
 41     0.009838 
 42     0.012928 
 43     0.014722 
 44     0.017247 
 45     0.019343 
 46     0.018049 
 47     0.015584 
 48     0.012959 
 49     0.010597 
 50     0.007975 
 51     0.006362 
 52     0.007442 
 53     0.009208 
 54     0.007801 
 55     0.005624 
 56     0.007784 
 57     0.009077 
 58     0.007432 
 59     0.007518 
 60     0.010132 
 61     0.011242 
 62     0.010282 
 63     0.012900 
 64     0.012497 
 65     0.009407 
 66     0.008738 
 67     0.006585 
 68     0.007485 
 69     0.007574 
 70     0.007609 
 71     0.010428 
 72     0.011499 
 73     0.010371 
 74     0.013081 
 75     0.015143 
 76     0.018171 
 77     0.019537 
 78     0.021244 
 79     0.019709 
 80     0.019438 
 81     0.016476 
 82     0.016567 
 83     0.018941 
 84     0.017115 
 85     0.014379 
 86     0.015945 
 87     0.016292 
 88     0.013175 
 89     0.011768 
 90     0.011699 
 91     0.012345 
 92     0.015385 
 93     0.015928 
 94     0.018732 
 95     0.020616 
 96     0.020397 
 97     0.023104 
 98     0.022407 
 99     0.021848 
100     0.018578 
101     0.016815 
102     0.015933 
103     0.015032 
104     0.017090 
105     0.015690 
106     0.017674 
107     0.019950 
108     0.019414 
109     0.018498 
110     0.015624 
111     0.014266 
112     0.011413 
113     0.010150 
114     0.010792 
115     0.009313 
116     0.006925 
117     0.007633 
118     0.008254 
119     0.005715 
120     0.005301 
121     0.007698 
122     0.007719 
123     0.006503 
124     0.007514 
125     0.009479 
126     0.010100 
127     0.009674 
128     0.010853 
129     0.012564 
130     0.012926 
131     0.012295 
132     0.012810 
133     0.013094 
134     0.011772 
135     0.009124 
136     0.007784 
137     0.005031 
138     0.003528 
139     0.003197 
140     0.003642 
141     0.005525 
142     0.007997 
143     0.010542 
144     0.013046 
145     0.014718 
146     0.012686 
147     0.014001 
148     0.012946 
149     0.014288 
150     0.011869 
151     0.010002 
152     0.010681 
153     0.010477 
154     0.007633 
155     0.007180 
156     0.009044 
157     0.007876 
158     0.006081 
159     0.008207 
160     0.009859 
161     0.008163 
162     0.008726 
163     0.006176 
164     0.005373 
165     0.004239 
166     0.003690 
167     0.004753 
168     0.006393 
169     0.007673 
170     0.009818 
171     0.009453 
172     0.012517 
173     0.011632 
174     0.009358 
175     0.011742 
176     0.014009 
177     0.012224 
178     0.012040 
179     0.015409 
180     0.015833 
181     0.016106 
182     0.014223 
183     0.017044 
184     0.020123 
185     0.021838 
186     0.021866 
187     0.022201 
188     0.022914 
189     0.022604 
190     0.020017 
191     0.019539 
192     0.016289 
193     0.015742 
194     0.012727 
195     0.011799 
196     0.008813 
197     0.007214 
198     0.009428 
199     0.011111 
200     0.013604 
201     0.014683 
202     0.017286 
203     0.017479 
204     0.019239 
205     0.017503 
206     0.019306 
207     0.018741 
208     0.019358 
209     0.018249 
210     0.019984 
211     0.017700 
212     0.016385 
213     0.015456 
214     0.013469 
215     0.015028 
216     0.014141 
217     0.014153 
218     0.016079 
219     0.019463 
220     0.020562 
221     0.018729 
222     0.019550 
223     0.017438 
224     0.016502 
225     0.014400 
226     0.013032 
227     0.014060 
228     0.011972 
229     0.009489 
230     0.010196 
231     0.013429 
232     0.013420 
233     0.011055 
234     0.011617 
235     0.013857 
236     0.011919 
237     0.009197 
238     0.010923 
239     0.011809 
240     0.009079 
241     0.007820 
242     0.009883 
243     0.009746 
244     0.006775 
245     0.006723 
246     0.008438 
247     0.007831 
248     0.005042 
249     0.004692 
250     0.004963 
251     0.006930 
252     0.006057 
253     0.008608 
254     0.009165 
255     0.007288 
256     0.007177 
257     0.005866 
258     0.004201 
259     0.005091 
260     0.004372 
261     0.003895 
262     0.004445 
263     0.005182 
264     0.004746 
265     0.006347 
266     0.007849 
267     0.008094 
268     0.009112 
269     0.010844 
270     0.012215 
271     0.012951 
272     0.014402 
273     0.015847 
274     0.017107 
275     0.018380 
276     0.019349 
277     0.019927 
278     0.017336 
279     0.014428 
280     0.011997 
281     0.008794 
282     0.008365 
283     0.006543 
284     0.007914 
285     0.006538 
286     0.004919 
287     0.005117 
288     0.006831 
289     0.007292 
290     0.008514 
291     0.006664 
292     0.007557 
293     0.006757 
294     0.005231 
295     0.006744 
296     0.006267 
297     0.008718 
298     0.009452 
299     0.012904 
300     0.014045 
301     0.017322 
302     0.018718 
303     0.020029 
304     0.016982 
305     0.016048 
306     0.018693 
307     0.019994 
308     0.017508 
309     0.017154 
310     0.020348 
311     0.019709 
312     0.018090 
313     0.019204 
314     0.022156 
315     0.020847 
316     0.019725 
317     0.022901 
318     0.023986 
319     0.021876 
320     0.022061 
321     0.025607 
322     0.025400 
323     0.022871 
324     0.025157 
325     0.027580 
326     0.025645 
327     0.025448 
328     0.028717 
329     0.028186 
330     0.029194 
331     0.027607 
332     0.029596 
333     0.028494 
334     0.025019 
335     0.024437 
336     0.021464 
337     0.020420 
338     0.017156 
339     0.014964 
340     0.011862 
341     0.009532 
342     0.008966 
343     0.010463 
344     0.013182 
345     0.013813 
346     0.014733 
347     0.018169 
348     0.018751 
349     0.018123 
350     0.019702 
351     0.022358 
352     0.022554 
353     0.022119 
354     0.024112 
355     0.026358 
356     0.026201 
357     0.026012 
358     0.028153 
359     0.026104 
360     0.023425 
361     0.020118 
362     0.019246 
363     0.016734 
364     0.017543 
365     0.014637 
366     0.012854 
367     0.011372 
368     0.008364 
369     0.008764 
370     0.010212 
371     0.008263 
372     0.006317 
373     0.008233 
374     0.008721 
375     0.006003 
376     0.006486 
377     0.008223 
378     0.006696 
379     0.004955 
380     0.006574 
381     0.006705 
382     0.005174 
383     0.004479 
384     0.005003 
385     0.003549 
386     0.006029 
387     0.008394 
388     0.009140 
389     0.017421 
390     0.030237 
391     0.035137 
392     0.037477 
393     0.038423 
394     0.036355 
395     0.033887 
396     0.035139 
397     0.036395 
398     0.036312 
399     0.033202 
400     0.034145 
401     0.032842 
402     0.035329 
403     0.036699 
404     0.046522 
405     0.042758 
406     0.040112 
407     0.039124 
408     0.037237 
409     0.038343 
410     0.038468 
411     0.036733 
412     0.036139 
413     0.039199 
414     0.038238 
415     0.038604 
416     0.037988 
417     0.032502 
418     0.029265 
419     0.030773 
420     0.034566 
421     0.036894 
422     0.038994 
423     0.040329 
424     0.042386 
425     0.042849 
426     0.040214 
427     0.039300 
428     0.035521 
429     0.036565 
430     0.036808 
431     0.038088 
432     0.034869 
433     0.031695 
434     0.029609 
435     0.027242 
436     0.028009 
437     0.025809 
438     0.027990 
439     0.027666 
440     0.028840 
441     0.031139 
442     0.032318 
443     0.035572 
444     0.039006 
445     0.039122 
446     0.040545 
447     0.039299 
448     0.036438 
449     0.035519 
450     0.036189 
451     0.034378 
452     0.030958 
453     0.027901 
454     0.026654 
455     0.023068 
456     0.022948 
457     0.021949 
458     0.022957 
459     0.025963 
460     0.025479 
461     0.028545 
462     0.032158 
463     0.035155 
464     0.034630 
465     0.039236 
466     0.042085 
467     0.041686 
468     0.044710 
469     0.044405 
470     0.039937 
471     0.041757 
472     0.037175 
473     0.038509 
474     0.034912 
475     0.034359 
476     0.031783 
477     0.031424 
478     0.028216 
479     0.026387 
480     0.024338 
481     0.018406 
482     0.022257 
483     0.022778 
484     0.025303 
485     0.026340 
486     0.026833 
487     0.028430 
488     0.031241 
489     0.035120 
490     0.036922 
491     0.041838 
492     0.041525 
493     0.037810 
494     0.038916 
495     0.033832 
496     0.031107 
497     0.026580 
498     0.025395 
499     0.021253 
500     0.022602 
501     0.021855 
502     0.020975 
503     0.023011 
504     0.020550 
505     0.021456 
506     0.026896 
507     0.029468 
508     0.027738 
509     0.030822 
510     0.032425 
511     0.031712 
512     0.034201 
513     0.036621 
514     0.036032 
515     0.036910 
516     0.039886 
517     0.040717 
518     0.040222 
519     0.042045 
520     0.044787 
521     0.044247 
522     0.042829 
523     0.045229 
524     0.046329 
525     0.042073 
526     0.040699 
527     0.043098 
528     0.038868 
529     0.036678 
530     0.040621 
531     0.037310 
532     0.031509 
533     0.037067 
534     0.038381 
535     0.028442 
536     0.031789 
537     0.041388 
538     0.036655 
539     0.032236 
540     0.044589 
541     0.050314 
542     0.045749 
543     0.048042 
544     0.061685 
545     0.066635 
546     0.063382 
547     0.067552 
548     0.080144 
549     0.081520 
550     0.080096 
551     0.088647 
552     0.098368 
553     0.096649 
554     0.098569 
555     0.106694 
556     0.107044 
557     0.094021 
558     0.093880 
559     0.086798 
560     0.078701 
561     0.075504 
562     0.073727 
563     0.064386 
564     0.057082 
565     0.056582 
566     0.055143 
567     0.043395 
568     0.038096 
569     0.042716 
570     0.038270 
571     0.025241 
572     0.026471 
573     0.035106 
574     0.025514 
575     0.018312 
576     0.030105 
577     0.035310 
578     0.031371 
579     0.040074 
580     0.026051 
581     0.018985 
582     0.010750 
583     0.008051 
584     0.013954 
585     0.010541 
586     0.014151 
587     0.018636 
588     0.025221 
589     0.028547 
590     0.033745 
591     0.040074 
592     0.045136 
593     0.051219 
594     0.057595 
595     0.062797 
596     0.071742 
597     0.083982 
598     0.080179 
599     0.078324 
600     0.091673 
601     0.097252 
602     0.093094 
603     0.098301 
604     0.111837 
605     0.065665 
606     0.070091 
607     0.048470 
608     0.013566 
609     0.047881 
610     0.045390 
611     0.025325 
612     0.033460 
613     0.036478 
614     0.022520 
615     0.038763 
616     0.035918 
617     0.020052 
618     0.036288 
619     0.035572 
620     0.015233 
621     0.034901 
622     0.044991 
623     0.025016 
624     0.017456 
625     0.039205 
626     0.039897 
627     0.023762 
628     0.015853 
629     0.030223 
630     0.027258 
631     0.014323 
632     0.019945 
633     0.022056 
634     0.015539 
635     0.016656 
636     0.016840 
637     0.012069 
638     0.014390 
639     0.015770 
640     0.010110 
641     0.013285 
642     0.014193 
643     0.014215 
644     0.011982 
645     0.017535 
646     0.019095 
647     0.014295 
648     0.015201 
649     0.018772 
650     0.017440 
651     0.015702 
652     0.017520 
653     0.018282 
654     0.018556 
655     0.017455 
656     0.016977 
657     0.017525 
658     0.016767 
659     0.015613 
660     0.014814 
661     0.016055 
662     0.014315 
663     0.013443 
664     0.013132 
665     0.012502 
666     0.011513 
667     0.011311 
668     0.010606 
669     0.009829 
670     0.008937 
671     0.009104 
672     0.008451 
673     0.007407 
674     0.007245 
675     0.007009 
676     0.006480 
677     0.005715 
678     0.005310 
679     0.005169 
680     0.005796 
681     0.005775 
682     0.005651 
683     0.006082 
684     0.006269 
685     0.007362 
686     0.008016 
687     0.007055 
688     0.006716 
689     0.007977 
690     0.008351 
691     0.007473 
692     0.007768 
693     0.009371 
694     0.009248 
695     0.008697 
696     0.009947 
697     0.011283 
698     0.011632 
699     0.011864 
700     0.012805 
701     0.013333 
702     0.013095 
703     0.014014 
704     0.014993 
705     0.014611 
706     0.014040 
707     0.012540 
708     0.012645 
709     0.013704 
710     0.014277 
711     0.016152 
712     0.015431 
713     0.017378 
714     0.018010 
715     0.017618 
716     0.014928 
717     0.014723 
718     0.011896 
719     0.012533 
720     0.013489 
721     0.011595 
722     0.009151 
723     0.009154 
724     0.007048 
725     0.008508 
726     0.011069 
727     0.011770 
728     0.014358 
729     0.015902 
730     0.018684 
731     0.018021 
732     0.017745 
733     0.019119 
734     0.017687 
735     0.016221 
736     0.016327 
737     0.014044 
738     0.013392 
739     0.011348 
740     0.010757 
741     0.008444 
742     0.009643 
743     0.011598 
744     0.012357 
745     0.013649 
746     0.014840 
747     0.015463 
748     0.015967 
749     0.015715 
750     0.015733 
751     0.014321 
752     0.014410 
753     0.012711 
754     0.011025 
755     0.011088 
756     0.009015 
757     0.009856 
758     0.009874 
759     0.012259 
760     0.014419 
761     0.015477 
762     0.018090 
763     0.017834 
764     0.018083 
765     0.126483 
766     0.087884 
767     0.113548 
768     0.151809 
769     0.121070 
770     0.094257 
771     0.140771 
772     0.141412 
773     0.094333 
774     0.107850 
775     0.143182 
776     0.115964 
777     0.083124 
778     0.121326 
779     0.131991 
780     0.092629 
781     0.086572 
782     0.123021 
783     0.108033 
784     0.073050 
785     0.095950 
786     0.111817 
787     0.080374 
788     0.068684 
789     0.097316 
790     0.090241 
791     0.059531 
792     0.070255 
793     0.081659 
794     0.060156 
795     0.043850 
796     0.060741 
797     0.057143 
798     0.035694 
799     0.034964 
800     0.044143 
801     0.034954 
802     0.021827 
803     0.025723 
804     0.025509 
805     0.019465 
806     0.016755 
807     0.017713 
808     0.016564 
809     0.015180 
810     0.016561 
811     0.015955 
812     0.016073 
813     0.016194 
814     0.016751 
815     0.016397 
816     0.015689 
817     0.015443 
818     0.015372 
819     0.014808 
820     0.013700 
821     0.013611 
822     0.013196 
823     0.011614 
824     0.011409 
825     0.012585 
826     0.011955 
827     0.010737 
828     0.011094 
829     0.011970 
830     0.010886 
831     0.009711 
832     0.010499 
833     0.011047 
834     0.009774 
835     0.009342 
836     0.008275 
837     0.008519 
838     0.007292 
839     0.006676 
840     0.007698 
841     0.008136 
842     0.007706 
843     0.008097 
844     0.008733 
845     0.008729 
846     0.010111 
847     0.010945 
848     0.010479 
849     0.010566 
850     0.012189 
851     0.012490 
852     0.012013 
853     0.013005 
854     0.014494 
855     0.014343 
856     0.014270 
857     0.016380 
858     0.016816 
859     0.016706 
860     0.017653 
861     0.019884 
862     0.019806 
863     0.021295 
864     0.022688 
865     0.021210 
866     0.020960 
867     0.020162 
868     0.021810 
869     0.022806 
870     0.028175 
871     0.031248 
872     0.036302 
873     0.035714 
874     0.035753 
875     0.030874 
876     0.028689 
877     0.023583 
878     0.023784 
879     0.024511 
880     0.023722 
881     0.021047 
882     0.023395 
883     0.020400 
884     0.024986 
885     0.030235 
886     0.033393 
887     0.038764 
888     0.041296 
889     0.043477 
890     0.042209 
891     0.040401 
892     0.042814 
893     0.040772 
894     0.036651 
895     0.035603 
896     0.031279 
897     0.031720 
898     0.027277 
899     0.022476 
900     0.018683 
901     0.015110 
902     0.016184 
903     0.017752 
904     0.019137 
905     0.022214 
906     0.023166 
907     0.025948 
908     0.027079 
909     0.025313 
910     0.022527 
911     0.018446 
912     0.016860 
913     0.018591 
914     0.018649 
915     0.017926 
916     0.022567 
917     0.026566 
918     0.030818 
919     0.035954 
920     0.038804 
921     0.044288 
922     0.046935 
923     0.052110 
