  1     0.038029 
  2     0.036416 
  3     0.033750 
  4     0.031973 
  5     0.028239 
  6     0.026212 
  7     0.023705 
  8     0.021803 
  9     0.020855 
 10     0.018556 
 11     0.017602 
 12     0.013928 
 13     0.013911 
 14     0.017039 
 15     0.018263 
 16     0.021034 
 17     0.022998 
 18     0.025761 
 19     0.027594 
 20     0.027597 
 21     0.030277 
 22     0.029677 
 23     0.026817 
 24     0.025063 
 25     0.022760 
 26     0.020082 
 27     0.019452 
 28     0.016832 
 29     0.016718 
 30     0.016937 
 31     0.013234 
 32     0.012096 
 33     0.011925 
 34     0.014566 
 35     0.014291 
 36     0.013445 
 37     0.011876 
 38     0.014418 
 39     0.011826 
 40     0.012803 
 41     0.010220 
 42     0.011108 
 43     0.009253 
 44     0.008971 
 45     0.011846 
 46     0.014349 
 47     0.013946 
 48     0.014908 
 49     0.013101 
 50     0.013987 
 51     0.012188 
 52     0.009536 
 53     0.009312 
 54     0.008784 
 55     0.006261 
 56     0.004685 
 57     0.004429 
 58     0.004425 
 59     0.002828 
 60     0.001548 
 61     0.004008 
 62     0.006223 
 63     0.008468 
 64     0.009387 
 65     0.009239 
 66     0.012571 
 67     0.013532 
 68     0.016363 
 69     0.018536 
 70     0.021221 
 71     0.022283 
 72     0.022264 
 73     0.023887 
 74     0.026798 
 75     0.026364 
 76     0.027153 
 77     0.025161 
 78     0.027502 
 79     0.028339 
 80     0.028750 
 81     0.025295 
 82     0.023595 
 83     0.024623 
 84     0.023137 
 85     0.020024 
 86     0.019215 
 87     0.019078 
 88     0.016653 
 89     0.014646 
 90     0.011427 
 91     0.011894 
 92     0.013174 
 93     0.016822 
 94     0.018918 
 95     0.022411 
 96     0.023958 
 97     0.026198 
 98     0.029206 
 99     0.027896 
100     0.026467 
101     0.023210 
102     0.020848 
103     0.017253 
104     0.015361 
105     0.013074 
106     0.011488 
107     0.012681 
108     0.016118 
109     0.018606 
110     0.019968 
111     0.022460 
112     0.021771 
113     0.024267 
114     0.022386 
115     0.019209 
116     0.020894 
117     0.022847 
118     0.020050 
119     0.018599 
120     0.021977 
121     0.022471 
122     0.019856 
123     0.021079 
124     0.024572 
125     0.024008 
126     0.022086 
127     0.024686 
128     0.027356 
129     0.025972 
130     0.025690 
131     0.028524 
132     0.030664 
133     0.032659 
134     0.032262 
135     0.030945 
136     0.032570 
137     0.032438 
138     0.030155 
139     0.029751 
140     0.027159 
141     0.026060 
142     0.027044 
143     0.027127 
144     0.030424 
145     0.032087 
146     0.030962 
147     0.033988 
148     0.033971 
149     0.032010 
150     0.029180 
151     0.030834 
152     0.031911 
153     0.028439 
154     0.027437 
155     0.030407 
156     0.029695 
157     0.026191 
158     0.027842 
159     0.030320 
160     0.027726 
161     0.026210 
162     0.029667 
163     0.030388 
164     0.033309 
165     0.032239 
166     0.035173 
167     0.034825 
168     0.032489 
169     0.031754 
170     0.030079 
171     0.026741 
172     0.028306 
173     0.030344 
174     0.027593 
175     0.025487 
176     0.028193 
177     0.028956 
178     0.025414 
179     0.024994 
180     0.028018 
181     0.030541 
182     0.032557 
183     0.035134 
184     0.035567 
185     0.036022 
186     0.039361 
187     0.038507 
188     0.035484 
189     0.034756 
190     0.031534 
191     0.029600 
192     0.026973 
193     0.024350 
194     0.021863 
195     0.018767 
196     0.017288 
197     0.015436 
198     0.017696 
199     0.020914 
200     0.022840 
201     0.025741 
202     0.027712 
203     0.030308 
204     0.032662 
205     0.033665 
206     0.036524 
207     0.036655 
208     0.039907 
209     0.040717 
210     0.043927 
211     0.045823 
212     0.044072 
213     0.040587 
214     0.039498 
215     0.038346 
216     0.034891 
217     0.034979 
218     0.034693 
219     0.037109 
220     0.035417 
221     0.032416 
222     0.031071 
223     0.027658 
224     0.025277 
225     0.022845 
226     0.020100 
227     0.020529 
228     0.017131 
229     0.014220 
230     0.015353 
231     0.019061 
232     0.018258 
233     0.015558 
234     0.017459 
235     0.020038 
236     0.017338 
237     0.015881 
238     0.019397 
239     0.020439 
240     0.017619 
241     0.018786 
242     0.022476 
243     0.021875 
244     0.020100 
245     0.022851 
246     0.025390 
247     0.024002 
248     0.022844 
249     0.024481 
250     0.021724 
251     0.020649 
252     0.016837 
253     0.017166 
254     0.016805 
255     0.013436 
256     0.010013 
257     0.008682 
258     0.010863 
259     0.010675 
260     0.006971 
261     0.006717 
262     0.009567 
263     0.008956 
264     0.005601 
265     0.007022 
266     0.009975 
267     0.008959 
268     0.006212 
269     0.008927 
270     0.011415 
271     0.009530 
272     0.007871 
273     0.011552 
274     0.012630 
275     0.009922 
276     0.009496 
277     0.012853 
278     0.012867 
279     0.010905 
280     0.012266 
281     0.011736 
282     0.011810 
283     0.011468 
284     0.013807 
285     0.014568 
286     0.013272 
287     0.015109 
288     0.017217 
289     0.019931 
290     0.023490 
291     0.024930 
292     0.022543 
293     0.019466 
294     0.018826 
295     0.017835 
296     0.016134 
297     0.016062 
298     0.016658 
299     0.016507 
300     0.015864 
301     0.016312 
302     0.016591 
303     0.020359 
304     0.019863 
305     0.017928 
306     0.019709 
307     0.023112 
308     0.021896 
309     0.020252 
310     0.022928 
311     0.023844 
312     0.022729 
313     0.022552 
314     0.026237 
315     0.026503 
316     0.025669 
317     0.028532 
318     0.031002 
319     0.030617 
320     0.030114 
321     0.033315 
322     0.035257 
323     0.033905 
324     0.035007 
325     0.038302 
326     0.038832 
327     0.039115 
328     0.040670 
329     0.038161 
330     0.035946 
331     0.032287 
332     0.032749 
333     0.035056 
334     0.032835 
335     0.031445 
336     0.028662 
337     0.026701 
338     0.024369 
339     0.021427 
340     0.020756 
341     0.017774 
342     0.014141 
343     0.013872 
344     0.016135 
345     0.013119 
346     0.012826 
347     0.014119 
348     0.016741 
349     0.018665 
350     0.018598 
351     0.019463 
352     0.022328 
353     0.023699 
354     0.023347 
355     0.025119 
356     0.027733 
357     0.028096 
358     0.027446 
359     0.025709 
360     0.022346 
361     0.022144 
362     0.021939 
363     0.020088 
364     0.020240 
365     0.019064 
366     0.016118 
367     0.017592 
368     0.017103 
369     0.018055 
370     0.020764 
371     0.022540 
372     0.022603 
373     0.023863 
374     0.026433 
375     0.027536 
376     0.027653 
377     0.029575 
378     0.031967 
379     0.032156 
380     0.032508 
381     0.034698 
382     0.036458 
383     0.036516 
384     0.036260 
385     0.036910 
386     0.035887 
387     0.035771 
388     0.039229 
389     0.033832 
390     0.027125 
391     0.020722 
392     0.015456 
393     0.012135 
394     0.015645 
395     0.018214 
396     0.020863 
397     0.018790 
398     0.014691 
399     0.016683 
400     0.014226 
401     0.014817 
402     0.015358 
403     0.009794 
404     0.009882 
405     0.020730 
406     0.020932 
407     0.016139 
408     0.014833 
409     0.008867 
410     0.008400 
411     0.010262 
412     0.012060 
413     0.008833 
414     0.012113 
415     0.011703 
416     0.011672 
417     0.017767 
418     0.022666 
419     0.024749 
420     0.019979 
421     0.019221 
422     0.014916 
423     0.015813 
424     0.011015 
425     0.010918 
426     0.007049 
427     0.007466 
428     0.007421 
429     0.004861 
430     0.003996 
431     0.005720 
432     0.010476 
433     0.011973 
434     0.018268 
435     0.019728 
436     0.017105 
437     0.020440 
438     0.019259 
439     0.021904 
440     0.021938 
441     0.022021 
442     0.021862 
443     0.020870 
444     0.017951 
445     0.021849 
446     0.019803 
447     0.025154 
448     0.022861 
449     0.029164 
450     0.030820 
451     0.027169 
452     0.029194 
453     0.029629 
454     0.029380 
455     0.030194 
456     0.028402 
457     0.027947 
458     0.026262 
459     0.024175 
460     0.026353 
461     0.026743 
462     0.021810 
463     0.021899 
464     0.017422 
465     0.015794 
466     0.012342 
467     0.008976 
468     0.012118 
469     0.017050 
470     0.015648 
471     0.015572 
472     0.014363 
473     0.015540 
474     0.015189 
475     0.018796 
476     0.019718 
477     0.024465 
478     0.025978 
479     0.030417 
480     0.030530 
481     0.033446 
482     0.029918 
483     0.032262 
484     0.028415 
485     0.028908 
486     0.024798 
487     0.024104 
488     0.020886 
489     0.022785 
490     0.021880 
491     0.024709 
492     0.024679 
493     0.027551 
494     0.030016 
495     0.029674 
496     0.028693 
497     0.029731 
498     0.030606 
499     0.032881 
500     0.034170 
501     0.033614 
502     0.035732 
503     0.032370 
504     0.034338 
505     0.034331 
506     0.030141 
507     0.031054 
508     0.036174 
509     0.036610 
510     0.038628 
511     0.034889 
512     0.030288 
513     0.033676 
514     0.035022 
515     0.029133 
516     0.028638 
517     0.034208 
518     0.032230 
519     0.027414 
520     0.031395 
521     0.036413 
522     0.034196 
523     0.030002 
524     0.034151 
525     0.036211 
526     0.029647 
527     0.027282 
528     0.034910 
529     0.031554 
530     0.022726 
531     0.030771 
532     0.036977 
533     0.025820 
534     0.028504 
535     0.041206 
536     0.037050 
537     0.028903 
538     0.041902 
539     0.049091 
540     0.040817 
541     0.042998 
542     0.056921 
543     0.056200 
544     0.047172 
545     0.055802 
546     0.067701 
547     0.063132 
548     0.059702 
549     0.073320 
550     0.078332 
551     0.069571 
552     0.075372 
553     0.088301 
554     0.088728 
555     0.101916 
556     0.107282 
557     0.106290 
558     0.117059 
559     0.114829 
560     0.119943 
561     0.111361 
562     0.100124 
563     0.103511 
564     0.104552 
565     0.092199 
566     0.085070 
567     0.091621 
568     0.086614 
569     0.073315 
570     0.074385 
571     0.080175 
572     0.068695 
573     0.060298 
574     0.069391 
575     0.067505 
576     0.053491 
577     0.056343 
578     0.061110 
579     0.055003 
580     0.061082 
581     0.055209 
582     0.068267 
583     0.073406 
584     0.062819 
585     0.065980 
586     0.079772 
587     0.077829 
588     0.071636 
589     0.083818 
590     0.091806 
591     0.084899 
592     0.087944 
593     0.101615 
594     0.103397 
595     0.096152 
596     0.106793 
597     0.112071 
598     0.098631 
599     0.097054 
600     0.109933 
601     0.105238 
602     0.093825 
603     0.103099 
604     0.106460 
605     0.091346 
606     0.024300 
607     0.022719 
608     0.022111 
609     0.024256 
610     0.024703 
611     0.022901 
612     0.023245 
613     0.025490 
614     0.025069 
615     0.023769 
616     0.025850 
617     0.027442 
618     0.026156 
619     0.026671 
620     0.029056 
621     0.028945 
622     0.028288 
623     0.030021 
624     0.031361 
625     0.030846 
626     0.031025 
627     0.032746 
628     0.033023 
629     0.032789 
630     0.033636 
631     0.034349 
632     0.033798 
633     0.033881 
634     0.034863 
635     0.033766 
636     0.033390 
637     0.033902 
638     0.033630 
639     0.031586 
640     0.031447 
641     0.030619 
642     0.028211 
643     0.027526 
644     0.028038 
645     0.025506 
646     0.023138 
647     0.024324 
648     0.024214 
649     0.020544 
650     0.019658 
651     0.021929 
652     0.019946 
653     0.016176 
654     0.015994 
655     0.014468 
656     0.012088 
657     0.009044 
658     0.010845 
659     0.011729 
660     0.007942 
661     0.007173 
662     0.010857 
663     0.009807 
664     0.009111 
665     0.012665 
666     0.014428 
667     0.012859 
668     0.015190 
669     0.018281 
670     0.018535 
671     0.017810 
672     0.021381 
673     0.022971 
674     0.021130 
675     0.023622 
676     0.026832 
677     0.030306 
678     0.032578 
679     0.034309 
680     0.038084 
681     0.038412 
682     0.037214 
683     0.035701 
684     0.033967 
685     0.034120 
686     0.030795 
687     0.028606 
688     0.030218 
689     0.029529 
690     0.025709 
691     0.025573 
692     0.027751 
693     0.024928 
694     0.021986 
695     0.024056 
696     0.024813 
697     0.020897 
698     0.020312 
699     0.023426 
700     0.021934 
701     0.018828 
702     0.021136 
703     0.023989 
704     0.021682 
705     0.020955 
706     0.018444 
707     0.018742 
708     0.016731 
709     0.015198 
710     0.015505 
711     0.016707 
712     0.015901 
713     0.016000 
714     0.015571 
715     0.013404 
716     0.010328 
717     0.011701 
718     0.009044 
719     0.010991 
720     0.011388 
721     0.008481 
722     0.004866 
723     0.004166 
724     0.004206 
725     0.005544 
726     0.005698 
727     0.009181 
728     0.010550 
729     0.012939 
730     0.014767 
731     0.017128 
732     0.015231 
733     0.013502 
734     0.009680 
735     0.008802 
736     0.011573 
737     0.011006 
738     0.012487 
739     0.013132 
740     0.012587 
741     0.011307 
742     0.011269 
743     0.012129 
744     0.010992 
745     0.012372 
746     0.014390 
747     0.015845 
748     0.019207 
749     0.018931 
750     0.015070 
751     0.012025 
752     0.009697 
753     0.007373 
754     0.007335 
755     0.009252 
756     0.007474 
757     0.008493 
758     0.008231 
759     0.007637 
760     0.009030 
761     0.007188 
762     0.008868 
763     0.011112 
764     0.009771 
765     0.017637 
766     0.019714 
767     0.020814 
768     0.019938 
769     0.020536 
770     0.022490 
771     0.022881 
772     0.022481 
773     0.023730 
774     0.025389 
775     0.025312 
776     0.025445 
777     0.026971 
778     0.027895 
779     0.027776 
780     0.028425 
781     0.029732 
782     0.030186 
783     0.030178 
784     0.031176 
785     0.031675 
786     0.031755 
787     0.031917 
788     0.032493 
789     0.032303 
790     0.032278 
791     0.032631 
792     0.031869 
793     0.031680 
794     0.031947 
795     0.031275 
796     0.029643 
797     0.030120 
798     0.029862 
799     0.027366 
800     0.026370 
801     0.027238 
802     0.026299 
803     0.023005 
804     0.022895 
805     0.024521 
806     0.021765 
807     0.019008 
808     0.021681 
809     0.022251 
810     0.018235 
811     0.018133 
812     0.021806 
813     0.020432 
814     0.017180 
815     0.019631 
816     0.022580 
817     0.019853 
818     0.018955 
819     0.023019 
820     0.024020 
821     0.021113 
822     0.022779 
823     0.025933 
824     0.023336 
825     0.021623 
826     0.025382 
827     0.026688 
828     0.024295 
829     0.026532 
830     0.029940 
831     0.028662 
832     0.028235 
833     0.031833 
834     0.034012 
835     0.034418 
836     0.036494 
837     0.039745 
838     0.039299 
839     0.038448 
840     0.041216 
841     0.039251 
842     0.035693 
843     0.033310 
844     0.030069 
845     0.026898 
846     0.026734 
847     0.023991 
848     0.021035 
849     0.022381 
850     0.021915 
851     0.018435 
852     0.017355 
853     0.018790 
854     0.016686 
855     0.013287 
856     0.014351 
857     0.014465 
858     0.010704 
859     0.009758 
860     0.012217 
861     0.009964 
862     0.006546 
863     0.009046 
864     0.008972 
865     0.012902 
866     0.014768 
867     0.018747 
868     0.021673 
869     0.025018 
870     0.025462 
871     0.029267 
872     0.029953 
873     0.026909 
874     0.028284 
875     0.030016 
876     0.027248 
877     0.029312 
878     0.025501 
879     0.023911 
880     0.027782 
881     0.031584 
882     0.035233 
883     0.038322 
884     0.041118 
885     0.041848 
886     0.042890 
887     0.045029 
888     0.044064 
889     0.041532 
890     0.039076 
891     0.035503 
892     0.035883 
893     0.038114 
894     0.035445 
895     0.032661 
896     0.032079 
897     0.034930 
898     0.034573 
899     0.032099 
900     0.034188 
901     0.030695 
902     0.026234 
903     0.024205 
904     0.020313 
905     0.017291 
906     0.014346 
907     0.010887 
908     0.012522 
909     0.016527 
910     0.020052 
911     0.021761 
912     0.024762 
913     0.026233 
914     0.027473 
915     0.031944 
916     0.033462 
917     0.037014 
918     0.036874 
919     0.039224 
920     0.042577 
921     0.044391 
922     0.048067 
923     0.051933 
