  1     0.043081 
  2     0.027945 
  3     0.020191 
  4     0.012664 
  5     0.010649 
  6     0.011302 
  7     0.009816 
  8     0.012551 
  9     0.009490 
 10     0.012937 
 11     0.011906 
 12     0.012927 
 13     0.014710 
 14     0.013603 
 15     0.015098 
 16     0.014680 
 17     0.014421 
 18     0.012752 
 19     0.024385 
 20     0.064261 
 21     0.184574 
 22     0.072727 
 23     0.080258 
 24     0.040639 
 25     0.029748 
 26     0.025506 
 27     0.028664 
 28     0.038259 
 29     0.033694 
 30     0.041395 
 31     0.017344 
 32     0.021313 
 33     0.023097 
 34     0.027995 
 35     0.021062 
 36     0.019242 
 37     0.015806 
 38     0.011177 
 39     0.010824 
 40     0.011701 
 41     0.012655 
 42     0.021275 
 43     0.025991 
 44     0.035975 
 45     0.046968 
 46     0.041798 
 47     0.033501 
 48     0.028917 
 49     0.020245 
 50     0.018525 
 51     0.018474 
 52     0.012362 
 53     0.004767 
 54     0.010085 
 55     0.004816 
 56     0.005549 
 57     0.007781 
 58     0.005291 
 59     0.006181 
 60     0.009417 
 61     0.013508 
 62     0.009647 
 63     0.011716 
 64     0.012735 
 65     0.009610 
 66     0.009207 
 67     0.010570 
 68     0.012952 
 69     0.009418 
 70     0.010746 
 71     0.020236 
 72     0.023085 
 73     0.015774 
 74     0.024413 
 75     0.029905 
 76     0.027641 
 77     0.009008 
 78     0.021067 
 79     0.036124 
 80     0.049572 
 81     0.041750 
 82     0.033759 
 83     0.038687 
 84     0.046086 
 85     0.036562 
 86     0.040921 
 87     0.039044 
 88     0.035798 
 89     0.016249 
 90     0.015049 
 91     0.010978 
 92     0.010903 
 93     0.016794 
 94     0.008128 
 95     0.023994 
 96     0.025796 
 97     0.119202 
 98     0.110629 
 99     0.037400 
100     0.034191 
101     0.016316 
102     0.015276 
103     0.011281 
104     0.010858 
105     0.014345 
106     0.023672 
107     0.024056 
108     0.018184 
109     0.009670 
110     0.012580 
111     0.013328 
112     0.011868 
113     0.011646 
114     0.010413 
115     0.004955 
116     0.001581 
117     0.006474 
118     0.011515 
119     0.011691 
120     0.007701 
121     0.014982 
122     0.022185 
123     0.016518 
124     0.016184 
125     0.031717 
126     0.028933 
127     0.021681 
128     0.031424 
129     0.044609 
130     0.030570 
131     0.030821 
132     0.046982 
133     0.058614 
134     0.034882 
135     0.024299 
136     0.024273 
137     0.016396 
138     0.012527 
139     0.014052 
140     0.010630 
141     0.013000 
142     0.015280 
143     0.021359 
144     0.020548 
145     0.026539 
146     0.021476 
147     0.027450 
148     0.024307 
149     0.023183 
150     0.020520 
151     0.019773 
152     0.021987 
153     0.019248 
154     0.013006 
155     0.020216 
156     0.019739 
157     0.012698 
158     0.013394 
159     0.020952 
160     0.019594 
161     0.014279 
162     0.021775 
163     0.017233 
164     0.021081 
165     0.017753 
166     0.023128 
167     0.025091 
168     0.015159 
169     0.016480 
170     0.019977 
171     0.018058 
172     0.018519 
173     0.020630 
174     0.019661 
175     0.019317 
176     0.021228 
177     0.023196 
178     0.021434 
179     0.025227 
180     0.023531 
181     0.024183 
182     0.026270 
183     0.018463 
184     0.016949 
185     0.014487 
186     0.010700 
187     0.011464 
188     0.012437 
189     0.012761 
190     0.011697 
191     0.012232 
192     0.013612 
193     0.012553 
194     0.012378 
195     0.013503 
196     0.012661 
197     0.011097 
198     0.011165 
199     0.011938 
200     0.012421 
201     0.012390 
202     0.009433 
203     0.012939 
204     0.013182 
205     0.016519 
206     0.014735 
207     0.013445 
208     0.019567 
209     0.009388 
210     0.046158 
211     0.095994 
212     0.085345 
213     0.007429 
214     0.033006 
215     0.019187 
216     0.022251 
217     0.020532 
218     0.019269 
219     0.023838 
220     0.020714 
221     0.016686 
222     0.022166 
223     0.018324 
224     0.014533 
225     0.014019 
226     0.009742 
227     0.009568 
228     0.005636 
229     0.014484 
230     0.020684 
231     0.023112 
232     0.020813 
233     0.022352 
234     0.035315 
235     0.038283 
236     0.028461 
237     0.036461 
238     0.045034 
239     0.043371 
240     0.040420 
241     0.047774 
242     0.051770 
243     0.050084 
244     0.047682 
245     0.052862 
246     0.057886 
247     0.056186 
248     0.051753 
249     0.053381 
250     0.043173 
251     0.049723 
252     0.027499 
253     0.036980 
254     0.038824 
255     0.015146 
256     0.014144 
257     0.008015 
258     0.015990 
259     0.022735 
260     0.017830 
261     0.019991 
262     0.023528 
263     0.026080 
264     0.032224 
265     0.025138 
266     0.021478 
267     0.020614 
268     0.027467 
269     0.021005 
270     0.017044 
271     0.020459 
272     0.029675 
273     0.026788 
274     0.032219 
275     0.043110 
276     0.045709 
277     0.040033 
278     0.025303 
279     0.021110 
280     0.025360 
281     0.028315 
282     0.026107 
283     0.014722 
284     0.010921 
285     0.010917 
286     0.009588 
287     0.008737 
288     0.010429 
289     0.015290 
290     0.047097 
291     0.005389 
292     0.020099 
293     0.017293 
294     0.023744 
295     0.016556 
296     0.026286 
297     0.038878 
298     0.042016 
299     0.030506 
300     0.025783 
301     0.028291 
302     0.037113 
303     0.050917 
304     0.038579 
305     0.031665 
306     0.036610 
307     0.049422 
308     0.034316 
309     0.028289 
310     0.034762 
311     0.024590 
312     0.015164 
313     0.020550 
314     0.021119 
315     0.013586 
316     0.014644 
317     0.021886 
318     0.025389 
319     0.023298 
320     0.019528 
321     0.036481 
322     0.033786 
323     0.021904 
324     0.024144 
325     0.034621 
326     0.031504 
327     0.025266 
328     0.029683 
329     0.024265 
330     0.029236 
331     0.029131 
332     0.029949 
333     0.022338 
334     0.015886 
335     0.014562 
336     0.005364 
337     0.011667 
338     0.013312 
339     0.013299 
340     0.015660 
341     0.012972 
342     0.016913 
343     0.015586 
344     0.016908 
345     0.016521 
346     0.020187 
347     0.020582 
348     0.026645 
349     0.016732 
350     0.013280 
351     0.010960 
352     0.016289 
353     0.016041 
354     0.007811 
355     0.014752 
356     0.018046 
357     0.016793 
358     0.016539 
359     0.009462 
360     0.004443 
361     0.011849 
362     0.011464 
363     0.021482 
364     0.026722 
365     0.024061 
366     0.022597 
367     0.018975 
368     0.019530 
369     0.021581 
370     0.021373 
371     0.017583 
372     0.015434 
373     0.016397 
374     0.019812 
375     0.015062 
376     0.014651 
377     0.018614 
378     0.020906 
379     0.017269 
380     0.017746 
381     0.026078 
382     0.026060 
383     0.027877 
384     0.030179 
385     0.052479 
386     0.028892 
387     0.021080 
388     0.018761 
389     0.005549 
390     0.014490 
391     0.019958 
392     0.026710 
393     0.020010 
394     0.021255 
395     0.014239 
396     0.055030 
397     0.027353 
398     0.013610 
399     0.010388 
400     0.008975 
401     0.008374 
402     0.005389 
403     0.003941 
404     0.006142 
405     0.003531 
406     0.002932 
407     0.007979 
408     0.009507 
409     0.008886 
410     0.011347 
411     0.009920 
412     0.010422 
413     0.012115 
414     0.013392 
415     0.017277 
416     0.017615 
417     0.016223 
418     0.015753 
419     0.020580 
420     0.023375 
421     0.025466 
422     0.023925 
423     0.025465 
424     0.026255 
425     0.023046 
426     0.030007 
427     0.032018 
428     0.023995 
429     0.028545 
430     0.030888 
431     0.029796 
432     0.022325 
433     0.010109 
434     0.004301 
435     0.008943 
436     0.015925 
437     0.015238 
438     0.011970 
439     0.016412 
440     0.015663 
441     0.010476 
442     0.013809 
443     0.016005 
444     0.015079 
445     0.014410 
446     0.010921 
447     0.010032 
448     0.009144 
449     0.009088 
450     0.013189 
451     0.011841 
452     0.014675 
453     0.012166 
454     0.013788 
455     0.011419 
456     0.016819 
457     0.012659 
458     0.014240 
459     0.013260 
460     0.011476 
461     0.012324 
462     0.005889 
463     0.018633 
464     0.023124 
465     0.031977 
466     0.039963 
467     0.036354 
468     0.039930 
469     0.035782 
470     0.020158 
471     0.020593 
472     0.018385 
473     0.018016 
474     0.023225 
475     0.022028 
476     0.020136 
477     0.026197 
478     0.027760 
479     0.023142 
480     0.016413 
481     0.009235 
482     0.011265 
483     0.018496 
484     0.027020 
485     0.029303 
486     0.027120 
487     0.024491 
488     0.020800 
489     0.012550 
490     0.004589 
491     0.010374 
492     0.018506 
493     0.015368 
494     0.011079 
495     0.010471 
496     0.013767 
497     0.018663 
498     0.023792 
499     0.026111 
500     0.023723 
501     0.011982 
502     0.007765 
503     0.003410 
504     0.010958 
505     0.011216 
506     0.013077 
507     0.026894 
508     0.020436 
509     0.041886 
510     0.051462 
511     0.026763 
512     0.022657 
513     0.043056 
514     0.043750 
515     0.020443 
516     0.029878 
517     0.041576 
518     0.030155 
519     0.023257 
520     0.039136 
521     0.041647 
522     0.029954 
523     0.020727 
524     0.017798 
525     0.027903 
526     0.016145 
527     0.012354 
528     0.018780 
529     0.009660 
530     0.010100 
531     0.011159 
532     0.004707 
533     0.002734 
534     0.004921 
535     0.003468 
536     0.004167 
537     0.004564 
538     0.006200 
539     0.006638 
540     0.010080 
541     0.012542 
542     0.008822 
543     0.009455 
544     0.010085 
545     0.011571 
546     0.008715 
547     0.005958 
548     0.007441 
549     0.009794 
550     0.008471 
551     0.009220 
552     0.009681 
553     0.008941 
554     0.009415 
555     0.010260 
556     0.008720 
557     0.009952 
558     0.011473 
559     0.009595 
560     0.011205 
561     0.011064 
562     0.009279 
563     0.007772 
564     0.008780 
565     0.009238 
566     0.007874 
567     0.005934 
568     0.007019 
569     0.008880 
570     0.008787 
571     0.007016 
572     0.008361 
573     0.010759 
574     0.010462 
575     0.009386 
576     0.009282 
577     0.012074 
578     0.011042 
579     0.008379 
580     0.007371 
581     0.002945 
582     0.006359 
583     0.006806 
584     0.006758 
585     0.006223 
586     0.005426 
587     0.006403 
588     0.008417 
589     0.008434 
590     0.006826 
591     0.009195 
592     0.011356 
593     0.010613 
594     0.010516 
595     0.012315 
596     0.016328 
597     0.013766 
598     0.011650 
599     0.012367 
600     0.009644 
601     0.007290 
602     0.007703 
603     0.015695 
604     0.066424 
605     0.011182 
606     0.025015 
607     0.011665 
608     0.016375 
609     0.007152 
610     0.004008 
611     0.011073 
612     0.013852 
613     0.016862 
614     0.014161 
615     0.010646 
616     0.011167 
617     0.013354 
618     0.009746 
619     0.011205 
620     0.011604 
621     0.015239 
622     0.012583 
623     0.012758 
624     0.009991 
625     0.011928 
626     0.006630 
627     0.005443 
628     0.006730 
629     0.007962 
630     0.015407 
631     0.015036 
632     0.015607 
633     0.015436 
634     0.018657 
635     0.012997 
636     0.011031 
637     0.012190 
638     0.010369 
639     0.008324 
640     0.018203 
641     0.018666 
642     0.021700 
643     0.027321 
644     0.031484 
645     0.032025 
646     0.026940 
647     0.027379 
648     0.029754 
649     0.023834 
650     0.019547 
651     0.017166 
652     0.019040 
653     0.021052 
654     0.022305 
655     0.021607 
656     0.024741 
657     0.019810 
658     0.020363 
659     0.030336 
660     0.028662 
661     0.023217 
662     0.030085 
663     0.030380 
664     0.044759 
665     0.043324 
666     0.037502 
667     0.030047 
668     0.055877 
669     0.045503 
670     0.053339 
671     0.065606 
672     0.056216 
673     0.050602 
674     0.060060 
675     0.060551 
676     0.034885 
677     0.035748 
678     0.062873 
679     0.113797 
680     0.085573 
681     0.106185 
682     0.067816 
683     0.025894 
684     0.049531 
685     0.054705 
686     0.044841 
687     0.045544 
688     0.041197 
689     0.036203 
690     0.040165 
691     0.035806 
692     0.026048 
693     0.029706 
694     0.032726 
695     0.026047 
696     0.024637 
697     0.027592 
698     0.026249 
699     0.024801 
700     0.029296 
701     0.026629 
702     0.024738 
703     0.027758 
704     0.024544 
705     0.024123 
706     0.024218 
707     0.028285 
708     0.031159 
709     0.015471 
710     0.018760 
711     0.081215 
712     0.075676 
713     0.076135 
714     0.079659 
715     0.077397 
716     0.040293 
717     0.021962 
718     0.010090 
719     0.013835 
720     0.013317 
721     0.007103 
722     0.007003 
723     0.006981 
724     0.008524 
725     0.010298 
726     0.017989 
727     0.029095 
728     0.060219 
729     0.045535 
730     0.063298 
731     0.101118 
732     0.079365 
733     0.078074 
734     0.054678 
735     0.054670 
736     0.057155 
737     0.037409 
738     0.044211 
739     0.044997 
740     0.025378 
741     0.024060 
742     0.025453 
743     0.015993 
744     0.014954 
745     0.020097 
746     0.021241 
747     0.022166 
748     0.027316 
749     0.025037 
750     0.018655 
751     0.017841 
752     0.011628 
753     0.019477 
754     0.013549 
755     0.014791 
756     0.013221 
757     0.008398 
758     0.011053 
759     0.007742 
760     0.013227 
761     0.024789 
762     0.026947 
763     0.043803 
764     0.122045 
765     0.034590 
766     0.014332 
767     0.003930 
768     0.006163 
769     0.013610 
770     0.012785 
771     0.013011 
772     0.017328 
773     0.011784 
774     0.013598 
775     0.011080 
776     0.011389 
777     0.012776 
778     0.017217 
779     0.016970 
780     0.015673 
781     0.015536 
782     0.017798 
783     0.013703 
784     0.011693 
785     0.005898 
786     0.006658 
787     0.009162 
788     0.011447 
789     0.019493 
790     0.015925 
791     0.017001 
792     0.017729 
793     0.018490 
794     0.013778 
795     0.008509 
796     0.006526 
797     0.012859 
798     0.013881 
799     0.016530 
800     0.018687 
801     0.019174 
802     0.023985 
803     0.019565 
804     0.020245 
805     0.024609 
806     0.019356 
807     0.020137 
808     0.029743 
809     0.024493 
810     0.021776 
811     0.024880 
812     0.026721 
813     0.018745 
814     0.013335 
815     0.019346 
816     0.015661 
817     0.016622 
818     0.018483 
819     0.019833 
820     0.025215 
821     0.031808 
822     0.037214 
823     0.049328 
824     0.051678 
825     0.044011 
826     0.056817 
827     0.057689 
828     0.063561 
829     0.080982 
830     0.065991 
831     0.056929 
832     0.074688 
833     0.059228 
834     0.049487 
835     0.067060 
836     0.065868 
837     0.071209 
838     0.037496 
839     0.065531 
840     0.090176 
841     0.114489 
842     0.056034 
843     0.054423 
844     0.053440 
845     0.056315 
846     0.079901 
847     0.125499 
848     0.088818 
849     0.071204 
850     0.094079 
851     0.096840 
852     0.070578 
853     0.070424 
854     0.088722 
855     0.059354 
856     0.045524 
857     0.045337 
858     0.020654 
859     0.023887 
860     0.032464 
861     0.020271 
862     0.014272 
863     0.032364 
864     0.048396 
865     0.039018 
866     0.030005 
867     0.023514 
868     0.013288 
869     0.028525 
870     0.044555 
871     0.046532 
872     0.043995 
873     0.056708 
874     0.061391 
875     0.039355 
876     0.035725 
877     0.038756 
878     0.023450 
879     0.017495 
880     0.033705 
881     0.040115 
882     0.046617 
883     0.056480 
884     0.069658 
885     0.054143 
886     0.034801 
887     0.014010 
888     0.025307 
889     0.031112 
890     0.014270 
891     0.029016 
892     0.044135 
893     0.052416 
894     0.057352 
895     0.052100 
896     0.047068 
897     0.038777 
898     0.044125 
899     0.041587 
900     0.047373 
901     0.027847 
902     0.026827 
903     0.024417 
904     0.022570 
905     0.035971 
906     0.089008 
907     0.127430 
908     0.139971 
909     0.140307 
910     0.045581 
911     0.056290 
912     0.035709 
913     0.024679 
914     0.029588 
915     0.038369 
916     0.041653 
917     0.047664 
918     0.046297 
919     0.035189 
920     0.046310 
921     0.062276 
922     0.065491 
923     0.111022 
