  1     0.013633 
  2     0.018527 
  3     0.015857 
  4     0.013465 
  5     0.015089 
  6     0.014751 
  7     0.017490 
  8     0.017988 
  9     0.018429 
 10     0.016163 
 11     0.017465 
 12     0.022613 
 13     0.022561 
 14     0.020553 
 15     0.021393 
 16     0.020324 
 17     0.018499 
 18     0.018068 
 19     0.015776 
 20     0.030351 
 21     0.033013 
 22     0.015784 
 23     0.011391 
 24     0.014185 
 25     0.023926 
 26     0.022239 
 27     0.021920 
 28     0.025214 
 29     0.023044 
 30     0.018149 
 31     0.010600 
 32     0.016975 
 33     0.020515 
 34     0.023896 
 35     0.023100 
 36     0.025087 
 37     0.024830 
 38     0.021842 
 39     0.019697 
 40     0.013993 
 41     0.008147 
 42     0.020789 
 43     0.027489 
 44     0.041896 
 45     0.051386 
 46     0.049399 
 47     0.038871 
 48     0.028885 
 49     0.021920 
 50     0.023464 
 51     0.025686 
 52     0.023849 
 53     0.012831 
 54     0.013482 
 55     0.016328 
 56     0.013494 
 57     0.007718 
 58     0.015304 
 59     0.028931 
 60     0.027166 
 61     0.023233 
 62     0.029631 
 63     0.032300 
 64     0.021036 
 65     0.007370 
 66     0.006383 
 67     0.012885 
 68     0.020288 
 69     0.015750 
 70     0.015572 
 71     0.017001 
 72     0.014512 
 73     0.013705 
 74     0.011948 
 75     0.014138 
 76     0.015598 
 77     0.023242 
 78     0.030845 
 79     0.032219 
 80     0.043613 
 81     0.041225 
 82     0.031318 
 83     0.044522 
 84     0.055291 
 85     0.044957 
 86     0.043854 
 87     0.062216 
 88     0.059652 
 89     0.034632 
 90     0.040020 
 91     0.025539 
 92     0.033384 
 93     0.029718 
 94     0.031552 
 95     0.028217 
 96     0.021403 
 97     0.035401 
 98     0.022949 
 99     0.017341 
100     0.009097 
101     0.013696 
102     0.012629 
103     0.018547 
104     0.031007 
105     0.031928 
106     0.047104 
107     0.056743 
108     0.048442 
109     0.030196 
110     0.018593 
111     0.010338 
112     0.009791 
113     0.016480 
114     0.016179 
115     0.014157 
116     0.017750 
117     0.019736 
118     0.019707 
119     0.021254 
120     0.018987 
121     0.019989 
122     0.022728 
123     0.020896 
124     0.019029 
125     0.021659 
126     0.021416 
127     0.016790 
128     0.015974 
129     0.019927 
130     0.019546 
131     0.002681 
132     0.011122 
133     0.015567 
134     0.015864 
135     0.014325 
136     0.014437 
137     0.013487 
138     0.013914 
139     0.013631 
140     0.015094 
141     0.014955 
142     0.016044 
143     0.015226 
144     0.018757 
145     0.019001 
146     0.018671 
147     0.021015 
148     0.019313 
149     0.018293 
150     0.016624 
151     0.018079 
152     0.017541 
153     0.015689 
154     0.016412 
155     0.016366 
156     0.016696 
157     0.017962 
158     0.016620 
159     0.016438 
160     0.017243 
161     0.018545 
162     0.016445 
163     0.015371 
164     0.014525 
165     0.014422 
166     0.013256 
167     0.012487 
168     0.011446 
169     0.009961 
170     0.013935 
171     0.016512 
172     0.019013 
173     0.014007 
174     0.013611 
175     0.018187 
176     0.016816 
177     0.012882 
178     0.015917 
179     0.018141 
180     0.017353 
181     0.018774 
182     0.011347 
183     0.020332 
184     0.031118 
185     0.038117 
186     0.038879 
187     0.034597 
188     0.030987 
189     0.030797 
190     0.027230 
191     0.029507 
192     0.026550 
193     0.028777 
194     0.028435 
195     0.029519 
196     0.027614 
197     0.029458 
198     0.030679 
199     0.029171 
200     0.030839 
201     0.031983 
202     0.031649 
203     0.028958 
204     0.027938 
205     0.022565 
206     0.023215 
207     0.023921 
208     0.027210 
209     0.029874 
210     0.039258 
211     0.038458 
212     0.038486 
213     0.025478 
214     0.015705 
215     0.016594 
216     0.013761 
217     0.014346 
218     0.018614 
219     0.025575 
220     0.030207 
221     0.032014 
222     0.037642 
223     0.036757 
224     0.036492 
225     0.037442 
226     0.034824 
227     0.031080 
228     0.029414 
229     0.025111 
230     0.026527 
231     0.026100 
232     0.022993 
233     0.017505 
234     0.018168 
235     0.011523 
236     0.016963 
237     0.019490 
238     0.013125 
239     0.015733 
240     0.020541 
241     0.015094 
242     0.016486 
243     0.023562 
244     0.021434 
245     0.019353 
246     0.025741 
247     0.025821 
248     0.023965 
249     0.021892 
250     0.014124 
251     0.010168 
252     0.007458 
253     0.007240 
254     0.009758 
255     0.009130 
256     0.013502 
257     0.011965 
258     0.007915 
259     0.011934 
260     0.016755 
261     0.012945 
262     0.015782 
263     0.022375 
264     0.021963 
265     0.020105 
266     0.019894 
267     0.021418 
268     0.028375 
269     0.024222 
270     0.020759 
271     0.028981 
272     0.027283 
273     0.020357 
274     0.018151 
275     0.019647 
276     0.022956 
277     0.019884 
278     0.023856 
279     0.028058 
280     0.029185 
281     0.025110 
282     0.025409 
283     0.020480 
284     0.016287 
285     0.010916 
286     0.009285 
287     0.008035 
288     0.009322 
289     0.035162 
290     0.062538 
291     0.070652 
292     0.043538 
293     0.019522 
294     0.012694 
295     0.018285 
296     0.020497 
297     0.025320 
298     0.026888 
299     0.026382 
300     0.022287 
301     0.020795 
302     0.014615 
303     0.013018 
304     0.016714 
305     0.014787 
306     0.010567 
307     0.007662 
308     0.011715 
309     0.015396 
310     0.011835 
311     0.021589 
312     0.028575 
313     0.027906 
314     0.028585 
315     0.035958 
316     0.033680 
317     0.033959 
318     0.044714 
319     0.040987 
320     0.037246 
321     0.043710 
322     0.044382 
323     0.037198 
324     0.039325 
325     0.043081 
326     0.038079 
327     0.035324 
328     0.041815 
329     0.043251 
330     0.047232 
331     0.044763 
332     0.044121 
333     0.043247 
334     0.038541 
335     0.035043 
336     0.027112 
337     0.029724 
338     0.024969 
339     0.025824 
340     0.024934 
341     0.026092 
342     0.027616 
343     0.032008 
344     0.029368 
345     0.027095 
346     0.030563 
347     0.023993 
348     0.030369 
349     0.033885 
350     0.029889 
351     0.032535 
352     0.036256 
353     0.033746 
354     0.033632 
355     0.038456 
356     0.040550 
357     0.037763 
358     0.037283 
359     0.032001 
360     0.028753 
361     0.028859 
362     0.024535 
363     0.022829 
364     0.020277 
365     0.020460 
366     0.023647 
367     0.024016 
368     0.021571 
369     0.020499 
370     0.019099 
371     0.017860 
372     0.017059 
373     0.015553 
374     0.013133 
375     0.012258 
376     0.012906 
377     0.010686 
378     0.007881 
379     0.010500 
380     0.012924 
381     0.013960 
382     0.014386 
383     0.010182 
384     0.015858 
385     0.023722 
386     0.037165 
387     0.033736 
388     0.033257 
389     0.034215 
390     0.028177 
391     0.025540 
392     0.035786 
393     0.032939 
394     0.031820 
395     0.024735 
396     0.016206 
397     0.008665 
398     0.005125 
399     0.004099 
400     0.006255 
401     0.007167 
402     0.004439 
403     0.003787 
404     0.004887 
405     0.003525 
406     0.005346 
407     0.005649 
408     0.005358 
409     0.006004 
410     0.007245 
411     0.002917 
412     0.004672 
413     0.010904 
414     0.012151 
415     0.021483 
416     0.023162 
417     0.023332 
418     0.020534 
419     0.018654 
420     0.015208 
421     0.009993 
422     0.006117 
423     0.005011 
424     0.008511 
425     0.013255 
426     0.014470 
427     0.022939 
428     0.025802 
429     0.031022 
430     0.040063 
431     0.040733 
432     0.036202 
433     0.029966 
434     0.023110 
435     0.020478 
436     0.015879 
437     0.031348 
438     0.009642 
439     0.010211 
440     0.009451 
441     0.005578 
442     0.003966 
443     0.003795 
444     0.004360 
445     0.004014 
446     0.005295 
447     0.006491 
448     0.005819 
449     0.005832 
450     0.005316 
451     0.004029 
452     0.005276 
453     0.005827 
454     0.008052 
455     0.029719 
456     0.031695 
457     0.009137 
458     0.007338 
459     0.009022 
460     0.011796 
461     0.012288 
462     0.016152 
463     0.023138 
464     0.029560 
465     0.035396 
466     0.041479 
467     0.036664 
468     0.034085 
469     0.034461 
470     0.025634 
471     0.021723 
472     0.012921 
473     0.009284 
474     0.005849 
475     0.004214 
476     0.006434 
477     0.006672 
478     0.012634 
479     0.015568 
480     0.020739 
481     0.024478 
482     0.021620 
483     0.018084 
484     0.013236 
485     0.008352 
486     0.011458 
487     0.013280 
488     0.009410 
489     0.009208 
490     0.013550 
491     0.022942 
492     0.025847 
493     0.019790 
494     0.020068 
495     0.013062 
496     0.011815 
497     0.012427 
498     0.016251 
499     0.025792 
500     0.013279 
501     0.016601 
502     0.023028 
503     0.025570 
504     0.031582 
505     0.016436 
506     0.000799 
507     0.011854 
508     0.025355 
509     0.032049 
510     0.029418 
511     0.018823 
512     0.016565 
513     0.019848 
514     0.015623 
515     0.006921 
516     0.009053 
517     0.007876 
518     0.007197 
519     0.003211 
520     0.003160 
521     0.009589 
522     0.011563 
523     0.010203 
524     0.015858 
525     0.015124 
526     0.009942 
527     0.009817 
528     0.010469 
529     0.007838 
530     0.006875 
531     0.006431 
532     0.004195 
533     0.004522 
534     0.004636 
535     0.003075 
536     0.001611 
537     0.001841 
538     0.003037 
539     0.002744 
540     0.002266 
541     0.003004 
542     0.003605 
543     0.002949 
544     0.003796 
545     0.004975 
546     0.004158 
547     0.004216 
548     0.005748 
549     0.004004 
550     0.003097 
551     0.005575 
552     0.004183 
553     0.002018 
554     0.005191 
555     0.007182 
556     0.005163 
557     0.004390 
558     0.006646 
559     0.007373 
560     0.006206 
561     0.003605 
562     0.003525 
563     0.004341 
564     0.001717 
565     0.001278 
566     0.003367 
567     0.002793 
568     0.002782 
569     0.003322 
570     0.004204 
571     0.004947 
572     0.004547 
573     0.005217 
574     0.006864 
575     0.007109 
576     0.006070 
577     0.009591 
578     0.010734 
579     0.012524 
580     0.009242 
581     0.005053 
582     0.009321 
583     0.008571 
584     0.005366 
585     0.005859 
586     0.007534 
587     0.005184 
588     0.004163 
589     0.004869 
590     0.003694 
591     0.002412 
592     0.002894 
593     0.002148 
594     0.001054 
595     0.001971 
596     0.004442 
597     0.004816 
598     0.002139 
599     0.004593 
600     0.007020 
601     0.003820 
602     0.004313 
603     0.007711 
604     0.012005 
605     0.012325 
606     0.033137 
607     0.030880 
608     0.053254 
609     0.052448 
610     0.051254 
611     0.056553 
612     0.078227 
613     0.074193 
614     0.066089 
615     0.075267 
616     0.088259 
617     0.067446 
618     0.060343 
619     0.060003 
620     0.048844 
621     0.034513 
622     0.027096 
623     0.009793 
624     0.022985 
625     0.014453 
626     0.032401 
627     0.048397 
628     0.046368 
629     0.049613 
630     0.065523 
631     0.068806 
632     0.057827 
633     0.055019 
634     0.060045 
635     0.049553 
636     0.039055 
637     0.034799 
638     0.025476 
639     0.020121 
640     0.015742 
641     0.013760 
642     0.010290 
643     0.015461 
644     0.010120 
645     0.016585 
646     0.025762 
647     0.019675 
648     0.015778 
649     0.023627 
650     0.026562 
651     0.018377 
652     0.019461 
653     0.025734 
654     0.027680 
655     0.024671 
656     0.021985 
657     0.023418 
658     0.019002 
659     0.019712 
660     0.019388 
661     0.021370 
662     0.020398 
663     0.022121 
664     0.036986 
665     0.028557 
666     0.021623 
667     0.030235 
668     0.036526 
669     0.021457 
670     0.033793 
671     0.043288 
672     0.036676 
673     0.041345 
674     0.046221 
675     0.074653 
676     0.063309 
677     0.089084 
678     0.109805 
679     0.150428 
680     0.126119 
681     0.173650 
682     0.143624 
683     0.092246 
684     0.091907 
685     0.083888 
686     0.049015 
687     0.033239 
688     0.056240 
689     0.050065 
690     0.020476 
691     0.030541 
692     0.039576 
693     0.017493 
694     0.012965 
695     0.024895 
696     0.009997 
697     0.013405 
698     0.021227 
699     0.013529 
700     0.015832 
701     0.018560 
702     0.015927 
703     0.014087 
704     0.017334 
705     0.018024 
706     0.016305 
707     0.017632 
708     0.016407 
709     0.017854 
710     0.016246 
711     0.019558 
712     0.019503 
713     0.020584 
714     0.010525 
715     0.020678 
716     0.020641 
717     0.020912 
718     0.011102 
719     0.012967 
720     0.018134 
721     0.017413 
722     0.017225 
723     0.019603 
724     0.020899 
725     0.022815 
726     0.032067 
727     0.039605 
728     0.076000 
729     0.075488 
730     0.082396 
731     0.067915 
732     0.041612 
733     0.045452 
734     0.056481 
735     0.045363 
736     0.022955 
737     0.017896 
738     0.024097 
739     0.024385 
740     0.018483 
741     0.016753 
742     0.018578 
743     0.019114 
744     0.018758 
745     0.018318 
746     0.018635 
747     0.018430 
748     0.019739 
749     0.018081 
750     0.013415 
751     0.015479 
752     0.017705 
753     0.018614 
754     0.017635 
755     0.019525 
756     0.018141 
757     0.017766 
758     0.020309 
759     0.026626 
760     0.042709 
761     0.070379 
762     0.091454 
763     0.110448 
764     0.135668 
765     0.140943 
766     0.065989 
767     0.049918 
768     0.066247 
769     0.060669 
770     0.038689 
771     0.037217 
772     0.043673 
773     0.054625 
774     0.046522 
775     0.051259 
776     0.048607 
777     0.051357 
778     0.042554 
779     0.038197 
780     0.025927 
781     0.025419 
782     0.017519 
783     0.009840 
784     0.014796 
785     0.024047 
786     0.025708 
787     0.032323 
788     0.038931 
789     0.037444 
790     0.038666 
791     0.042381 
792     0.035121 
793     0.030241 
794     0.029508 
795     0.025662 
796     0.017789 
797     0.015244 
798     0.015458 
799     0.023090 
800     0.038326 
801     0.037056 
802     0.031232 
803     0.042933 
804     0.057025 
805     0.042175 
806     0.039638 
807     0.048537 
808     0.047376 
809     0.030966 
810     0.032045 
811     0.036215 
812     0.027802 
813     0.020901 
814     0.024072 
815     0.019825 
816     0.020696 
817     0.022393 
818     0.023226 
819     0.025344 
820     0.021806 
821     0.020951 
822     0.028323 
823     0.018652 
824     0.021324 
825     0.035398 
826     0.036637 
827     0.042445 
828     0.045504 
829     0.064031 
830     0.072525 
831     0.053974 
832     0.062106 
833     0.092905 
834     0.091298 
835     0.090438 
836     0.076535 
837     0.080683 
838     0.071351 
839     0.052345 
840     0.038009 
841     0.023808 
842     0.017756 
843     0.055368 
844     0.079535 
845     0.049960 
846     0.049145 
847     0.065955 
848     0.051620 
849     0.038718 
850     0.061886 
851     0.061305 
852     0.043196 
853     0.044207 
854     0.060830 
855     0.045214 
856     0.034618 
857     0.040965 
858     0.027373 
859     0.022132 
860     0.028799 
861     0.023083 
862     0.014921 
863     0.020979 
864     0.033098 
865     0.037417 
866     0.055633 
867     0.068365 
868     0.053742 
869     0.054097 
870     0.055390 
871     0.043576 
872     0.036407 
873     0.044601 
874     0.038337 
875     0.025265 
876     0.033947 
877     0.035571 
878     0.043527 
879     0.043810 
880     0.040182 
881     0.035235 
882     0.025716 
883     0.032837 
884     0.028022 
885     0.021869 
886     0.028513 
887     0.036520 
888     0.022816 
889     0.015631 
890     0.006068 
891     0.016516 
892     0.025446 
893     0.023679 
894     0.018827 
895     0.022221 
896     0.026085 
897     0.025440 
898     0.040128 
899     0.047221 
900     0.047351 
901     0.050551 
902     0.050240 
903     0.049947 
904     0.044849 
905     0.049215 
906     0.037762 
907     0.051281 
908     0.066108 
909     0.046277 
910     0.045011 
911     0.038187 
912     0.043073 
913     0.045588 
914     0.046126 
915     0.042773 
916     0.036923 
917     0.027012 
918     0.012000 
919     0.007237 
920     0.024429 
921     0.040659 
922     0.052765 
923     0.117087 
