  1     0.011633 
  2     0.010183 
  3     0.010229 
  4     0.010899 
  5     0.011022 
  6     0.010452 
  7     0.011510 
  8     0.012301 
  9     0.013250 
 10     0.015374 
 11     0.016918 
 12     0.016082 
 13     0.016137 
 14     0.014166 
 15     0.012999 
 16     0.011310 
 17     0.010472 
 18     0.010912 
 19     0.011319 
 20     0.014246 
 21     0.019337 
 22     0.016406 
 23     0.011587 
 24     0.008771 
 25     0.009803 
 26     0.010379 
 27     0.010673 
 28     0.012841 
 29     0.014274 
 30     0.021866 
 31     0.024828 
 32     0.022091 
 33     0.018619 
 34     0.013478 
 35     0.013790 
 36     0.014892 
 37     0.015027 
 38     0.013006 
 39     0.009968 
 40     0.003026 
 41     0.005484 
 42     0.019860 
 43     0.025325 
 44     0.032811 
 45     0.046895 
 46     0.049425 
 47     0.036613 
 48     0.018792 
 49     0.013341 
 50     0.009302 
 51     0.012170 
 52     0.021765 
 53     0.020645 
 54     0.011039 
 55     0.015202 
 56     0.017557 
 57     0.011777 
 58     0.008475 
 59     0.012909 
 60     0.004769 
 61     0.009158 
 62     0.015446 
 63     0.030399 
 64     0.020835 
 65     0.009313 
 66     0.011770 
 67     0.013865 
 68     0.016425 
 69     0.013676 
 70     0.017045 
 71     0.022517 
 72     0.023998 
 73     0.017501 
 74     0.018581 
 75     0.030553 
 76     0.040664 
 77     0.049327 
 78     0.056332 
 79     0.052332 
 80     0.058750 
 81     0.049802 
 82     0.046539 
 83     0.063178 
 84     0.072043 
 85     0.057700 
 86     0.060052 
 87     0.079533 
 88     0.070797 
 89     0.041468 
 90     0.040676 
 91     0.031371 
 92     0.042743 
 93     0.046518 
 94     0.051345 
 95     0.051901 
 96     0.045003 
 97     0.058272 
 98     0.050207 
 99     0.049782 
100     0.036792 
101     0.036382 
102     0.031437 
103     0.033847 
104     0.042298 
105     0.034991 
106     0.043881 
107     0.061214 
108     0.055387 
109     0.042128 
110     0.027036 
111     0.019342 
112     0.012588 
113     0.006792 
114     0.003439 
115     0.004176 
116     0.007231 
117     0.005320 
118     0.004882 
119     0.006545 
120     0.007496 
121     0.007369 
122     0.007071 
123     0.008223 
124     0.008845 
125     0.009146 
126     0.007475 
127     0.009378 
128     0.011786 
129     0.010159 
130     0.013122 
131     0.013559 
132     0.014278 
133     0.018458 
134     0.014877 
135     0.011512 
136     0.012048 
137     0.011725 
138     0.011005 
139     0.010513 
140     0.011385 
141     0.010854 
142     0.011551 
143     0.009205 
144     0.012983 
145     0.017022 
146     0.011126 
147     0.017627 
148     0.018985 
149     0.017869 
150     0.016908 
151     0.016190 
152     0.014685 
153     0.011257 
154     0.011769 
155     0.011939 
156     0.010141 
157     0.008094 
158     0.009489 
159     0.010248 
160     0.007255 
161     0.007321 
162     0.009848 
163     0.010968 
164     0.012479 
165     0.012259 
166     0.011594 
167     0.009677 
168     0.012650 
169     0.008196 
170     0.008175 
171     0.007790 
172     0.005372 
173     0.004582 
174     0.004929 
175     0.004017 
176     0.006612 
177     0.007064 
178     0.009106 
179     0.012832 
180     0.019389 
181     0.018098 
182     0.016913 
183     0.034875 
184     0.047127 
185     0.044115 
186     0.048891 
187     0.038383 
188     0.025057 
189     0.020745 
190     0.014207 
191     0.010350 
192     0.004941 
193     0.004432 
194     0.008999 
195     0.012367 
196     0.014992 
197     0.017815 
198     0.017771 
199     0.015846 
200     0.012427 
201     0.011275 
202     0.009086 
203     0.011586 
204     0.015038 
205     0.015902 
206     0.023258 
207     0.028526 
208     0.039611 
209     0.046800 
210     0.067816 
211     0.083172 
212     0.081327 
213     0.047217 
214     0.036787 
215     0.031141 
216     0.016298 
217     0.016457 
218     0.016929 
219     0.023893 
220     0.020771 
221     0.018038 
222     0.018004 
223     0.015552 
224     0.015439 
225     0.022426 
226     0.016298 
227     0.014418 
228     0.013252 
229     0.009655 
230     0.009492 
231     0.009391 
232     0.005769 
233     0.003563 
234     0.007619 
235     0.009724 
236     0.009788 
237     0.007953 
238     0.016500 
239     0.017715 
240     0.022913 
241     0.028705 
242     0.032845 
243     0.038567 
244     0.040449 
245     0.049306 
246     0.054559 
247     0.058627 
248     0.060549 
249     0.065026 
250     0.058809 
251     0.049911 
252     0.037895 
253     0.042065 
254     0.053182 
255     0.042028 
256     0.034853 
257     0.025902 
258     0.023052 
259     0.023644 
260     0.019850 
261     0.008058 
262     0.006206 
263     0.010270 
264     0.012216 
265     0.008659 
266     0.006103 
267     0.009007 
268     0.013840 
269     0.012396 
270     0.009641 
271     0.012651 
272     0.020064 
273     0.021318 
274     0.018764 
275     0.027825 
276     0.031933 
277     0.033121 
278     0.031332 
279     0.028419 
280     0.028983 
281     0.021266 
282     0.022759 
283     0.015828 
284     0.021824 
285     0.018701 
286     0.018445 
287     0.044649 
288     0.076018 
289     0.181421 
290     0.285412 
291     0.308393 
292     0.188279 
293     0.085610 
294     0.052418 
295     0.033536 
296     0.024564 
297     0.032911 
298     0.031186 
299     0.034280 
300     0.028323 
301     0.030687 
302     0.027056 
303     0.029276 
304     0.026558 
305     0.018194 
306     0.016270 
307     0.019615 
308     0.015408 
309     0.010066 
310     0.009727 
311     0.008156 
312     0.006656 
313     0.005592 
314     0.006845 
315     0.010123 
316     0.008184 
317     0.011339 
318     0.016601 
319     0.016397 
320     0.013110 
321     0.019681 
322     0.023277 
323     0.019037 
324     0.021778 
325     0.027725 
326     0.028549 
327     0.028314 
328     0.031352 
329     0.028269 
330     0.025818 
331     0.022063 
332     0.025422 
333     0.027437 
334     0.021776 
335     0.022094 
336     0.014377 
337     0.008855 
338     0.005454 
339     0.004218 
340     0.007330 
341     0.012784 
342     0.015247 
343     0.014141 
344     0.011385 
345     0.011160 
346     0.011149 
347     0.011192 
348     0.008690 
349     0.004277 
350     0.002223 
351     0.004687 
352     0.004491 
353     0.007068 
354     0.010167 
355     0.012376 
356     0.013910 
357     0.017355 
358     0.019973 
359     0.016945 
360     0.012207 
361     0.005961 
362     0.009380 
363     0.011575 
364     0.016373 
365     0.013377 
366     0.014541 
367     0.010620 
368     0.012968 
369     0.012021 
370     0.009781 
371     0.009070 
372     0.010502 
373     0.008330 
374     0.006256 
375     0.008352 
376     0.008745 
377     0.006678 
378     0.006738 
379     0.008569 
380     0.008255 
381     0.006717 
382     0.007267 
383     0.008711 
384     0.007800 
385     0.009165 
386     0.013323 
387     0.015471 
388     0.017931 
389     0.017726 
390     0.013594 
391     0.015018 
392     0.019589 
393     0.020727 
394     0.021865 
395     0.018593 
396     0.023955 
397     0.019932 
398     0.013391 
399     0.012547 
400     0.011023 
401     0.011642 
402     0.012491 
403     0.016418 
404     0.017602 
405     0.007586 
406     0.011143 
407     0.007424 
408     0.009953 
409     0.013387 
410     0.009851 
411     0.007570 
412     0.007920 
413     0.011155 
414     0.014200 
415     0.019347 
416     0.015656 
417     0.010029 
418     0.011963 
419     0.012117 
420     0.012922 
421     0.012760 
422     0.013131 
423     0.016292 
424     0.017200 
425     0.022258 
426     0.020208 
427     0.023037 
428     0.024258 
429     0.034427 
430     0.040872 
431     0.036190 
432     0.027516 
433     0.026485 
434     0.021011 
435     0.023404 
436     0.021729 
437     0.021670 
438     0.011490 
439     0.014080 
440     0.010555 
441     0.014446 
442     0.014712 
443     0.012282 
444     0.009739 
445     0.008482 
446     0.010279 
447     0.013789 
448     0.011308 
449     0.016466 
450     0.014258 
451     0.012159 
452     0.019021 
453     0.022383 
454     0.012300 
455     0.015831 
456     0.013745 
457     0.015746 
458     0.018596 
459     0.017290 
460     0.022548 
461     0.020992 
462     0.011727 
463     0.009874 
464     0.015914 
465     0.020180 
466     0.032025 
467     0.033013 
468     0.033878 
469     0.028291 
470     0.018270 
471     0.021889 
472     0.012840 
473     0.015697 
474     0.009775 
475     0.013121 
476     0.011868 
477     0.012493 
478     0.012782 
479     0.012451 
480     0.013104 
481     0.013401 
482     0.011345 
483     0.012776 
484     0.013471 
485     0.012179 
486     0.012116 
487     0.013917 
488     0.011650 
489     0.015978 
490     0.014550 
491     0.023777 
492     0.019334 
493     0.016516 
494     0.024335 
495     0.021587 
496     0.021039 
497     0.020728 
498     0.019997 
499     0.017968 
500     0.012167 
501     0.014491 
502     0.013305 
503     0.010678 
504     0.011198 
505     0.011555 
506     0.014443 
507     0.029767 
508     0.055646 
509     0.058872 
510     0.050256 
511     0.037424 
512     0.026536 
513     0.025996 
514     0.026518 
515     0.012816 
516     0.007979 
517     0.018726 
518     0.026485 
519     0.026779 
520     0.046449 
521     0.063969 
522     0.061578 
523     0.064488 
524     0.088811 
525     0.074401 
526     0.041234 
527     0.051662 
528     0.051930 
529     0.030324 
530     0.025984 
531     0.029609 
532     0.018574 
533     0.009794 
534     0.017621 
535     0.010276 
536     0.002029 
537     0.009374 
538     0.012844 
539     0.008348 
540     0.013208 
541     0.018151 
542     0.015757 
543     0.016522 
544     0.024334 
545     0.025921 
546     0.022009 
547     0.021445 
548     0.025598 
549     0.019569 
550     0.012412 
551     0.013721 
552     0.011842 
553     0.008792 
554     0.005005 
555     0.017518 
556     0.018428 
557     0.011717 
558     0.010913 
559     0.009958 
560     0.006376 
561     0.008008 
562     0.006482 
563     0.003074 
564     0.004707 
565     0.009202 
566     0.010930 
567     0.008590 
568     0.010325 
569     0.014063 
570     0.016418 
571     0.012093 
572     0.011060 
573     0.013996 
574     0.015149 
575     0.011241 
576     0.006757 
577     0.010555 
578     0.014903 
579     0.021249 
580     0.016969 
581     0.011158 
582     0.008646 
583     0.010407 
584     0.005518 
585     0.003049 
586     0.006140 
587     0.008821 
588     0.008325 
589     0.007875 
590     0.009341 
591     0.009941 
592     0.011550 
593     0.009355 
594     0.008100 
595     0.013210 
596     0.013787 
597     0.017752 
598     0.016477 
599     0.025966 
600     0.030346 
601     0.030804 
602     0.031070 
603     0.066028 
604     0.100150 
605     0.124304 
606     0.077940 
607     0.058859 
608     0.041580 
609     0.041193 
610     0.041212 
611     0.021934 
612     0.019862 
613     0.031739 
614     0.023416 
615     0.021788 
616     0.025797 
617     0.018554 
618     0.024760 
619     0.019456 
620     0.003952 
621     0.010545 
622     0.019332 
623     0.020379 
624     0.019396 
625     0.013673 
626     0.034157 
627     0.047768 
628     0.039643 
629     0.036835 
630     0.050465 
631     0.056461 
632     0.046721 
633     0.043838 
634     0.045092 
635     0.042394 
636     0.038578 
637     0.033536 
638     0.024080 
639     0.022020 
640     0.022806 
641     0.016037 
642     0.014115 
643     0.013676 
644     0.019848 
645     0.022225 
646     0.024352 
647     0.026522 
648     0.035387 
649     0.039043 
650     0.038698 
651     0.039816 
652     0.041539 
653     0.044577 
654     0.044113 
655     0.039994 
656     0.042065 
657     0.041167 
658     0.040918 
659     0.033117 
660     0.037876 
661     0.035005 
662     0.028040 
663     0.028271 
664     0.028573 
665     0.020792 
666     0.018998 
667     0.012131 
668     0.019964 
669     0.013989 
670     0.014972 
671     0.019045 
672     0.015939 
673     0.018019 
674     0.019252 
675     0.029273 
676     0.027701 
677     0.045117 
678     0.056051 
679     0.074077 
680     0.070282 
681     0.085383 
682     0.071099 
683     0.051338 
684     0.046371 
685     0.041143 
686     0.026060 
687     0.022540 
688     0.028598 
689     0.028122 
690     0.016014 
691     0.017140 
692     0.023446 
693     0.017481 
694     0.010705 
695     0.014469 
696     0.013928 
697     0.013142 
698     0.014035 
699     0.015533 
700     0.022782 
701     0.028750 
702     0.022454 
703     0.029415 
704     0.033344 
705     0.031691 
706     0.028848 
707     0.020750 
708     0.015212 
709     0.015495 
710     0.007191 
711     0.008269 
712     0.007548 
713     0.022811 
714     0.029454 
715     0.040907 
716     0.024305 
717     0.027247 
718     0.019138 
719     0.025913 
720     0.023294 
721     0.016924 
722     0.014481 
723     0.007621 
724     0.009291 
725     0.009123 
726     0.010639 
727     0.040359 
728     0.070048 
729     0.073014 
730     0.086598 
731     0.068663 
732     0.048813 
733     0.061870 
734     0.063310 
735     0.048506 
736     0.033354 
737     0.016201 
738     0.020408 
739     0.013220 
740     0.007483 
741     0.010121 
742     0.007187 
743     0.013043 
744     0.018877 
745     0.026404 
746     0.032123 
747     0.032506 
748     0.030827 
749     0.024790 
750     0.030339 
751     0.031923 
752     0.033367 
753     0.029764 
754     0.023989 
755     0.014513 
756     0.011918 
757     0.004055 
758     0.008399 
759     0.015665 
760     0.038439 
761     0.059484 
762     0.087631 
763     0.103401 
764     0.119653 
765     0.088202 
766     0.056854 
767     0.051910 
768     0.043841 
769     0.038248 
770     0.021246 
771     0.016908 
772     0.037266 
773     0.028972 
774     0.029751 
775     0.048891 
776     0.042281 
777     0.034816 
778     0.045908 
779     0.050635 
780     0.028701 
781     0.027212 
782     0.039938 
783     0.021622 
784     0.008172 
785     0.025415 
786     0.011654 
787     0.015408 
788     0.028667 
789     0.026554 
790     0.029785 
791     0.039224 
792     0.038715 
793     0.042593 
794     0.042178 
795     0.039667 
796     0.038154 
797     0.043894 
798     0.032555 
799     0.024342 
800     0.026889 
801     0.021030 
802     0.010449 
803     0.015883 
804     0.013702 
805     0.016559 
806     0.027151 
807     0.029115 
808     0.029810 
809     0.034390 
810     0.038633 
811     0.036604 
812     0.037354 
813     0.040818 
814     0.036669 
815     0.033334 
816     0.035768 
817     0.038201 
818     0.022224 
819     0.022582 
820     0.024004 
821     0.019689 
822     0.012705 
823     0.012316 
824     0.013698 
825     0.019149 
826     0.021147 
827     0.022722 
828     0.022454 
829     0.030628 
830     0.033569 
831     0.027043 
832     0.025527 
833     0.036525 
834     0.036478 
835     0.029714 
836     0.034824 
837     0.036902 
838     0.045765 
839     0.045398 
840     0.040021 
841     0.024122 
842     0.024211 
843     0.020357 
844     0.019133 
845     0.015858 
846     0.016636 
847     0.024281 
848     0.020387 
849     0.015397 
850     0.023932 
851     0.026166 
852     0.019650 
853     0.017090 
854     0.026173 
855     0.024463 
856     0.016429 
857     0.012696 
858     0.025306 
859     0.026889 
860     0.022321 
861     0.021498 
862     0.034713 
863     0.035397 
864     0.022560 
865     0.015934 
866     0.013281 
867     0.014780 
868     0.019774 
869     0.022433 
870     0.028478 
871     0.030311 
872     0.033602 
873     0.032065 
874     0.026655 
875     0.024063 
876     0.028546 
877     0.025887 
878     0.025549 
879     0.023082 
880     0.023738 
881     0.021619 
882     0.017821 
883     0.014899 
884     0.014636 
885     0.016600 
886     0.022292 
887     0.031673 
888     0.041733 
889     0.034818 
890     0.039518 
891     0.030553 
892     0.023997 
893     0.018312 
894     0.015526 
895     0.021789 
896     0.023794 
897     0.027394 
898     0.023599 
899     0.022537 
900     0.019704 
901     0.021588 
902     0.023392 
903     0.019953 
904     0.018318 
905     0.014829 
906     0.012889 
907     0.011634 
908     0.015149 
909     0.017118 
910     0.016361 
911     0.017081 
912     0.021390 
913     0.022508 
914     0.022668 
915     0.020309 
916     0.019489 
917     0.018197 
918     0.017422 
919     0.020783 
920     0.021915 
921     0.029351 
922     0.041979 
923     0.080930 
