  1     0.017489 
  2     0.023658 
  3     0.007239 
  4     0.012970 
  5     0.013995 
  6     0.013505 
  7     0.016587 
  8     0.013810 
  9     0.016451 
 10     0.010586 
 11     0.009712 
 12     0.011507 
 13     0.010542 
 14     0.011737 
 15     0.011277 
 16     0.013285 
 17     0.009757 
 18     0.013834 
 19     0.018540 
 20     0.035907 
 21     0.074213 
 22     0.072187 
 23     0.041648 
 24     0.019347 
 25     0.009671 
 26     0.011830 
 27     0.020034 
 28     0.033232 
 29     0.033505 
 30     0.038352 
 31     0.037853 
 32     0.040157 
 33     0.026791 
 34     0.022382 
 35     0.010840 
 36     0.014301 
 37     0.014798 
 38     0.014729 
 39     0.012505 
 40     0.014959 
 41     0.007709 
 42     0.024836 
 43     0.042389 
 44     0.051718 
 45     0.123670 
 46     0.120451 
 47     0.064518 
 48     0.025226 
 49     0.019924 
 50     0.020746 
 51     0.015869 
 52     0.020810 
 53     0.018620 
 54     0.010303 
 55     0.009636 
 56     0.010776 
 57     0.014272 
 58     0.013713 
 59     0.009245 
 60     0.014203 
 61     0.024907 
 62     0.015283 
 63     0.002723 
 64     0.008490 
 65     0.006951 
 66     0.008473 
 67     0.023084 
 68     0.015871 
 69     0.016648 
 70     0.017127 
 71     0.015168 
 72     0.019703 
 73     0.021736 
 74     0.022716 
 75     0.021860 
 76     0.031081 
 77     0.032155 
 78     0.054482 
 79     0.043708 
 80     0.042788 
 81     0.026489 
 82     0.011819 
 83     0.026335 
 84     0.059772 
 85     0.050013 
 86     0.046922 
 87     0.135129 
 88     0.138169 
 89     0.023408 
 90     0.009228 
 91     0.003452 
 92     0.004647 
 93     0.015000 
 94     0.032809 
 95     0.039805 
 96     0.034950 
 97     0.089206 
 98     0.053029 
 99     0.051030 
100     0.025034 
101     0.017308 
102     0.016355 
103     0.019345 
104     0.029451 
105     0.018790 
106     0.038411 
107     0.092100 
108     0.101033 
109     0.042705 
110     0.022907 
111     0.008137 
112     0.019288 
113     0.029481 
114     0.033084 
115     0.024651 
116     0.025247 
117     0.032915 
118     0.026660 
119     0.021409 
120     0.027016 
121     0.033150 
122     0.030516 
123     0.024217 
124     0.025817 
125     0.033471 
126     0.031708 
127     0.017710 
128     0.020041 
129     0.041386 
130     0.044828 
131     0.030200 
132     0.013969 
133     0.008769 
134     0.014498 
135     0.017576 
136     0.026562 
137     0.028966 
138     0.022895 
139     0.020488 
140     0.021541 
141     0.017370 
142     0.018242 
143     0.018398 
144     0.018208 
145     0.028911 
146     0.026235 
147     0.032477 
148     0.032634 
149     0.030199 
150     0.026780 
151     0.030786 
152     0.034847 
153     0.030273 
154     0.030473 
155     0.036314 
156     0.038975 
157     0.033401 
158     0.034261 
159     0.041671 
160     0.042183 
161     0.036975 
162     0.039610 
163     0.033862 
164     0.035180 
165     0.031588 
166     0.030939 
167     0.032037 
168     0.025338 
169     0.019214 
170     0.018083 
171     0.014462 
172     0.014763 
173     0.014684 
174     0.011778 
175     0.010858 
176     0.013783 
177     0.007624 
178     0.007047 
179     0.010042 
180     0.009598 
181     0.019921 
182     0.011532 
183     0.042700 
184     0.065438 
185     0.056769 
186     0.045889 
187     0.053054 
188     0.044252 
189     0.021054 
190     0.014522 
191     0.014924 
192     0.010590 
193     0.007626 
194     0.007951 
195     0.007121 
196     0.006587 
197     0.006207 
198     0.005851 
199     0.006703 
200     0.005744 
201     0.007221 
202     0.004322 
203     0.008703 
204     0.016155 
205     0.018413 
206     0.025444 
207     0.033611 
208     0.033166 
209     0.024996 
210     0.036112 
211     0.009676 
212     0.041528 
213     0.023711 
214     0.015460 
215     0.013865 
216     0.013401 
217     0.019319 
218     0.021901 
219     0.024511 
220     0.005773 
221     0.007870 
222     0.013378 
223     0.010028 
224     0.007527 
225     0.010064 
226     0.007833 
227     0.007102 
228     0.007579 
229     0.008493 
230     0.024591 
231     0.023875 
232     0.021889 
233     0.021953 
234     0.031454 
235     0.031354 
236     0.027983 
237     0.022131 
238     0.032235 
239     0.026694 
240     0.022704 
241     0.024555 
242     0.019904 
243     0.023490 
244     0.016751 
245     0.015330 
246     0.022635 
247     0.022096 
248     0.010186 
249     0.012453 
250     0.009540 
251     0.016354 
252     0.010558 
253     0.018988 
254     0.025904 
255     0.013548 
256     0.009117 
257     0.010938 
258     0.007173 
259     0.006563 
260     0.008462 
261     0.009537 
262     0.020149 
263     0.022715 
264     0.022518 
265     0.026177 
266     0.022404 
267     0.023463 
268     0.026517 
269     0.026527 
270     0.020779 
271     0.015099 
272     0.021390 
273     0.020878 
274     0.018184 
275     0.018846 
276     0.021517 
277     0.020829 
278     0.022779 
279     0.026128 
280     0.027687 
281     0.022687 
282     0.016100 
283     0.005795 
284     0.006584 
285     0.004904 
286     0.002375 
287     0.004357 
288     0.004788 
289     0.002158 
290     0.014071 
291     0.012524 
292     0.012434 
293     0.005080 
294     0.003319 
295     0.002602 
296     0.006786 
297     0.016542 
298     0.020593 
299     0.029537 
300     0.025870 
301     0.024929 
302     0.025630 
303     0.029296 
304     0.031789 
305     0.029847 
306     0.033753 
307     0.034388 
308     0.028850 
309     0.028369 
310     0.028363 
311     0.027291 
312     0.025831 
313     0.016709 
314     0.013355 
315     0.015753 
316     0.010743 
317     0.008726 
318     0.022673 
319     0.015755 
320     0.011843 
321     0.034660 
322     0.032808 
323     0.014047 
324     0.029211 
325     0.045132 
326     0.031609 
327     0.039224 
328     0.060389 
329     0.052731 
330     0.045790 
331     0.034503 
332     0.048883 
333     0.052126 
334     0.033601 
335     0.037534 
336     0.021482 
337     0.013457 
338     0.012486 
339     0.010506 
340     0.008748 
341     0.007414 
342     0.007283 
343     0.009534 
344     0.009847 
345     0.006219 
346     0.012592 
347     0.015922 
348     0.021857 
349     0.020058 
350     0.019525 
351     0.018549 
352     0.016840 
353     0.009409 
354     0.008944 
355     0.006041 
356     0.014531 
357     0.018259 
358     0.025347 
359     0.025558 
360     0.020688 
361     0.013720 
362     0.017712 
363     0.010920 
364     0.009736 
365     0.008392 
366     0.009003 
367     0.007388 
368     0.005419 
369     0.005004 
370     0.006545 
371     0.008870 
372     0.009371 
373     0.006100 
374     0.008735 
375     0.012088 
376     0.007527 
377     0.005775 
378     0.012207 
379     0.013500 
380     0.006570 
381     0.014749 
382     0.016942 
383     0.020345 
384     0.030327 
385     0.053511 
386     0.040990 
387     0.048299 
388     0.039561 
389     0.047725 
390     0.019664 
391     0.036463 
392     0.077940 
393     0.028563 
394     0.038148 
395     0.046735 
396     0.117610 
397     0.030779 
398     0.013335 
399     0.015348 
400     0.009921 
401     0.003104 
402     0.005415 
403     0.008440 
404     0.028588 
405     0.026056 
406     0.024630 
407     0.024622 
408     0.012433 
409     0.013057 
410     0.014018 
411     0.014757 
412     0.017245 
413     0.009023 
414     0.014603 
415     0.012081 
416     0.033036 
417     0.050132 
418     0.021581 
419     0.005066 
420     0.017766 
421     0.017674 
422     0.009577 
423     0.011802 
424     0.010224 
425     0.009735 
426     0.011016 
427     0.016091 
428     0.012227 
429     0.016310 
430     0.018607 
431     0.017419 
432     0.012299 
433     0.004578 
434     0.002695 
435     0.006737 
436     0.008843 
437     0.013586 
438     0.004440 
439     0.008544 
440     0.010598 
441     0.012136 
442     0.011723 
443     0.005309 
444     0.010874 
445     0.016405 
446     0.024144 
447     0.025894 
448     0.020855 
449     0.029478 
450     0.026128 
451     0.015882 
452     0.022892 
453     0.027213 
454     0.026333 
455     0.014379 
456     0.006832 
457     0.003649 
458     0.004821 
459     0.007641 
460     0.007166 
461     0.008412 
462     0.003920 
463     0.011428 
464     0.013402 
465     0.018397 
466     0.023241 
467     0.020434 
468     0.021170 
469     0.019480 
470     0.010655 
471     0.010051 
472     0.008336 
473     0.007646 
474     0.008678 
475     0.011199 
476     0.009750 
477     0.015449 
478     0.023298 
479     0.035283 
480     0.034626 
481     0.062192 
482     0.048957 
483     0.043152 
484     0.031459 
485     0.020646 
486     0.009054 
487     0.008464 
488     0.007567 
489     0.005157 
490     0.002545 
491     0.006857 
492     0.010768 
493     0.008698 
494     0.006044 
495     0.003872 
496     0.003811 
497     0.005931 
498     0.007888 
499     0.007954 
500     0.020492 
501     0.022625 
502     0.025017 
503     0.041761 
504     0.035379 
505     0.038512 
506     0.041090 
507     0.049324 
508     0.056100 
509     0.023963 
510     0.039483 
511     0.015040 
512     0.019278 
513     0.041036 
514     0.025603 
515     0.011005 
516     0.012940 
517     0.014890 
518     0.021906 
519     0.009903 
520     0.038824 
521     0.066108 
522     0.047087 
523     0.038556 
524     0.051609 
525     0.032557 
526     0.013880 
527     0.017659 
528     0.018702 
529     0.029213 
530     0.031248 
531     0.026861 
532     0.027851 
533     0.030503 
534     0.029232 
535     0.017103 
536     0.010498 
537     0.012327 
538     0.020458 
539     0.014469 
540     0.019050 
541     0.035769 
542     0.032733 
543     0.031221 
544     0.041510 
545     0.049360 
546     0.034123 
547     0.033086 
548     0.037820 
549     0.015166 
550     0.012684 
551     0.030029 
552     0.011502 
553     0.018330 
554     0.044745 
555     0.070599 
556     0.049329 
557     0.026681 
558     0.028547 
559     0.024862 
560     0.013074 
561     0.014635 
562     0.012928 
563     0.020088 
564     0.016009 
565     0.015656 
566     0.015861 
567     0.016158 
568     0.017705 
569     0.024853 
570     0.025571 
571     0.017209 
572     0.017447 
573     0.023971 
574     0.025346 
575     0.017343 
576     0.015220 
577     0.026712 
578     0.028128 
579     0.030585 
580     0.027936 
581     0.020571 
582     0.017704 
583     0.011855 
584     0.004790 
585     0.005926 
586     0.007303 
587     0.013440 
588     0.016899 
589     0.013281 
590     0.018801 
591     0.018517 
592     0.018612 
593     0.019342 
594     0.015301 
595     0.021358 
596     0.032973 
597     0.032946 
598     0.023462 
599     0.035385 
600     0.044259 
601     0.025435 
602     0.017257 
603     0.023223 
604     0.155673 
605     0.020470 
606     0.110363 
607     0.054176 
608     0.036472 
609     0.024388 
610     0.050461 
611     0.036290 
612     0.071121 
613     0.092698 
614     0.050256 
615     0.051789 
616     0.059669 
617     0.031029 
618     0.009301 
619     0.022003 
620     0.036516 
621     0.045291 
622     0.042836 
623     0.070112 
624     0.053392 
625     0.043492 
626     0.045472 
627     0.047722 
628     0.031264 
629     0.015441 
630     0.022702 
631     0.025478 
632     0.039751 
633     0.045437 
634     0.064503 
635     0.048461 
636     0.044093 
637     0.047753 
638     0.048950 
639     0.026160 
640     0.021814 
641     0.028167 
642     0.030093 
643     0.029171 
644     0.032210 
645     0.036626 
646     0.047478 
647     0.047145 
648     0.060622 
649     0.044627 
650     0.037762 
651     0.054282 
652     0.042840 
653     0.038203 
654     0.013528 
655     0.008699 
656     0.029276 
657     0.058727 
658     0.040856 
659     0.017273 
660     0.042911 
661     0.030089 
662     0.029891 
663     0.049086 
664     0.048147 
665     0.033674 
666     0.034562 
667     0.045411 
668     0.025181 
669     0.022915 
670     0.024551 
671     0.013052 
672     0.022875 
673     0.030961 
674     0.024452 
675     0.044170 
676     0.048525 
677     0.035254 
678     0.055774 
679     0.076692 
680     0.067753 
681     0.092729 
682     0.063859 
683     0.027826 
684     0.022746 
685     0.037249 
686     0.045215 
687     0.051518 
688     0.045112 
689     0.048858 
690     0.036326 
691     0.044114 
692     0.056906 
693     0.036005 
694     0.037975 
695     0.063992 
696     0.042317 
697     0.040597 
698     0.054072 
699     0.029495 
700     0.029250 
701     0.035132 
702     0.021651 
703     0.017530 
704     0.031212 
705     0.024155 
706     0.022697 
707     0.023322 
708     0.025151 
709     0.040049 
710     0.028701 
711     0.039491 
712     0.028314 
713     0.015551 
714     0.016519 
715     0.024740 
716     0.040359 
717     0.049379 
718     0.033343 
719     0.036160 
720     0.042675 
721     0.034667 
722     0.024573 
723     0.024140 
724     0.019954 
725     0.028928 
726     0.032870 
727     0.053328 
728     0.062913 
729     0.028025 
730     0.040448 
731     0.028398 
732     0.021796 
733     0.035686 
734     0.045173 
735     0.042851 
736     0.028115 
737     0.027937 
738     0.026252 
739     0.032167 
740     0.027406 
741     0.017963 
742     0.025038 
743     0.031288 
744     0.042308 
745     0.046346 
746     0.050740 
747     0.023403 
748     0.019426 
749     0.030300 
750     0.041516 
751     0.048944 
752     0.046770 
753     0.043990 
754     0.038365 
755     0.037745 
756     0.028944 
757     0.027368 
758     0.030575 
759     0.037634 
760     0.035847 
761     0.055271 
762     0.069762 
763     0.076288 
764     0.179257 
765     0.020849 
766     0.018139 
767     0.025107 
768     0.026667 
769     0.023305 
770     0.031525 
771     0.023815 
772     0.023493 
773     0.017767 
774     0.012892 
775     0.011654 
776     0.018835 
777     0.023845 
778     0.025606 
779     0.026448 
780     0.028467 
781     0.030532 
782     0.016244 
783     0.013069 
784     0.022593 
785     0.041139 
786     0.048199 
787     0.031556 
788     0.039791 
789     0.068518 
790     0.052182 
791     0.042549 
792     0.033691 
793     0.022578 
794     0.028736 
795     0.009522 
796     0.036680 
797     0.057086 
798     0.031955 
799     0.052726 
800     0.088963 
801     0.059325 
802     0.048107 
803     0.053387 
804     0.049533 
805     0.063716 
806     0.050797 
807     0.051831 
808     0.102293 
809     0.077950 
810     0.057896 
811     0.089996 
812     0.096280 
813     0.045579 
814     0.042634 
815     0.065182 
816     0.035560 
817     0.024669 
818     0.036702 
819     0.016667 
820     0.018262 
821     0.039361 
822     0.037993 
823     0.034261 
824     0.035560 
825     0.016015 
826     0.015334 
827     0.040758 
828     0.029764 
829     0.033170 
830     0.053206 
831     0.043412 
832     0.034458 
833     0.048809 
834     0.046978 
835     0.052908 
836     0.036873 
837     0.039754 
838     0.035575 
839     0.042036 
840     0.053678 
841     0.032669 
842     0.020625 
843     0.044334 
844     0.081292 
845     0.039251 
846     0.038904 
847     0.033052 
848     0.022563 
849     0.020578 
850     0.028881 
851     0.030657 
852     0.023599 
853     0.024342 
854     0.032804 
855     0.034959 
856     0.033096 
857     0.037975 
858     0.030420 
859     0.029909 
860     0.033618 
861     0.017153 
862     0.019074 
863     0.027619 
864     0.004749 
865     0.015678 
866     0.025060 
867     0.019635 
868     0.010064 
869     0.006795 
870     0.006975 
871     0.005665 
872     0.005752 
873     0.006967 
874     0.006981 
875     0.006418 
876     0.007400 
877     0.007195 
878     0.006285 
879     0.006547 
880     0.006136 
881     0.006620 
882     0.006112 
883     0.006708 
884     0.006761 
885     0.006422 
886     0.004285 
887     0.001379 
888     0.000720 
889     0.002892 
890     0.002554 
891     0.004202 
892     0.005396 
893     0.005463 
894     0.006702 
895     0.006037 
896     0.005391 
897     0.004101 
898     0.004305 
899     0.004813 
900     0.005421 
901     0.006706 
902     0.005087 
903     0.006425 
904     0.012103 
905     0.013635 
906     0.010899 
907     0.004201 
908     0.013303 
909     0.007212 
910     0.006824 
911     0.008532 
912     0.008237 
913     0.005777 
914     0.005408 
915     0.005475 
916     0.004558 
917     0.004994 
918     0.005155 
919     0.004040 
920     0.004299 
921     0.004714 
922     0.003673 
923     0.007000 
