  1     0.011729 
  2     0.020229 
  3     0.016157 
  4     0.010933 
  5     0.009170 
  6     0.007307 
  7     0.006117 
  8     0.005863 
  9     0.005238 
 10     0.006465 
 11     0.006902 
 12     0.007562 
 13     0.007277 
 14     0.006897 
 15     0.007726 
 16     0.008309 
 17     0.010125 
 18     0.011980 
 19     0.015295 
 20     0.025455 
 21     0.036202 
 22     0.023216 
 23     0.018507 
 24     0.014198 
 25     0.016291 
 26     0.011725 
 27     0.009743 
 28     0.008606 
 29     0.010230 
 30     0.011668 
 31     0.012547 
 32     0.011375 
 33     0.010118 
 34     0.009116 
 35     0.008926 
 36     0.007779 
 37     0.007517 
 38     0.006224 
 39     0.006834 
 40     0.004786 
 41     0.005992 
 42     0.009159 
 43     0.012792 
 44     0.019024 
 45     0.020733 
 46     0.014344 
 47     0.006662 
 48     0.004178 
 49     0.003819 
 50     0.004219 
 51     0.005708 
 52     0.009193 
 53     0.006789 
 54     0.006060 
 55     0.010795 
 56     0.010272 
 57     0.009635 
 58     0.012492 
 59     0.013437 
 60     0.011608 
 61     0.013956 
 62     0.017404 
 63     0.015734 
 64     0.012328 
 65     0.009912 
 66     0.007063 
 67     0.007049 
 68     0.006759 
 69     0.004819 
 70     0.004069 
 71     0.002807 
 72     0.003203 
 73     0.003032 
 74     0.004980 
 75     0.008597 
 76     0.013031 
 77     0.011735 
 78     0.014759 
 79     0.015348 
 80     0.017989 
 81     0.013056 
 82     0.008427 
 83     0.011036 
 84     0.012862 
 85     0.010088 
 86     0.005411 
 87     0.008672 
 88     0.014110 
 89     0.012237 
 90     0.015439 
 91     0.010380 
 92     0.009961 
 93     0.005717 
 94     0.009021 
 95     0.013095 
 96     0.016671 
 97     0.028030 
 98     0.027944 
 99     0.020515 
100     0.014174 
101     0.008775 
102     0.009539 
103     0.009150 
104     0.011689 
105     0.014043 
106     0.020801 
107     0.015993 
108     0.018850 
109     0.017067 
110     0.015560 
111     0.010472 
112     0.005242 
113     0.002831 
114     0.005123 
115     0.006135 
116     0.004402 
117     0.004390 
118     0.005635 
119     0.005937 
120     0.005864 
121     0.006186 
122     0.007402 
123     0.007843 
124     0.007919 
125     0.010660 
126     0.009961 
127     0.009001 
128     0.012855 
129     0.012498 
130     0.009740 
131     0.012798 
132     0.017760 
133     0.019638 
134     0.015839 
135     0.009292 
136     0.005987 
137     0.007402 
138     0.006918 
139     0.005911 
140     0.003843 
141     0.003795 
142     0.004896 
143     0.009686 
144     0.013486 
145     0.016518 
146     0.012497 
147     0.013366 
148     0.009758 
149     0.006056 
150     0.002149 
151     0.004788 
152     0.004050 
153     0.001055 
154     0.001120 
155     0.001812 
156     0.000939 
157     0.001939 
158     0.002723 
159     0.002356 
160     0.002534 
161     0.004247 
162     0.004321 
163     0.005083 
164     0.005554 
165     0.004853 
166     0.008938 
167     0.010682 
168     0.005027 
169     0.006401 
170     0.005670 
171     0.005335 
172     0.006859 
173     0.005339 
174     0.006356 
175     0.009754 
176     0.011740 
177     0.012840 
178     0.014755 
179     0.018826 
180     0.027744 
181     0.031721 
182     0.024908 
183     0.060893 
184     0.086973 
185     0.071935 
186     0.049964 
187     0.020555 
188     0.047460 
189     0.034911 
190     0.022872 
191     0.023623 
192     0.015164 
193     0.012660 
194     0.008362 
195     0.004243 
196     0.008182 
197     0.009138 
198     0.013228 
199     0.013951 
200     0.010435 
201     0.017510 
202     0.019823 
203     0.020319 
204     0.023379 
205     0.013974 
206     0.014779 
207     0.006552 
208     0.018740 
209     0.051477 
210     0.082197 
211     0.139145 
212     0.157175 
213     0.078995 
214     0.053143 
215     0.029260 
216     0.013092 
217     0.009612 
218     0.013422 
219     0.023832 
220     0.030063 
221     0.025309 
222     0.029102 
223     0.019745 
224     0.014896 
225     0.021540 
226     0.018141 
227     0.009157 
228     0.012719 
229     0.023735 
230     0.033790 
231     0.034518 
232     0.038279 
233     0.042438 
234     0.050655 
235     0.060941 
236     0.053478 
237     0.042002 
238     0.057581 
239     0.055299 
240     0.035226 
241     0.036381 
242     0.035974 
243     0.025903 
244     0.020820 
245     0.028679 
246     0.019468 
247     0.020209 
248     0.041538 
249     0.048953 
250     0.044313 
251     0.053569 
252     0.051980 
253     0.067376 
254     0.079605 
255     0.049940 
256     0.030268 
257     0.017602 
258     0.021759 
259     0.028976 
260     0.019602 
261     0.011388 
262     0.017071 
263     0.025301 
264     0.023625 
265     0.020185 
266     0.027406 
267     0.026134 
268     0.025079 
269     0.029623 
270     0.035736 
271     0.029074 
272     0.035241 
273     0.044082 
274     0.046008 
275     0.043868 
276     0.053284 
277     0.059828 
278     0.045631 
279     0.027194 
280     0.019679 
281     0.023024 
282     0.030542 
283     0.040480 
284     0.035287 
285     0.033808 
286     0.036777 
287     0.039881 
288     0.062255 
289     0.036703 
290     0.213385 
291     0.189919 
292     0.131865 
293     0.047533 
294     0.036659 
295     0.035442 
296     0.036312 
297     0.031184 
298     0.037218 
299     0.036091 
300     0.040762 
301     0.055599 
302     0.062228 
303     0.076091 
304     0.067941 
305     0.059572 
306     0.062540 
307     0.075367 
308     0.065662 
309     0.057825 
310     0.051153 
311     0.044787 
312     0.027100 
313     0.019041 
314     0.013206 
315     0.011849 
316     0.004927 
317     0.014978 
318     0.023550 
319     0.025997 
320     0.026895 
321     0.045811 
322     0.046422 
323     0.036760 
324     0.045517 
325     0.057600 
326     0.050938 
327     0.047253 
328     0.058475 
329     0.055908 
330     0.057835 
331     0.051156 
332     0.061851 
333     0.058421 
334     0.043565 
335     0.043981 
336     0.029694 
337     0.022302 
338     0.015804 
339     0.011303 
340     0.007324 
341     0.007002 
342     0.007456 
343     0.007757 
344     0.006626 
345     0.006831 
346     0.020056 
347     0.028285 
348     0.034212 
349     0.019956 
350     0.015875 
351     0.020852 
352     0.014571 
353     0.002818 
354     0.015703 
355     0.011287 
356     0.015082 
357     0.029209 
358     0.036784 
359     0.039089 
360     0.029433 
361     0.018977 
362     0.021032 
363     0.017485 
364     0.023172 
365     0.015411 
366     0.007412 
367     0.007526 
368     0.008435 
369     0.009176 
370     0.010172 
371     0.008147 
372     0.007753 
373     0.009974 
374     0.008430 
375     0.006816 
376     0.009592 
377     0.011806 
378     0.011315 
379     0.011035 
380     0.014670 
381     0.018899 
382     0.018074 
383     0.015424 
384     0.019756 
385     0.029211 
386     0.032795 
387     0.032811 
388     0.031184 
389     0.040090 
390     0.057291 
391     0.044308 
392     0.017017 
393     0.036220 
394     0.065768 
395     0.062507 
396     0.028078 
397     0.018092 
398     0.014744 
399     0.012673 
400     0.012937 
401     0.012638 
402     0.013674 
403     0.019516 
404     0.013335 
405     0.010281 
406     0.012410 
407     0.009528 
408     0.011323 
409     0.016317 
410     0.016739 
411     0.011581 
412     0.015522 
413     0.019571 
414     0.026290 
415     0.038964 
416     0.017972 
417     0.029811 
418     0.034754 
419     0.032633 
420     0.020133 
421     0.013081 
422     0.003214 
423     0.006500 
424     0.004665 
425     0.021045 
426     0.019371 
427     0.024037 
428     0.026595 
429     0.042536 
430     0.049906 
431     0.037718 
432     0.026537 
433     0.031502 
434     0.030195 
435     0.034721 
436     0.031039 
437     0.027942 
438     0.016154 
439     0.017720 
440     0.010045 
441     0.010853 
442     0.011120 
443     0.011137 
444     0.014128 
445     0.007963 
446     0.007929 
447     0.006630 
448     0.007615 
449     0.007086 
450     0.005260 
451     0.005857 
452     0.007762 
453     0.013490 
454     0.009275 
455     0.012160 
456     0.018318 
457     0.021579 
458     0.029086 
459     0.026865 
460     0.036956 
461     0.037252 
462     0.021110 
463     0.017192 
464     0.015806 
465     0.008543 
466     0.027440 
467     0.032623 
468     0.034932 
469     0.026549 
470     0.012027 
471     0.019347 
472     0.005897 
473     0.009643 
474     0.005017 
475     0.008168 
476     0.003349 
477     0.010132 
478     0.021545 
479     0.021779 
480     0.029030 
481     0.028910 
482     0.029018 
483     0.016661 
484     0.013621 
485     0.004007 
486     0.008204 
487     0.015675 
488     0.014164 
489     0.018054 
490     0.016981 
491     0.029007 
492     0.024841 
493     0.029182 
494     0.037313 
495     0.035042 
496     0.032072 
497     0.030410 
498     0.027857 
499     0.025436 
500     0.013577 
501     0.020206 
502     0.027183 
503     0.034160 
504     0.048906 
505     0.032903 
506     0.011932 
507     0.017143 
508     0.017536 
509     0.020328 
510     0.017511 
511     0.015343 
512     0.015323 
513     0.017353 
514     0.015299 
515     0.012096 
516     0.016704 
517     0.020805 
518     0.017037 
519     0.017442 
520     0.028022 
521     0.032964 
522     0.025834 
523     0.024037 
524     0.027552 
525     0.023373 
526     0.010392 
527     0.010920 
528     0.010312 
529     0.008078 
530     0.004236 
531     0.007516 
532     0.007731 
533     0.007082 
534     0.007851 
535     0.010853 
536     0.009046 
537     0.010061 
538     0.013542 
539     0.010466 
540     0.010095 
541     0.014398 
542     0.011962 
543     0.008956 
544     0.012546 
545     0.014028 
546     0.009822 
547     0.010164 
548     0.014299 
549     0.012505 
550     0.009988 
551     0.014247 
552     0.015820 
553     0.013309 
554     0.013662 
555     0.014276 
556     0.012448 
557     0.009498 
558     0.008383 
559     0.009598 
560     0.007190 
561     0.004968 
562     0.007313 
563     0.007672 
564     0.004700 
565     0.004665 
566     0.006256 
567     0.005307 
568     0.004150 
569     0.005277 
570     0.005216 
571     0.004689 
572     0.005140 
573     0.005168 
574     0.004897 
575     0.005103 
576     0.004878 
577     0.004902 
578     0.004731 
579     0.004573 
580     0.006770 
581     0.008670 
582     0.012253 
583     0.009962 
584     0.008744 
585     0.012929 
586     0.013867 
587     0.009559 
588     0.011185 
589     0.015070 
590     0.010634 
591     0.008112 
592     0.012237 
593     0.011286 
594     0.005986 
595     0.007997 
596     0.009688 
597     0.009083 
598     0.010107 
599     0.013045 
600     0.013292 
601     0.012442 
602     0.016587 
603     0.005074 
604     0.032607 
605     0.086127 
606     0.066605 
607     0.044082 
608     0.040457 
609     0.036004 
610     0.025918 
611     0.014674 
612     0.013898 
613     0.004136 
614     0.011417 
615     0.007090 
616     0.016201 
617     0.024724 
618     0.022012 
619     0.022107 
620     0.033143 
621     0.034156 
622     0.026238 
623     0.029785 
624     0.039241 
625     0.031144 
626     0.024151 
627     0.030160 
628     0.032420 
629     0.022898 
630     0.024773 
631     0.031337 
632     0.024699 
633     0.024768 
634     0.027177 
635     0.021476 
636     0.027134 
637     0.022689 
638     0.020982 
639     0.021997 
640     0.019813 
641     0.026139 
642     0.024622 
643     0.035482 
644     0.037961 
645     0.044441 
646     0.047074 
647     0.047487 
648     0.043930 
649     0.043572 
650     0.043901 
651     0.046593 
652     0.036184 
653     0.028020 
654     0.039266 
655     0.032620 
656     0.017672 
657     0.024067 
658     0.027241 
659     0.017762 
660     0.007623 
661     0.000447 
662     0.018842 
663     0.030442 
664     0.032158 
665     0.037485 
666     0.038784 
667     0.048243 
668     0.040943 
669     0.039345 
670     0.037510 
671     0.037232 
672     0.032206 
673     0.026500 
674     0.030188 
675     0.026153 
676     0.011444 
677     0.028850 
678     0.040138 
679     0.063846 
680     0.075754 
681     0.082737 
682     0.065594 
683     0.045409 
684     0.028782 
685     0.024844 
686     0.016715 
687     0.024702 
688     0.025431 
689     0.030075 
690     0.032909 
691     0.033683 
692     0.033069 
693     0.039933 
694     0.037688 
695     0.039746 
696     0.035019 
697     0.034618 
698     0.033492 
699     0.027820 
700     0.015695 
701     0.009910 
702     0.023568 
703     0.034213 
704     0.033515 
705     0.033259 
706     0.020802 
707     0.031196 
708     0.037397 
709     0.047850 
710     0.066757 
711     0.090944 
712     0.061476 
713     0.065302 
714     0.093232 
715     0.093737 
716     0.040926 
717     0.028345 
718     0.011243 
719     0.019994 
720     0.025933 
721     0.022480 
722     0.014749 
723     0.006032 
724     0.014722 
725     0.014306 
726     0.024644 
727     0.055115 
728     0.084428 
729     0.060797 
730     0.071519 
731     0.035932 
732     0.049573 
733     0.082592 
734     0.087065 
735     0.073914 
736     0.064199 
737     0.039460 
738     0.017756 
739     0.031812 
740     0.041592 
741     0.037714 
742     0.047163 
743     0.048182 
744     0.037312 
745     0.029873 
746     0.027741 
747     0.016231 
748     0.031013 
749     0.034508 
750     0.018828 
751     0.024624 
752     0.019132 
753     0.027093 
754     0.027062 
755     0.027597 
756     0.026341 
757     0.020517 
758     0.008700 
759     0.018241 
760     0.043130 
761     0.079202 
762     0.113056 
763     0.126306 
764     0.183605 
765     0.037244 
766     0.030188 
767     0.036726 
768     0.040538 
769     0.030702 
770     0.023572 
771     0.029482 
772     0.035415 
773     0.022959 
774     0.025988 
775     0.040141 
776     0.034812 
777     0.033088 
778     0.050849 
779     0.047481 
780     0.038073 
781     0.048644 
782     0.057594 
783     0.037271 
784     0.039521 
785     0.045107 
786     0.026406 
787     0.021707 
788     0.028351 
789     0.022926 
790     0.033349 
791     0.034887 
792     0.036118 
793     0.053895 
794     0.043059 
795     0.039156 
796     0.054287 
797     0.050828 
798     0.032449 
799     0.039264 
800     0.048454 
801     0.032255 
802     0.034517 
803     0.045042 
804     0.044931 
805     0.048014 
806     0.051925 
807     0.052438 
808     0.064573 
809     0.056683 
810     0.052082 
811     0.055245 
812     0.058091 
813     0.044469 
814     0.035464 
815     0.037423 
816     0.034836 
817     0.024014 
818     0.018352 
819     0.016465 
820     0.018649 
821     0.014466 
822     0.020823 
823     0.028606 
824     0.034929 
825     0.031567 
826     0.034941 
827     0.037630 
828     0.036870 
829     0.036436 
830     0.035560 
831     0.030339 
832     0.027022 
833     0.025156 
834     0.019912 
835     0.027318 
836     0.039385 
837     0.051847 
838     0.056924 
839     0.063867 
840     0.067773 
841     0.062023 
842     0.047613 
843     0.044323 
844     0.044366 
845     0.023354 
846     0.024321 
847     0.030193 
848     0.033304 
849     0.032324 
850     0.033724 
851     0.035095 
852     0.038771 
853     0.036309 
854     0.036545 
855     0.030119 
856     0.032443 
857     0.029586 
858     0.014940 
859     0.008057 
860     0.014745 
861     0.008043 
862     0.017572 
863     0.031379 
864     0.027081 
865     0.015743 
866     0.005547 
867     0.007049 
868     0.009060 
869     0.011594 
870     0.020531 
871     0.021456 
872     0.021850 
873     0.024257 
874     0.024408 
875     0.019119 
876     0.019024 
877     0.011490 
878     0.011223 
879     0.011409 
880     0.010868 
881     0.008030 
882     0.006366 
883     0.002882 
884     0.003622 
885     0.006336 
886     0.007767 
887     0.014542 
888     0.018002 
889     0.006669 
890     0.013889 
891     0.012914 
892     0.011342 
893     0.011275 
894     0.015919 
895     0.015404 
896     0.012822 
897     0.012150 
898     0.012446 
899     0.011156 
900     0.007641 
901     0.009669 
902     0.010516 
903     0.011390 
904     0.010235 
905     0.015121 
906     0.025059 
907     0.035428 
908     0.034990 
909     0.033464 
910     0.021528 
911     0.025338 
912     0.017671 
913     0.010894 
914     0.009865 
915     0.007289 
916     0.006950 
917     0.004199 
918     0.005241 
919     0.003001 
920     0.012627 
921     0.016360 
922     0.023370 
923     0.059820 
