  1     0.008335 
  2     0.012815 
  3     0.011223 
  4     0.011656 
  5     0.010322 
  6     0.010966 
  7     0.008408 
  8     0.009335 
  9     0.006827 
 10     0.009145 
 11     0.010692 
 12     0.010531 
 13     0.010413 
 14     0.008296 
 15     0.009466 
 16     0.010114 
 17     0.012359 
 18     0.013387 
 19     0.016899 
 20     0.022635 
 21     0.035379 
 22     0.025422 
 23     0.024278 
 24     0.018723 
 25     0.017819 
 26     0.014148 
 27     0.012885 
 28     0.013296 
 29     0.013383 
 30     0.015371 
 31     0.014333 
 32     0.013753 
 33     0.013889 
 34     0.012307 
 35     0.011673 
 36     0.010690 
 37     0.012527 
 38     0.008298 
 39     0.013618 
 40     0.015953 
 41     0.025170 
 42     0.034390 
 43     0.043386 
 44     0.056959 
 45     0.065831 
 46     0.052504 
 47     0.039453 
 48     0.026528 
 49     0.019552 
 50     0.013026 
 51     0.012999 
 52     0.017679 
 53     0.022158 
 54     0.022316 
 55     0.022810 
 56     0.024076 
 57     0.028152 
 58     0.030758 
 59     0.021038 
 60     0.021698 
 61     0.039326 
 62     0.043475 
 63     0.043317 
 64     0.036143 
 65     0.027749 
 66     0.017180 
 67     0.012685 
 68     0.009844 
 69     0.004563 
 70     0.007545 
 71     0.010838 
 72     0.009118 
 73     0.009753 
 74     0.018204 
 75     0.025184 
 76     0.036063 
 77     0.029836 
 78     0.040193 
 79     0.044310 
 80     0.053428 
 81     0.038015 
 82     0.027886 
 83     0.036993 
 84     0.044155 
 85     0.033833 
 86     0.021007 
 87     0.031269 
 88     0.041457 
 89     0.033058 
 90     0.039216 
 91     0.027485 
 92     0.026228 
 93     0.011019 
 94     0.017929 
 95     0.028451 
 96     0.041981 
 97     0.070984 
 98     0.074559 
 99     0.053507 
100     0.037773 
101     0.020796 
102     0.022052 
103     0.021514 
104     0.031536 
105     0.042423 
106     0.060726 
107     0.052426 
108     0.052761 
109     0.044144 
110     0.041576 
111     0.029253 
112     0.013001 
113     0.012018 
114     0.014621 
115     0.012738 
116     0.005313 
117     0.008231 
118     0.011366 
119     0.007410 
120     0.004957 
121     0.008964 
122     0.011470 
123     0.006708 
124     0.005922 
125     0.007532 
126     0.009972 
127     0.008531 
128     0.006689 
129     0.007935 
130     0.009566 
131     0.007039 
132     0.004407 
133     0.004479 
134     0.005742 
135     0.005924 
136     0.001977 
137     0.005276 
138     0.007560 
139     0.009681 
140     0.008334 
141     0.009777 
142     0.009530 
143     0.012564 
144     0.015957 
145     0.022768 
146     0.010713 
147     0.011911 
148     0.013641 
149     0.010938 
150     0.009825 
151     0.010270 
152     0.012354 
153     0.011046 
154     0.006340 
155     0.008615 
156     0.011489 
157     0.008461 
158     0.005209 
159     0.008861 
160     0.011491 
161     0.008166 
162     0.006699 
163     0.002024 
164     0.005859 
165     0.007514 
166     0.011835 
167     0.012788 
168     0.010166 
169     0.012055 
170     0.012222 
171     0.011250 
172     0.010664 
173     0.011545 
174     0.011105 
175     0.008818 
176     0.007755 
177     0.008798 
178     0.007657 
179     0.005004 
180     0.002219 
181     0.007447 
182     0.011221 
183     0.028653 
184     0.042513 
185     0.045070 
186     0.051668 
187     0.037259 
188     0.028201 
189     0.019032 
190     0.011297 
191     0.005755 
192     0.005818 
193     0.006058 
194     0.007923 
195     0.007615 
196     0.009482 
197     0.009099 
198     0.008836 
199     0.008917 
200     0.008018 
201     0.009442 
202     0.006939 
203     0.007434 
204     0.007427 
205     0.011414 
206     0.015743 
207     0.023141 
208     0.036608 
209     0.047483 
210     0.070493 
211     0.091123 
212     0.089537 
213     0.047692 
214     0.043737 
215     0.031512 
216     0.016810 
217     0.017060 
218     0.014560 
219     0.014965 
220     0.009494 
221     0.008928 
222     0.007763 
223     0.007888 
224     0.007757 
225     0.016659 
226     0.007912 
227     0.008726 
228     0.007674 
229     0.006560 
230     0.004415 
231     0.003621 
232     0.005920 
233     0.005785 
234     0.003405 
235     0.006331 
236     0.005746 
237     0.001651 
238     0.003104 
239     0.001890 
240     0.002069 
241     0.005423 
242     0.003928 
243     0.006626 
244     0.009389 
245     0.009430 
246     0.009338 
247     0.012939 
248     0.016650 
249     0.014956 
250     0.012967 
251     0.013987 
252     0.012491 
253     0.012637 
254     0.015916 
255     0.013858 
256     0.010446 
257     0.012083 
258     0.013507 
259     0.010709 
260     0.013651 
261     0.010900 
262     0.005757 
263     0.005322 
264     0.010593 
265     0.008474 
266     0.006600 
267     0.010804 
268     0.015071 
269     0.014030 
270     0.013547 
271     0.017304 
272     0.020926 
273     0.020095 
274     0.020560 
275     0.024837 
276     0.029174 
277     0.027324 
278     0.022561 
279     0.019368 
280     0.014608 
281     0.010832 
282     0.013081 
283     0.012929 
284     0.011417 
285     0.008929 
286     0.007988 
287     0.010282 
288     0.034556 
289     0.045674 
290     0.098690 
291     0.079529 
292     0.054635 
293     0.027523 
294     0.023014 
295     0.016693 
296     0.013202 
297     0.011667 
298     0.006278 
299     0.010558 
300     0.013522 
301     0.019499 
302     0.021620 
303     0.022492 
304     0.016687 
305     0.015515 
306     0.017280 
307     0.018359 
308     0.013708 
309     0.013180 
310     0.013290 
311     0.009832 
312     0.005505 
313     0.008328 
314     0.005865 
315     0.005142 
316     0.004936 
317     0.005125 
318     0.004611 
319     0.003567 
320     0.003909 
321     0.007123 
322     0.003738 
323     0.004195 
324     0.006063 
325     0.006548 
326     0.007183 
327     0.012326 
328     0.013874 
329     0.019004 
330     0.019513 
331     0.018663 
332     0.022427 
333     0.022701 
334     0.018664 
335     0.020355 
336     0.008720 
337     0.008172 
338     0.004196 
339     0.004790 
340     0.008300 
341     0.008842 
342     0.009959 
343     0.007844 
344     0.005735 
345     0.008104 
346     0.011209 
347     0.012996 
348     0.015096 
349     0.008001 
350     0.006946 
351     0.011594 
352     0.013235 
353     0.008988 
354     0.009590 
355     0.014880 
356     0.016349 
357     0.013506 
358     0.013639 
359     0.008495 
360     0.004156 
361     0.002979 
362     0.002845 
363     0.005299 
364     0.004598 
365     0.007259 
366     0.009005 
367     0.008902 
368     0.011056 
369     0.011775 
370     0.010145 
371     0.010634 
372     0.011041 
373     0.012107 
374     0.011596 
375     0.011494 
376     0.013193 
377     0.015749 
378     0.014491 
379     0.014266 
380     0.017117 
381     0.021634 
382     0.023642 
383     0.017634 
384     0.017741 
385     0.019672 
386     0.031721 
387     0.029103 
388     0.052611 
389     0.030425 
390     0.047864 
391     0.046105 
392     0.058425 
393     0.070131 
394     0.095453 
395     0.093067 
396     0.089510 
397     0.052754 
398     0.034067 
399     0.025342 
400     0.019733 
401     0.005845 
402     0.003866 
403     0.019807 
404     0.036009 
405     0.015833 
406     0.014558 
407     0.015799 
408     0.012175 
409     0.015164 
410     0.026160 
411     0.021948 
412     0.033296 
413     0.041467 
414     0.055021 
415     0.068478 
416     0.049178 
417     0.050934 
418     0.047064 
419     0.049448 
420     0.041668 
421     0.033234 
422     0.029034 
423     0.023205 
424     0.019903 
425     0.047208 
426     0.041624 
427     0.055621 
428     0.056456 
429     0.085324 
430     0.098900 
431     0.075389 
432     0.046501 
433     0.053403 
434     0.048644 
435     0.061066 
436     0.055437 
437     0.055195 
438     0.025367 
439     0.027987 
440     0.012906 
441     0.009894 
442     0.015323 
443     0.022587 
444     0.036183 
445     0.030925 
446     0.019704 
447     0.019567 
448     0.018378 
449     0.024318 
450     0.033523 
451     0.018842 
452     0.009107 
453     0.011662 
454     0.007926 
455     0.008184 
456     0.027560 
457     0.046397 
458     0.060783 
459     0.050913 
460     0.070225 
461     0.068678 
462     0.038019 
463     0.033667 
464     0.022245 
465     0.033086 
466     0.066673 
467     0.072633 
468     0.078917 
469     0.067265 
470     0.037979 
471     0.047443 
472     0.025411 
473     0.026841 
474     0.023121 
475     0.028094 
476     0.031223 
477     0.031386 
478     0.039855 
479     0.037135 
480     0.041882 
481     0.032567 
482     0.036490 
483     0.025407 
484     0.027237 
485     0.025533 
486     0.025859 
487     0.030541 
488     0.028556 
489     0.035107 
490     0.037854 
491     0.063820 
492     0.059323 
493     0.061943 
494     0.076912 
495     0.069454 
496     0.062786 
497     0.059281 
498     0.053440 
499     0.039584 
500     0.021070 
501     0.015526 
502     0.013351 
503     0.017311 
504     0.015286 
505     0.017602 
506     0.011462 
507     0.041254 
508     0.065842 
509     0.052741 
510     0.010639 
511     0.013268 
512     0.031133 
513     0.044907 
514     0.044324 
515     0.035698 
516     0.067261 
517     0.097369 
518     0.071863 
519     0.072118 
520     0.124985 
521     0.134560 
522     0.086391 
523     0.066723 
524     0.038261 
525     0.044742 
526     0.021479 
527     0.018001 
528     0.049140 
529     0.043030 
530     0.038798 
531     0.063938 
532     0.065767 
533     0.061045 
534     0.069405 
535     0.071176 
536     0.067999 
537     0.067841 
538     0.078029 
539     0.065753 
540     0.064023 
541     0.065550 
542     0.062573 
543     0.047679 
544     0.045895 
545     0.064217 
546     0.046241 
547     0.035021 
548     0.063782 
549     0.056143 
550     0.037108 
551     0.070903 
552     0.082004 
553     0.058307 
554     0.076554 
555     0.091662 
556     0.062504 
557     0.048754 
558     0.069658 
559     0.092198 
560     0.092704 
561     0.057132 
562     0.048200 
563     0.065666 
564     0.062577 
565     0.034052 
566     0.025965 
567     0.048661 
568     0.051622 
569     0.035932 
570     0.042962 
571     0.062662 
572     0.062553 
573     0.061010 
574     0.078357 
575     0.077006 
576     0.077572 
577     0.095405 
578     0.093331 
579     0.070387 
580     0.073748 
581     0.058730 
582     0.053762 
583     0.065346 
584     0.062823 
585     0.061803 
586     0.062377 
587     0.065785 
588     0.067172 
589     0.075159 
590     0.065609 
591     0.057413 
592     0.061234 
593     0.067939 
594     0.053746 
595     0.041803 
596     0.047547 
597     0.033192 
598     0.027575 
599     0.047204 
600     0.036406 
601     0.033226 
602     0.056005 
603     0.072975 
604     0.109443 
605     0.304653 
606     0.028839 
607     0.026692 
608     0.029623 
609     0.024762 
610     0.029464 
611     0.029716 
612     0.034930 
613     0.033262 
614     0.032632 
615     0.037801 
616     0.047492 
617     0.035358 
618     0.030629 
619     0.038308 
620     0.030183 
621     0.017408 
622     0.020523 
623     0.016222 
624     0.007877 
625     0.006525 
626     0.012835 
627     0.012298 
628     0.015562 
629     0.018954 
630     0.024797 
631     0.028016 
632     0.022704 
633     0.021299 
634     0.027922 
635     0.023454 
636     0.013439 
637     0.014681 
638     0.016143 
639     0.012123 
640     0.005820 
641     0.009222 
642     0.008909 
643     0.011014 
644     0.008167 
645     0.014232 
646     0.017205 
647     0.010238 
648     0.012047 
649     0.015852 
650     0.013455 
651     0.011396 
652     0.012758 
653     0.011233 
654     0.017241 
655     0.015899 
656     0.010204 
657     0.013933 
658     0.015665 
659     0.009046 
660     0.007418 
661     0.007658 
662     0.006929 
663     0.005827 
664     0.004260 
665     0.003471 
666     0.004141 
667     0.007467 
668     0.004918 
669     0.003445 
670     0.002506 
671     0.004830 
672     0.002911 
673     0.001635 
674     0.003591 
675     0.004691 
676     0.004392 
677     0.009054 
678     0.007975 
679     0.013004 
680     0.010121 
681     0.010906 
682     0.006461 
683     0.002215 
684     0.001411 
685     0.004026 
686     0.003708 
687     0.001646 
688     0.002344 
689     0.002979 
690     0.002550 
691     0.002252 
692     0.002738 
693     0.002803 
694     0.002458 
695     0.002827 
696     0.002711 
697     0.001012 
698     0.002476 
699     0.005071 
700     0.006856 
701     0.007749 
702     0.007130 
703     0.011297 
704     0.013360 
705     0.011058 
706     0.007107 
707     0.005067 
708     0.005031 
709     0.005644 
710     0.005426 
711     0.008673 
712     0.010237 
713     0.012446 
714     0.013540 
715     0.015037 
716     0.014599 
717     0.016152 
718     0.019693 
719     0.017053 
720     0.010825 
721     0.012350 
722     0.016877 
723     0.015746 
724     0.015679 
725     0.012043 
726     0.008854 
727     0.012533 
728     0.019240 
729     0.015414 
730     0.013010 
731     0.015939 
732     0.010420 
733     0.007494 
734     0.006951 
735     0.008945 
736     0.008339 
737     0.005436 
738     0.006939 
739     0.009241 
740     0.009058 
741     0.013826 
742     0.013173 
743     0.009188 
744     0.009976 
745     0.006945 
746     0.005927 
747     0.006352 
748     0.010234 
749     0.008392 
750     0.011251 
751     0.011296 
752     0.007877 
753     0.010544 
754     0.014377 
755     0.010783 
756     0.012533 
757     0.008729 
758     0.009421 
759     0.007280 
760     0.006916 
761     0.012520 
762     0.013740 
763     0.021300 
764     0.031387 
765     0.060884 
766     0.032294 
767     0.027733 
768     0.033576 
769     0.031297 
770     0.026105 
771     0.024331 
772     0.025980 
773     0.027071 
774     0.019600 
775     0.019106 
776     0.021376 
777     0.018814 
778     0.007010 
779     0.011652 
780     0.010365 
781     0.004726 
782     0.012301 
783     0.013649 
784     0.011953 
785     0.015897 
786     0.020929 
787     0.016074 
788     0.016938 
789     0.015234 
790     0.012733 
791     0.010550 
792     0.011559 
793     0.008686 
794     0.008642 
795     0.009792 
796     0.023592 
797     0.025690 
798     0.017543 
799     0.023787 
800     0.037531 
801     0.029601 
802     0.018386 
803     0.024395 
804     0.027854 
805     0.015662 
806     0.012826 
807     0.014507 
808     0.010241 
809     0.007114 
810     0.012029 
811     0.011068 
812     0.010720 
813     0.013755 
814     0.014727 
815     0.013217 
816     0.012271 
817     0.014435 
818     0.010210 
819     0.008712 
820     0.008730 
821     0.006393 
822     0.002691 
823     0.002984 
824     0.001767 
825     0.002889 
826     0.002713 
827     0.002391 
828     0.002302 
829     0.002413 
830     0.003515 
831     0.003042 
832     0.002646 
833     0.004995 
834     0.007493 
835     0.009329 
836     0.007617 
837     0.008939 
838     0.005590 
839     0.009274 
840     0.010885 
841     0.014618 
842     0.010325 
843     0.011051 
844     0.006512 
845     0.003522 
846     0.003167 
847     0.001433 
848     0.001404 
849     0.001764 
850     0.001784 
851     0.002188 
852     0.001865 
853     0.002572 
854     0.003021 
855     0.004636 
856     0.004015 
857     0.005079 
858     0.007119 
859     0.007964 
860     0.008905 
861     0.010378 
862     0.010990 
863     0.014645 
864     0.018773 
865     0.011300 
866     0.010696 
867     0.010054 
868     0.007124 
869     0.007868 
870     0.006987 
871     0.008362 
872     0.010357 
873     0.011490 
874     0.011469 
875     0.011523 
876     0.012821 
877     0.010955 
878     0.006840 
879     0.005962 
880     0.008941 
881     0.009554 
882     0.009118 
883     0.008088 
884     0.006483 
885     0.005246 
886     0.003859 
887     0.001337 
888     0.009149 
889     0.006441 
890     0.008254 
891     0.008152 
892     0.007846 
893     0.005978 
894     0.008225 
895     0.009072 
896     0.008475 
897     0.007390 
898     0.006509 
899     0.007640 
900     0.007594 
901     0.007970 
902     0.007288 
903     0.004317 
904     0.002857 
905     0.008881 
906     0.018863 
907     0.032571 
908     0.033915 
909     0.026286 
910     0.009117 
911     0.011057 
912     0.005679 
913     0.005144 
914     0.007142 
915     0.008077 
916     0.008136 
917     0.006886 
918     0.007047 
919     0.005070 
920     0.002958 
921     0.002715 
922     0.007849 
923     0.084332 
