  1     0.040869 
  2     0.052290 
  3     0.039819 
  4     0.026122 
  5     0.020331 
  6     0.015995 
  7     0.012590 
  8     0.012216 
  9     0.006627 
 10     0.009374 
 11     0.009240 
 12     0.010287 
 13     0.011526 
 14     0.008480 
 15     0.008305 
 16     0.009323 
 17     0.011706 
 18     0.019084 
 19     0.027964 
 20     0.045640 
 21     0.110461 
 22     0.083779 
 23     0.060053 
 24     0.026538 
 25     0.015456 
 26     0.013840 
 27     0.010259 
 28     0.018555 
 29     0.019304 
 30     0.035848 
 31     0.030207 
 32     0.028630 
 33     0.024593 
 34     0.016500 
 35     0.014415 
 36     0.019034 
 37     0.014388 
 38     0.006973 
 39     0.012084 
 40     0.021347 
 41     0.025191 
 42     0.035446 
 43     0.039435 
 44     0.053479 
 45     0.063077 
 46     0.060231 
 47     0.053716 
 48     0.051025 
 49     0.034754 
 50     0.025748 
 51     0.021385 
 52     0.020987 
 53     0.022504 
 54     0.021011 
 55     0.015493 
 56     0.018975 
 57     0.019112 
 58     0.018242 
 59     0.019407 
 60     0.022308 
 61     0.026858 
 62     0.021512 
 63     0.022109 
 64     0.023171 
 65     0.021814 
 66     0.022104 
 67     0.023038 
 68     0.017088 
 69     0.011007 
 70     0.013325 
 71     0.033957 
 72     0.045319 
 73     0.027449 
 74     0.030461 
 75     0.036349 
 76     0.031176 
 77     0.030362 
 78     0.030357 
 79     0.037174 
 80     0.061823 
 81     0.080190 
 82     0.053024 
 83     0.076934 
 84     0.135658 
 85     0.111196 
 86     0.095249 
 87     0.174604 
 88     0.183188 
 89     0.039680 
 90     0.032006 
 91     0.020329 
 92     0.026012 
 93     0.025632 
 94     0.024474 
 95     0.041884 
 96     0.033040 
 97     0.146817 
 98     0.129202 
 99     0.055708 
100     0.034929 
101     0.025212 
102     0.023273 
103     0.016419 
104     0.016157 
105     0.020356 
106     0.046958 
107     0.032553 
108     0.018109 
109     0.013060 
110     0.014939 
111     0.018817 
112     0.016094 
113     0.012023 
114     0.011190 
115     0.007808 
116     0.006461 
117     0.007344 
118     0.004771 
119     0.006386 
120     0.002495 
121     0.007087 
122     0.008685 
123     0.009716 
124     0.011360 
125     0.024950 
126     0.015012 
127     0.016571 
128     0.041520 
129     0.021717 
130     0.044428 
131     0.048177 
132     0.030752 
133     0.105468 
134     0.065962 
135     0.031382 
136     0.022170 
137     0.020496 
138     0.020259 
139     0.019744 
140     0.014605 
141     0.012868 
142     0.013394 
143     0.023334 
144     0.020841 
145     0.025136 
146     0.031799 
147     0.050248 
148     0.039981 
149     0.037742 
150     0.033191 
151     0.031694 
152     0.032126 
153     0.026062 
154     0.020339 
155     0.027602 
156     0.024206 
157     0.017322 
158     0.021126 
159     0.025339 
160     0.020749 
161     0.015952 
162     0.023852 
163     0.022619 
164     0.023374 
165     0.021414 
166     0.023429 
167     0.023402 
168     0.013096 
169     0.012534 
170     0.016998 
171     0.017435 
172     0.020083 
173     0.019727 
174     0.017361 
175     0.020655 
176     0.019492 
177     0.021587 
178     0.019170 
179     0.023461 
180     0.020344 
181     0.020343 
182     0.027627 
183     0.023255 
184     0.028488 
185     0.021729 
186     0.024193 
187     0.021526 
188     0.023032 
189     0.010131 
190     0.016107 
191     0.014396 
192     0.019051 
193     0.021877 
194     0.024986 
195     0.026513 
196     0.025993 
197     0.026752 
198     0.028690 
199     0.029459 
200     0.026450 
201     0.025771 
202     0.021036 
203     0.022656 
204     0.018773 
205     0.017978 
206     0.011411 
207     0.012626 
208     0.009577 
209     0.020546 
210     0.040039 
211     0.059049 
212     0.063620 
213     0.034954 
214     0.024056 
215     0.017628 
216     0.022071 
217     0.023724 
218     0.024811 
219     0.032977 
220     0.030671 
221     0.027147 
222     0.031993 
223     0.029825 
224     0.029897 
225     0.034436 
226     0.030194 
227     0.027700 
228     0.029097 
229     0.045212 
230     0.057303 
231     0.049571 
232     0.033513 
233     0.034364 
234     0.041595 
235     0.035058 
236     0.023105 
237     0.020383 
238     0.026377 
239     0.020609 
240     0.005276 
241     0.005061 
242     0.018191 
243     0.027893 
244     0.025541 
245     0.029952 
246     0.045049 
247     0.056444 
248     0.048241 
249     0.050809 
250     0.036553 
251     0.023305 
252     0.023982 
253     0.027090 
254     0.039751 
255     0.027818 
256     0.025769 
257     0.025548 
258     0.025225 
259     0.029378 
260     0.027295 
261     0.031701 
262     0.024794 
263     0.034738 
264     0.049000 
265     0.031201 
266     0.027266 
267     0.040903 
268     0.037513 
269     0.020948 
270     0.021606 
271     0.015712 
272     0.014792 
273     0.002791 
274     0.004868 
275     0.009520 
276     0.016477 
277     0.019398 
278     0.018635 
279     0.017917 
280     0.021570 
281     0.019211 
282     0.027890 
283     0.028014 
284     0.023107 
285     0.026887 
286     0.030642 
287     0.033606 
288     0.046288 
289     0.023682 
290     0.295445 
291     0.155326 
292     0.130297 
293     0.078195 
294     0.041105 
295     0.027532 
296     0.023218 
297     0.022979 
298     0.015628 
299     0.019083 
300     0.011228 
301     0.018016 
302     0.016204 
303     0.026948 
304     0.022262 
305     0.018291 
306     0.023739 
307     0.032970 
308     0.031576 
309     0.029722 
310     0.030926 
311     0.036726 
312     0.031190 
313     0.027534 
314     0.030024 
315     0.028414 
316     0.023284 
317     0.029462 
318     0.029355 
319     0.026865 
320     0.022325 
321     0.031053 
322     0.033309 
323     0.028241 
324     0.030907 
325     0.041247 
326     0.041029 
327     0.041872 
328     0.049994 
329     0.045675 
330     0.039735 
331     0.032981 
332     0.031618 
333     0.026517 
334     0.013351 
335     0.017133 
336     0.022454 
337     0.027256 
338     0.021966 
339     0.024302 
340     0.024456 
341     0.023130 
342     0.023864 
343     0.026134 
344     0.026222 
345     0.023181 
346     0.018840 
347     0.012013 
348     0.016101 
349     0.023417 
350     0.026952 
351     0.021055 
352     0.028634 
353     0.031393 
354     0.024938 
355     0.031891 
356     0.036083 
357     0.033662 
358     0.032773 
359     0.027219 
360     0.024311 
361     0.029104 
362     0.028272 
363     0.022307 
364     0.022239 
365     0.020432 
366     0.022610 
367     0.023422 
368     0.021858 
369     0.019058 
370     0.020984 
371     0.017395 
372     0.013340 
373     0.013777 
374     0.019455 
375     0.015372 
376     0.016532 
377     0.019215 
378     0.021831 
379     0.023051 
380     0.023869 
381     0.030672 
382     0.040235 
383     0.042068 
384     0.040379 
385     0.065652 
386     0.084572 
387     0.066620 
388     0.026441 
389     0.023554 
390     0.023402 
391     0.022730 
392     0.008680 
393     0.017537 
394     0.034680 
395     0.036064 
396     0.020715 
397     0.004486 
398     0.005580 
399     0.005235 
400     0.008541 
401     0.010320 
402     0.010753 
403     0.012852 
404     0.015132 
405     0.011577 
406     0.013671 
407     0.013466 
408     0.010956 
409     0.012929 
410     0.013561 
411     0.014418 
412     0.013486 
413     0.010953 
414     0.009531 
415     0.015993 
416     0.005681 
417     0.016055 
418     0.007404 
419     0.010706 
420     0.012631 
421     0.017790 
422     0.014669 
423     0.017578 
424     0.017773 
425     0.012385 
426     0.011043 
427     0.009369 
428     0.009080 
429     0.013455 
430     0.020779 
431     0.022404 
432     0.020830 
433     0.011021 
434     0.007483 
435     0.002292 
436     0.008472 
437     0.014943 
438     0.016452 
439     0.015002 
440     0.008932 
441     0.003004 
442     0.004926 
443     0.008971 
444     0.011114 
445     0.013328 
446     0.013012 
447     0.014182 
448     0.010712 
449     0.010964 
450     0.013974 
451     0.009777 
452     0.010476 
453     0.008208 
454     0.010197 
455     0.009258 
456     0.017565 
457     0.016698 
458     0.016005 
459     0.012163 
460     0.010135 
461     0.012933 
462     0.009775 
463     0.017940 
464     0.020582 
465     0.022945 
466     0.025207 
467     0.018300 
468     0.014371 
469     0.015334 
470     0.007898 
471     0.002171 
472     0.005915 
473     0.012129 
474     0.015153 
475     0.016859 
476     0.011544 
477     0.013767 
478     0.010281 
479     0.021001 
480     0.019476 
481     0.037705 
482     0.019640 
483     0.019322 
484     0.007897 
485     0.007293 
486     0.014673 
487     0.021175 
488     0.016459 
489     0.014013 
490     0.009794 
491     0.013628 
492     0.016465 
493     0.018372 
494     0.020296 
495     0.017704 
496     0.017550 
497     0.018218 
498     0.020080 
499     0.020898 
500     0.003355 
501     0.013057 
502     0.020478 
503     0.021208 
504     0.028083 
505     0.024732 
506     0.020189 
507     0.022742 
508     0.024012 
509     0.025773 
510     0.030812 
511     0.024131 
512     0.019524 
513     0.027159 
514     0.022960 
515     0.018443 
516     0.025632 
517     0.022865 
518     0.018134 
519     0.022884 
520     0.029514 
521     0.026337 
522     0.025900 
523     0.029418 
524     0.040718 
525     0.031664 
526     0.016356 
527     0.013968 
528     0.014871 
529     0.012456 
530     0.005892 
531     0.006398 
532     0.008646 
533     0.006361 
534     0.006323 
535     0.005615 
536     0.004957 
537     0.005643 
538     0.008398 
539     0.006883 
540     0.009575 
541     0.012185 
542     0.008605 
543     0.009523 
544     0.009365 
545     0.010364 
546     0.007656 
547     0.005866 
548     0.005637 
549     0.008100 
550     0.007036 
551     0.008365 
552     0.009566 
553     0.008644 
554     0.008540 
555     0.009262 
556     0.009744 
557     0.010006 
558     0.011667 
559     0.011102 
560     0.012163 
561     0.011779 
562     0.010953 
563     0.011273 
564     0.010950 
565     0.010850 
566     0.010896 
567     0.009383 
568     0.009303 
569     0.010769 
570     0.011062 
571     0.008810 
572     0.009066 
573     0.012449 
574     0.012390 
575     0.010281 
576     0.011313 
577     0.017374 
578     0.017264 
579     0.018744 
580     0.012391 
581     0.004256 
582     0.010346 
583     0.008447 
584     0.004939 
585     0.006574 
586     0.007225 
587     0.006924 
588     0.008134 
589     0.009433 
590     0.008453 
591     0.009540 
592     0.010021 
593     0.009676 
594     0.010270 
595     0.010692 
596     0.012891 
597     0.012423 
598     0.010892 
599     0.010480 
600     0.011441 
601     0.009685 
602     0.007387 
603     0.008663 
604     0.038062 
605     0.005966 
606     0.028659 
607     0.017576 
608     0.007038 
609     0.007040 
610     0.017749 
611     0.019998 
612     0.013770 
613     0.017360 
614     0.018182 
615     0.020350 
616     0.011517 
617     0.007526 
618     0.011922 
619     0.017075 
620     0.014162 
621     0.021754 
622     0.018675 
623     0.016500 
624     0.016076 
625     0.023886 
626     0.024195 
627     0.018371 
628     0.015185 
629     0.020634 
630     0.031707 
631     0.020966 
632     0.023406 
633     0.018169 
634     0.014886 
635     0.016508 
636     0.007074 
637     0.014673 
638     0.025851 
639     0.024586 
640     0.043199 
641     0.048496 
642     0.074752 
643     0.086607 
644     0.102597 
645     0.111840 
646     0.104068 
647     0.111036 
648     0.134265 
649     0.110316 
650     0.081713 
651     0.085188 
652     0.048212 
653     0.051184 
654     0.034536 
655     0.034735 
656     0.026593 
657     0.034633 
658     0.037248 
659     0.028533 
660     0.024421 
661     0.022082 
662     0.024513 
663     0.021162 
664     0.019524 
665     0.020689 
666     0.022789 
667     0.018905 
668     0.021241 
669     0.019850 
670     0.016072 
671     0.016744 
672     0.016739 
673     0.014695 
674     0.016926 
675     0.020393 
676     0.017188 
677     0.011244 
678     0.021641 
679     0.029929 
680     0.026585 
681     0.034199 
682     0.024186 
683     0.014985 
684     0.017281 
685     0.018773 
686     0.017506 
687     0.017834 
688     0.015214 
689     0.013302 
690     0.014396 
691     0.011642 
692     0.011553 
693     0.009894 
694     0.009428 
695     0.012119 
696     0.011350 
697     0.014377 
698     0.012123 
699     0.018390 
700     0.024144 
701     0.026332 
702     0.026962 
703     0.029813 
704     0.034757 
705     0.024712 
706     0.024369 
707     0.023450 
708     0.025336 
709     0.018736 
710     0.019826 
711     0.030069 
712     0.021528 
713     0.019471 
714     0.023610 
715     0.025586 
716     0.023518 
717     0.019797 
718     0.019728 
719     0.018353 
720     0.016368 
721     0.015501 
722     0.016213 
723     0.016462 
724     0.015648 
725     0.017868 
726     0.016824 
727     0.019851 
728     0.021749 
729     0.017909 
730     0.021202 
731     0.023613 
732     0.018351 
733     0.018254 
734     0.016581 
735     0.020497 
736     0.019803 
737     0.018428 
738     0.014281 
739     0.013027 
740     0.015308 
741     0.018794 
742     0.020481 
743     0.024074 
744     0.021678 
745     0.022323 
746     0.015971 
747     0.022311 
748     0.026867 
749     0.032634 
750     0.021712 
751     0.017591 
752     0.019838 
753     0.024335 
754     0.020295 
755     0.020794 
756     0.017476 
757     0.014773 
758     0.014455 
759     0.017789 
760     0.015514 
761     0.019648 
762     0.019428 
763     0.029224 
764     0.054636 
765     0.120438 
766     0.018267 
767     0.020554 
768     0.010599 
769     0.029968 
770     0.032198 
771     0.043646 
772     0.054317 
773     0.032469 
774     0.028724 
775     0.033065 
776     0.020762 
777     0.007237 
778     0.017081 
779     0.024022 
780     0.027982 
781     0.028227 
782     0.041665 
783     0.039452 
784     0.032857 
785     0.027585 
786     0.028660 
787     0.023171 
788     0.017475 
789     0.022799 
790     0.019166 
791     0.024058 
792     0.029680 
793     0.043067 
794     0.024755 
795     0.017532 
796     0.029835 
797     0.031395 
798     0.018148 
799     0.023724 
800     0.009389 
801     0.042389 
802     0.061150 
803     0.036735 
804     0.041003 
805     0.076927 
806     0.061640 
807     0.040812 
808     0.083274 
809     0.080106 
810     0.049029 
811     0.066475 
812     0.090494 
813     0.054333 
814     0.036826 
815     0.056446 
816     0.043744 
817     0.025447 
818     0.023023 
819     0.013605 
820     0.010133 
821     0.011761 
822     0.013729 
823     0.012761 
824     0.009363 
825     0.009160 
826     0.014908 
827     0.014610 
828     0.017011 
829     0.026295 
830     0.019244 
831     0.018465 
832     0.025978 
833     0.019573 
834     0.016077 
835     0.025339 
836     0.022603 
837     0.017151 
838     0.013791 
839     0.018574 
840     0.023611 
841     0.027300 
842     0.014923 
843     0.019564 
844     0.018333 
845     0.015761 
846     0.025265 
847     0.038372 
848     0.026026 
849     0.022579 
850     0.026837 
851     0.027344 
852     0.022616 
853     0.022411 
854     0.019768 
855     0.017392 
856     0.017157 
857     0.008270 
858     0.004389 
859     0.012823 
860     0.014259 
861     0.002280 
862     0.015385 
863     0.026554 
864     0.010520 
865     0.009376 
866     0.017338 
867     0.011077 
868     0.006945 
869     0.005352 
870     0.005691 
871     0.005418 
872     0.004307 
873     0.006240 
874     0.007357 
875     0.005623 
876     0.005754 
877     0.007106 
878     0.004540 
879     0.005036 
880     0.005502 
881     0.007507 
882     0.008264 
883     0.009922 
884     0.012709 
885     0.010260 
886     0.007741 
887     0.004604 
888     0.005772 
889     0.005512 
890     0.005735 
891     0.004064 
892     0.005880 
893     0.006553 
894     0.007626 
895     0.006228 
896     0.006034 
897     0.005858 
898     0.006750 
899     0.006291 
900     0.007901 
901     0.004131 
902     0.004076 
903     0.005582 
904     0.008951 
905     0.019594 
906     0.043878 
907     0.070443 
908     0.080352 
909     0.073843 
910     0.021620 
911     0.026106 
912     0.017406 
913     0.008032 
914     0.005769 
915     0.006836 
916     0.007010 
917     0.007970 
918     0.007171 
919     0.005140 
920     0.005894 
921     0.006905 
922     0.007011 
923     0.012414 
