  1     0.026586 
  2     0.011024 
  3     0.008500 
  4     0.010076 
  5     0.010914 
  6     0.006019 
  7     0.007426 
  8     0.006530 
  9     0.004823 
 10     0.009478 
 11     0.015361 
 12     0.020079 
 13     0.017711 
 14     0.014087 
 15     0.013839 
 16     0.015330 
 17     0.011724 
 18     0.012646 
 19     0.010125 
 20     0.016154 
 21     0.012768 
 22     0.006044 
 23     0.010350 
 24     0.011076 
 25     0.017825 
 26     0.017640 
 27     0.027851 
 28     0.037756 
 29     0.036863 
 30     0.035277 
 31     0.030883 
 32     0.035503 
 33     0.030663 
 34     0.027277 
 35     0.019290 
 36     0.023943 
 37     0.028220 
 38     0.021593 
 39     0.032479 
 40     0.036824 
 41     0.047794 
 42     0.059759 
 43     0.069182 
 44     0.086440 
 45     0.096490 
 46     0.082213 
 47     0.068154 
 48     0.054013 
 49     0.043999 
 50     0.036028 
 51     0.034899 
 52     0.038275 
 53     0.040463 
 54     0.043237 
 55     0.040425 
 56     0.037870 
 57     0.040460 
 58     0.045125 
 59     0.028352 
 60     0.029244 
 61     0.062865 
 62     0.067128 
 63     0.070561 
 64     0.059562 
 65     0.049205 
 66     0.034118 
 67     0.027520 
 68     0.016902 
 69     0.006571 
 70     0.007184 
 71     0.016476 
 72     0.013878 
 73     0.016226 
 74     0.031820 
 75     0.041063 
 76     0.061020 
 77     0.054045 
 78     0.077224 
 79     0.081131 
 80     0.094970 
 81     0.068193 
 82     0.056819 
 83     0.078017 
 84     0.088163 
 85     0.066920 
 86     0.051033 
 87     0.072127 
 88     0.080768 
 89     0.061583 
 90     0.064099 
 91     0.045381 
 92     0.038817 
 93     0.012546 
 94     0.012776 
 95     0.040032 
 96     0.058778 
 97     0.109939 
 98     0.121858 
 99     0.087521 
100     0.060364 
101     0.031840 
102     0.028782 
103     0.027307 
104     0.042309 
105     0.065570 
106     0.097192 
107     0.079861 
108     0.077039 
109     0.061249 
110     0.063755 
111     0.047714 
112     0.024585 
113     0.028300 
114     0.035255 
115     0.028514 
116     0.019565 
117     0.029306 
118     0.033127 
119     0.026062 
120     0.025474 
121     0.036371 
122     0.037786 
123     0.025428 
124     0.029630 
125     0.036008 
126     0.033383 
127     0.027968 
128     0.032520 
129     0.039783 
130     0.031805 
131     0.025862 
132     0.032063 
133     0.033954 
134     0.031820 
135     0.029046 
136     0.030133 
137     0.023275 
138     0.014120 
139     0.008182 
140     0.004670 
141     0.003175 
142     0.006738 
143     0.012211 
144     0.016577 
145     0.024283 
146     0.018124 
147     0.030534 
148     0.031601 
149     0.029975 
150     0.022587 
151     0.025075 
152     0.032040 
153     0.027959 
154     0.020882 
155     0.028720 
156     0.034637 
157     0.028332 
158     0.028498 
159     0.037448 
160     0.040631 
161     0.035964 
162     0.039560 
163     0.029983 
164     0.029370 
165     0.021839 
166     0.022825 
167     0.020787 
168     0.012666 
169     0.007729 
170     0.011747 
171     0.011782 
172     0.014105 
173     0.013492 
174     0.010963 
175     0.012954 
176     0.012596 
177     0.011623 
178     0.011269 
179     0.011865 
180     0.010135 
181     0.008590 
182     0.011726 
183     0.016333 
184     0.017463 
185     0.020822 
186     0.028989 
187     0.023099 
188     0.022491 
189     0.016777 
190     0.011602 
191     0.011090 
192     0.013567 
193     0.014677 
194     0.017173 
195     0.019284 
196     0.020006 
197     0.021066 
198     0.022768 
199     0.020823 
200     0.018529 
201     0.018118 
202     0.015556 
203     0.015097 
204     0.012760 
205     0.012795 
206     0.013011 
207     0.016729 
208     0.025841 
209     0.032690 
210     0.045100 
211     0.054950 
212     0.050311 
213     0.036263 
214     0.040273 
215     0.023675 
216     0.015587 
217     0.013617 
218     0.013794 
219     0.016109 
220     0.015702 
221     0.016215 
222     0.017830 
223     0.018126 
224     0.018982 
225     0.030771 
226     0.021871 
227     0.017561 
228     0.016434 
229     0.018770 
230     0.021849 
231     0.019288 
232     0.010420 
233     0.010937 
234     0.013864 
235     0.013619 
236     0.010038 
237     0.011126 
238     0.009087 
239     0.007509 
240     0.010914 
241     0.016530 
242     0.010709 
243     0.017733 
244     0.023633 
245     0.020272 
246     0.020801 
247     0.031589 
248     0.035535 
249     0.029951 
250     0.029043 
251     0.027637 
252     0.026610 
253     0.028052 
254     0.037023 
255     0.033915 
256     0.030386 
257     0.031306 
258     0.030811 
259     0.030020 
260     0.031655 
261     0.031523 
262     0.025465 
263     0.028855 
264     0.037670 
265     0.031618 
266     0.024635 
267     0.029683 
268     0.042408 
269     0.037166 
270     0.029534 
271     0.031974 
272     0.051951 
273     0.048327 
274     0.043467 
275     0.059024 
276     0.073246 
277     0.070950 
278     0.062278 
279     0.056005 
280     0.047000 
281     0.035332 
282     0.039195 
283     0.036645 
284     0.025063 
285     0.024946 
286     0.030084 
287     0.030900 
288     0.071411 
289     0.083473 
290     0.175348 
291     0.143653 
292     0.106718 
293     0.060080 
294     0.049443 
295     0.036905 
296     0.032336 
297     0.032379 
298     0.026633 
299     0.038403 
300     0.040836 
301     0.053302 
302     0.054036 
303     0.056955 
304     0.043136 
305     0.035687 
306     0.040873 
307     0.045781 
308     0.032072 
309     0.028963 
310     0.035746 
311     0.031852 
312     0.020953 
313     0.024660 
314     0.026531 
315     0.024852 
316     0.020033 
317     0.024516 
318     0.021466 
319     0.014812 
320     0.014935 
321     0.012988 
322     0.014258 
323     0.014173 
324     0.012568 
325     0.014340 
326     0.017130 
327     0.016724 
328     0.016492 
329     0.015428 
330     0.011463 
331     0.010509 
332     0.010896 
333     0.012269 
334     0.009725 
335     0.009469 
336     0.010397 
337     0.010105 
338     0.012179 
339     0.012556 
340     0.015439 
341     0.017058 
342     0.019312 
343     0.019659 
344     0.014930 
345     0.010954 
346     0.013284 
347     0.023364 
348     0.031427 
349     0.022360 
350     0.023024 
351     0.030472 
352     0.028553 
353     0.022369 
354     0.022480 
355     0.028685 
356     0.024072 
357     0.015230 
358     0.018125 
359     0.015777 
360     0.017949 
361     0.011437 
362     0.014085 
363     0.013860 
364     0.013006 
365     0.012404 
366     0.014181 
367     0.015560 
368     0.015360 
369     0.014348 
370     0.013421 
371     0.011804 
372     0.008471 
373     0.009113 
374     0.008370 
375     0.003539 
376     0.003458 
377     0.004352 
378     0.004631 
379     0.005856 
380     0.003178 
381     0.012721 
382     0.012212 
383     0.013754 
384     0.020900 
385     0.051645 
386     0.060490 
387     0.043642 
388     0.051444 
389     0.091143 
390     0.107259 
391     0.074722 
392     0.068096 
393     0.104657 
394     0.159673 
395     0.149306 
396     0.078089 
397     0.037861 
398     0.028428 
399     0.018767 
400     0.023087 
401     0.021858 
402     0.031027 
403     0.031920 
404     0.055595 
405     0.023820 
406     0.031057 
407     0.032570 
408     0.029592 
409     0.032347 
410     0.035461 
411     0.028028 
412     0.034462 
413     0.050469 
414     0.065201 
415     0.099455 
416     0.059660 
417     0.070694 
418     0.079210 
419     0.074012 
420     0.047398 
421     0.031788 
422     0.019270 
423     0.018535 
424     0.014256 
425     0.012268 
426     0.013881 
427     0.010273 
428     0.014361 
429     0.019352 
430     0.028176 
431     0.029108 
432     0.028076 
433     0.023172 
434     0.018902 
435     0.017487 
436     0.015353 
437     0.019610 
438     0.012387 
439     0.018784 
440     0.014362 
441     0.014871 
442     0.011056 
443     0.015466 
444     0.028194 
445     0.022419 
446     0.024108 
447     0.020430 
448     0.025141 
449     0.022418 
450     0.018376 
451     0.016297 
452     0.008401 
453     0.012891 
454     0.013777 
455     0.016842 
456     0.010990 
457     0.021018 
458     0.019421 
459     0.015979 
460     0.017505 
461     0.014861 
462     0.012276 
463     0.015471 
464     0.022626 
465     0.024446 
466     0.028062 
467     0.021181 
468     0.016632 
469     0.018592 
470     0.011860 
471     0.009976 
472     0.010258 
473     0.013236 
474     0.016688 
475     0.019033 
476     0.026133 
477     0.033736 
478     0.055820 
479     0.056464 
480     0.069168 
481     0.063092 
482     0.072110 
483     0.044531 
484     0.045443 
485     0.027751 
486     0.025891 
487     0.018778 
488     0.015380 
489     0.013210 
490     0.009992 
491     0.012006 
492     0.012364 
493     0.009537 
494     0.010763 
495     0.012026 
496     0.015785 
497     0.019988 
498     0.021821 
499     0.026749 
500     0.029358 
501     0.045233 
502     0.053172 
503     0.066605 
504     0.089793 
505     0.070078 
506     0.017210 
507     0.040296 
508     0.063045 
509     0.062692 
510     0.040348 
511     0.028887 
512     0.028098 
513     0.021584 
514     0.006581 
515     0.009335 
516     0.016265 
517     0.014086 
518     0.013036 
519     0.009994 
520     0.011985 
521     0.014629 
522     0.013388 
523     0.010055 
524     0.032081 
525     0.030668 
526     0.007318 
527     0.026279 
528     0.037107 
529     0.018401 
530     0.021511 
531     0.038664 
532     0.030398 
533     0.023737 
534     0.041345 
535     0.035774 
536     0.027256 
537     0.033230 
538     0.040047 
539     0.031374 
540     0.029306 
541     0.031244 
542     0.028851 
543     0.024145 
544     0.020986 
545     0.020635 
546     0.016578 
547     0.011848 
548     0.011209 
549     0.008916 
550     0.008402 
551     0.011002 
552     0.015521 
553     0.015254 
554     0.023178 
555     0.034295 
556     0.027015 
557     0.023897 
558     0.032627 
559     0.038063 
560     0.040831 
561     0.029964 
562     0.024552 
563     0.031795 
564     0.033756 
565     0.023787 
566     0.021282 
567     0.030386 
568     0.030724 
569     0.024843 
570     0.027001 
571     0.032918 
572     0.031872 
573     0.029410 
574     0.034102 
575     0.034045 
576     0.033465 
577     0.035676 
578     0.036771 
579     0.029319 
580     0.034646 
581     0.030838 
582     0.031300 
583     0.032774 
584     0.031051 
585     0.035029 
586     0.035108 
587     0.034859 
588     0.035641 
589     0.039468 
590     0.035267 
591     0.030570 
592     0.030526 
593     0.033004 
594     0.028413 
595     0.020660 
596     0.019340 
597     0.016323 
598     0.011889 
599     0.011139 
600     0.007991 
601     0.007581 
602     0.010120 
603     0.010422 
604     0.037838 
605     0.096353 
606     0.080368 
607     0.049706 
608     0.054849 
609     0.040252 
610     0.036193 
611     0.022275 
612     0.014439 
613     0.018422 
614     0.016533 
615     0.012644 
616     0.019175 
617     0.017012 
618     0.010533 
619     0.013633 
620     0.011658 
621     0.006106 
622     0.008870 
623     0.007321 
624     0.007101 
625     0.012237 
626     0.012303 
627     0.011484 
628     0.013442 
629     0.014607 
630     0.014528 
631     0.017696 
632     0.014583 
633     0.012071 
634     0.015729 
635     0.017357 
636     0.009461 
637     0.010013 
638     0.014756 
639     0.011916 
640     0.011113 
641     0.016920 
642     0.019130 
643     0.016922 
644     0.021406 
645     0.030057 
646     0.021228 
647     0.017618 
648     0.023511 
649     0.021841 
650     0.016329 
651     0.015289 
652     0.012334 
653     0.011790 
654     0.016292 
655     0.011065 
656     0.008385 
657     0.011732 
658     0.009071 
659     0.003721 
660     0.007214 
661     0.009814 
662     0.005185 
663     0.008762 
664     0.013758 
665     0.009410 
666     0.011980 
667     0.017600 
668     0.016019 
669     0.013582 
670     0.013136 
671     0.014707 
672     0.013313 
673     0.014085 
674     0.007526 
675     0.019444 
676     0.019567 
677     0.023691 
678     0.025326 
679     0.032795 
680     0.021545 
681     0.034479 
682     0.030495 
683     0.019874 
684     0.023225 
685     0.021567 
686     0.011737 
687     0.013184 
688     0.019069 
689     0.015933 
690     0.012676 
691     0.017215 
692     0.017648 
693     0.013778 
694     0.016371 
695     0.018622 
696     0.012272 
697     0.014617 
698     0.014943 
699     0.006471 
700     0.009253 
701     0.011342 
702     0.005024 
703     0.008334 
704     0.010994 
705     0.010418 
706     0.003889 
707     0.003627 
708     0.010029 
709     0.009787 
710     0.021776 
711     0.030362 
712     0.029531 
713     0.028310 
714     0.028703 
715     0.029723 
716     0.022756 
717     0.023814 
718     0.030482 
719     0.025915 
720     0.015931 
721     0.018294 
722     0.027840 
723     0.025793 
724     0.033281 
725     0.029573 
726     0.027400 
727     0.034951 
728     0.050023 
729     0.041793 
730     0.036516 
731     0.041366 
732     0.025235 
733     0.013937 
734     0.018912 
735     0.021882 
736     0.014678 
737     0.011953 
738     0.020903 
739     0.032472 
740     0.030643 
741     0.040008 
742     0.036997 
743     0.024407 
744     0.016457 
745     0.012614 
746     0.008987 
747     0.006105 
748     0.011023 
749     0.017148 
750     0.018760 
751     0.016736 
752     0.019664 
753     0.020478 
754     0.023569 
755     0.017313 
756     0.027056 
757     0.022149 
758     0.023826 
759     0.017723 
760     0.021895 
761     0.038964 
762     0.042293 
763     0.060903 
764     0.086964 
765     0.082313 
766     0.039736 
767     0.018990 
768     0.038826 
769     0.031277 
770     0.015308 
771     0.017871 
772     0.020712 
773     0.012067 
774     0.011013 
775     0.010258 
776     0.007649 
777     0.008416 
778     0.016237 
779     0.019010 
780     0.014703 
781     0.016188 
782     0.025364 
783     0.022708 
784     0.018510 
785     0.018881 
786     0.022146 
787     0.016486 
788     0.014594 
789     0.011744 
790     0.010726 
791     0.008892 
792     0.014411 
793     0.016093 
794     0.011816 
795     0.013617 
796     0.026064 
797     0.026301 
798     0.014185 
799     0.018319 
800     0.032371 
801     0.025773 
802     0.008437 
803     0.015546 
804     0.021232 
805     0.012065 
806     0.003737 
807     0.007722 
808     0.007101 
809     0.006843 
810     0.007723 
811     0.003015 
812     0.008600 
813     0.012142 
814     0.011493 
815     0.010274 
816     0.014568 
817     0.015721 
818     0.012137 
819     0.011764 
820     0.011156 
821     0.011307 
822     0.011021 
823     0.007989 
824     0.009410 
825     0.011172 
826     0.010158 
827     0.010563 
828     0.009276 
829     0.009771 
830     0.015227 
831     0.011233 
832     0.009983 
833     0.019470 
834     0.025055 
835     0.028490 
836     0.025156 
837     0.028247 
838     0.017360 
839     0.011871 
840     0.017018 
841     0.027419 
842     0.021586 
843     0.028769 
844     0.027331 
845     0.012116 
846     0.014921 
847     0.014529 
848     0.011227 
849     0.010543 
850     0.013212 
851     0.012886 
852     0.010026 
853     0.011296 
854     0.013605 
855     0.012234 
856     0.010390 
857     0.012308 
858     0.013081 
859     0.011855 
860     0.012280 
861     0.014095 
862     0.015068 
863     0.014904 
864     0.017461 
865     0.012463 
866     0.012070 
867     0.012563 
868     0.010570 
869     0.011865 
870     0.012644 
871     0.013741 
872     0.017330 
873     0.018547 
874     0.017585 
875     0.016408 
876     0.018702 
877     0.017784 
878     0.014648 
879     0.011444 
880     0.014650 
881     0.015382 
882     0.013756 
883     0.011988 
884     0.009701 
885     0.008212 
886     0.007128 
887     0.007256 
888     0.017346 
889     0.014909 
890     0.016982 
891     0.015344 
892     0.014670 
893     0.011585 
894     0.012612 
895     0.014589 
896     0.013828 
897     0.012819 
898     0.009874 
899     0.011393 
900     0.011285 
901     0.011980 
902     0.010897 
903     0.009391 
904     0.007881 
905     0.009120 
906     0.013659 
907     0.022168 
908     0.020949 
909     0.015489 
910     0.008757 
911     0.009526 
912     0.010596 
913     0.012290 
914     0.012660 
915     0.012988 
916     0.012317 
917     0.010546 
918     0.010996 
919     0.010170 
920     0.008034 
921     0.010465 
922     0.014977 
923     0.077852 
