  1     0.055076 
  2     0.040154 
  3     0.036933 
  4     0.024916 
  5     0.012562 
  6     0.004542 
  7     0.005267 
  8     0.005842 
  9     0.012131 
 10     0.008327 
 11     0.012565 
 12     0.013222 
 13     0.011565 
 14     0.013308 
 15     0.008528 
 16     0.010888 
 17     0.006238 
 18     0.009037 
 19     0.007614 
 20     0.013350 
 21     0.029973 
 22     0.029392 
 23     0.015306 
 24     0.008762 
 25     0.009023 
 26     0.012694 
 27     0.022151 
 28     0.032591 
 29     0.023396 
 30     0.108838 
 31     0.057961 
 32     0.025024 
 33     0.014897 
 34     0.014001 
 35     0.008166 
 36     0.016782 
 37     0.019109 
 38     0.017511 
 39     0.018515 
 40     0.019552 
 41     0.018048 
 42     0.019109 
 43     0.023907 
 44     0.029543 
 45     0.039361 
 46     0.035097 
 47     0.034218 
 48     0.023282 
 49     0.024618 
 50     0.021047 
 51     0.018159 
 52     0.006485 
 53     0.011088 
 54     0.015849 
 55     0.011197 
 56     0.011247 
 57     0.014220 
 58     0.016578 
 59     0.013945 
 60     0.018059 
 61     0.013725 
 62     0.016194 
 63     0.011013 
 64     0.011622 
 65     0.015034 
 66     0.015996 
 67     0.016162 
 68     0.013918 
 69     0.019881 
 70     0.016375 
 71     0.021867 
 72     0.022815 
 73     0.017991 
 74     0.015332 
 75     0.018516 
 76     0.017951 
 77     0.016115 
 78     0.027333 
 79     0.030551 
 80     0.038459 
 81     0.024918 
 82     0.016847 
 83     0.022106 
 84     0.019189 
 85     0.015738 
 86     0.017716 
 87     0.026290 
 88     0.022820 
 89     0.011498 
 90     0.012810 
 91     0.010755 
 92     0.009053 
 93     0.009482 
 94     0.010449 
 95     0.014460 
 96     0.014830 
 97     0.045380 
 98     0.021395 
 99     0.022784 
100     0.014254 
101     0.012059 
102     0.014412 
103     0.008923 
104     0.007163 
105     0.011218 
106     0.022806 
107     0.067690 
108     0.071965 
109     0.016650 
110     0.017807 
111     0.017207 
112     0.020487 
113     0.019262 
114     0.023528 
115     0.022470 
116     0.018987 
117     0.020132 
118     0.021780 
119     0.019466 
120     0.013403 
121     0.018329 
122     0.021175 
123     0.016945 
124     0.020347 
125     0.040581 
126     0.025671 
127     0.017210 
128     0.032682 
129     0.052664 
130     0.036096 
131     0.003479 
132     0.029522 
133     0.077417 
134     0.052062 
135     0.034785 
136     0.034288 
137     0.028362 
138     0.018475 
139     0.010703 
140     0.003556 
141     0.006290 
142     0.011742 
143     0.024996 
144     0.020893 
145     0.044457 
146     0.044965 
147     0.040225 
148     0.024344 
149     0.007596 
150     0.011392 
151     0.010678 
152     0.011870 
153     0.008205 
154     0.006839 
155     0.004767 
156     0.009463 
157     0.011900 
158     0.010489 
159     0.017478 
160     0.020743 
161     0.019114 
162     0.025791 
163     0.021600 
164     0.022738 
165     0.016629 
166     0.023973 
167     0.019958 
168     0.012668 
169     0.014231 
170     0.014631 
171     0.009177 
172     0.006536 
173     0.005549 
174     0.009140 
175     0.005724 
176     0.003673 
177     0.008219 
178     0.006134 
179     0.001054 
180     0.007602 
181     0.015379 
182     0.016076 
183     0.049475 
184     0.068779 
185     0.046666 
186     0.036050 
187     0.042294 
188     0.035210 
189     0.011273 
190     0.001441 
191     0.004095 
192     0.005798 
193     0.009550 
194     0.008949 
195     0.008455 
196     0.010261 
197     0.010624 
198     0.009309 
199     0.008825 
200     0.011044 
201     0.016521 
202     0.016069 
203     0.011935 
204     0.006445 
205     0.004952 
206     0.001864 
207     0.010810 
208     0.016387 
209     0.009778 
210     0.059755 
211     0.087384 
212     0.034275 
213     0.039296 
214     0.072406 
215     0.019397 
216     0.009516 
217     0.006641 
218     0.011750 
219     0.014430 
220     0.016415 
221     0.019160 
222     0.022398 
223     0.018892 
224     0.015171 
225     0.009963 
226     0.009659 
227     0.011834 
228     0.009260 
229     0.012959 
230     0.013392 
231     0.010159 
232     0.011494 
233     0.015633 
234     0.018603 
235     0.014549 
236     0.020913 
237     0.014342 
238     0.013345 
239     0.017236 
240     0.018268 
241     0.009600 
242     0.029072 
243     0.030807 
244     0.014999 
245     0.017819 
246     0.031491 
247     0.025603 
248     0.021478 
249     0.035359 
250     0.037470 
251     0.039316 
252     0.028251 
253     0.038191 
254     0.060766 
255     0.032314 
256     0.012594 
257     0.014612 
258     0.016686 
259     0.014293 
260     0.006907 
261     0.007025 
262     0.009837 
263     0.008328 
264     0.007586 
265     0.010313 
266     0.006605 
267     0.007329 
268     0.016710 
269     0.009692 
270     0.011894 
271     0.033710 
272     0.019906 
273     0.013589 
274     0.028217 
275     0.032467 
276     0.022700 
277     0.020738 
278     0.016303 
279     0.023075 
280     0.034767 
281     0.025846 
282     0.027455 
283     0.021878 
284     0.020195 
285     0.030677 
286     0.016344 
287     0.030014 
288     0.070035 
289     0.062453 
290     0.062354 
291     0.032909 
292     0.022290 
293     0.039541 
294     0.025097 
295     0.017364 
296     0.013833 
297     0.024457 
298     0.027322 
299     0.046577 
300     0.034687 
301     0.033290 
302     0.037304 
303     0.065038 
304     0.055909 
305     0.034799 
306     0.032332 
307     0.047629 
308     0.018598 
309     0.018810 
310     0.024236 
311     0.018033 
312     0.019065 
313     0.015802 
314     0.021426 
315     0.018786 
316     0.016964 
317     0.021216 
318     0.025256 
319     0.023419 
320     0.021336 
321     0.031033 
322     0.025596 
323     0.016815 
324     0.002775 
325     0.012780 
326     0.032537 
327     0.040996 
328     0.032735 
329     0.047105 
330     0.048041 
331     0.045884 
332     0.049029 
333     0.047555 
334     0.017167 
335     0.006442 
336     0.010406 
337     0.008997 
338     0.004728 
339     0.006908 
340     0.007300 
341     0.008500 
342     0.011622 
343     0.010478 
344     0.009236 
345     0.018937 
346     0.030631 
347     0.029925 
348     0.044013 
349     0.027659 
350     0.025912 
351     0.040031 
352     0.039774 
353     0.027649 
354     0.038340 
355     0.050822 
356     0.048306 
357     0.043711 
358     0.047930 
359     0.037504 
360     0.027782 
361     0.017620 
362     0.010236 
363     0.003621 
364     0.001823 
365     0.002892 
366     0.004691 
367     0.005810 
368     0.007658 
369     0.006415 
370     0.005828 
371     0.006060 
372     0.004644 
373     0.004426 
374     0.007884 
375     0.006569 
376     0.005380 
377     0.009367 
378     0.015921 
379     0.018624 
380     0.023081 
381     0.044852 
382     0.038263 
383     0.022006 
384     0.047727 
385     0.090241 
386     0.045146 
387     0.039381 
388     0.042541 
389     0.049952 
390     0.081277 
391     0.033636 
392     0.103613 
393     0.034432 
394     0.058184 
395     0.042705 
396     0.018334 
397     0.018584 
398     0.022409 
399     0.018583 
400     0.017627 
401     0.017029 
402     0.025232 
403     0.011972 
404     0.017734 
405     0.013914 
406     0.022623 
407     0.030438 
408     0.028145 
409     0.031086 
410     0.026993 
411     0.023460 
412     0.018939 
413     0.031487 
414     0.020101 
415     0.019680 
416     0.034178 
417     0.041856 
418     0.019829 
419     0.026150 
420     0.018382 
421     0.015834 
422     0.016311 
423     0.017241 
424     0.019768 
425     0.039240 
426     0.027135 
427     0.032301 
428     0.025248 
429     0.035285 
430     0.031584 
431     0.016076 
432     0.028131 
433     0.030586 
434     0.029899 
435     0.030258 
436     0.038038 
437     0.025524 
438     0.019048 
439     0.011084 
440     0.006990 
441     0.015173 
442     0.014138 
443     0.019295 
444     0.027206 
445     0.033591 
446     0.035504 
447     0.033153 
448     0.026117 
449     0.023308 
450     0.027371 
451     0.022894 
452     0.013579 
453     0.010362 
454     0.007534 
455     0.010192 
456     0.020149 
457     0.027128 
458     0.027190 
459     0.022230 
460     0.022674 
461     0.024869 
462     0.016633 
463     0.025484 
464     0.032593 
465     0.024410 
466     0.017451 
467     0.017413 
468     0.031414 
469     0.029822 
470     0.015606 
471     0.026899 
472     0.028137 
473     0.030508 
474     0.016382 
475     0.018581 
476     0.016091 
477     0.026717 
478     0.047283 
479     0.039689 
480     0.027908 
481     0.049644 
482     0.043981 
483     0.040346 
484     0.038934 
485     0.031164 
486     0.020867 
487     0.022958 
488     0.018348 
489     0.021595 
490     0.014937 
491     0.024599 
492     0.024417 
493     0.020455 
494     0.018093 
495     0.008405 
496     0.014170 
497     0.021542 
498     0.031119 
499     0.028618 
500     0.027440 
501     0.027505 
502     0.023405 
503     0.032054 
504     0.037195 
505     0.039463 
506     0.023992 
507     0.008309 
508     0.055711 
509     0.033668 
510     0.025409 
511     0.021935 
512     0.010357 
513     0.029304 
514     0.025401 
515     0.025559 
516     0.027293 
517     0.023848 
518     0.024559 
519     0.020633 
520     0.035156 
521     0.058815 
522     0.051034 
523     0.036062 
524     0.061973 
525     0.055992 
526     0.028047 
527     0.008859 
528     0.027519 
529     0.035984 
530     0.034436 
531     0.031130 
532     0.029144 
533     0.028673 
534     0.031545 
535     0.019398 
536     0.017276 
537     0.024379 
538     0.015788 
539     0.008873 
540     0.017545 
541     0.015219 
542     0.013028 
543     0.020194 
544     0.023676 
545     0.017729 
546     0.020419 
547     0.019187 
548     0.028633 
549     0.026397 
550     0.018261 
551     0.045820 
552     0.044888 
553     0.030662 
554     0.052113 
555     0.071009 
556     0.049831 
557     0.032912 
558     0.044659 
559     0.043039 
560     0.025514 
561     0.009324 
562     0.013171 
563     0.017485 
564     0.026776 
565     0.023084 
566     0.027530 
567     0.046940 
568     0.034378 
569     0.028595 
570     0.042315 
571     0.036987 
572     0.018362 
573     0.029116 
574     0.029528 
575     0.004518 
576     0.022430 
577     0.036365 
578     0.042122 
579     0.074010 
580     0.051512 
581     0.028632 
582     0.033421 
583     0.022706 
584     0.010172 
585     0.016404 
586     0.022881 
587     0.018125 
588     0.013833 
589     0.018187 
590     0.026769 
591     0.022225 
592     0.014309 
593     0.022815 
594     0.018302 
595     0.016275 
596     0.014759 
597     0.016961 
598     0.004629 
599     0.017055 
600     0.025226 
601     0.008066 
602     0.017495 
603     0.031029 
604     0.021939 
605     0.011063 
606     0.040933 
607     0.020338 
608     0.026566 
609     0.039877 
610     0.014433 
611     0.019479 
612     0.042124 
613     0.026068 
614     0.008650 
615     0.018847 
616     0.010950 
617     0.009346 
618     0.003666 
619     0.013931 
620     0.018036 
621     0.009693 
622     0.019747 
623     0.027147 
624     0.014184 
625     0.015730 
626     0.016864 
627     0.009862 
628     0.012748 
629     0.007796 
630     0.021173 
631     0.028911 
632     0.013952 
633     0.021883 
634     0.032685 
635     0.020046 
636     0.019098 
637     0.017668 
638     0.011256 
639     0.024713 
640     0.018504 
641     0.024193 
642     0.034351 
643     0.026473 
644     0.024578 
645     0.027252 
646     0.021281 
647     0.021737 
648     0.026897 
649     0.024406 
650     0.021537 
651     0.024337 
652     0.029214 
653     0.036128 
654     0.029668 
655     0.030799 
656     0.040886 
657     0.055683 
658     0.040680 
659     0.058278 
660     0.040906 
661     0.022794 
662     0.030673 
663     0.038749 
664     0.018176 
665     0.017731 
666     0.035892 
667     0.018835 
668     0.017683 
669     0.026749 
670     0.030993 
671     0.032951 
672     0.024793 
673     0.024936 
674     0.031252 
675     0.034697 
676     0.038493 
677     0.062978 
678     0.070896 
679     0.091499 
680     0.068740 
681     0.103032 
682     0.079033 
683     0.054336 
684     0.043207 
685     0.036482 
686     0.041832 
687     0.042832 
688     0.030582 
689     0.031552 
690     0.031937 
691     0.030036 
692     0.039140 
693     0.030218 
694     0.043396 
695     0.064769 
696     0.052868 
697     0.052774 
698     0.050617 
699     0.052641 
700     0.063354 
701     0.035868 
702     0.029830 
703     0.045036 
704     0.009955 
705     0.009244 
706     0.018752 
707     0.018872 
708     0.026938 
709     0.030202 
710     0.013831 
711     0.017245 
712     0.024273 
713     0.016652 
714     0.023334 
715     0.029502 
716     0.042650 
717     0.053433 
718     0.032213 
719     0.043829 
720     0.048581 
721     0.036462 
722     0.026866 
723     0.018806 
724     0.013242 
725     0.015796 
726     0.025721 
727     0.035662 
728     0.055886 
729     0.023033 
730     0.047537 
731     0.053927 
732     0.019047 
733     0.024956 
734     0.026578 
735     0.032114 
736     0.020768 
737     0.024205 
738     0.023659 
739     0.028878 
740     0.029888 
741     0.036335 
742     0.051166 
743     0.036111 
744     0.043527 
745     0.046025 
746     0.064952 
747     0.050665 
748     0.047321 
749     0.056248 
750     0.066185 
751     0.068651 
752     0.066766 
753     0.066010 
754     0.049303 
755     0.036984 
756     0.034919 
757     0.023731 
758     0.021190 
759     0.026697 
760     0.019093 
761     0.028652 
762     0.034720 
763     0.026222 
764     0.128155 
765     0.127351 
766     0.046203 
767     0.032458 
768     0.015897 
769     0.031490 
770     0.033400 
771     0.031911 
772     0.019680 
773     0.013577 
774     0.024782 
775     0.033126 
776     0.022244 
777     0.013938 
778     0.031907 
779     0.043119 
780     0.021244 
781     0.008737 
782     0.017671 
783     0.018251 
784     0.011724 
785     0.015761 
786     0.020614 
787     0.012245 
788     0.014632 
789     0.026828 
790     0.023959 
791     0.010519 
792     0.005308 
793     0.017025 
794     0.021192 
795     0.017421 
796     0.029317 
797     0.024667 
798     0.020374 
799     0.025844 
800     0.031878 
801     0.013740 
802     0.013529 
803     0.017442 
804     0.004663 
805     0.009969 
806     0.017204 
807     0.021136 
808     0.018668 
809     0.020379 
810     0.024865 
811     0.026532 
812     0.027433 
813     0.018903 
814     0.028722 
815     0.017093 
816     0.012851 
817     0.027394 
818     0.035843 
819     0.037818 
820     0.044635 
821     0.058008 
822     0.050290 
823     0.034753 
824     0.036206 
825     0.033090 
826     0.034807 
827     0.026719 
828     0.030533 
829     0.045544 
830     0.037346 
831     0.037555 
832     0.044955 
833     0.045948 
834     0.042629 
835     0.051518 
836     0.043110 
837     0.038419 
838     0.041763 
839     0.032866 
840     0.033278 
841     0.018154 
842     0.024653 
843     0.028468 
844     0.016811 
845     0.013007 
846     0.023782 
847     0.010018 
848     0.018773 
849     0.012729 
850     0.011094 
851     0.016885 
852     0.007282 
853     0.011167 
854     0.026924 
855     0.022901 
856     0.021983 
857     0.030204 
858     0.038338 
859     0.037022 
860     0.037216 
861     0.046388 
862     0.045814 
863     0.040955 
864     0.043293 
865     0.033707 
866     0.044815 
867     0.050701 
868     0.054684 
869     0.048329 
870     0.022366 
871     0.026695 
872     0.033919 
873     0.027469 
874     0.029297 
875     0.035180 
876     0.058409 
877     0.063515 
878     0.074100 
879     0.059172 
880     0.035926 
881     0.039616 
882     0.043387 
883     0.041754 
884     0.088217 
885     0.095348 
886     0.076797 
887     0.050863 
888     0.073792 
889     0.039035 
890     0.038326 
891     0.019400 
892     0.006546 
893     0.009997 
894     0.030343 
895     0.034417 
896     0.032280 
897     0.049492 
898     0.038724 
899     0.032448 
900     0.039925 
901     0.063954 
902     0.071698 
903     0.073032 
904     0.075025 
905     0.063289 
906     0.052410 
907     0.031283 
908     0.058611 
909     0.085672 
910     0.087483 
911     0.086547 
912     0.079950 
913     0.064110 
914     0.050284 
915     0.028456 
916     0.004543 
917     0.039026 
918     0.049404 
919     0.033784 
920     0.021172 
921     0.039392 
922     0.068475 
923     0.162194 
