  1     0.023334 
  2     0.012770 
  3     0.015644 
  4     0.016403 
  5     0.016154 
  6     0.013724 
  7     0.014340 
  8     0.012207 
  9     0.012789 
 10     0.011442 
 11     0.010758 
 12     0.013620 
 13     0.014628 
 14     0.014590 
 15     0.014974 
 16     0.015803 
 17     0.014292 
 18     0.015357 
 19     0.014387 
 20     0.013906 
 21     0.019129 
 22     0.017229 
 23     0.016093 
 24     0.014111 
 25     0.014671 
 26     0.015346 
 27     0.018813 
 28     0.021628 
 29     0.021182 
 30     0.020765 
 31     0.015530 
 32     0.019502 
 33     0.017967 
 34     0.018333 
 35     0.016154 
 36     0.016929 
 37     0.016891 
 38     0.016127 
 39     0.018577 
 40     0.019355 
 41     0.020841 
 42     0.023786 
 43     0.025748 
 44     0.032477 
 45     0.031857 
 46     0.028668 
 47     0.023917 
 48     0.021579 
 49     0.017890 
 50     0.018050 
 51     0.017552 
 52     0.016352 
 53     0.015966 
 54     0.018469 
 55     0.019828 
 56     0.017479 
 57     0.015884 
 58     0.022372 
 59     0.018588 
 60     0.014514 
 61     0.025523 
 62     0.031746 
 63     0.034985 
 64     0.029078 
 65     0.023785 
 66     0.020873 
 67     0.017413 
 68     0.011399 
 69     0.012304 
 70     0.010710 
 71     0.010621 
 72     0.011643 
 73     0.011431 
 74     0.011521 
 75     0.010565 
 76     0.011599 
 77     0.016319 
 78     0.015979 
 79     0.015017 
 80     0.020266 
 81     0.019909 
 82     0.018328 
 83     0.025047 
 84     0.032255 
 85     0.028704 
 86     0.031650 
 87     0.042342 
 88     0.040788 
 89     0.030515 
 90     0.035283 
 91     0.030274 
 92     0.033026 
 93     0.028855 
 94     0.028550 
 95     0.023986 
 96     0.023051 
 97     0.027066 
 98     0.020953 
 99     0.016229 
100     0.014492 
101     0.015966 
102     0.020336 
103     0.025250 
104     0.031328 
105     0.033236 
106     0.040100 
107     0.044659 
108     0.038767 
109     0.030611 
110     0.027866 
111     0.021225 
112     0.015589 
113     0.016641 
114     0.019851 
115     0.018045 
116     0.015867 
117     0.019260 
118     0.019860 
119     0.017738 
120     0.018509 
121     0.022106 
122     0.021554 
123     0.019265 
124     0.021044 
125     0.023974 
126     0.021919 
127     0.020881 
128     0.023695 
129     0.026228 
130     0.023051 
131     0.022223 
132     0.025132 
133     0.025889 
134     0.025075 
135     0.022142 
136     0.023745 
137     0.021397 
138     0.017627 
139     0.014850 
140     0.014017 
141     0.010901 
142     0.009864 
143     0.007389 
144     0.010077 
145     0.012572 
146     0.012298 
147     0.016381 
148     0.017344 
149     0.014924 
150     0.012117 
151     0.014762 
152     0.017953 
153     0.015659 
154     0.014875 
155     0.018548 
156     0.020258 
157     0.018159 
158     0.019410 
159     0.023130 
160     0.023666 
161     0.022463 
162     0.025006 
163     0.022429 
164     0.022514 
165     0.019153 
166     0.019260 
167     0.016394 
168     0.015027 
169     0.012292 
170     0.010671 
171     0.007284 
172     0.007236 
173     0.009228 
174     0.007968 
175     0.005785 
176     0.006417 
177     0.008325 
178     0.007588 
179     0.005410 
180     0.007048 
181     0.007757 
182     0.011161 
183     0.015890 
184     0.015499 
185     0.016671 
186     0.022241 
187     0.022272 
188     0.018790 
189     0.018330 
190     0.012406 
191     0.011726 
192     0.007703 
193     0.007912 
194     0.006324 
195     0.008735 
196     0.008606 
197     0.009508 
198     0.007454 
199     0.006543 
200     0.005906 
201     0.006439 
202     0.008362 
203     0.010323 
204     0.013260 
205     0.013395 
206     0.018028 
207     0.018661 
208     0.024472 
209     0.026149 
210     0.033695 
211     0.040439 
212     0.037680 
213     0.028152 
214     0.026359 
215     0.021394 
216     0.014636 
217     0.014528 
218     0.014356 
219     0.017104 
220     0.015741 
221     0.012583 
222     0.012053 
223     0.008461 
224     0.007627 
225     0.006022 
226     0.005674 
227     0.005072 
228     0.006217 
229     0.006507 
230     0.006422 
231     0.007368 
232     0.011212 
233     0.011559 
234     0.011695 
235     0.014848 
236     0.013443 
237     0.010096 
238     0.013224 
239     0.010462 
240     0.006603 
241     0.010064 
242     0.011714 
243     0.007890 
244     0.010963 
245     0.018061 
246     0.016726 
247     0.017694 
248     0.024245 
249     0.027876 
250     0.026284 
251     0.024069 
252     0.021723 
253     0.025509 
254     0.030143 
255     0.022854 
256     0.019429 
257     0.015386 
258     0.013191 
259     0.015179 
260     0.013292 
261     0.003738 
262     0.005335 
263     0.008985 
264     0.008917 
265     0.005963 
266     0.008008 
267     0.010175 
268     0.012932 
269     0.011626 
270     0.014066 
271     0.019504 
272     0.017022 
273     0.017059 
274     0.020395 
275     0.021052 
276     0.021789 
277     0.020999 
278     0.015848 
279     0.011404 
280     0.008430 
281     0.008101 
282     0.012972 
283     0.017514 
284     0.015826 
285     0.012777 
286     0.013546 
287     0.021638 
288     0.026524 
289     0.067798 
290     0.120131 
291     0.127988 
292     0.085049 
293     0.042823 
294     0.024686 
295     0.017027 
296     0.015807 
297     0.015050 
298     0.012831 
299     0.011166 
300     0.011306 
301     0.017415 
302     0.020053 
303     0.022547 
304     0.018639 
305     0.018064 
306     0.019938 
307     0.021512 
308     0.019682 
309     0.019668 
310     0.018457 
311     0.015691 
312     0.013434 
313     0.014083 
314     0.014496 
315     0.013884 
316     0.011203 
317     0.013881 
318     0.015826 
319     0.013191 
320     0.012156 
321     0.016745 
322     0.017138 
323     0.014929 
324     0.018035 
325     0.020957 
326     0.019986 
327     0.021224 
328     0.024782 
329     0.024533 
330     0.024559 
331     0.021714 
332     0.021464 
333     0.022009 
334     0.018803 
335     0.014599 
336     0.009190 
337     0.010779 
338     0.007453 
339     0.007555 
340     0.006377 
341     0.008672 
342     0.011153 
343     0.011464 
344     0.011656 
345     0.015567 
346     0.018675 
347     0.020970 
348     0.020907 
349     0.016675 
350     0.016430 
351     0.021626 
352     0.021696 
353     0.016939 
354     0.019592 
355     0.025244 
356     0.024117 
357     0.020583 
358     0.022363 
359     0.016495 
360     0.015325 
361     0.011377 
362     0.008988 
363     0.008905 
364     0.009470 
365     0.010191 
366     0.012924 
367     0.009646 
368     0.010623 
369     0.012204 
370     0.009367 
371     0.008508 
372     0.011142 
373     0.010123 
374     0.009283 
375     0.011133 
376     0.011244 
377     0.008130 
378     0.009956 
379     0.011942 
380     0.010280 
381     0.006998 
382     0.008222 
383     0.010377 
384     0.010018 
385     0.012577 
386     0.016919 
387     0.018650 
388     0.015713 
389     0.014334 
390     0.010503 
391     0.011798 
392     0.010469 
393     0.012051 
394     0.011878 
395     0.014424 
396     0.020229 
397     0.022779 
398     0.025468 
399     0.022115 
400     0.026375 
401     0.030340 
402     0.042711 
403     0.046168 
404     0.073552 
405     0.042837 
406     0.044895 
407     0.038997 
408     0.034018 
409     0.029494 
410     0.025292 
411     0.021032 
412     0.015072 
413     0.019554 
414     0.018359 
415     0.016534 
416     0.014269 
417     0.009074 
418     0.010852 
419     0.012998 
420     0.015890 
421     0.021977 
422     0.025107 
423     0.040414 
424     0.047938 
425     0.068155 
426     0.059687 
427     0.071148 
428     0.056568 
429     0.069026 
430     0.082932 
431     0.090149 
432     0.075849 
433     0.054298 
434     0.039710 
435     0.021836 
436     0.022399 
437     0.018506 
438     0.024198 
439     0.033699 
440     0.030792 
441     0.030286 
442     0.026711 
443     0.025844 
444     0.021540 
445     0.022175 
446     0.026099 
447     0.026048 
448     0.034640 
449     0.038448 
450     0.030443 
451     0.029174 
452     0.027658 
453     0.026809 
454     0.032396 
455     0.034323 
456     0.034420 
457     0.021863 
458     0.012861 
459     0.015048 
460     0.021975 
461     0.040600 
462     0.050565 
463     0.070312 
464     0.070827 
465     0.091790 
466     0.105329 
467     0.095504 
468     0.102350 
469     0.104660 
470     0.081060 
471     0.081872 
472     0.058011 
473     0.055733 
474     0.030632 
475     0.028346 
476     0.018017 
477     0.023212 
478     0.017100 
479     0.016078 
480     0.011690 
481     0.009557 
482     0.008437 
483     0.015358 
484     0.017007 
485     0.022863 
486     0.021359 
487     0.027434 
488     0.031630 
489     0.055977 
490     0.067687 
491     0.092057 
492     0.095319 
493     0.083792 
494     0.090024 
495     0.069359 
496     0.055592 
497     0.041585 
498     0.041290 
499     0.041286 
500     0.025414 
501     0.020541 
502     0.017490 
503     0.007940 
504     0.017905 
505     0.008351 
506     0.021384 
507     0.024791 
508     0.021571 
509     0.022036 
510     0.016623 
511     0.017856 
512     0.019886 
513     0.016906 
514     0.015273 
515     0.016903 
516     0.015466 
517     0.014446 
518     0.018077 
519     0.021168 
520     0.034020 
521     0.046959 
522     0.046539 
523     0.054553 
524     0.080798 
525     0.063714 
526     0.037485 
527     0.056741 
528     0.058684 
529     0.034053 
530     0.041544 
531     0.057863 
532     0.051137 
533     0.044924 
534     0.068415 
535     0.064741 
536     0.059019 
537     0.068326 
538     0.071878 
539     0.061450 
540     0.065808 
541     0.058613 
542     0.048870 
543     0.051501 
544     0.061782 
545     0.051091 
546     0.041171 
547     0.045790 
548     0.060839 
549     0.052622 
550     0.041144 
551     0.053656 
552     0.070354 
553     0.060570 
554     0.060049 
555     0.073979 
556     0.070100 
557     0.051905 
558     0.058150 
559     0.065948 
560     0.054326 
561     0.033816 
562     0.032657 
563     0.025236 
564     0.018608 
565     0.013259 
566     0.023693 
567     0.020918 
568     0.034014 
569     0.041396 
570     0.050535 
571     0.052097 
572     0.058147 
573     0.066120 
574     0.074553 
575     0.075817 
576     0.077192 
577     0.091528 
578     0.099107 
579     0.108663 
580     0.089585 
581     0.064714 
582     0.066067 
583     0.072417 
584     0.064608 
585     0.057872 
586     0.056953 
587     0.055829 
588     0.053114 
589     0.055811 
590     0.045001 
591     0.036435 
592     0.041272 
593     0.039077 
594     0.021352 
595     0.015090 
596     0.013116 
597     0.028679 
598     0.030941 
599     0.039654 
600     0.047550 
601     0.066125 
602     0.073229 
603     0.112995 
604     0.173693 
605     0.151549 
606     0.065412 
607     0.051293 
608     0.021364 
609     0.035846 
610     0.034676 
611     0.015780 
612     0.020847 
613     0.028883 
614     0.018491 
615     0.017054 
616     0.018198 
617     0.013058 
618     0.023719 
619     0.022649 
620     0.015192 
621     0.011871 
622     0.035444 
623     0.044102 
624     0.030923 
625     0.025877 
626     0.060612 
627     0.073702 
628     0.049338 
629     0.044808 
630     0.072431 
631     0.070175 
632     0.048155 
633     0.047420 
634     0.054741 
635     0.046186 
636     0.036433 
637     0.032797 
638     0.025036 
639     0.022138 
640     0.025962 
641     0.020479 
642     0.017633 
643     0.017656 
644     0.022722 
645     0.016483 
646     0.009012 
647     0.014853 
648     0.019614 
649     0.015720 
650     0.008378 
651     0.013305 
652     0.015978 
653     0.015641 
654     0.010979 
655     0.011342 
656     0.013171 
657     0.011567 
658     0.007883 
659     0.013117 
660     0.011969 
661     0.011884 
662     0.013241 
663     0.019340 
664     0.020603 
665     0.016559 
666     0.019050 
667     0.025997 
668     0.019765 
669     0.015734 
670     0.018362 
671     0.019168 
672     0.014163 
673     0.014611 
674     0.017470 
675     0.017742 
676     0.013439 
677     0.012801 
678     0.007717 
679     0.008089 
680     0.014466 
681     0.013459 
682     0.016068 
683     0.015310 
684     0.013931 
685     0.017298 
686     0.010243 
687     0.007831 
688     0.012107 
689     0.011178 
690     0.009462 
691     0.014888 
692     0.016311 
693     0.014914 
694     0.018422 
695     0.022399 
696     0.018302 
697     0.019838 
698     0.022644 
699     0.017488 
700     0.014642 
701     0.015458 
702     0.016233 
703     0.013149 
704     0.011759 
705     0.012887 
706     0.016617 
707     0.019998 
708     0.027134 
709     0.027444 
710     0.032889 
711     0.032656 
712     0.033211 
713     0.035441 
714     0.027053 
715     0.020749 
716     0.009754 
717     0.005712 
718     0.007795 
719     0.007119 
720     0.010472 
721     0.011776 
722     0.014726 
723     0.009876 
724     0.015952 
725     0.010895 
726     0.001938 
727     0.019020 
728     0.042291 
729     0.054768 
730     0.070429 
731     0.066971 
732     0.048854 
733     0.050383 
734     0.044097 
735     0.029948 
736     0.024639 
737     0.018361 
738     0.028341 
739     0.026851 
740     0.026667 
741     0.025080 
742     0.029827 
743     0.033570 
744     0.025901 
745     0.024457 
746     0.018658 
747     0.016101 
748     0.013658 
749     0.008782 
750     0.011037 
751     0.014412 
752     0.019841 
753     0.023360 
754     0.020909 
755     0.021326 
756     0.021913 
757     0.017038 
758     0.012770 
759     0.010024 
760     0.026500 
761     0.038208 
762     0.059342 
763     0.067260 
764     0.069079 
765     0.125758 
766     0.070309 
767     0.074597 
768     0.072680 
769     0.051002 
770     0.025038 
771     0.020312 
772     0.030836 
773     0.027923 
774     0.026586 
775     0.048721 
776     0.051196 
777     0.039616 
778     0.055538 
779     0.072994 
780     0.046772 
781     0.036960 
782     0.063735 
783     0.052149 
784     0.017902 
785     0.037585 
786     0.042784 
787     0.017491 
788     0.016167 
789     0.026618 
790     0.005684 
791     0.020066 
792     0.027505 
793     0.021933 
794     0.029513 
795     0.036188 
796     0.038091 
797     0.048414 
798     0.043486 
799     0.040076 
800     0.052304 
801     0.055110 
802     0.038966 
803     0.035179 
804     0.046793 
805     0.039834 
806     0.021832 
807     0.027264 
808     0.030915 
809     0.019787 
810     0.009713 
811     0.014885 
812     0.011696 
813     0.005128 
814     0.006547 
815     0.005811 
816     0.003110 
817     0.008145 
818     0.007511 
819     0.006474 
820     0.006909 
821     0.008855 
822     0.006161 
823     0.005630 
824     0.009795 
825     0.009099 
826     0.007158 
827     0.006398 
828     0.007048 
829     0.007109 
830     0.010578 
831     0.007327 
832     0.010587 
833     0.017865 
834     0.023223 
835     0.030575 
836     0.030280 
837     0.036263 
838     0.027755 
839     0.025264 
840     0.033822 
841     0.038623 
842     0.030488 
843     0.033676 
844     0.033922 
845     0.016507 
846     0.015950 
847     0.018962 
848     0.015774 
849     0.010098 
850     0.012673 
851     0.014586 
852     0.010901 
853     0.006475 
854     0.009976 
855     0.011518 
856     0.006955 
857     0.006866 
858     0.008488 
859     0.008343 
860     0.006043 
861     0.009142 
862     0.009588 
863     0.010082 
864     0.010911 
865     0.010038 
866     0.009771 
867     0.009880 
868     0.010017 
869     0.010947 
870     0.011685 
871     0.011682 
872     0.011095 
873     0.010518 
874     0.010175 
875     0.010126 
876     0.010314 
877     0.010721 
878     0.009409 
879     0.008831 
880     0.009591 
881     0.010735 
882     0.011503 
883     0.013651 
884     0.014272 
885     0.013832 
886     0.014147 
887     0.014744 
888     0.013409 
889     0.010868 
890     0.011384 
891     0.010251 
892     0.009852 
893     0.010675 
894     0.010865 
895     0.009837 
896     0.010124 
897     0.011541 
898     0.012377 
899     0.012151 
900     0.012824 
901     0.011121 
902     0.011333 
903     0.009666 
904     0.009770 
905     0.009885 
906     0.011627 
907     0.014850 
908     0.016027 
909     0.013129 
910     0.009089 
911     0.006336 
912     0.008130 
913     0.009313 
914     0.010059 
915     0.011439 
916     0.011263 
917     0.012020 
918     0.011166 
919     0.011343 
920     0.012756 
921     0.012894 
922     0.014289 
923     0.016266 
