  1     0.022161 
  2     0.022480 
  3     0.020237 
  4     0.017475 
  5     0.015972 
  6     0.014143 
  7     0.012296 
  8     0.010393 
  9     0.009203 
 10     0.007456 
 11     0.005298 
 12     0.004432 
 13     0.006489 
 14     0.008867 
 15     0.010705 
 16     0.012906 
 17     0.014200 
 18     0.016151 
 19     0.018527 
 20     0.018454 
 21     0.022759 
 22     0.021879 
 23     0.020032 
 24     0.017687 
 25     0.016583 
 26     0.014242 
 27     0.014821 
 28     0.014404 
 29     0.013069 
 30     0.014718 
 31     0.012092 
 32     0.012715 
 33     0.011166 
 34     0.011740 
 35     0.009863 
 36     0.009240 
 37     0.006904 
 38     0.006771 
 39     0.005779 
 40     0.007196 
 41     0.006756 
 42     0.008701 
 43     0.008508 
 44     0.010536 
 45     0.011924 
 46     0.012308 
 47     0.010521 
 48     0.010479 
 49     0.008673 
 50     0.008637 
 51     0.008052 
 52     0.007089 
 53     0.006316 
 54     0.005567 
 55     0.003808 
 56     0.003266 
 57     0.003040 
 58     0.002550 
 59     0.002333 
 60     0.004870 
 61     0.005508 
 62     0.005128 
 63     0.007352 
 64     0.007638 
 65     0.005466 
 66     0.005898 
 67     0.004575 
 68     0.004011 
 69     0.006337 
 70     0.006791 
 71     0.005630 
 72     0.007181 
 73     0.009028 
 74     0.010360 
 75     0.009127 
 76     0.010338 
 77     0.010607 
 78     0.010021 
 79     0.008098 
 80     0.005877 
 81     0.004962 
 82     0.006777 
 83     0.007180 
 84     0.005325 
 85     0.004942 
 86     0.007273 
 87     0.007248 
 88     0.005235 
 89     0.004970 
 90     0.005816 
 91     0.006828 
 92     0.009242 
 93     0.009315 
 94     0.011561 
 95     0.012868 
 96     0.013935 
 97     0.016853 
 98     0.016377 
 99     0.014041 
100     0.012304 
101     0.010385 
102     0.010996 
103     0.010141 
104     0.011662 
105     0.011020 
106     0.012164 
107     0.013695 
108     0.014229 
109     0.013588 
110     0.012551 
111     0.012168 
112     0.010181 
113     0.011725 
114     0.011918 
115     0.009586 
116     0.009754 
117     0.011792 
118     0.010694 
119     0.009644 
120     0.011641 
121     0.012246 
122     0.011378 
123     0.012594 
124     0.014526 
125     0.013774 
126     0.014498 
127     0.016468 
128     0.017347 
129     0.016606 
130     0.018948 
131     0.021429 
132     0.020218 
133     0.023037 
134     0.021373 
135     0.019245 
136     0.018736 
137     0.017530 
138     0.015694 
139     0.014719 
140     0.012644 
141     0.010866 
142     0.009578 
143     0.007792 
144     0.008206 
145     0.007195 
146     0.008615 
147     0.010665 
148     0.012449 
149     0.011581 
150     0.010232 
151     0.011704 
152     0.013503 
153     0.012317 
154     0.011761 
155     0.013908 
156     0.014528 
157     0.012827 
158     0.014149 
159     0.015867 
160     0.015019 
161     0.014215 
162     0.016524 
163     0.016391 
164     0.017190 
165     0.015628 
166     0.016654 
167     0.015734 
168     0.013726 
169     0.012836 
170     0.010709 
171     0.010041 
172     0.010608 
173     0.012558 
174     0.012246 
175     0.012107 
176     0.013932 
177     0.014485 
178     0.014220 
179     0.015247 
180     0.016934 
181     0.016164 
182     0.016766 
183     0.018062 
184     0.019818 
185     0.019462 
186     0.019959 
187     0.018208 
188     0.016775 
189     0.014736 
190     0.013724 
191     0.011668 
192     0.010157 
193     0.008741 
194     0.007206 
195     0.006981 
196     0.006211 
197     0.004109 
198     0.002411 
199     0.003986 
200     0.005296 
201     0.005590 
202     0.007468 
203     0.008577 
204     0.010550 
205     0.012046 
206     0.013874 
207     0.015687 
208     0.017431 
209     0.018962 
210     0.020736 
211     0.021044 
212     0.021505 
213     0.019223 
214     0.016471 
215     0.015714 
216     0.014291 
217     0.012673 
218     0.010865 
219     0.010430 
220     0.008531 
221     0.006742 
222     0.004977 
223     0.004089 
224     0.002944 
225     0.001233 
226     0.002764 
227     0.005153 
228     0.005867 
229     0.005206 
230     0.005416 
231     0.006944 
232     0.008625 
233     0.009340 
234     0.009952 
235     0.012677 
236     0.012676 
237     0.011236 
238     0.013472 
239     0.015188 
240     0.013802 
241     0.013989 
242     0.016310 
243     0.016692 
244     0.015122 
245     0.016285 
246     0.018245 
247     0.017585 
248     0.015806 
249     0.016666 
250     0.015155 
251     0.014855 
252     0.012715 
253     0.012708 
254     0.012908 
255     0.010402 
256     0.007692 
257     0.006820 
258     0.008211 
259     0.007933 
260     0.005537 
261     0.006671 
262     0.008210 
263     0.007077 
264     0.006845 
265     0.008842 
266     0.009524 
267     0.008617 
268     0.009762 
269     0.011664 
270     0.011647 
271     0.011830 
272     0.013764 
273     0.015253 
274     0.015188 
275     0.016498 
276     0.017870 
277     0.018995 
278     0.017682 
279     0.015396 
280     0.014389 
281     0.012446 
282     0.011508 
283     0.009762 
284     0.009556 
285     0.008775 
286     0.008915 
287     0.009296 
288     0.010399 
289     0.012947 
290     0.016107 
291     0.016171 
292     0.013399 
293     0.011258 
294     0.011964 
295     0.011756 
296     0.011890 
297     0.013761 
298     0.014971 
299     0.016683 
300     0.016532 
301     0.018294 
302     0.018121 
303     0.019718 
304     0.018177 
305     0.015859 
306     0.016377 
307     0.017805 
308     0.015440 
309     0.013627 
310     0.014695 
311     0.012440 
312     0.009602 
313     0.011056 
314     0.011584 
315     0.008968 
316     0.008476 
317     0.010257 
318     0.008283 
319     0.006418 
320     0.008711 
321     0.009568 
322     0.007563 
323     0.008154 
324     0.010449 
325     0.009713 
326     0.008582 
327     0.011014 
328     0.011965 
329     0.013650 
330     0.014458 
331     0.014883 
332     0.017131 
333     0.016658 
334     0.015051 
335     0.016844 
336     0.015817 
337     0.013748 
338     0.012446 
339     0.010989 
340     0.009392 
341     0.008150 
342     0.007937 
343     0.007373 
344     0.009444 
345     0.011242 
346     0.012049 
347     0.014633 
348     0.014111 
349     0.012113 
350     0.013610 
351     0.015447 
352     0.014383 
353     0.013460 
354     0.015744 
355     0.016654 
356     0.014960 
357     0.015445 
358     0.017985 
359     0.017660 
360     0.016622 
361     0.014153 
362     0.014988 
363     0.013523 
364     0.015300 
365     0.014132 
366     0.012787 
367     0.011097 
368     0.009701 
369     0.011622 
370     0.012388 
371     0.011333 
372     0.012123 
373     0.013739 
374     0.013400 
375     0.013691 
376     0.015093 
377     0.014913 
378     0.015119 
379     0.015959 
380     0.017161 
381     0.016268 
382     0.014434 
383     0.016677 
384     0.017985 
385     0.024839 
386     0.032916 
387     0.041016 
388     0.045847 
389     0.037825 
390     0.034440 
391     0.033302 
392     0.034659 
393     0.030730 
394     0.031839 
395     0.030565 
396     0.029200 
397     0.025240 
398     0.022532 
399     0.024717 
400     0.025622 
401     0.028221 
402     0.028521 
403     0.029426 
404     0.027976 
405     0.028057 
406     0.027514 
407     0.026547 
408     0.025916 
409     0.024422 
410     0.021410 
411     0.021370 
412     0.019970 
413     0.015143 
414     0.019056 
415     0.021561 
416     0.024537 
417     0.031437 
418     0.030580 
419     0.027930 
420     0.023773 
421     0.019483 
422     0.015577 
423     0.017321 
424     0.018676 
425     0.025197 
426     0.030318 
427     0.038324 
428     0.044376 
429     0.045005 
430     0.053664 
431     0.057162 
432     0.059948 
433     0.055930 
434     0.056381 
435     0.052828 
436     0.045642 
437     0.044190 
438     0.037642 
439     0.032100 
440     0.031624 
441     0.028209 
442     0.025838 
443     0.025650 
444     0.023202 
445     0.025244 
446     0.025440 
447     0.026422 
448     0.027057 
449     0.029029 
450     0.028921 
451     0.027937 
452     0.028584 
453     0.029932 
454     0.029156 
455     0.027805 
456     0.034407 
457     0.041497 
458     0.045035 
459     0.046241 
460     0.052933 
461     0.055115 
462     0.050695 
463     0.054487 
464     0.059383 
465     0.056515 
466     0.055724 
467     0.049457 
468     0.043276 
469     0.045826 
470     0.043186 
471     0.035604 
472     0.034398 
473     0.027569 
474     0.026176 
475     0.024115 
476     0.024261 
477     0.024678 
478     0.026976 
479     0.030030 
480     0.032542 
481     0.036622 
482     0.032752 
483     0.034638 
484     0.029319 
485     0.031251 
486     0.029217 
487     0.032071 
488     0.033110 
489     0.033361 
490     0.037751 
491     0.036355 
492     0.043515 
493     0.047196 
494     0.041156 
495     0.044089 
496     0.040862 
497     0.041963 
498     0.038441 
499     0.037121 
500     0.038407 
501     0.035584 
502     0.041012 
503     0.038773 
504     0.044265 
505     0.030219 
506     0.023911 
507     0.031166 
508     0.036714 
509     0.039263 
510     0.041632 
511     0.035809 
512     0.034256 
513     0.037319 
514     0.036314 
515     0.030101 
516     0.032434 
517     0.035402 
518     0.031523 
519     0.030276 
520     0.033934 
521     0.034830 
522     0.031312 
523     0.030715 
524     0.030849 
525     0.029460 
526     0.027663 
527     0.028058 
528     0.028404 
529     0.028002 
530     0.026996 
531     0.026853 
532     0.028374 
533     0.027035 
534     0.026542 
535     0.026228 
536     0.025786 
537     0.024075 
538     0.024417 
539     0.022522 
540     0.018964 
541     0.019088 
542     0.019192 
543     0.016243 
544     0.012655 
545     0.013245 
546     0.015048 
547     0.011890 
548     0.009299 
549     0.012335 
550     0.014946 
551     0.012410 
552     0.012128 
553     0.016942 
554     0.020013 
555     0.025956 
556     0.025074 
557     0.025926 
558     0.031715 
559     0.032041 
560     0.034412 
561     0.030309 
562     0.025243 
563     0.027256 
564     0.028848 
565     0.023805 
566     0.020081 
567     0.023470 
568     0.024134 
569     0.018689 
570     0.017742 
571     0.022652 
572     0.021840 
573     0.017186 
574     0.020164 
575     0.024602 
576     0.022111 
577     0.021802 
578     0.028074 
579     0.033690 
580     0.033721 
581     0.030656 
582     0.033404 
583     0.031040 
584     0.027660 
585     0.030749 
586     0.032030 
587     0.028168 
588     0.027499 
589     0.031999 
590     0.030943 
591     0.026392 
592     0.028596 
593     0.032768 
594     0.030355 
595     0.026250 
596     0.029981 
597     0.028954 
598     0.023120 
599     0.023245 
600     0.025426 
601     0.021686 
602     0.017173 
603     0.019894 
604     0.017003 
605     0.010001 
606     0.117348 
607     0.115814 
608     0.096721 
609     0.054863 
610     0.061027 
611     0.067909 
612     0.052538 
613     0.021440 
614     0.036090 
615     0.061286 
616     0.056894 
617     0.049010 
618     0.060899 
619     0.076858 
620     0.072591 
621     0.074435 
622     0.081364 
623     0.088844 
624     0.084127 
625     0.086529 
626     0.083580 
627     0.085837 
628     0.082042 
629     0.077624 
630     0.068806 
631     0.068576 
632     0.066043 
633     0.052137 
634     0.041032 
635     0.048506 
636     0.039915 
637     0.031105 
638     0.028359 
639     0.030175 
640     0.027538 
641     0.024042 
642     0.025840 
643     0.025345 
644     0.023296 
645     0.021633 
646     0.024069 
647     0.022180 
648     0.020539 
649     0.021839 
650     0.022781 
651     0.020690 
652     0.020117 
653     0.021120 
654     0.023715 
655     0.023211 
656     0.019689 
657     0.022957 
658     0.024200 
659     0.019214 
660     0.017860 
661     0.021224 
662     0.020240 
663     0.015707 
664     0.016614 
665     0.018981 
666     0.016660 
667     0.013935 
668     0.015885 
669     0.017537 
670     0.014931 
671     0.013461 
672     0.016693 
673     0.016310 
674     0.013454 
675     0.014785 
676     0.018060 
677     0.020614 
678     0.023268 
679     0.024543 
680     0.028659 
681     0.029588 
682     0.028752 
683     0.027762 
684     0.026632 
685     0.028864 
686     0.026393 
687     0.021942 
688     0.023153 
689     0.024855 
690     0.021290 
691     0.019197 
692     0.021345 
693     0.020903 
694     0.018181 
695     0.018745 
696     0.020357 
697     0.019624 
698     0.017705 
699     0.019735 
700     0.021406 
701     0.018735 
702     0.017120 
703     0.020355 
704     0.020172 
705     0.016431 
706     0.014077 
707     0.011830 
708     0.010366 
709     0.007099 
710     0.007029 
711     0.004982 
712     0.005767 
713     0.006604 
714     0.004304 
715     0.006605 
716     0.004910 
717     0.005051 
718     0.004826 
719     0.006214 
720     0.003869 
721     0.001668 
722     0.001557 
723     0.001591 
724     0.003619 
725     0.006062 
726     0.008271 
727     0.012024 
728     0.015825 
729     0.016213 
730     0.017969 
731     0.015582 
732     0.011952 
733     0.012929 
734     0.013102 
735     0.009848 
736     0.007540 
737     0.005101 
738     0.008197 
739     0.008234 
740     0.007022 
741     0.007267 
742     0.007453 
743     0.007954 
744     0.006843 
745     0.008974 
746     0.009164 
747     0.012732 
748     0.013258 
749     0.009388 
750     0.011211 
751     0.008530 
752     0.010794 
753     0.009470 
754     0.005524 
755     0.004385 
756     0.004391 
757     0.004061 
758     0.006390 
759     0.006789 
760     0.010570 
761     0.013749 
762     0.017702 
763     0.020303 
764     0.022070 
765     0.195103 
766     0.148844 
767     0.144633 
768     0.152886 
769     0.124960 
770     0.087315 
771     0.089938 
772     0.089573 
773     0.063666 
774     0.039112 
775     0.046541 
776     0.062656 
777     0.051028 
778     0.047581 
779     0.064378 
780     0.074829 
781     0.070821 
782     0.076738 
783     0.083620 
784     0.086731 
785     0.084680 
786     0.091187 
787     0.084787 
788     0.082707 
789     0.087026 
790     0.083678 
791     0.071055 
792     0.072026 
793     0.074720 
794     0.062547 
795     0.052764 
796     0.057857 
797     0.054824 
798     0.040369 
799     0.038935 
800     0.041381 
801     0.031823 
802     0.024893 
803     0.030731 
804     0.027049 
805     0.020306 
806     0.023560 
807     0.028205 
808     0.023469 
809     0.021286 
810     0.025348 
811     0.029108 
812     0.025458 
813     0.023882 
814     0.027970 
815     0.031681 
816     0.028729 
817     0.026892 
818     0.031062 
819     0.034511 
820     0.030301 
821     0.027789 
822     0.030485 
823     0.030205 
824     0.026355 
825     0.031810 
826     0.034521 
827     0.029334 
828     0.028349 
829     0.033167 
830     0.033370 
831     0.028556 
832     0.029623 
833     0.034838 
834     0.033574 
835     0.032152 
836     0.031928 
837     0.034302 
838     0.031897 
839     0.029018 
840     0.032326 
841     0.030432 
842     0.027513 
843     0.024970 
844     0.022060 
845     0.020894 
846     0.024771 
847     0.022909 
848     0.019975 
849     0.023343 
850     0.026482 
851     0.024476 
852     0.023628 
853     0.027388 
854     0.029491 
855     0.026618 
856     0.026885 
857     0.029180 
858     0.029467 
859     0.026328 
860     0.027595 
861     0.029001 
862     0.028223 
863     0.025900 
864     0.031514 
865     0.031493 
866     0.028869 
867     0.024018 
868     0.021752 
869     0.022984 
870     0.037944 
871     0.053100 
872     0.068596 
873     0.062466 
874     0.060131 
875     0.042094 
876     0.053561 
877     0.047475 
878     0.056711 
879     0.038978 
880     0.026027 
881     0.032075 
882     0.023992 
883     0.043477 
884     0.044005 
885     0.042034 
886     0.064559 
887     0.081425 
888     0.098285 
889     0.098244 
890     0.104089 
891     0.085773 
892     0.086550 
893     0.068526 
894     0.050217 
895     0.052747 
896     0.039907 
897     0.055101 
898     0.054997 
899     0.041518 
900     0.052676 
901     0.046915 
902     0.032290 
903     0.032207 
904     0.034011 
905     0.039159 
906     0.039869 
907     0.041590 
908     0.046970 
909     0.049051 
910     0.047317 
911     0.047086 
912     0.046410 
913     0.041435 
914     0.028818 
915     0.035617 
916     0.028610 
917     0.038095 
918     0.034165 
919     0.055632 
920     0.057449 
921     0.080633 
922     0.100253 
923     0.127982 
