-0.002624
-0.002503
-0.003794
-0.001975
-0.002824
-0.004901
-0.002832
-0.002464
-0.004024
-0.001827
-0.002830
-0.004601
-0.002330
-0.002655
-0.003029
-0.001363
-0.002891
-0.001634
-0.001511
-0.002745
-0.001018
-0.000824
-0.002829
0.000287
-0.000755
-0.002956
0.000425
-0.000673
-0.002903
0.002067
-0.000816
-0.003203
0.002785
-0.001190
-0.003167
0.003528
-0.001802
-0.002719
0.003054
-0.002347
-0.002433
0.001940
-0.002811
-0.002334
0.001541
-0.003055
-0.002249
0.000086
-0.002923
-0.002257
-0.000249
-0.003088
-0.002278
-0.001256
-0.002663
-0.002264
-0.000986
-0.003965
-0.001799
-0.000900
-0.003348
-0.002153
-0.001363
-0.002096
-0.002539
-0.000370
-0.002851
-0.002053
0.000658
-0.002588
-0.002170
0.000800
-0.003816
-0.001820
0.000680
-0.003741
-0.001914
0.001153
-0.005669
-0.001679
0.000774
-0.006737
-0.001580
0.001522
-0.007008
-0.001479
0.000942
-0.008879
-0.001474
0.000745
-0.008911
-0.001724
0.003013
-0.008803
-0.001671
0.003252
-0.006726
-0.001967
0.003805
-0.005158
-0.001868
0.002907
-0.003777
-0.002175
0.003551
-0.004139
-0.002463
0.002791
-0.003067
-0.002930
0.003283
-0.001944
-0.002907
0.002230
-0.001682
-0.003130
0.002375
-0.001288
-0.002487
0.000802
0.000156
-0.002711
0.001058
0.001461
-0.001834
-0.000419
0.000673
-0.002367
0.000276
0.002735
-0.002773
-0.000241
0.001686
-0.001070
-0.001486
0.001486
0.000160
-0.002747
-0.001331
0.000245
-0.002146
-0.001534
0.000064
-0.002445
-0.003409
-0.000975
-0.000341
-0.003736
-0.001514
0.000500
-0.004494
-0.002379
0.002282
-0.006045
-0.002921
0.004089
-0.005602
-0.002413
0.003058
-0.003000
-0.003190
0.002835
-0.003238
-0.004797
0.005042
-0.004564
-0.004983
0.005733
-0.001937
-0.005136
0.004430
-0.000232
-0.006444
0.004731
0.001628
-0.008654
0.005678
0.001454
-0.006985
0.004023
0.002967
-0.006129
0.002805
0.003690
-0.007304
0.003252
0.005736
-0.006447
0.001862
0.004414
-0.004306
0.000944
0.002353
-0.004624
0.002184
0.001462
-0.003871
0.001783
0.000012
-0.004042
0.002431
-0.000096
-0.003335
0.002548
0.001709
-0.003245
0.000579
0.001934
-0.003771
0.000551
0.003130
-0.005091
0.001182
0.004172
-0.004849
-0.000322
0.003282
-0.003804
-0.001323
0.004576
-0.003511
-0.002177
0.005996
-0.004217
-0.001441
0.008255
-0.004209
-0.001554
0.009419
-0.005213
-0.000699
0.010197
-0.005388
-0.000292
0.008646
-0.005653
0.000035
0.008031
-0.006931
0.001349
0.005209
-0.006290
0.001222
0.007195
-0.006295
0.000883
0.008899
-0.007389
0.001938
0.007313
-0.009296
0.003091
0.006272
-0.008344
0.002357
0.008564
-0.008240
0.002421
0.008829
-0.010803
0.003899
0.006173
-0.011227
0.004447
0.005378
-0.008890
0.003189
0.005492
-0.009053
0.003334
0.005905
-0.006271
0.001812
0.007356
-0.006781
0.000708
0.007512
-0.006583
0.000550
0.009323
-0.005734
-0.000567
0.010265
-0.004561
-0.001229
0.009717
-0.002933
-0.002602
0.011619
-0.001373
-0.004009
0.010801
-0.000965
-0.004291
0.010669
-0.002870
-0.002670
0.008378
-0.003052
-0.002491
0.007383
-0.004439
-0.001288
0.006856
-0.004064
-0.001563
0.006296
-0.004825
-0.000886
0.007220
-0.004689
-0.001319
0.006156
-0.003083
-0.001380
0.007005
-0.002633
-0.002282
0.008299
-0.003108
-0.003511
0.007540
-0.002374
-0.003349
0.007531
-0.003115
-0.002669
0.006006
-0.002823
-0.002452
0.004977
-0.002300
-0.003060
0.002568
-0.003217
-0.002315
0.001638
-0.002713
-0.003256
0.000811
-0.002534
-0.003878
0.000730
-0.002938
-0.001949
0.000143
-0.002750
-0.001458
-0.000816
-0.002334
-0.002907
-0.002107
-0.001776
-0.001674
-0.002300
-0.002079
-0.000551
-0.002148
-0.002062
-0.002052
-0.003519
-0.001862
-0.003039
-0.004634
-0.001672
-0.001415
-0.004070
-0.001875
-0.001350
-0.004277
-0.001926
-0.003173
-0.006184
-0.001600
-0.002981
-0.006321
-0.001550
-0.001407
-0.005571
-0.001601
-0.002337
-0.006810
-0.001608
-0.004041
-0.008460
-0.001351
-0.002909
-0.008255
-0.001329
-0.002382
-0.007743
-0.001574
-0.004229
-0.009060
-0.001545
-0.005159
-0.007858
-0.001764
-0.006721
-0.006463
-0.001745
-0.006849
-0.004684
-0.001985
-0.006093
-0.003100
-0.002555
-0.007120
-0.001540
-0.002849
-0.005844
-0.000911
-0.003098
-0.004189
0.000101
-0.003541
-0.003028
0.000510
-0.003384
-0.001930
0.001245
-0.003506
-0.000614
0.002381
-0.003683
-0.000486
0.002138
-0.004125
-0.000377
0.002636
-0.004785
-0.000050
0.001555
-0.006130
-0.001292
0.003745
-0.004840
-0.001422
0.004640
-0.004011
-0.002650
0.004796
-0.003233
-0.003570
0.005389
-0.003413
-0.003296
0.004541
-0.003832
-0.002506
0.003822
-0.003605
-0.003054
0.003878
-0.003446
-0.004052
0.003547
-0.003444
-0.003429
0.002316
-0.003320
-0.002972
0.002352
-0.003481
-0.004338
0.002165
-0.003248
-0.004950
0.001173
-0.002837
-0.003807
0.000353
-0.003001
-0.004453
0.000313
-0.003053
-0.006170
-0.000289
-0.002702
-0.005842
-0.001721
-0.002325
-0.005129
-0.002094
-0.002572
-0.006747
-0.001302
-0.002753
-0.005827
-0.000051
-0.003140
-0.006566
0.000790
-0.003395
-0.005276
0.000901
-0.004004
-0.005383
0.001896
-0.004216
-0.003966
0.002238
-0.003532
-0.003057
0.002325
-0.004018
-0.001084
0.002651
-0.004212
-0.000194
0.002053
-0.003538
0.000965
0.002641
-0.003778
0.001738
0.002984
-0.004140
0.001273
0.001982
-0.003559
0.001049
0.002206
-0.002928
0.002409
0.003320
-0.003583
0.002753
0.002693
-0.003926
0.001791
0.001579
-0.002683
0.002402
0.003199
-0.002078
0.003581
0.004146
-0.003034
0.003761
0.004874
-0.004317
0.003673
0.004852
-0.006222
0.003063
0.006772
-0.007367
0.005520
0.009589
-0.006211
0.005310
0.008067
-0.005538
0.004562
0.007345
-0.005463
0.005101
0.006582
-0.004997
0.004957
0.006452
-0.004339
0.004512
0.006103
-0.004339
0.004789
0.005134
-0.003402
0.004214
0.004339
-0.002728
0.004251
0.003261
-0.002466
0.003422
0.002608
-0.001606
0.003904
0.001882
-0.001802
0.003135
0.000655
-0.000943
0.003796
-0.000133
-0.001259
0.002882
-0.000787
-0.000613
0.002987
-0.001167
-0.001392
0.003261
-0.000470
-0.001635
0.002667
0.001022
-0.001801
0.002911
0.002177
-0.002635
0.002015
0.002621
-0.002520
0.002634
0.003250
-0.003597
0.002080
0.004061
-0.003901
0.002931
0.004229
-0.004562
0.002452
0.005044
-0.005155
0.003595
0.005176
-0.004897
0.003442
0.005749
-0.005854
0.004667
0.006400
-0.006023
0.005662
0.006208
-0.006556
0.006119
0.005467
-0.007573
0.005768
0.006324
-0.007598
0.006528
0.006589
-0.006304
0.005928
0.005105
-0.006337
0.004831
0.004574
-0.006190
0.003668
0.003984
-0.005194
0.002165
0.003766
-0.006020
0.001488
0.003569
-0.005532
0.001119
0.004005
-0.006311
0.001474
0.003370
-0.005296
0.001725
0.003325
-0.004389
0.000944
0.002264
-0.002976
0.000977
0.001927
-0.002576
0.002012
0.001833
-0.002303
0.002955
0.002340
-0.003169
0.002684
0.000180
-0.001012
0.004451
0.000684
-0.000149
0.006015
0.000758
0.001193
0.007489
0.000093
0.002628
0.007660
-0.002240
0.002938
0.006469
-0.001444
0.004027
0.007484
-0.000395
0.005687
0.008153
-0.000912
0.007875
0.008500
-0.002540
0.007347
0.008221
-0.001392
0.008654
0.007037
0.000249
0.008816
0.006743
0.000502
0.008942
0.007211
-0.001588
0.009918
0.006849
-0.000026
0.009826
0.003952
0.002735
0.008094
0.005165
0.002716
0.008411
0.005865
0.001074
0.008470
0.002761
0.003019
0.006897
0.001096
0.006413
0.006263
0.002934
0.005241
0.006400
0.002200
0.004588
0.005464
-0.001853
0.008122
0.004280
-0.002069
0.010554
0.004003
0.000525
0.009243
0.004531
0.000377
0.009494
0.005807
0.004145
0.006484
0.007589
0.007314
0.006535
0.008556
0.010610
0.003764
0.010284
0.012085
0.005674
0.009851
0.014563
0.007673
0.008520
0.015600
0.006950
0.009698
0.017925
0.007991
0.007956
0.016883
0.008734
0.007693
0.014194
0.006237
0.009300
0.014258
0.006776
0.009455
0.015835
0.008593
0.007802
0.014093
0.006057
0.008272
0.011569
0.004884
0.009648
0.012204
0.005780
0.009400
0.013278
0.006523
0.007779
0.010826
0.003536
0.008063
0.008799
0.002122
0.009583
0.009995
0.003474
0.008750
0.009446
0.003217
0.008091
0.008060
0.001238
0.008387
0.008032
0.000524
0.008321
0.007402
0.002330
0.008510
0.007425
0.001867
0.008493
0.007034
0.001491
0.008383
0.007726
0.001971
0.008552
0.008377
0.002473
0.008399
0.007067
0.002323
0.007983
0.005689
0.003131
0.007763
0.005647
0.004095
0.008047
0.006217
0.005992
0.007450
0.006028
0.006697
0.007559
0.007076
0.009705
0.007208
0.007427
0.011287
0.007357
0.009549
0.015169
0.006181
0.010163
0.017197
0.006205
0.011527
0.012840
0.007371
0.011136
0.014554
0.006994
0.011178
0.019042
0.004673
0.010410
0.019938
0.002975
0.008443
0.025457
-0.001690
0.004872
0.023615
-0.003428
0.001642
0.025096
-0.000898
0.005725
0.020621
0.002532
0.007835
0.015724
0.003278
0.005748
0.014670
0.004186
0.006581
0.010950
0.005835
0.005598
0.009853
0.005712
0.004551
0.006700
0.006474
0.003532
0.005653
0.006116
0.004484
0.002983
0.007669
0.005064
0.002323
0.007540
0.005110
0.001164
0.008282
0.005554
0.000793
0.007975
0.004677
0.001422
0.007990
0.005108
0.000825
0.008637
0.005956
0.000835
0.008895
0.005570
0.000952
0.009396
0.005813
0.000544
0.009130
0.006243
0.000634
0.008863
0.006332
0.001697
0.009115
0.005767
0.000845
0.006003
0.006435
0.000740
0.003104
0.007008
0.002945
0.002167
0.005980
0.003270
0.002477
0.006358
0.001358
0.001058
0.006127
0.002775
-0.000031
0.005374
0.003707
0.000311
0.006075
0.003025
-0.000684
0.005727
0.002977
-0.002245
0.003710
0.003954
-0.001866
0.004368
0.004298
-0.002390
0.004989
0.003914
-0.003979
0.003627
0.003890
-0.003816
0.002932
0.004822
-0.003906
0.004258
0.005057
-0.004919
0.004377
0.004506
-0.006361
0.002632
0.004447
-0.006022
0.002743
0.005391
-0.006331
0.005205
0.006877
-0.005423
0.005298
0.007889
-0.003123
0.007066
0.007292
-0.001194
0.007587
0.008881
-0.001833
0.008068
0.008628
-0.003822
0.007093
0.006936
-0.003121
0.006181
0.006847
-0.002846
0.006379
0.005799
-0.002191
0.005682
0.004874
-0.001499
0.005496
0.003569
-0.001595
0.004721
0.002386
-0.000876
0.004515
0.001149
-0.001278
0.003679
-0.000074
-0.000702
0.003586
-0.001217
0.000706
0.004171
-0.000197
0.001649
0.005359
0.001107
0.001141
0.005645
0.001496
0.003811
0.006661
0.002127
0.006225
0.006952
0.003112
0.006262
0.008154
0.002763
0.004685
0.007862
0.003053
0.002910
0.007213
0.003636
0.002698
0.008184
0.003968
0.003624
0.009135
0.004142
0.002786
0.008305
0.004552
0.001341
0.007846
0.005415
0.001795
0.008592
0.006043
0.002202
0.009471
0.006241
0.000904
0.008581
0.006637
0.000134
0.007808
0.007309
0.000968
0.008965
0.006829
0.000526
0.008414
0.005595
0.001404
0.008189
0.004575
0.000508
0.006773
0.003830
-0.000307
0.005918
0.002855
0.000295
0.005741
0.002496
-0.000371
0.005254
0.000939
-0.000832
0.004144
-0.000171
-0.000343
0.004174
0.000384
-0.000581
0.003789
-0.001006
-0.001195
0.003433
-0.001295
-0.001675
0.002661
0.000263
-0.001745
0.002648
0.000436
-0.002516
0.001893
-0.000765
-0.002581
0.000979
-0.000543
-0.002564
0.001205
0.000850
-0.003158
0.000865
0.000183
-0.003231
-0.000637
-0.000959
-0.002849
-0.000877
0.000202
-0.003276
-0.000566
0.001000
-0.003794
-0.001690
-0.000234
-0.003438
-0.002855
-0.001022
-0.003052
-0.002522
0.000068
-0.003694
-0.002477
0.001478
-0.004364
-0.002244
0.000848
-0.004425
-0.003882
0.000250
-0.004411
-0.003471
0.001359
-0.005025
-0.002527
0.002345
-0.009680
-0.001266
0.002995
-0.010218
-0.002030
0.003646
-0.002408
0.001129
0.003738
-0.006135
-0.001119
0.004300
-0.007987
-0.002869
0.004563
-0.009953
-0.005020
0.003197
-0.012329
-0.011470
0.003380
-0.008095
-0.017485
0.002749
-0.001226
-0.021115
0.002679
0.004385
-0.019294
0.000587
0.005948
-0.021462
0.009210
-0.004391
-0.018292
0.006728
-0.002904
-0.016830
0.006328
-0.002353
-0.014049
0.005870
-0.001739
-0.012560
0.004904
0.000610
-0.010724
0.005628
0.002892
-0.010102
0.005176
0.001525
-0.011520
0.005049
-0.000287
-0.004142
0.005876
-0.000247
-0.001538
0.009219
0.002514
-0.007586
0.005791
0.002744
-0.012129
0.006108
0.001538
-0.013544
0.006152
-0.000867
-0.012971
0.006635
-0.004665
-0.015003
0.006924
-0.006699
-0.012731
0.006020
-0.005613
-0.014452
0.006091
-0.005862
-0.017199
0.004119
-0.004099
-0.019265
0.002190
-0.000903
-0.020184
0.004769
-0.004131
-0.015364
0.003466
-0.003325
-0.009810
0.003155
-0.002678
-0.002937
0.004106
-0.003393
-0.000282
0.007012
-0.007097
-0.003338
0.010721
-0.008581
-0.004425
0.011646
-0.008498
-0.007908
0.012816
-0.008757
-0.009259
0.013945
-0.008613
-0.013443
0.014365
-0.007928
-0.012717
0.013043
-0.004110
-0.011297
0.011869
-0.003553
-0.016903
0.008384
0.000211
-0.018628
0.008523
0.003278
-0.023466
0.006251
0.003851
-0.024975
0.007693
0.002698
-0.023539
0.004925
0.003003
-0.019228
0.003990
0.003678
-0.018230
0.002346
0.003052
-0.012995
0.002041
0.003323
-0.012480
0.003731
0.002948
-0.013659
0.002318
0.003262
-0.012128
0.004553
0.001722
-0.009941
0.003350
0.002681
-0.009409
0.004322
0.001670
-0.009192
0.005523
0.002406
-0.012038
0.006392
0.001502
-0.013943
0.007315
0.002472
-0.017219
0.007802
0.000057
-0.020181
0.007919
0.005057
-0.018755
0.006897
0.002729
-0.017146
0.008323
0.006042
-0.014662
0.007037
0.006344
-0.013175
0.006694
0.010398
-0.012821
0.007735
0.009810
-0.016141
0.007690
0.007717
-0.015322
0.005525
0.005993
-0.014152
0.003673
0.005730
-0.011587
0.002617
0.004131
-0.008874
0.000376
0.003482
-0.006898
0.000420
0.003551
-0.007594
-0.000270
0.002350
-0.005940
-0.000162
0.002305
-0.006721
0.002514
0.000203
-0.005926
0.000381
0.001712
-0.006609
0.001631
0.000627
-0.005765
0.005689
-0.000641
-0.009101
0.007100
-0.001622
-0.009322
0.007272
0.000081
-0.013959
0.011362
-0.001966
-0.016166
0.012610
-0.001217
-0.021415
0.012379
-0.000622
-0.022812
0.016313
-0.002807
-0.022592
0.016917
-0.004831
-0.018476
0.013809
-0.004535
-0.014085
0.015657
-0.007073
-0.011060
0.011937
-0.006204
-0.009607
0.012890
-0.007526
-0.008068
0.010227
-0.006358
-0.008332
0.009849
-0.006536
-0.005524
0.007143
-0.005381
-0.005583
0.006884
-0.005092
-0.002171
0.004246
-0.003126
-0.001870
0.004686
-0.002972
0.000048
0.003410
-0.002499
-0.000192
0.002805
-0.001491
-0.000702
0.002760
-0.001239
-0.001557
0.002884
-0.001370
-0.000812
0.002936
-0.001497
-0.002063
0.004113
-0.002438
-0.000930
0.005006
-0.003391
-0.003295
0.006906
-0.004623
-0.002509
0.007826
-0.004795
-0.004941
0.009931
-0.006256
-0.003638
0.011048
-0.006503
-0.005383
0.015069
-0.009104
-0.004318
0.014538
-0.008389
-0.004998
0.010978
-0.007609
-0.001014
0.011355
-0.008574
0.001252
0.006979
-0.005663
0.001022
0.006622
-0.005328
0.001073
0.003697
-0.002761
-0.000133
0.003430
-0.002275
-0.000213
0.002071
-0.000704
-0.001252
0.002095
-0.000611
-0.000279
0.001767
0.000592
-0.001789
0.000908
0.000747
-0.001192
0.003616
-0.000738
-0.001825
0.001327
0.001940
-0.002768
0.000663
0.004476
-0.004915
0.002675
0.006127
-0.009982
0.003294
0.007494
-0.014241
0.004319
0.007820
-0.017704
0.009097
0.004570
-0.025961
0.010306
0.013276
-0.030233
0.006700
0.014910
-0.024684
0.008150
0.005070
-0.023598
0.014796
0.007294
-0.035955
0.012685
0.018343
-0.035956
0.009917
0.010348
-0.028890
0.016639
0.003956
-0.037149
0.019660
0.012887
-0.048774
0.014737
0.019554
-0.040278
0.014966
0.006465
-0.036793
0.020734
-0.000257
-0.051683
0.022700
0.016402
-0.057604
0.018278
0.017885
-0.043115
0.015631
0.001857
-0.042827
0.016951
0.006038
-0.043066
0.016870
0.017903
-0.029942
0.011568
0.008002
-0.022424
0.004919
-0.001731
-0.023081
0.007953
0.006609
-0.012723
0.008534
0.008590
-0.005253
-0.000365
-0.000010
-0.007797
-0.008479
-0.001674
0.000652
-0.000284
-0.000730
0.012922
-0.000395
0.000898
0.005605
-0.007922
-0.000890
0.005517
-0.006255
-0.003345
0.014043
-0.001456
-0.002481
0.014635
-0.003538
-0.000614
0.011241
-0.004154
-0.004614
0.013601
-0.003837
-0.003476
0.017267
-0.002375
-0.002513
0.018707
-0.000944
-0.005022
0.019789
-0.002380
-0.005060
0.018838
-0.002314
-0.003429
0.018188
-0.001995
-0.004313
0.023658
0.003884
-0.006864
0.023031
0.002979
-0.005208
0.019627
-0.001035
-0.005595
0.017200
0.001139
-0.005038
0.019345
0.008741
-0.000369
0.016559
0.004114
-0.000134
0.007454
-0.000358
-0.001787
0.006432
0.009714
0.002841
0.008905
0.013672
0.007709
0.000645
0.006650
0.005599
-0.009563
0.009670
0.012723
-0.019410
0.018845
0.016970
-0.012729
0.015291
0.012782
-0.009163
0.014400
0.014848
-0.015280
0.007616
0.010538
-0.018120
0.008546
0.010677
-0.015141
0.011715
0.009433
-0.006929
0.004914
0.007021
-0.006463
0.000537
0.004820
-0.009539
0.002890
0.004644
-0.003212
0.005044
0.004007
0.002981
-0.002260
0.001887
0.002774
-0.004290
0.000142
0.001755
-0.001937
0.000364
0.008343
-0.003121
-0.000384
0.011146
-0.007993
-0.001804
0.009745
-0.005407
-0.003345
0.012133
-0.004283
-0.002725
0.015739
-0.006642
-0.005065
0.014643
-0.006059
-0.005902
0.014757
-0.003049
-0.006051
0.018448
-0.003770
-0.007294
0.016734
-0.004632
-0.010608
0.016879
0.000070
-0.010624
0.019245
0.004509
-0.012680
0.018132
0.003901
-0.009098
0.022793
0.000322
-0.005703
0.023212
-0.000507
-0.003863
0.027353
-0.000384
-0.004158
0.024501
-0.001884
-0.003300
0.021677
-0.002258
0.000796
0.023810
-0.001921
-0.000075
0.024560
-0.002165
-0.000055
0.019554
0.000434
0.001693
0.020564
0.001518
0.005854
0.020517
0.000696
0.002419
0.014832
0.003505
0.004147
0.013718
0.008275
0.009372
0.016329
0.009241
0.007551
0.012056
0.011939
0.006699
0.005340
0.017172
0.008897
0.009915
0.025488
0.011935
0.008370
0.027555
0.013531
0.001696
0.020906
0.010235
0.006738
0.027341
0.011344
0.016542
0.037526
0.016478
0.010337
0.030802
0.014506
0.006449
0.027263
0.010350
0.018509
0.040397
0.015224
0.023643
0.034163
0.014156
0.015441
0.042282
0.016309
0.022696
0.010763
0.014370
0.006095
0.008428
0.018388
0.001752
0.005357
0.023281
-0.003945
0.005833
0.021545
-0.002564
0.001957
0.021148
-0.004831
0.001688
0.021205
-0.005345
-0.002343
0.020304
-0.008611
-0.002804
0.019077
-0.007991
-0.005510
0.019956
-0.010911
-0.006377
0.020229
-0.011704
-0.007040
0.019034
-0.012061
-0.008549
0.015506
-0.012388
-0.008991
0.011965
-0.011757
-0.007128
0.009194
-0.009603
-0.010390
0.007320
-0.011985
-0.012246
0.006510
-0.013699
-0.009801
0.002845
-0.010203
-0.010743
0.002486
-0.011203
-0.012796
-0.002261
-0.012448
-0.010184
-0.002900
-0.009151
-0.008462
-0.002763
-0.007389
-0.010676
-0.006596
-0.008192
-0.011541
-0.008505
-0.008368
-0.008330
-0.009734
-0.004330
-0.009339
-0.012230
-0.004633
-0.008674
-0.017351
-0.001835
-0.009201
-0.016858
-0.002635
-0.005635
-0.013695
-0.000962
-0.005236
-0.015699
-0.000100
-0.007911
-0.014387
-0.002528
-0.006071
-0.011650
-0.001863
-0.005632
-0.013609
-0.000829
-0.008100
-0.014734
-0.002371
-0.008677
-0.013044
-0.004507
-0.006689
-0.011775
-0.002540
-0.007738
-0.014216
-0.002296
-0.009188
-0.013704
-0.004558
-0.008404
-0.012174
-0.005125
-0.007464
-0.013068
-0.003361
-0.008878
-0.015025
-0.004095
-0.009781
-0.013792
-0.006869
-0.009120
-0.012618
-0.006315
-0.009601
-0.014938
-0.005489
-0.009881
-0.014457
-0.007142
-0.009095
-0.014810
-0.007064
-0.010505
-0.014774
-0.007611
-0.010864
-0.015999
-0.007117
-0.008063
-0.015851
-0.006094
-0.009731
-0.016668
-0.008990
-0.012264
-0.017108
-0.008531
-0.010713
-0.015264
-0.008419
-0.010507
-0.019099
-0.010386
-0.013423
-0.019449
-0.011668
-0.016939
-0.019105
-0.008616
-0.014638
-0.018604
-0.008982
-0.011541
-0.016446
-0.007299
-0.011592
-0.018030
-0.003187
-0.009777
-0.016914
-0.001558
-0.008106
-0.018551
0.002999
-0.008346
-0.020064
0.004124
-0.011263
-0.024334
0.001298
-0.010683
-0.024439
0.002754
-0.009439
-0.018473
-0.001159
-0.008371
-0.017252
0.000573
-0.006703
-0.015803
0.000969
-0.005247
-0.015083
0.003508
-0.003016
-0.015242
0.004409
-0.000277
-0.014426
0.006517
0.002455
-0.013961
0.007990
0.005711
-0.011833
0.009996
0.007158
-0.012378
0.011540
0.010500
-0.010075
0.013176
0.009410
-0.007000
0.010254
0.007228
-0.008551
0.009131
0.004511
-0.008079
0.006980
0.001786
-0.010647
0.005646
0.000066
-0.010472
0.004405
-0.002547
-0.012127
0.002312
-0.003363
-0.012297
0.001938
-0.005633
-0.013648
-0.000185
-0.006316
-0.014583
-0.000280
-0.008075
-0.013681
-0.004114
-0.008537
-0.011688
-0.006315
-0.006415
-0.007818
-0.004743
-0.007354
-0.001625
-0.007234
-0.006180
0.003057
-0.008554
-0.003908
0.008733
-0.007762
-0.007074
0.011268
-0.012629
-0.010040
0.005594
-0.012343
-0.005902
0.006063
-0.008317
-0.004699
0.011201
-0.010193
-0.008844
0.010423
-0.014243
-0.010774
0.004582
-0.011568
-0.005994
0.005304
-0.007200
-0.005042
0.010490
-0.009574
-0.008805
0.008886
-0.011748
-0.009087
0.004176
-0.009294
-0.006800
0.007814
-0.008881
-0.009334
0.011670
-0.012208
-0.012258
0.010285
-0.014322
-0.012190
0.004819
-0.013241
-0.013138
0.005668
-0.014334
-0.015169
0.011019
-0.016824
-0.017432
0.008664
-0.018737
-0.017955
0.004104
-0.018857
-0.019120
0.007470
-0.020204
-0.021751
0.011667
-0.023039
-0.022791
0.005442
-0.023636
-0.024126
0.006709
-0.025013
-0.025382
0.012732
-0.026554
-0.026185
0.012524
-0.027331
-0.021122
0.011553
-0.022375
-0.021910
0.006003
-0.022948
-0.020352
0.002569
-0.021384
-0.016372
0.002153
-0.017533
-0.016006
0.000075
-0.016627
-0.017130
-0.004608
-0.018023
-0.013817
-0.006995
-0.016674
-0.013455
-0.003825
-0.013509
-0.013447
-0.002145
-0.014110
-0.013587
-0.008275
-0.015314
-0.012059
-0.011840
-0.011774
-0.010553
-0.007547
-0.009965
-0.010306
-0.003434
-0.009364
-0.010061
-0.006900
-0.008463
-0.008091
-0.008585
-0.005512
-0.006521
-0.004490
-0.004418
-0.006408
-0.002061
-0.004732
-0.006510
-0.006503
-0.003823
-0.003864
-0.006159
-0.001161
-0.002828
-0.002733
-0.001178
-0.003308
-0.005510
-0.000860
-0.000916
-0.007883
0.002017
0.001341
-0.004665
0.002637
0.003395
-0.000467
0.002679
0.003906
0.001572
0.002713
0.001406
-0.000113
0.001361
0.002271
0.000876
0.002190
-0.000253
-0.001298
0.000346
0.001118
-0.001836
0.002524
-0.001733
-0.003239
-0.000231
-0.002407
-0.003990
-0.000883
-0.005655
-0.004961
-0.005134
-0.007059
-0.009750
-0.004982
-0.008333
-0.007304
-0.008431
-0.005348
-0.001976
-0.005941
-0.002221
-0.002083
-0.001729
0.000063
-0.003500
0.002603
0.002636
0.002453
0.003089
0.000179
0.004360
-0.001164
0.000948
0.001889
0.001091
0.000939
0.004964
-0.000131
0.002988
0.005196
0.002005
0.001082
0.006651
-0.000837
0.002915
0.007658
0.000479
0.001620
0.008527
-0.001076
0.002992
0.007665
0.000132
-0.001288
0.006627
-0.002458
-0.000898
0.012152
-0.004306
-0.000987
0.016241
-0.005759
-0.000134
0.015942
-0.004958
0.002372
0.014164
-0.002273
0.001684
0.014332
-0.002776
0.005002
0.013187
0.000821
0.004342
0.012506
0.000787
0.004833
0.007997
0.003359
0.008977
0.006429
0.008866
0.007991
0.001833
0.011033
0.004539
-0.002977
0.008297
0.002252
-0.006775
0.007854
-0.000252
-0.010572
0.005730
-0.003852
-0.010998
0.001090
-0.004505
-0.010949
-0.000423
-0.003758
-0.008793
-0.000685
-0.001365
-0.008784
0.001963
-0.001347
-0.007254
0.001022
0.001478
-0.005983
0.003732
0.001842
-0.005916
0.003595
0.004884
-0.004425
0.005402
0.004064
-0.007089
0.005747
0.004528
-0.006110
0.005748
0.007248
-0.007654
0.008281
0.004733
-0.010798
0.007891
0.002540
-0.011728
0.006963
0.004682
-0.012614
0.009055
0.002599
-0.015500
0.008796
0.000991
-0.015240
0.007358
0.002890
-0.014890
0.009038
0.002588
-0.017620
0.010129
0.000714
-0.019112
0.010265
-0.001116
-0.021218
0.010019
-0.000871
-0.018845
0.007846
-0.002546
-0.017502
0.006100
-0.004087
-0.020232
0.006162
-0.005173
-0.021479
0.005063
-0.006167
-0.018565
0.001998
-0.007044
-0.017822
0.001738
-0.007891
-0.020607
0.002352
-0.009693
-0.020471
0.000549
-0.010022
-0.016448
-0.001042
-0.009925
-0.017040
-0.000574
-0.011124
-0.017052
-0.000191
-0.011436
-0.016655
-0.002313
-0.010934
-0.016911
-0.001616
-0.010732
-0.018168
-0.001212
-0.009987
-0.017786
-0.001631
-0.009190
-0.018100
0.001161
-0.007909
-0.017456
0.001585
-0.007135
-0.017658
0.004938
-0.004002
-0.018026
0.006040
-0.001037
-0.018666
0.007573
-0.001050
-0.020214
0.010424
-0.000116
-0.021448
0.010243
-0.003873
-0.017681
0.010344
-0.002909
-0.021693
0.005451
-0.008157
-0.017083
0.001258
-0.009663
-0.019667
-0.005668
-0.011724
-0.021217
-0.012240
-0.010563
-0.018962
-0.006602
-0.005298
-0.023632
-0.002082
-0.006051
-0.018955
0.002733
-0.003227
-0.020412
0.006486
-0.003849
-0.019145
0.007874
-0.005373
-0.018981
0.007090
-0.006797
-0.020302
0.008097
-0.007430
-0.019549
0.004559
-0.007670
-0.019865
0.003273
-0.009035
-0.019019
0.001163
-0.009605
-0.019495
0.000504
-0.010978
-0.017821
-0.000324
-0.012115
-0.015516
-0.000548
-0.005592
-0.017565
-0.002250
-0.002975
-0.013216
-0.001853
0.000575
-0.011704
-0.000350
-0.000496
-0.010724
0.000390
-0.000082
-0.009232
-0.002663
0.001516
-0.006796
-0.001207
0.002263
-0.007333
0.000913
0.002592
-0.005303
-0.000213
0.000402
-0.009096
-0.004595
-0.002077
-0.011772
-0.003919
-0.006489
-0.013959
-0.005352
-0.009621
-0.015394
-0.004337
-0.008050
-0.013608
-0.005031
-0.007608
-0.013520
-0.004779
-0.007781
-0.011103
-0.005504
-0.007878
-0.010594
-0.007080
-0.009116
-0.013309
-0.005587
-0.009249
-0.014677
-0.004700
-0.008182
-0.010936
-0.007302
-0.010868
-0.011928
-0.006447
-0.009501
-0.012729
-0.005947
-0.010095
-0.011247
-0.006876
-0.011771
-0.011999
-0.004876
-0.015337
-0.013175
-0.006986
-0.014560
-0.013012
-0.006682
-0.014467
-0.011412
-0.008035
-0.012551
-0.009877
-0.007307
-0.009102
-0.008884
-0.009321
-0.005861
-0.008991
-0.005311
-0.003700
-0.005264
-0.003474
-0.001622
-0.005567
-0.004008
-0.000544
-0.007697
-0.002536
0.003198
-0.005274
-0.000958
0.003031
-0.009041
0.000391
0.003558
-0.007771
0.000796
0.002671
-0.009042
-0.000249
0.003473
-0.007223
0.000675
0.003325
-0.005639
0.000345
0.003432
-0.004937
0.000954
0.003445
-0.005435
0.000623
0.003555
-0.006403
0.000781
0.002907
-0.006754
-0.000734
0.002659
-0.007294
-0.000593
0.000907
-0.010737
-0.001276
0.001322
-0.009787
-0.000362
0.000379
-0.009937
-0.000042
0.000585
-0.007999
0.000198
-0.000862
-0.008352
-0.000486
-0.001401
-0.008889
-0.000053
-0.005932
-0.010082
-0.002428
-0.006249
-0.009239
-0.002516
-0.006682
-0.011911
-0.000845
-0.004635
-0.015752
0.002207
-0.011601
-0.028747
-0.000760
-0.017610
-0.047234
0.002682
-0.013189
-0.048910
0.008207
-0.001620
-0.033677
0.015207
0.006298
-0.046994
0.034296
-0.002117
-0.061077
0.036037
0.006242
-0.059623
0.047148
-0.001805
-0.055998
0.030941
-0.003831
-0.025988
0.012296
-0.007493
-0.027168
0.003121
-0.001646
-0.015634
0.001839
-0.001175
-0.013027
-0.000370
-0.000413
-0.011025
-0.000763
-0.001627
-0.011957
-0.001370
-0.000822
-0.010637
-0.001955
-0.001261
-0.010288
-0.003119
0.000714
-0.009343
-0.003588
-0.000366
-0.008240
-0.004669
-0.002628
-0.008694
-0.005025
-0.003095
-0.010007
-0.006084
-0.003671
-0.011354
-0.004434
-0.001717
-0.013105
-0.004366
-0.002036
-0.013609
-0.002919
-0.000721
-0.013067
-0.002688
-0.000513
-0.014445
-0.001907
-0.000030
-0.012770
-0.000071
0.000065
-0.011270
0.005490
0.001831
-0.009584
0.005592
0.001989
-0.008880
0.004743
0.001276
-0.008775
0.006389
0.000048
-0.008832
0.007312
-0.001119
-0.008621
0.006404
-0.001568
-0.008117
0.007413
0.000105
-0.008683
0.006923
0.001397
-0.010779
0.009275
-0.000653
-0.010950
0.004753
0.000318
-0.010061
0.003024
-0.001281
-0.010281
0.000605
-0.000377
-0.008552
-0.001110
-0.000700
-0.010312
-0.000939
-0.000153
-0.010277
-0.001002
-0.000007
-0.009026
-0.002625
0.002030
-0.008129
-0.001760
0.001532
-0.007419
-0.002802
0.002684
-0.007377
-0.002499
0.003127
-0.010148
-0.003811
0.002644
-0.010718
-0.005909
-0.000057
-0.011813
-0.005499
0.004009
-0.014447
-0.011984
0.002666
-0.015225
-0.007203
0.000447
-0.018186
-0.004648
0.000371
-0.018666
-0.002614
0.001744
-0.019563
-0.000880
0.002208
-0.016846
-0.002131
0.002395
-0.015847
-0.001040
0.000858
-0.017159
0.002999
0.002544
-0.015471
0.004059
0.003015
-0.012752
0.002381
0.003022
-0.010810
0.004922
0.002469
-0.009971
0.003577
0.002056
-0.011863
0.004428
0.003665
-0.011480
0.005268
0.003503
-0.009527
0.005613
0.002295
-0.009055
0.004657
0.002987
-0.009161
0.005386
0.004325
-0.008691
0.005667
0.003520
-0.007404
0.005048
0.002172
-0.007165
0.004783
0.003278
-0.006460
0.004966
0.004407
-0.005616
0.005398
0.002614
-0.004724
0.003801
0.002178
-0.005547
0.004038
0.003462
-0.003925
0.005774
0.003632
-0.003087
0.004656
0.002505
-0.003457
0.003293
0.002667
-0.003058
0.004304
0.003787
-0.002620
0.005003
0.002776
-0.001852
0.003985
0.001185
-0.000729
0.002929
0.002941
-0.001550
0.003623
0.004433
0.000642
0.003141
0.002312
0.002315
0.002806
0.002349
0.002402
0.002959
0.004148
0.002788
0.002749
0.001175
0.002942
0.003140
-0.000028
-0.000689
0.003239
0.002094
-0.000502
0.004414
0.003081
0.000807
0.003818
-0.000222
-0.005069
0.001825
0.000481
-0.006095
0.003211
0.001334
-0.004794
0.005842
0.001416
-0.009748
0.005904
0.000381
-0.010445
0.002045
0.001613
-0.007715
0.006714
-0.000297
-0.006009
0.006063
-0.001032
-0.002634
0.007075
-0.000599
-0.007642
0.006287
-0.000502
-0.005725
0.006055
-0.000372
-0.005795
0.006841
-0.000465
-0.005200
0.007194
-0.001193
-0.006731
0.006712
-0.001245
-0.004648
0.006578
-0.002577
-0.004051
0.005802
-0.002196
-0.007396
0.007257
-0.002392
-0.007338
0.007286
-0.001133
-0.006739
0.006989
-0.001882
-0.004608
0.007161
-0.001985
-0.003909
0.006310
-0.001094
-0.003954
0.006908
-0.001236
-0.001338
0.006878
-0.001081
-0.001464
0.007091
-0.001587
-0.002523
0.007051
-0.000259
-0.001774
0.007671
-0.000972
-0.000161
0.008262
0.000138
-0.000906
0.007262
-0.000353
-0.000944
0.008732
0.001203
0.000493
0.009189
-0.000044
0.006665
0.006642
-0.001794
0.008504
0.004691
-0.002122
0.007926
0.004882
-0.002246
0.010835
0.005624
-0.001696
0.007909
0.003888
-0.000909
0.007089
0.004106
-0.000991
0.009424
0.004632
-0.001206
0.009440
0.005113
-0.000310
0.010205
0.005600
-0.000100
0.008958
0.007116
0.000146
0.006115
0.007329
0.001724
0.002655
0.008016
0.000813
0.003822
0.008106
0.000570
0.001692
0.007637
-0.000507
0.001059
0.007573
-0.001779
0.002506
0.008824
-0.000440
0.002959
0.009879
-0.000434
0.003573
0.008529
-0.002871
0.002388
0.008706
-0.002786
0.002590
0.012122
-0.000108
0.003459
0.012921
-0.003099
0.003385
0.010492
-0.004313
0.002617
0.010309
-0.007097
-0.000684
0.007657
-0.008133
0.000611
0.003944
-0.005965
0.003027
0.004782
-0.005195
0.003655
0.005621
-0.003857
0.008193
0.004220
-0.003974
0.005186
0.005027
-0.005492
0.010285
0.004069
-0.004238
0.011795
0.004209
-0.002374
0.011800
0.002223
-0.001174
0.009189
-0.000966
-0.001722
0.011386
0.000385
-0.002006
0.013094
0.000459
-0.003025
0.012283
0.001476
-0.002428
0.013300
0.002595
-0.003696
0.014264
0.000883
-0.003053
0.012586
0.000758
-0.001803
0.012597
0.000896
-0.001975
0.014057
0.002048
-0.001320
0.013987
0.002272
0.000310
0.012636
0.001688
0.003516
0.012360
0.003691
-0.000142
0.014457
0.004140
-0.000658
0.015560
0.004308
0.001672
0.017545
0.006383
0.000362
0.018323
0.008963
-0.000370
0.015781
0.006900
0.000712
0.015057
0.007987
0.001313
0.017239
0.009195
-0.000576
0.015546
0.009077
-0.000308
0.016138
0.009344
-0.003080
0.013254
0.008913
-0.003024
0.012423
0.008184
-0.003644
0.011349
0.006480
-0.003175
0.009570
0.005054
-0.002517
0.010430
0.002916
-0.002478
0.010515
0.002328
-0.002923
0.011280
0.003014
-0.005876
0.007304
0.003419
-0.004183
0.008020
0.003815
-0.006565
0.001224
0.004925
-0.006484
0.000516
0.002810
-0.005778
0.001316
-0.000257
-0.005049
-0.002064
0.003026
-0.004731
-0.003548
0.003218
-0.004489
-0.002346
0.001588
-0.002619
-0.003414
0.002340
-0.004235
-0.003623
0.002663
-0.002710
-0.000574
0.003029
-0.003636
0.001776
0.004941
-0.004092
0.002165
0.006779
-0.003257
0.000662
0.007537
-0.002779
-0.000129
0.007446
-0.005972
0.000853
0.007930
-0.004555
0.002101
0.006875
-0.004425
0.001899
0.006077
-0.003240
0.004067
0.005749
-0.009579
0.015438
0.001290
-0.006058
0.013748
0.000692
-0.004222
0.011123
0.003350
-0.002454
0.012293
-0.000223
-0.009760
0.017088
-0.001274
-0.016116
0.017493
0.000904
-0.018671
0.017277
0.000894
-0.015046
0.014407
-0.005498
-0.017477
0.018610
-0.002959
-0.001484
0.022491
0.014418
-0.002650
0.020193
0.018391
-0.011859
0.041272
0.030126
-0.002652
0.032457
0.036268
-0.004751
0.029114
0.074066
-0.019259
0.035904
0.086935
-0.019477
0.016575
0.109983
0.005474
0.008947
0.099716
-0.009941
0.027555
0.086518
-0.027074
0.027671
0.097100
-0.005319
0.018737
0.098481
0.004706
0.031355
0.079663
-0.011765
0.041164
0.070161
-0.001094
0.033643
0.079042
0.013190
0.035386
0.069973
0.009880
0.037255
0.052029
0.008130
0.035276
0.062796
0.022493
0.026133
0.067150
0.022683
0.018056
0.050489
0.019039
0.021551
0.049098
0.028150
0.013271
0.051982
0.029221
0.009795
0.046518
0.021153
0.010509
0.036009
0.025401
0.008445
0.035265
0.034303
0.001595
0.036027
0.030328
0.001135
0.025152
0.024986
0.001785
0.021647
0.032634
-0.005695
0.024292
0.035680
-0.010718
0.022704
0.027160
-0.011312
0.014728
0.025979
-0.010057
0.012522
0.019893
-0.012614
0.002967
0.016779
-0.010822
-0.000651
0.013062
0.000248
0.002148
0.007882
0.009013
0.001610
0.010095
0.012202
0.011718
0.012450
0.012651
0.019201
0.008830
0.021883
0.022251
0.009287
0.023684
0.024519
0.006322
0.023170
0.017504
0.008525
0.021191
0.019703
0.003119
0.019283
0.012504
0.005519
0.017864
0.013057
0.005145
0.016852
0.011825
0.008478
0.011382
0.010910
0.009928
0.009043
0.007386
0.012687
0.005006
0.014490
0.010609
0.007797
0.008833
0.008230
0.009309
0.003934
0.007359
0.008431
0.001795
-0.000353
0.013433
-0.001395
-0.004033
0.014114
-0.008494
-0.011366
0.016028
-0.010522
-0.017645
0.018409
-0.009061
-0.020764
0.016996
-0.016159
-0.014084
0.013872
-0.020619
-0.008789
0.012955
-0.019199
-0.003510
0.014522
-0.008703
0.003532
0.012636
-0.007803
0.000955
0.009970
-0.008592
-0.005481
0.012955
-0.015433
0.002937
0.012636
-0.019751
0.012716
0.013797
-0.016593
0.000151
0.012218
-0.017770
-0.001423
0.010563
-0.036571
0.017293
0.008971
-0.038933
0.016558
0.010528
-0.031956
0.001378
0.009167
-0.045874
0.016274
0.005658
-0.060117
0.005190
0.005924
-0.065329
0.014708
0.004641
-0.066451
0.013315
0.007531
-0.046058
0.002839
0.010178
-0.042051
0.010710
0.008622
-0.039442
0.006478
0.009896
-0.024003
0.003375
0.008858
-0.017542
0.005009
0.007818
-0.008384
0.004813
0.012233
0.000630
0.010092
0.008759
0.006549
0.009179
0.014747
0.012559
0.011876
0.012197
0.018053
0.010821
0.014140
0.020418
0.014139
0.013594
0.031648
0.013772
0.015928
0.031358
0.015927
0.009042
0.026725
0.021234
0.003138
0.032459
0.023872
-0.000912
0.026593
0.020523
0.005373
0.028470
0.021395
0.005353
0.037166
0.023152
-0.002687
0.038598
0.020598
0.002071
0.035402
0.020117
0.007077
0.043088
0.020670
0.000520
0.050137
0.024812
-0.004717
0.046590
0.023989
-0.003543
0.049884
0.026909
-0.004465
0.040445
0.034143
-0.009884
0.035323
0.036809
-0.013972
0.026186
0.035990
-0.012139
0.028050
0.030695
-0.003267
0.028521
0.031040
-0.005432
0.021971
0.023617
-0.010231
0.016803
0.023773
0.001131
0.011770
0.023128
0.002125
0.015278
0.019268
-0.004567
0.010368
0.011283
-0.001537
0.004169
0.016828
0.004684
0.004699
0.014376
0.002204
0.004568
0.010736
-0.001223
0.001621
0.009282
0.002731
-0.000123
0.011224
0.004162
0.001428
0.008855
0.000685
-0.000573
0.006606
0.000764
-0.003482
0.006348
0.005208
-0.001370
0.004451
0.006377
-0.002186
0.002888
0.001479
-0.005074
0.002284
-0.003654
-0.006228
0.001729
-0.008147
-0.002659
0.001862
-0.008686
-0.001277
0.001110
-0.010843
0.003500
-0.010560
-0.004306
-0.003429
-0.008115
-0.007001
-0.002308
-0.009377
-0.006522
-0.002242
-0.010494
-0.006547
-0.003085
-0.008255
-0.011224
0.001052
-0.008741
-0.007400
-0.000998
-0.011935
-0.008632
-0.000242
-0.010197
-0.011218
0.005097
-0.010069
-0.009598
-0.005184
-0.016179
-0.013103
-0.006161
-0.018207
-0.013832
0.000252
-0.010761
-0.009801
-0.005401
-0.016217
-0.013069
-0.014663
-0.024734
-0.018877
-0.010645
-0.022963
-0.016889
-0.006069
-0.007752
0.025285
-0.003120
-0.007333
0.027300
-0.011828
-0.006749
0.030093
-0.017493
-0.006835
0.029992
-0.009908
-0.006726
0.028589
-0.012000
-0.007578
0.028347
-0.005385
-0.006977
0.023780
-0.008651
-0.008257
0.022718
-0.002970
-0.008013
0.021584
-0.003496
-0.009076
0.022332
0.004269
-0.009619
0.019485
0.012666
-0.013207
0.007095
0.021525
-0.008886
0.004127
0.014811
-0.011330
0.002752
0.024440
-0.011857
-0.007851
0.028493
-0.005995
-0.010691
0.019459
-0.008038
-0.009886
0.022654
-0.011190
-0.014960
0.032891
-0.005589
-0.023888
0.031920
-0.006345
-0.016633
0.026627
-0.013049
-0.015703
0.036705
-0.011930
-0.026364
0.043480
-0.004474
-0.026043
0.033663
-0.010377
-0.019740
0.035003
-0.013813
-0.029046
0.047991
-0.012795
-0.030889
0.048760
-0.004930
-0.025680
0.035716
-0.011307
-0.015390
0.030246
-0.003112
-0.012510
0.023402
0.001350
-0.016330
0.019741
-0.002651
-0.010936
0.016117
0.002636
-0.008754
0.010180
0.007219
-0.012889
0.010755
0.003582
-0.013324
0.009625
0.002865
-0.008837
0.006470
0.006459
-0.010781
0.004793
0.008752
-0.011164
0.003923
0.006493
-0.009298
0.001823
0.004632
-0.010309
0.002644
0.006286
-0.012101
0.002115
0.003704
-0.010747
0.000974
0.001711
-0.011157
-0.001302
0.004074
-0.012662
-0.003327
0.004236
-0.011147
-0.001836
0.000723
-0.011315
-0.000174
-0.000853
-0.013177
-0.006715
0.002663
-0.011779
-0.004184
0.004072
-0.008649
0.003242
-0.003221
-0.012470
0.000288
-0.000622
-0.013697
-0.004927
0.003466
-0.009084
0.001146
-0.003058
-0.011597
0.006564
-0.007032
-0.016069
-0.003860
-0.001768
-0.016898
-0.013050
-0.008818
-0.020343
-0.018011
-0.009108
-0.019444
-0.014368
-0.003789
-0.018720
-0.016064
-0.006407
-0.020001
-0.017436
-0.004549
-0.021596
-0.017081
0.000691
-0.021400
-0.012244
0.001118
-0.023711
-0.013466
0.005828
-0.022765
-0.009924
0.005947
-0.016392
-0.006445
0.006971
-0.016162
-0.002236
0.006615
-0.013801
0.001054
0.006268
-0.012798
0.001379
0.004631
-0.010578
0.006449
0.000605
-0.006456
0.007727
-0.001490
-0.004409
0.011939
-0.006958
-0.000562
0.010988
-0.008041
-0.000051
0.016421
-0.013476
0.003946
0.014583
-0.015419
0.005498
0.013719
-0.012709
0.003214
0.019437
-0.010476
0.001766
0.016121
-0.004906
-0.002130
0.015752
-0.002113
-0.003543
0.008657
0.002562
-0.007040
0.006782
0.002030
-0.007833
0.001493
0.002726
-0.010680
-0.000968
0.001017
-0.012150
-0.005084
0.000986
-0.012002
-0.004803
-0.002327
-0.010581
-0.006733
-0.004124
-0.006170
-0.005646
-0.005138
-0.002034
-0.009404
-0.005362
0.002723
-0.013555
-0.004054
0.006956
-0.013600
-0.002327
0.006416
-0.017646
-0.004172
0.000589
-0.016084
-0.004321
0.003233
-0.010371
-0.002560
0.008168
-0.013347
-0.003003
0.004545
-0.016889
-0.004024
-0.002650
-0.012072
-0.002826
0.001411
-0.004194
-0.001819
0.008348
-0.006630
-0.000776
0.002591
-0.012324
0.001005
-0.000157
-0.004435
-0.004101
0.004351
0.003012
-0.003433
0.004345
0.000872
0.002317
-0.003181
-0.005121
0.004225
-0.010046
0.000026
-0.000324
-0.011867
0.009803
-0.000268
-0.009522
0.008023
0.007430
-0.016304
0.001027
0.005410
-0.023488
0.010552
0.000591
-0.022442
0.018062
0.004245
-0.022115
0.011703
0.008983
-0.031065
0.011581
0.015276
-0.030714
0.000937
0.012047
-0.026760
0.002827
0.018767
-0.027264
-0.007659
0.012913
-0.019284
-0.005318
0.018895
-0.026364
-0.008702
0.014285
-0.029045
0.001158
0.013427
-0.021318
-0.004131
0.008252
-0.023755
0.006235
0.009386
-0.032462
0.012993
0.015171
-0.034123
0.002637
0.008512
-0.022326
0.004912
0.013335
-0.019579
-0.005683
0.018602
-0.027204
-0.005247
0.017983
-0.030826
-0.003361
0.011494
-0.018119
-0.002808
0.004335
-0.013342
0.004498
0.002457
-0.018380
0.013608
0.002766
-0.011045
0.009096
0.000683
-0.004418
0.006003
-0.005566
-0.003665
0.012927
-0.005667
-0.009065
0.017868
-0.008604
-0.002748
0.015103
-0.011569
0.001544
0.018847
-0.013719
-0.003888
0.025093
-0.013122
-0.001899
0.024816
-0.012428
0.002985
0.023520
-0.013471
0.008954
0.023671
-0.012488
0.010001
0.019168
-0.010638
0.006174
0.014401
-0.009314
0.007286
0.009507
-0.007097
0.003727
0.004479
-0.006936
0.003323
0.000773
-0.005911
0.000167
-0.003717
-0.005821
-0.000659
-0.008609
-0.005458
-0.003018
-0.012369
-0.005326
-0.008321
-0.014124
-0.006085
-0.005979
-0.020309
-0.006516
-0.000179
-0.019981
-0.007682
0.001637
-0.020210
-0.006891
0.001151
-0.014935
-0.007694
0.008128
-0.015557
-0.006889
0.008444
-0.015533
-0.006726
0.006623
-0.009516
-0.007027
0.009047
-0.006537
-0.007862
0.010648
-0.000097
-0.007293
0.011831
0.000812
-0.010344
0.013386
0.008118
-0.011466
0.013489
0.011685
-0.011990
0.015590
0.016381
-0.011735
0.011494
0.014296
-0.013042
0.016226
0.014594
-0.009794
0.021602
0.005529
-0.008772
0.022274
0.000173
-0.008171
0.022608
0.000973
-0.007799
0.020140
-0.002961
-0.007779
0.020264
-0.001250
-0.007831
0.017818
-0.006647
-0.007542
0.014273
-0.007848
-0.007660
0.015761
-0.001510
-0.006753
0.010273
-0.003747
-0.006413
0.004310
-0.004770
-0.005257
-0.000731
-0.009333
-0.003947
-0.006413
-0.007343
-0.003757
-0.008313
-0.009194
-0.003076
-0.007905
-0.005772
-0.003406
-0.005373
-0.001392
-0.003869
-0.003703
0.002434
-0.002333
-0.001274
0.006517
-0.007178
0.001288
0.010698
-0.010589
0.001582
0.018191
-0.013847
0.005426
0.021511
-0.012465
0.002385
0.026321
-0.014404
0.004032
0.031959
-0.016394
0.005503
0.036757
-0.013128
0.000255
0.041046
-0.008596
-0.003444
0.035520
-0.007824
-0.001429
0.030577
-0.001192
-0.004072
0.031348
-0.000561
-0.005946
0.026794
-0.001240
-0.003998
0.020818
0.003814
-0.006274
0.021776
0.008283
-0.009337
0.016662
0.013271
-0.013835
0.021749
0.010390
-0.008414
0.025327
0.009017
-0.010539
0.017457
0.011990
-0.014547
0.014552
0.013025
-0.015137
0.018323
0.009732
-0.012491
0.012738
0.010982
-0.013589
0.009185
0.012905
-0.015994
0.011862
0.011670
-0.015203
0.011600
0.013934
-0.012228
0.007457
0.012133
-0.013964
0.005612
0.013146
-0.014504
0.006759
0.008424
-0.010556
0.002182
0.009719
-0.013940
0.003082
0.006940
-0.015587
0.004385
0.008715
-0.016906
0.001966
0.009295
-0.018653
0.000891
0.010008
-0.016755
0.002921
0.010914
-0.017610
0.002498
0.008731
-0.015042
0.005559
0.004914
-0.011268
0.005209
0.006153
-0.014238
0.009383
0.001216
-0.009193
0.012705
0.005230
-0.012896
0.013024
-0.006261
-0.003838
0.014197
-0.003782
-0.003585
0.006068
-0.014338
0.004943
0.003246
-0.017262
0.011018
-0.012222
-0.007086
0.003750
-0.012190
-0.009790
0.002952
-0.001765
0.001808
-0.004876
-0.005357
0.003041
-0.006407
-0.001327
0.009393
-0.014000
-0.003749
0.010723
-0.016629
-0.001503
0.014548
-0.022158
0.002688
0.013759
-0.020987
0.002305
0.014333
-0.018665
0.005067
0.013628
-0.017805
0.003817
0.013478
-0.017487
0.002982
0.009791
-0.018070
0.002599
0.006652
-0.013966
0.003939
0.001751
-0.003952
0.007007
0.003598
0.004621
0.002377
-0.001970
0.008698
0.001015
-0.001919
0.005856
0.007631
-0.002253
0.009234
0.002767
-0.006840
0.012298
0.001179
-0.007366
0.012730
-0.004117
-0.009124
0.014466
-0.005808
-0.006246
0.011846
-0.004836
-0.003386
0.009573
-0.006191
-0.003252
0.008502
-0.011357
-0.002121
0.008268
-0.014780
0.002754
0.005123
-0.015363
0.002261
0.002501
-0.009072
0.000177
0.004911
-0.009890
0.002543
0.005824
-0.015774
0.007669
-0.001135
-0.010080
0.005768
-0.001364
-0.004524
0.006029
0.001862
-0.011238
0.013079
-0.000696
-0.013561
0.012433
-0.004630
-0.004056
0.012567
-0.002884
-0.003175
0.012964
-0.002683
-0.008715
0.018853
-0.006869
-0.013403
0.018318
-0.001768
-0.020562
0.019371
-0.001408
-0.024668
0.012169
0.001252
-0.030299
0.005704
0.005174
-0.028156
0.002132
0.006155
-0.026893
-0.002801
0.008053
-0.032993
-0.004185
0.013240
-0.027907
-0.007000
0.011619
-0.019170
-0.007264
0.017257
-0.016093
-0.008549
0.015254
-0.010217
-0.012366
0.015857
-0.005903
-0.015787
0.016264
0.001004
-0.011475
0.019291
0.003434
-0.010539
0.024572
0.008396
-0.009845
0.026711
0.012257
-0.005558
0.024053
0.015648
-0.005082
0.020677
0.012916
-0.005098
0.020358
0.010305
-0.002748
0.016785
0.006332
-0.007964
0.011906
0.001792
-0.004558
0.011744
-0.003180
-0.003559
0.010960
-0.008576
-0.002778
0.010962
-0.012500
-0.001902
0.007283
-0.018221
-0.000662
0.007816
-0.024606
0.003811
0.003980
-0.026223
0.004357
0.003717
-0.035241
0.009556
-0.000256
-0.036238
0.011200
-0.001171
-0.034708
0.022472
-0.000592
-0.029639
0.036685
0.002868
-0.036279
0.034549
0.002270
-0.032952
0.019246
-0.000392
-0.036729
0.022822
0.001906
-0.055203
0.033765
0.005464
-0.051519
0.028656
0.003904
-0.051275
0.032415
0.001520
-0.031695
0.017012
-0.005098
-0.012701
0.020165
-0.004145
-0.013307
0.010227
-0.003071
-0.009906
0.008295
-0.001863
-0.004813
0.004946
0.001917
-0.003952
0.006056
-0.000718
-0.000666
0.004819
0.002891
0.004205
0.004099
0.004821
0.005155
0.002679
0.006382
0.010311
0.001293
0.008908
0.009642
0.003836
0.004367
0.003848
0.006007
0.000215
0.003469
0.007504
-0.003199
0.003470
0.007340
-0.004235
0.008792
0.008844
-0.006569
0.006688
0.010019
-0.005024
0.000406
0.012775
-0.007923
0.001791
0.007835
-0.002699
0.005418
0.006534
-0.001002
0.000719
0.003565
0.003597
0.006345
0.000695
0.007676
0.002866
-0.000845
0.008437
-0.003866
-0.000317
0.010339
-0.005222
0.002480
0.004123
-0.009069
-0.001377
0.007370
-0.016212
-0.001818
0.008610
-0.016817
0.001598
0.002976
-0.017232
0.003109
0.002685
-0.021110
-0.000137
0.005847
-0.017245
0.002857
0.001257
-0.011114
0.000211
0.001972
-0.006764
0.002202
0.006261
-0.003860
0.000145
0.008722
0.000690
0.000419
0.009571
0.003193
-0.000525
0.012407
0.008997
-0.001580
0.014107
0.012522
-0.001303
0.015201
0.016289
0.002079
0.009991
0.017477
0.005453
0.008489
0.020504
0.007498
0.004916
0.017598
0.007931
0.003630
0.019423
0.007948
-0.001702
0.023168
0.008954
-0.006721
0.023581
0.008959
-0.006200
0.018737
0.009262
-0.006254
0.024615
0.006856
0.000166
0.028568
0.005342
0.002993
0.020847
0.005361
0.002414
0.019451
0.003483
0.005448
0.025916
0.000449
0.010603
0.025772
-0.002540
0.017601
0.024794
-0.003757
0.019036
0.019405
-0.000800
0.014785
0.014904
-0.002832
0.016907
0.014685
-0.006536
0.022830
0.012995
-0.005587
0.019992
0.008844
-0.004474
0.016331
0.003992
-0.008607
0.021178
0.002393
-0.011080
0.023970
0.001099
-0.008363
0.018576
-0.003467
-0.007154
0.020129
-0.007874
-0.011693
0.025017
-0.008019
-0.013145
0.023062
-0.009649
-0.010169
0.018046
-0.014572
-0.010172
0.023971
-0.017708
-0.014579
0.028336
-0.018464
-0.012241
0.022800
-0.020929
-0.011018
0.021284
-0.027174
-0.014870
0.028741
-0.028292
-0.018133
0.030491
-0.031940
-0.015400
0.023177
-0.037382
-0.016413
0.025997
-0.042046
-0.021710
0.034876
-0.041731
-0.020278
0.032996
-0.048720
-0.016236
0.026859
-0.053766
-0.014491
0.025543
-0.055825
-0.012933
0.016735
-0.059773
-0.011359
0.014757
-0.050449
-0.011252
0.016468
-0.047001
-0.011142
0.008528
-0.051521
-0.004752
0.006042
-0.049993
-0.004802
0.007482
-0.041163
-0.006480
0.008137
-0.042041
-0.000482
0.003258
-0.048469
0.004052
-0.000113
-0.040754
-0.002231
0.002778
-0.036619
-0.004934
0.006947
-0.033898
-0.004466
0.001987
-0.029040
-0.001559
0.004308
-0.025286
-0.005333
0.010387
-0.026089
-0.004132
0.009618
-0.023657
-0.003316
0.006480
-0.018553
-0.004535
0.012305
-0.017375
-0.004628
0.016025
-0.015740
-0.003464
0.011902
-0.010657
-0.002934
0.011643
-0.009182
-0.004912
0.016674
-0.009412
-0.004120
0.021119
-0.007236
-0.005108
0.025415
-0.007867
-0.008268
0.023947
-0.012544
-0.006082
0.023724
-0.014611
-0.005869
0.029285
-0.018510
-0.010439
0.027307
-0.021245
-0.007824
0.021577
-0.023224
-0.008003
0.022997
-0.024442
-0.008626
0.026007
-0.029540
-0.009640
0.021553
-0.031987
-0.008520
0.018537
-0.031162
-0.008210
0.018351
-0.033928
-0.009037
0.015719
-0.028619
-0.011500
0.011927
-0.025129
-0.007743
0.012228
-0.022196
-0.009459
0.010082
-0.019224
-0.008225
0.013828
-0.024104
-0.012341
0.011254
-0.027250
-0.015587
0.006462
-0.024676
-0.019142
0.004737
-0.027396
-0.017240
0.005425
-0.026691
-0.019110
0.010128
-0.032287
-0.014257
0.012763
-0.032704
-0.010787
0.017121
-0.038018
-0.007515
0.020588
-0.032920
-0.007280
0.023761
-0.031811
-0.006639
0.025441
-0.027713
-0.003644
0.031428
-0.029961
-0.006456
0.028764
-0.032415
-0.004072
0.025796
-0.025359
-0.000878
0.031220
-0.024987
-0.001411
0.034259
-0.029363
-0.003225
0.028572
-0.026215
0.001593
0.026716
-0.019814
0.004849
0.029324
-0.016416
0.007896
0.033398
-0.014528
0.006215
0.032595
-0.008958
0.000812
0.026339
-0.010267
0.000401
0.026713
-0.010184
-0.000681
0.022359
-0.009300
-0.001797
0.020420
-0.012135
-0.001340
0.014515
-0.011841
-0.003623
0.010499
-0.011250
-0.004163
0.003840
-0.009139
-0.004262
0.001230
-0.008799
-0.007684
-0.002205
-0.008354
-0.010883
-0.004692
-0.009208
-0.011241
-0.002887
-0.011949
-0.012147
-0.001782
-0.015661
-0.012199
-0.003840
-0.008189
-0.009216
-0.005254
-0.004461
-0.007853
-0.002051
-0.007079
-0.008987
-0.001506
-0.008943
-0.007575
-0.004123
-0.002921
-0.006938
-0.003109
-0.001927
-0.006282
-0.002185
-0.000132
-0.005111
-0.000706
-0.000535
-0.005738
0.000651
-0.003259
-0.004939
-0.002117
-0.001158
-0.003022
-0.000880
0.000169
-0.002520
0.002508
-0.002446
-0.007196
0.004344
-0.009267
-0.005669
0.001826
-0.004078
0.000856
0.006205
-0.004679
-0.004060
0.012375
-0.013363
-0.001357
0.016026
-0.014497
-0.005905
0.015344
-0.018271
-0.006024
0.012311
-0.016102
-0.005488
0.012152
-0.017140
-0.005971
0.005900
-0.015390
-0.005618
0.003600
-0.014073
-0.008787
-0.000059
-0.014918
-0.008514
0.000491
-0.016426
-0.010194
-0.002206
-0.014030
-0.006410
0.002207
-0.015900
-0.004220
0.005384
-0.016214
-0.003977
0.003255
-0.011705
-0.003045
0.005603
-0.009843
-0.003667
0.010344
-0.013317
-0.004060
0.012710
-0.011750
-0.002293
0.012025
-0.006366
-0.002493
0.015544
-0.006780
-0.003339
0.018987
-0.011143
0.001676
0.022826
-0.006266
0.002721
0.027172
-0.009008
-0.001218
0.029705
-0.014809
-0.000034
0.036354
-0.016880
0.003171
0.037688
-0.011192
0.001699
0.030466
-0.010885
0.002844
0.024312
-0.006236
0.000109
0.018563
-0.007756
0.002286
0.013549
-0.006668
-0.000885
0.007557
-0.005452
-0.000267
0.005792
-0.004981
-0.002252
0.001641
-0.001864
-0.001677
0.003418
0.000974
0.000650
0.007859
0.001683
0.005576
0.010509
0.000894
0.013649
0.016822
-0.004725
-0.001404
0.020572
-0.006589
-0.012498
0.005056
0.009587
0.003986
-0.009530
-0.012730
0.006418
-0.028178
-0.001292
-0.016596
-0.045483
0.017381
-0.011663
-0.085611
0.047317
-0.000437
-0.118609
0.018980
-0.002961
-0.134059
0.060905
-0.012262
-0.083935
0.067789
-0.006892
-0.085485
0.016481
-0.005304
-0.106422
0.011713
-0.006709
-0.071769
0.037650
-0.007538
-0.044141
0.016295
-0.016439
-0.053486
-0.014014
-0.015699
-0.034467
-0.002164
-0.010499
-0.012149
0.004965
-0.023676
-0.013328
-0.013058
-0.030618
-0.009673
-0.020054
-0.019562
0.007645
-0.015297
-0.019460
0.008427
-0.013492
-0.027199
0.006607
-0.022214
-0.026370
0.015932
-0.025587
-0.018077
0.017336
-0.019467
-0.020230
0.012214
-0.017012
-0.025345
0.014886
-0.023452
-0.019045
0.021256
-0.025273
-0.013570
0.016176
-0.017251
-0.019006
0.015014
-0.018851
-0.018734
0.020058
-0.025200
-0.013017
0.022318
-0.023420
-0.011616
0.020938
-0.017971
-0.015367
0.019317
-0.021100
-0.013882
0.019343
-0.018062
-0.007667
0.018790
-0.009058
-0.012309
0.009423
-0.006149
-0.019805
0.003772
-0.005863
-0.021562
0.004162
-0.008218
-0.018492
0.005828
-0.007735
-0.018392
0.001256
-0.005009
-0.014154
0.000298
-0.000723
-0.010905
0.000079
0.002505
-0.011717
0.000911
0.006012
-0.005930
-0.000530
0.002485
-0.004772
-0.000401
0.002142
-0.003659
-0.000152
0.001092
-0.003891
0.001597
0.000593
-0.006022
0.000951
0.002232
-0.006952
0.003020
0.003472
-0.008983
0.002483
0.002152
-0.008700
0.000906
0.002094
-0.008930
0.001339
0.004002
-0.007635
0.002468
0.005452
-0.008941
0.002332
0.005609
-0.009918
0.003802
0.007183
-0.008226
0.002407
0.005337
-0.009953
-0.002229
0.004680
-0.011055
-0.001538
0.006054
-0.009613
-0.003584
0.004325
-0.007100
-0.002510
0.002265
-0.006785
-0.004145
0.001298
-0.006263
-0.004631
-0.001691
-0.007093
-0.005609
0.001446
-0.008816
-0.007555
0.003257
-0.008531
-0.009817
0.000150
-0.008481
-0.009833
-0.001113
-0.010535
-0.011630
0.002969
-0.010891
-0.013781
0.002685
-0.010102
-0.015728
-0.001156
-0.011006
-0.016586
0.000933
-0.012388
-0.018548
0.003345
-0.013047
-0.015922
0.006647
-0.013768
-0.014353
0.008264
-0.011894
-0.010988
0.006843
-0.013274
-0.008148
0.008042
-0.013523
-0.005527
0.008707
-0.011528
-0.002621
0.007440
-0.012080
0.000451
0.007571
-0.009689
0.001210
0.006056
-0.011717
0.000783
0.003474
-0.009440
0.003291
0.001086
-0.009840
0.002065
0.002470
-0.009478
0.004210
0.002213
-0.007657
0.002907
0.003216
-0.009105
0.003378
0.004829
-0.002852
0.003540
0.006273
-0.002739
0.006203
0.007516
0.001727
0.014352
0.009575
-0.001830
0.018826
0.006217
-0.007712
0.013045
0.003394
-0.006308
0.015718
0.002610
-0.004645
0.027459
0.002441
-0.011481
0.027301
-0.003890
-0.018384
0.023285
-0.007067
-0.013766
0.032625
-0.006496
-0.013462
0.042604
-0.010423
-0.024067
0.052155
-0.016696
-0.029380
0.051634
-0.017257
-0.017657
0.050839
-0.015077
-0.014579
0.046299
-0.012806
-0.005612
0.042215
-0.009468
-0.014270
0.035631
-0.008534
-0.018094
0.029154
-0.005973
-0.010034
0.029665
-0.004772
-0.005411
0.024634
-0.001228
-0.013792
0.021707
-0.003199
-0.014856
0.017855
-0.003062
-0.003818
0.011952
-0.000765
-0.005471
0.009300
-0.000126
-0.011660
0.004326
0.002260
-0.008319
0.000077
0.000944
-0.004263
-0.000917
0.001091
-0.006808
0.000387
0.001986
-0.008141
-0.004136
0.001593
-0.006077
-0.006820
0.000961
-0.004960
-0.005594
0.000141
-0.006351
-0.004488
0.001025
-0.007305
-0.006225
0.000817
-0.006108
-0.006166
0.000169
-0.005546
-0.005548
0.000044
-0.006411
-0.000284
-0.000615
-0.010551
0.001045
-0.000898
-0.007593
0.006117
0.001924
-0.001735
0.005651
-0.000677
-0.001935
0.010782
0.001181
-0.005074
0.013240
0.001385
-0.001295
0.010165
0.000362
0.004892
0.011524
0.000737
0.000624
0.019981
0.001903
0.000464
0.025401
0.000613
0.016253
0.018817
0.005603
0.023581
0.030183
0.014064
0.013411
0.047650
0.008762
0.020153
0.037630
0.009830
0.042017
0.036724
0.022550
0.040123
0.061693
0.027589
0.031618
0.068268
0.022607
