1.000000	0.044952
2.000000	0.048826
3.000000	0.046130
4.000000	0.047364
5.000000	0.040134
6.000000	0.034288
7.000000	0.030033
8.000000	0.023740
9.000000	0.024346
10.000000	0.018351
11.000000	0.018688
12.000000	0.015990
13.000000	0.013400
14.000000	0.017862
15.000000	0.018962
16.000000	0.025854
17.000000	0.029970
18.000000	0.037078
19.000000	0.041987
20.000000	0.044442
21.000000	0.051243
22.000000	0.049741
23.000000	0.043741
24.000000	0.036751
25.000000	0.033121
26.000000	0.026210
27.000000	0.025308
28.000000	0.020030
29.000000	0.020466
30.000000	0.021722
31.000000	0.015264
32.000000	0.012571
33.000000	0.010612
34.000000	0.013812
35.000000	0.010899
36.000000	0.014202
37.000000	0.016157
38.000000	0.021862
39.000000	0.026249
40.000000	0.032930
41.000000	0.037154
42.000000	0.043949
43.000000	0.044302
44.000000	0.051047
45.000000	0.052851
46.000000	0.051771
47.000000	0.044889
48.000000	0.041988
49.000000	0.034648
50.000000	0.029467
51.000000	0.022251
52.000000	0.018610
53.000000	0.024812
54.000000	0.028492
55.000000	0.024799
56.000000	0.025501
57.000000	0.032870
58.000000	0.033695
59.000000	0.038351
60.000000	0.042547
61.000000	0.044901
62.000000	0.042676
63.000000	0.048252
64.000000	0.046214
65.000000	0.038749
66.000000	0.036333
67.000000	0.029660
68.000000	0.026456
69.000000	0.031850
70.000000	0.028016
71.000000	0.028931
72.000000	0.036326
73.000000	0.037518
74.000000	0.041481
75.000000	0.041266
76.000000	0.047588
77.000000	0.050485
78.000000	0.049029
79.000000	0.041573
80.000000	0.036538
81.000000	0.033804
82.000000	0.040317
83.000000	0.043683
84.000000	0.039033
85.000000	0.038207
86.000000	0.045735
87.000000	0.045733
88.000000	0.040808
89.000000	0.039912
90.000000	0.043951
91.000000	0.045433
92.000000	0.051596
93.000000	0.049656
94.000000	0.055468
95.000000	0.057620
96.000000	0.059943
97.000000	0.066730
98.000000	0.063410
99.000000	0.058709
100.000000	0.053102
101.000000	0.048607
102.000000	0.050792
103.000000	0.050330
104.000000	0.055618
105.000000	0.053580
106.000000	0.058102
107.000000	0.063700
108.000000	0.062201
109.000000	0.060227
110.000000	0.054841
111.000000	0.051754
112.000000	0.044327
113.000000	0.044375
114.000000	0.047678
115.000000	0.042076
116.000000	0.036625
117.000000	0.040440
118.000000	0.037558
119.000000	0.030901
120.000000	0.034918
121.000000	0.038578
122.000000	0.031934
123.000000	0.030146
124.000000	0.037210
125.000000	0.036124
126.000000	0.029845
127.000000	0.034447
128.000000	0.040044
129.000000	0.035528
130.000000	0.035051
131.000000	0.042245
132.000000	0.044699
133.000000	0.050432
134.000000	0.050961
135.000000	0.048858
136.000000	0.052910
137.000000	0.049664
138.000000	0.043227
139.000000	0.039371
140.000000	0.033812
141.000000	0.027724
142.000000	0.026101
143.000000	0.021017
144.000000	0.022422
145.000000	0.023333
146.000000	0.029394
147.000000	0.035981
148.000000	0.042625
149.000000	0.044493
150.000000	0.038104
151.000000	0.038709
152.000000	0.045697
153.000000	0.044016
154.000000	0.039245
155.000000	0.045009
156.000000	0.049273
157.000000	0.044054
158.000000	0.044569
159.000000	0.051937
160.000000	0.051701
161.000000	0.047076
162.000000	0.052288
163.000000	0.048539
164.000000	0.052478
165.000000	0.047709
166.000000	0.050453
167.000000	0.045301
168.000000	0.039063
169.000000	0.033876
170.000000	0.027306
171.000000	0.020914
172.000000	0.020207
173.000000	0.027663
174.000000	0.026645
175.000000	0.022131
176.000000	0.027790
177.000000	0.032926
178.000000	0.029244
179.000000	0.030845
180.000000	0.037750
181.000000	0.037863
182.000000	0.042853
183.000000	0.048204
184.000000	0.051474
185.000000	0.048967
186.000000	0.049788
187.000000	0.042473
188.000000	0.036449
189.000000	0.029639
190.000000	0.025083
191.000000	0.018231
192.000000	0.014690
193.000000	0.009199
194.000000	0.005097
195.000000	0.003032
196.000000	0.003751
197.000000	0.008944
198.000000	0.014504
199.000000	0.011770
200.000000	0.006376
201.000000	0.005542
202.000000	0.005278
203.000000	0.012246
204.000000	0.016233
205.000000	0.023164
206.000000	0.029844
207.000000	0.036025
208.000000	0.042027
209.000000	0.049099
210.000000	0.051849
211.000000	0.052740
212.000000	0.057801
213.000000	0.053900
214.000000	0.049462
215.000000	0.042657
216.000000	0.036559
217.000000	0.031722
218.000000	0.024621
219.000000	0.021428
220.000000	0.014497
221.000000	0.011693
222.000000	0.007616
223.000000	0.008326
224.000000	0.013559
225.000000	0.019429
226.000000	0.021495
227.000000	0.016832
228.000000	0.018183
229.000000	0.020671
230.000000	0.026414
231.000000	0.030218
232.000000	0.029174
233.000000	0.029370
234.000000	0.035458
235.000000	0.038906
236.000000	0.037935
237.000000	0.038722
238.000000	0.045324
239.000000	0.047477
240.000000	0.045644
241.000000	0.049774
242.000000	0.055438
243.000000	0.055310
244.000000	0.054926
245.000000	0.060462
246.000000	0.064304
247.000000	0.062917
248.000000	0.062549
249.000000	0.067075
250.000000	0.062834
251.000000	0.058863
252.000000	0.052086
253.000000	0.052085
254.000000	0.056338
255.000000	0.050940
256.000000	0.045829
257.000000	0.041464
258.000000	0.041982
259.000000	0.040328
260.000000	0.034233
261.000000	0.032321
262.000000	0.034885
263.000000	0.030101
264.000000	0.024049
265.000000	0.026932
266.000000	0.029776
267.000000	0.023268
268.000000	0.020771
269.000000	0.027621
270.000000	0.027080
271.000000	0.021451
272.000000	0.026377
273.000000	0.032254
274.000000	0.029590
275.000000	0.031395
276.000000	0.037017
277.000000	0.042760
278.000000	0.041304
279.000000	0.036833
280.000000	0.038754
281.000000	0.036941
282.000000	0.037387
283.000000	0.037230
284.000000	0.039308
285.000000	0.043524
286.000000	0.044406
287.000000	0.051318
288.000000	0.057047
289.000000	0.064399
290.000000	0.070672
291.000000	0.068860
292.000000	0.062356
293.000000	0.055525
294.000000	0.053928
295.000000	0.048373
296.000000	0.046420
297.000000	0.045545
298.000000	0.046621
299.000000	0.046458
300.000000	0.043234
301.000000	0.043794
302.000000	0.040636
303.000000	0.047107
304.000000	0.047440
305.000000	0.040192
306.000000	0.040183
307.000000	0.045547
308.000000	0.042170
309.000000	0.035345
310.000000	0.036199
311.000000	0.030154
312.000000	0.023401
313.000000	0.020350
314.000000	0.021613
315.000000	0.017730
316.000000	0.012021
317.000000	0.014705
318.000000	0.013574
319.000000	0.006530
320.000000	0.007842
321.000000	0.009657
322.000000	0.002979
323.000000	0.005456
324.000000	0.010712
325.000000	0.007271
326.000000	0.007099
327.000000	0.013836
328.000000	0.015337
329.000000	0.020018
330.000000	0.023189
331.000000	0.024848
332.000000	0.031684
333.000000	0.030232
334.000000	0.027740
335.000000	0.033212
336.000000	0.029003
337.000000	0.022606
338.000000	0.020557
339.000000	0.015111
340.000000	0.010389
341.000000	0.004169
342.000000	0.004556
343.000000	0.009420
344.000000	0.012126
345.000000	0.016418
346.000000	0.020049
347.000000	0.026194
348.000000	0.026110
349.000000	0.019596
350.000000	0.022616
351.000000	0.028534
352.000000	0.025059
353.000000	0.020928
354.000000	0.027791
355.000000	0.030520
356.000000	0.025020
357.000000	0.025761
358.000000	0.033078
359.000000	0.033850
360.000000	0.031844
361.000000	0.025583
362.000000	0.027022
363.000000	0.023790
364.000000	0.029553
365.000000	0.025424
366.000000	0.018708
367.000000	0.013235
368.000000	0.009681
369.000000	0.016926
370.000000	0.020695
371.000000	0.019984
372.000000	0.023877
373.000000	0.028320
374.000000	0.029223
375.000000	0.032084
376.000000	0.035550
377.000000	0.039215
378.000000	0.041387
379.000000	0.043418
380.000000	0.046509
381.000000	0.051815
382.000000	0.051096
383.000000	0.052091
384.000000	0.056223
385.000000	0.060745
386.000000	0.060441
387.000000	0.064816
388.000000	0.067863
389.000000	0.069789
390.000000	0.067067
391.000000	0.062579
392.000000	0.062372
393.000000	0.062383
394.000000	0.063326
395.000000	0.056599
396.000000	0.050837
397.000000	0.043131
398.000000	0.037577
399.000000	0.029333
400.000000	0.022508
401.000000	0.014970
402.000000	0.015340
403.000000	0.016283
404.000000	0.021649
405.000000	0.029213
406.000000	0.026692
407.000000	0.027394
408.000000	0.024845
409.000000	0.023317
410.000000	0.028074
411.000000	0.027643
412.000000	0.035399
413.000000	0.041637
414.000000	0.047254
415.000000	0.054651
416.000000	0.052954
417.000000	0.056403
418.000000	0.054024
419.000000	0.053409
420.000000	0.047892
421.000000	0.041802
422.000000	0.035389
423.000000	0.027414
424.000000	0.020312
425.000000	0.014024
426.000000	0.007841
427.000000	0.009858
428.000000	0.016545
429.000000	0.020951
430.000000	0.028812
431.000000	0.032796
432.000000	0.036749
433.000000	0.030590
434.000000	0.032080
435.000000	0.025451
436.000000	0.017136
437.000000	0.013251
438.000000	0.008322
439.000000	0.007690
440.000000	0.012936
441.000000	0.018897
442.000000	0.026675
443.000000	0.033084
444.000000	0.039459
445.000000	0.038965
446.000000	0.036680
447.000000	0.034340
448.000000	0.025850
449.000000	0.028176
450.000000	0.033525
451.000000	0.028308
452.000000	0.023346
453.000000	0.014799
454.000000	0.015591
455.000000	0.010307
456.000000	0.008847
457.000000	0.015095
458.000000	0.019405
459.000000	0.022815
460.000000	0.029692
461.000000	0.035623
462.000000	0.030651
463.000000	0.036249
464.000000	0.038309
465.000000	0.031066
466.000000	0.028145
467.000000	0.021952
468.000000	0.014110
469.000000	0.015127
470.000000	0.017847
471.000000	0.015635
472.000000	0.015120
473.000000	0.018586
474.000000	0.017852
475.000000	0.025881
476.000000	0.028872
477.000000	0.037101
478.000000	0.041339
479.000000	0.048549
480.000000	0.056120
481.000000	0.053335
482.000000	0.046572
483.000000	0.040449
484.000000	0.033582
485.000000	0.032083
486.000000	0.024754
487.000000	0.025486
488.000000	0.020620
489.000000	0.024980
490.000000	0.025036
491.000000	0.027657
492.000000	0.030779
493.000000	0.037453
494.000000	0.037294
495.000000	0.035887
496.000000	0.032546
497.000000	0.028278
498.000000	0.026994
499.000000	0.024022
500.000000	0.029185
501.000000	0.026580
502.000000	0.032482
503.000000	0.038506
504.000000	0.035342
505.000000	0.027055
506.000000	0.026295
507.000000	0.033029
508.000000	0.039536
509.000000	0.048665
510.000000	0.048954
511.000000	0.041925
512.000000	0.045801
513.000000	0.053950
514.000000	0.050752
515.000000	0.046248
516.000000	0.054027
517.000000	0.059094
518.000000	0.052881
519.000000	0.051468
520.000000	0.060413
521.000000	0.063553
522.000000	0.057768
523.000000	0.057872
524.000000	0.062965
525.000000	0.058286
526.000000	0.049961
527.000000	0.052825
528.000000	0.056448
529.000000	0.048308
530.000000	0.043250
531.000000	0.048901
532.000000	0.047767
533.000000	0.038523
534.000000	0.038243
535.000000	0.044133
536.000000	0.041161
537.000000	0.032837
538.000000	0.036275
539.000000	0.042233
540.000000	0.036482
541.000000	0.031409
542.000000	0.038984
543.000000	0.043650
544.000000	0.037715
545.000000	0.035106
546.000000	0.043531
547.000000	0.047171
548.000000	0.042304
549.000000	0.042296
550.000000	0.051443
551.000000	0.051124
552.000000	0.045434
553.000000	0.050549
554.000000	0.058992
555.000000	0.065054
556.000000	0.059110
557.000000	0.061995
558.000000	0.070902
559.000000	0.077412
560.000000	0.078888
561.000000	0.069870
562.000000	0.068822
563.000000	0.076231
564.000000	0.074024
565.000000	0.064849
566.000000	0.065938
567.000000	0.072091
568.000000	0.066487
569.000000	0.059195
570.000000	0.064277
571.000000	0.066542
572.000000	0.058037
573.000000	0.055502
574.000000	0.061939
575.000000	0.060403
576.000000	0.051326
577.000000	0.053864
578.000000	0.057845
579.000000	0.055342
580.000000	0.061667
581.000000	0.058545
582.000000	0.066092
583.000000	0.066436
584.000000	0.057532
585.000000	0.058647
586.000000	0.066323
587.000000	0.063197
588.000000	0.055553
589.000000	0.061515
590.000000	0.067179
591.000000	0.060008
592.000000	0.055495
593.000000	0.063361
594.000000	0.064288
595.000000	0.055521
596.000000	0.055529
597.000000	0.056047
598.000000	0.051399
599.000000	0.043980
600.000000	0.044585
601.000000	0.044607
602.000000	0.037782
603.000000	0.033184
604.000000	0.037072
605.000000	0.032657
