    1     0.00007364   
    2     0.00052950   
    3     0.00078659   
    4     0.00037288   
    5     0.00027866   
    6     0.00018701   
    7     0.00022885   
    8     0.00041355   
    9     0.00043199   
   10     0.00093806   
   11     0.00022489   
   12     0.00018404   
   13     0.00043560   
   14     0.00081862   
   15     0.00090774   
   16     0.00033765   
   17     0.00045282   
   18     0.00088065   
   19     0.00075464   
   20     0.00295274   
   21     0.00022722   
   22     0.00089489   
   23     0.00017705   
   24     0.00034799   
   25     0.00044345   
   26     0.00038973   
   27     0.00039086   
   28     0.00015443   
   29     0.00016718   
   30     0.00023569   
   31     0.00034476   
   32     0.00025362   
   33     0.00028264   
   34     0.00037844   
   35     0.00047802   
   36     0.00051187   
   37     0.00098681   
   38     0.00064216   
   39     0.00056264   
   40     0.00043180   
   41     0.00026366   
   42     0.00010954   
   43     0.00008530   
   44     0.00004441   
   45     0.00002507   
   46     0.00004495   
   47     0.00005368   
   48     0.00031847   
   49     0.00019076   
   50     0.00051055   
   51     0.00030422   
   52     0.00063092   
   53     0.00049414   
   54     0.00046182   
   55     0.00094742   
   56     0.00028880   
   57     0.00111703   
   58     0.00032883   
   59     0.00085892   
   60     0.00090007   
   61     0.00049431   
   62     0.00046052   
   63     0.00008843   
   64     0.00016173   
   65     0.00036625   
   66     0.00076422   
   67     0.00050104   
   68     0.00043837   
   69     0.00022340   
   70     0.00070778   
   71     0.00048924   
   72     0.00010418   
   73     0.00012522   
   74     0.00036125   
   75     0.00017257   
   76     0.00008839   
   77     0.00008300   
   78     0.00005315   
   79     0.00001428   
   80     0.00000906   
   81     0.00029148   
   82     0.00009573   
   83     0.00001988   
   84     0.00002195   
   85     0.00003379   
   86     0.00007459   
   87     0.00003600   
   88     0.00002430   
   89     0.00027871   
   90     0.00014191   
   91     0.00020392   
   92     0.00027362   
   93     0.00028206   
   94     0.00029952   
   95     0.00036262   
   96     0.00022225   
   97     0.00018321   
   98     0.00019547   
   99     0.00007623   
  100     0.00055392   
  101     0.00013428   
  102     0.00017046   
  103     0.00056422   
  104     0.00016342   
  105     0.00023813   
  106     0.00002340   
  107     0.00005783   
  108     0.00010604   
  109     0.00009643   
  110     0.00053384   
  111     0.00029977   
  112     0.00029611   
  113     0.00052472   
  114     0.00040544   
  115     0.00035574   
  116     0.00019440   
  117     0.00010915   
  118     0.00048801   
  119     0.00027852   
  120     0.00021529   
  121     0.00039413   
  122     0.00061592   
  123     0.00027437   
  124     0.00034395   
  125     0.00075587   
  126     0.00062766   
  127     0.00084919   
  128     0.00074208   
  129     0.00041537   
  130     0.00101195   
  131     0.00475550   
  132     0.00144323   
  133     0.00035026   
  134     0.00097887   
  135     0.00084266   
  136     0.00024678   
  137     0.00016146   
  138     0.00014603   
  139     0.00052614   
  140     0.00048929   
  141     0.00064324   
  142     0.00054940   
  143     0.00046629   
  144     0.00005737   
  145     0.00003916   
  146     0.00004565   
  147     0.00003972   
  148     0.00003409   
  149     0.00003170   
  150     0.00011018   
  151     0.00011555   
  152     0.00004192   
  153     0.00005621   
  154     0.00021090   
  155     0.00031198   
  156     0.00006132   
  157     0.00012319   
  158     0.00022294   
  159     0.00004716   
  160     0.00008819   
  161     0.00017733   
  162     0.00012061   
  163     0.00016946   
  164     0.00008313   
  165     0.00022021   
  166     0.00036601   
  167     0.00035729   
  168     0.00043434   
  169     0.00285971   
  170     0.00057464   
  171     0.00029647   
  172     0.00160294   
  173     0.00431358   
  174     0.00218999   
  175     0.00069770   
  176     0.00289867   
  177     0.00291664   
  178     0.00089630   
  179     0.00273553   
  180     0.00308343   
  181     0.00216600   
  182     0.00312016   
  183     0.01795018   
  184     0.00014119   
  185     0.00231667   
  186     0.00199343   
  187     0.00343753   
  188     0.00606966   
  189     0.00452018   
  190     0.00222510   
  191     0.00169498   
  192     0.00104736   
  193     0.00115211   
  194     0.00015785   
  195     0.00018459   
  196     0.00012804   
  197     0.00037657   
  198     0.00034745   
  199     0.00032259   
  200     0.00026641   
  201     0.00014302   
  202     0.00069306   
  203     0.00037970   
  204     0.00183531   
  205     0.00244966   
  206     0.00538407   
  207     0.00235318   
  208     0.01300908   
  209     0.00427155   
  210     0.00316658   
  211     0.00743884   
  212     0.00243647   
  213     0.01176047   
  214     0.00298661   
  215     0.00636938   
  216     0.01238060   
  217     0.00173155   
  218     0.00096992   
  219     0.00039457   
  220     0.00025131   
  221     0.00028977   
  222     0.00006422   
  223     0.00009819   
  224     0.00010182   
  225     0.00032209   
  226     0.00023432   
  227     0.00027736   
  228     0.00032943   
  229     0.00052721   
  230     0.00007197   
  231     0.00009786   
  232     0.00029637   
  233     0.00056194   
  234     0.00016676   
  235     0.00031131   
  236     0.00067626   
  237     0.00040020   
  238     0.00059483   
  239     0.00037683   
  240     0.00041316   
  241     0.00049876   
  242     0.00007512   
  243     0.00015496   
  244     0.00017508   
  245     0.00008589   
  246     0.00004387   
  247     0.00007023   
  248     0.00002264   
  249     0.00001826   
  250     0.00072016   
  251     0.00015309   
  252     0.00050645   
  253     0.00036703   
  254     0.00006698   
  255     0.00009002   
  256     0.00106338   
  257     0.00386556   
  258     0.00085078   
  259     0.00034792   
  260     0.00249098   
  261     0.00208743   
  262     0.00131449   
  263     0.00093366   
  264     0.00029875   
  265     0.00034370   
  266     0.00025664   
  267     0.00007988   
  268     0.00014921   
  269     0.00049334   
  270     0.00031335   
  271     0.00049574   
  272     0.00027742   
  273     0.00026051   
  274     0.00046505   
  275     0.00006550   
  276     0.00005534   
  277     0.00003682   
  278     0.00010650   
  279     0.00038868   
  280     0.00028424   
  281     0.00069336   
  282     0.00061274   
  283     0.00158925   
  284     0.00123369   
  285     0.00236391   
  286     0.00137776   
  287     0.00291581   
  288     0.00148105   
  289     0.00163380   
  290     0.00087646   
  291     0.00188545   
  292     0.00067710   
  293     0.00080358   
  294     0.00244125   
  295     0.00126340   
  296     0.00087666   
  297     0.00019324   
  298     0.00044801   
  299     0.00015324   
  300     0.00053771   
  301     0.00003637   
  302     0.00004441   
  303     0.00002814   
  304     0.00007257   
  305     0.00021669   
  306     0.00038109   
  307     0.00001185   
  308     0.00030765   
  309     0.00017579   
  310     0.00008164   
  311     0.00008647   
  312     0.00005013   
  313     0.00081508   
  314     0.00002852   
  315     0.00003221   
  316     0.00024226   
  317     0.00019198   
  318     0.00007559   
  319     0.00013405   
  320     0.00045504   
  321     0.00018712   
  322     0.00014405   
  323     0.00019658   
  324     0.00019283   
  325     0.00003791   
  326     0.00015368   
  327     0.00005980   
  328     0.00001031   
  329     0.00001466   
  330     0.00007201   
  331     0.00149444   
  332     0.00043024   
  333     0.00064988   
  334     0.00197686   
  335     0.00054934   
  336     0.00297011   
  337     0.00172660   
  338     0.00171153   
  339     0.00075390   
  340     0.00028333   
  341     0.00009761   
  342     0.00017436   
  343     0.00014910   
  344     0.00024213   
  345     0.00038388   
  346     0.00037137   
  347     0.00084724   
  348     0.00089959   
  349     0.00057508   
  350     0.00099146   
  351     0.00061204   
  352     0.00054363   
  353     0.00064717   
  354     0.00034763   
  355     0.00017675   
  356     0.00055130   
  357     0.00084375   
  358     0.00019635   
  359     0.00053313   
  360     0.00072533   
  361     0.00163404   
  362     0.00191250   
  363     0.00086634   
  364     0.00052346   
  365     0.00016428   
  366     0.00016553   
  367     0.00023144   
  368     0.00065226   
  369     0.00082982   
  370     0.00085018   
  371     0.00116959   
  372     0.00077880   
  373     0.00068827   
  374     0.00079637   
  375     0.00071167   
  376     0.00027979   
  377     0.00148710   
  378     0.00029882   
  379     0.00010400   
  380     0.00069622   
  381     0.00194183   
  382     0.00112060   
  383     0.00201811   
  384     0.00117824   
  385     0.00297849   
  386     0.00214856   
  387     0.00307347   
  388     0.00220873   
  389     0.00242328   
  390     0.00149562   
  391     0.00035784   
  392     0.00026624   
  393     0.00015316   
  394     0.00010108   
  395     0.00012835   
  396     0.00018909   
  397     0.00025790   
  398     0.00013100   
  399     0.00011129   
  400     0.00010260   
  401     0.00037153   
  402     0.00004248   
  403     0.00035439   
  404     0.00050790   
  405     0.00019129   
  406     0.00006109   
  407     0.00024777   
  408     0.00006869   
  409     0.00005540   
  410     0.00015734   
  411     0.00058384   
  412     0.00069159   
  413     0.00021038   
  414     0.00041629   
  415     0.00005446   
  416     0.00025377   
  417     0.00077112   
  418     0.00051440   
  419     0.00045460   
  420     0.00074368   
  421     0.00020180   
  422     0.00025581   
  423     0.00021410   
  424     0.00012396   
  425     0.00002522   
  426     0.00012022   
  427     0.00001700   
  428     0.00015824   
  429     0.00062097   
  430     0.00007373   
  431     0.00008461   
  432     0.00002566   
  433     0.00015336   
  434     0.00003353   
  435     0.00004649   
  436     0.00016339   
  437     0.00027942   
  438     0.00047201   
  439     0.00020662   
  440     0.00056778   
  441     0.00024050   
  442     0.00008500   
  443     0.00011964   
  444     0.00020720   
  445     0.00008924   
  446     0.00014092   
  447     0.00002818   
  448     0.00003649   
  449     0.00002760   
  450     0.00004575   
  451     0.00002848   
  452     0.00034282   
  453     0.00006975   
  454     0.00040957   
  455     0.00008675   
  456     0.00347507   
  457     0.00082672   
  458     0.00017275   
  459     0.00033284   
  460     0.00012712   
  461     0.00002907   
  462     0.00005679   
  463     0.00000485   
  464     0.00000887   
  465     0.00001058   
  466     0.00001226   
  467     0.00003071   
  468     0.00000755   
  469     0.00001024   
  470     0.00001490   
  471     0.00001758   
  472     0.00002177   
  473     0.00007442   
  474     0.00031975   
  475     0.00039358   
  476     0.00050726   
  477     0.00027820   
  478     0.00038811   
  479     0.00040930   
  480     0.00252979   
  481     0.00202417   
  482     0.00088691   
  483     0.00030187   
  484     0.00011116   
  485     0.00021924   
  486     0.00026098   
  487     0.00026334   
  488     0.00009234   
  489     0.00040516   
  490     0.00011111   
  491     0.00003542   
  492     0.00001367   
  493     0.00001768   
  494     0.00003569   
  495     0.00013330   
  496     0.00011520   
  497     0.00017716   
  498     0.00025679   
  499     0.00058155   
  500     0.00008343   
  501     0.00031828   
  502     0.00014829   
  503     0.00064889   
  504     0.00050251   
  505     0.00018148   
  506     0.00081483   
  507     0.00015712   
  508     0.00004188   
  509     0.00005946   
  510     0.00005869   
  511     0.00039917   
  512     0.00014519   
  513     0.00005121   
  514     0.00006830   
  515     0.00007886   
  516     0.00009909   
  517     0.00010487   
  518     0.00006785   
  519     0.00016439   
  520     0.00011439   
  521     0.00005955   
  522     0.00001660   
  523     0.00018660   
  524     0.00004821   
  525     0.00003499   
  526     0.00008133   
  527     0.00013478   
  528     0.00019894   
  529     0.00034002   
  530     0.00014582   
  531     0.00001861   
  532     0.00016365   
  533     0.00016911   
  534     0.00004554   
  535     0.00007699   
  536     0.00020257   
  537     0.00003099   
  538     0.00003865   
  539     0.00012934   
  540     0.00002266   
  541     0.00003458   
  542     0.00006815   
  543     0.00004855   
  544     0.00002147   
  545     0.00003540   
  546     0.00006578   
  547     0.00007502   
  548     0.00002119   
  549     0.00000920   
  550     0.00008084   
  551     0.00000653   
  552     0.00000689   
  553     0.00000850   
  554     0.00002175   
  555     0.00000600   
  556     0.00001788   
  557     0.00003356   
  558     0.00001538   
  559     0.00001164   
  560     0.00001128   
  561     0.00003046   
  562     0.00006996   
  563     0.00001427   
  564     0.00002605   
  565     0.00005242   
  566     0.00007674   
  567     0.00002872   
  568     0.00006901   
  569     0.00009605   
  570     0.00003093   
  571     0.00006164   
  572     0.00006013   
  573     0.00003028   
  574     0.00002104   
  575     0.00009611   
  576     0.00003570   
  577     0.00000807   
  578     0.00003062   
  579     0.00018107   
  580     0.00001689   
  581     0.00035563   
  582     0.00001423   
  583     0.00003402   
  584     0.00015297   
  585     0.00011760   
  586     0.00005186   
  587     0.00008561   
  588     0.00006937   
  589     0.00002212   
  590     0.00006265   
  591     0.00004389   
  592     0.00002821   
  593     0.00000915   
  594     0.00005125   
  595     0.00000978   
  596     0.00000686   
  597     0.00001134   
  598     0.00002898   
  599     0.00009824   
  600     0.00002531   
  601     0.00011246   
  602     0.00005951   
  603     0.00012433   
  604     0.00015746   
  605     0.00009011   
   39     0.00279008   
   40     0.00475127   
   41     0.00289424   
   42     0.00435028   
   43     0.00653459   
   44     0.01157112   
   45     0.00636005   
   46     0.00849572   
   47     0.01035731   
   48     0.00663832   
   49     0.00369615   
   50     0.01235605   
   51     0.00553954   
   52     0.00326973   
   53     0.01305595   
   54     0.00309169   
   55     0.00589526   
   56     0.00906965   
   57     0.00894464   
   58     0.00935171   
   59     0.00965611   
   60     0.00901362   
   61     0.00250825   
   62     0.00771932   
   63     0.00828637   
   64     0.00194974   
   65     0.00425179   
   66     0.00482970   
   67     0.00398615   
   68     0.00545572   
   69     0.00181548   
   70     0.00355237   
   71     0.00787152   
   72     0.00740890   
   73     0.00309801   
   74     0.00313209   
   75     0.00281546   
   76     0.00231653   
   77     0.00413021   
   78     0.00060870   
   79     0.00169036   
   80     0.00127815   
   81     0.00116004   
   82     0.00092082   
   83     0.00051873   
   84     0.00165376   
   85     0.00169073   
   86     0.00214030   
   87     0.00522210   
   88     0.00616650   
   89     0.00348966   
   90     0.00128103   
   91     0.00961685   
   92     0.00549923   
   93     0.00209187   
   94     0.00337326   
   95     0.00071721   
   96     0.00155750   
   97     0.00087990   
   98     0.00024952   
   99     0.00081318   
  100     0.00066545   
  101     0.00114630   
  102     0.00036240   
  103     0.00125591   
  104     0.00116835   
  105     0.00058819   
  106     0.00051988   
  107     0.00041933   
  108     0.00023793   
  109     0.00014840   
  110     0.00024093   
  111     0.00002658   
  112     0.00000649   
  113     0.00001727   
  114     0.00000251   
  115     0.00001134   
  116     0.00013579   
  117     0.00016568   
  118     0.00068825   
  119     0.00011435   
  120     0.00036273   
  121     0.00025982   
  122     0.00033635   
  123     0.00062310   
  124     0.00021069   
  125     0.00014581   
  126     0.00040362   
  127     0.00108315   
  128     0.00019235   
  129     0.00016518   
  130     0.00021192   
  131     0.00086940   
  132     0.00017746   
  133     0.00032822   
  134     0.00126500   
  135     0.00062219   
  136     0.00038797   
  137     0.00083274   
  138     0.00042032   
  139     0.00048757   
  140     0.00040455   
  141     0.00080397   
  142     0.00080495   
  143     0.00188421   
  144     0.00119872   
  145     0.00021284   
  146     0.00047489   
  147     0.00116394   
  148     0.00040397   
  149     0.00415109   
  150     0.00141168   
  151     0.00069511   
  152     0.00042991   
  153     0.00124756   
  154     0.00083819   
  155     0.00032968   
  156     0.00034563   
  157     0.00235664   
  158     0.00245553   
  159     0.00334609   
  160     0.00197885   
  161     0.00084378   
  162     0.00072600   
  163     0.00011855   
  164     0.00004217   
  165     0.00019718   
  166     0.00039337   
  167     0.00064903   
  168     0.00318989   
  169     0.00054624   
  170     0.00110253   
  171     0.00074695   
  172     0.00098058   
  173     0.00101211   
  174     0.00233062   
  175     0.00168055   
  176     0.00075931   
  177     0.00045977   
  178     0.00015800   
  179     0.00022045   
  180     0.00081498   
  181     0.00030369   
  182     0.00011136   
  183     0.00063272   
  184     0.00040172   
  185     0.00172158   
  186     0.00032264   
  187     0.00041808   
  188     0.00049152   
  189     0.00044723   
  190     0.00044759   
  191     0.00109470   
  192     0.00069269   
  193     0.00092980   
  194     0.00101304   
  195     0.00188345   
  196     0.00036587   
  197     0.00105807   
   39     0.01015077   
   40     0.01398374   
   41     0.00326226   
   42     0.00908856   
   43     0.01459242   
   44     0.00428612   
   45     0.00924664   
   46     0.00297075   
   47     0.00521367   
   48     0.00457243   
   49     0.00292848   
   50     0.00049167   
   51     0.00287046   
   52     0.00194453   
   53     0.00153382   
   54     0.00570905   
   55     0.00631582   
   56     0.00300972   
   57     0.00392569   
   58     0.00332118   
   59     0.00352017   
   60     0.00372936   
   61     0.00692890   
   62     0.00153752   
   63     0.00155304   
   64     0.00169892   
   65     0.00374650   
   66     0.00534100   
   67     0.00073660   
   68     0.00247432   
   69     0.00381646   
   70     0.00737584   
   71     0.00282929   
   72     0.00296544   
   73     0.00384542   
   74     0.00620782   
   75     0.00470792   
   76     0.00086811   
   77     0.00189893   
   78     0.00243463   
   79     0.00613762   
   80     0.00106943   
   81     0.00137624   
   82     0.00198791   
   83     0.00440983   
   84     0.00330988   
   85     0.00141500   
   86     0.00169113   
   87     0.00137304   
   88     0.00684260   
   89     0.00229714   
   90     0.00112630   
   91     0.00169521   
   92     0.00311102   
   93     0.00153282   
   94     0.00051469   
   95     0.00035549   
   96     0.00069879   
   97     0.00056701   
   98     0.00024945   
   99     0.00089598   
  100     0.00046215   
  101     0.00064286   
  102     0.00043328   
  103     0.00023618   
  104     0.00053095   
  105     0.00038891   
  106     0.00110756   
  107     0.00029993   
  108     0.00124691   
  109     0.00136181   
  110     0.00032368   
  111     0.00015604   
  112     0.00006169   
  113     0.00004842   
  114     0.00005347   
  115     0.00008808   
  116     0.00067428   
  117     0.00065097   
  118     0.00064050   
  119     0.00122022   
  120     0.00048611   
  121     0.00076444   
  122     0.00071478   
  123     0.00038707   
  124     0.00081998   
  125     0.00077752   
  126     0.00047601   
  127     0.00044941   
  128     0.00052242   
  129     0.00138892   
  130     0.00087517   
  131     0.00142203   
  132     0.00069498   
  133     0.00057708   
  134     0.00271887   
  135     0.00017683   
  136     0.00112908   
  137     0.00357638   
  138     0.00022990   
  139     0.00116074   
  140     0.00065460   
  141     0.00019217   
  142     0.00013482   
  143     0.00020739   
  144     0.00020333   
  145     0.00004603   
  146     0.00002137   
  147     0.00009531   
  148     0.00013041   
  149     0.00044291   
  150     0.00011922   
  151     0.00004754   
  152     0.00019088   
  153     0.00031574   
  154     0.00042705   
  155     0.00016402   
  156     0.00010305   
  157     0.00001252   
  158     0.00002034   
  159     0.00002922   
  160     0.00007020   
  161     0.00055570   
  162     0.00034159   
  163     0.00001662   
  164     0.00000718   
  165     0.00001793   
  166     0.00002726   
  167     0.00005255   
  168     0.00025721   
  169     0.00009338   
  170     0.00006232   
  171     0.00006537   
  172     0.00001044   
  173     0.00004255   
  174     0.00001066   
  175     0.00003037   
  176     0.00029006   
  177     0.00041830   
  178     0.00055681   
  179     0.00018565   
  180     0.00031598   
  181     0.00011247   
  182     0.00004604   
  183     0.00009974   
  184     0.00018341   
  185     0.00177899   
  186     0.00093866   
  187     0.00061836   
  188     0.00019857   
  189     0.00010025   
  190     0.00006707   
  191     0.00002316   
  192     0.00011691   
  193     0.00003551   
  194     0.00002980   
  195     0.00019095   
  196     0.00006435   
  197     0.00075897   
