    1     0.00008253   
    2     0.00053229   
    3     0.00041749   
    4     0.00013497   
    5     0.00020130   
    6     0.00010541   
    7     0.00006194   
    8     0.00006051   
    9     0.00001811   
   10     0.00003403   
   11     0.00001364   
   12     0.00004970   
   13     0.00006181   
   14     0.00009447   
   15     0.00022788   
   16     0.00036245   
   17     0.00035191   
   18     0.00029329   
   19     0.00027106   
   20     0.00041070   
   21     0.00000660   
   22     0.00010541   
   23     0.00012088   
   24     0.00034502   
   25     0.00005941   
   26     0.00051663   
   27     0.00108355   
   28     0.00065542   
   29     0.00028262   
   30     0.00006377   
   31     0.00052260   
   32     0.00153332   
   33     0.00027794   
   34     0.00071550   
   35     0.00039260   
   36     0.00022256   
   37     0.00006230   
   38     0.00002636   
   39     0.00003512   
   40     0.00004849   
   41     0.00003184   
   42     0.00000845   
   43     0.00001512   
   44     0.00000511   
   45     0.00000049   
   46     0.00000091   
   47     0.00000048   
   48     0.00000559   
   49     0.00014182   
   50     0.00005460   
   51     0.00008081   
   52     0.00015564   
   53     0.00004767   
   54     0.00003700   
   55     0.00006758   
   56     0.00004324   
   57     0.00013999   
   58     0.00003286   
   59     0.00005533   
   60     0.00029199   
   61     0.00012166   
   62     0.00015061   
   63     0.00002563   
   64     0.00002946   
   65     0.00004050   
   66     0.00006296   
   67     0.00003190   
   68     0.00007092   
   69     0.00003030   
   70     0.00009374   
   71     0.00012729   
   72     0.00001541   
   73     0.00003303   
   74     0.00007372   
   75     0.00003996   
   76     0.00000116   
   77     0.00000962   
   78     0.00000288   
   79     0.00000102   
   80     0.00000029   
   81     0.00002824   
   82     0.00001129   
   83     0.00000226   
   84     0.00000100   
   85     0.00000454   
   86     0.00000590   
   87     0.00000106   
   88     0.00000097   
   89     0.00000959   
   90     0.00002023   
   91     0.00001363   
   92     0.00001473   
   93     0.00002101   
   94     0.00000711   
   95     0.00000586   
   96     0.00001694   
   97     0.00000180   
   98     0.00000145   
   99     0.00000254   
  100     0.00001313   
  101     0.00003978   
  102     0.00003639   
  103     0.00004150   
  104     0.00000712   
  105     0.00000874   
  106     0.00000552   
  107     0.00000075   
  108     0.00000136   
  109     0.00000635   
  110     0.00002918   
  111     0.00006148   
  112     0.00006003   
  113     0.00003197   
  114     0.00006704   
  115     0.00009033   
  116     0.00005652   
  117     0.00007283   
  118     0.00016090   
  119     0.00005777   
  120     0.00014379   
  121     0.00024773   
  122     0.00007839   
  123     0.00016288   
  124     0.00033696   
  125     0.00063851   
  126     0.00032716   
  127     0.00102775   
  128     0.00039606   
  129     0.00072996   
  130     0.00211492   
  131     0.00441771   
  132     0.00223542   
  133     0.00016701   
  134     0.00097655   
  135     0.00056745   
  136     0.00043163   
  137     0.00009981   
  138     0.00004721   
  139     0.00051688   
  140     0.00005578   
  141     0.00007134   
  142     0.00007518   
  143     0.00017242   
  144     0.00021114   
  145     0.00007362   
  146     0.00005403   
  147     0.00002651   
  148     0.00001707   
  149     0.00000969   
  150     0.00010441   
  151     0.00006275   
  152     0.00001679   
  153     0.00003137   
  154     0.00004358   
  155     0.00005938   
  156     0.00003492   
  157     0.00003728   
  158     0.00002198   
  159     0.00001975   
  160     0.00003912   
  161     0.00011531   
  162     0.00011336   
  163     0.00013163   
  164     0.00011651   
  165     0.00004492   
  166     0.00008976   
  167     0.00038987   
  168     0.00013328   
  169     0.00032058   
  170     0.00013734   
  171     0.00007432   
  172     0.00011854   
  173     0.00007943   
  174     0.00020804   
  175     0.00005763   
  176     0.00002452   
  177     0.00011077   
  178     0.00003929   
  179     0.00002270   
  180     0.00002125   
  181     0.00001113   
  182     0.00002673   
  183     0.00005563   
  184     0.00000091   
  185     0.00000489   
  186     0.00000691   
  187     0.00000126   
  188     0.00000363   
  189     0.00000505   
  190     0.00000314   
  191     0.00000379   
  192     0.00001565   
  193     0.00003139   
  194     0.00004208   
  195     0.00001307   
  196     0.00002286   
  197     0.00003781   
  198     0.00010273   
  199     0.00007393   
  200     0.00003208   
  201     0.00008016   
  202     0.00002305   
  203     0.00002297   
  204     0.00000952   
  205     0.00001383   
  206     0.00001153   
  207     0.00000834   
  208     0.00001013   
  209     0.00000806   
  210     0.00000427   
  211     0.00000683   
  212     0.00000316   
  213     0.00001511   
  214     0.00001099   
  215     0.00001304   
  216     0.00003868   
  217     0.00008802   
  218     0.00005281   
  219     0.00001391   
  220     0.00002268   
  221     0.00010019   
  222     0.00001996   
  223     0.00004325   
  224     0.00004771   
  225     0.00002949   
  226     0.00001866   
  227     0.00003813   
  228     0.00001830   
  229     0.00001894   
  230     0.00000543   
  231     0.00001032   
  232     0.00003371   
  233     0.00000604   
  234     0.00000620   
  235     0.00001469   
  236     0.00002547   
  237     0.00002910   
  238     0.00003398   
  239     0.00002533   
  240     0.00003084   
  241     0.00001995   
  242     0.00001540   
  243     0.00000101   
  244     0.00000989   
  245     0.00001830   
  246     0.00000723   
  247     0.00000879   
  248     0.00006486   
  249     0.00000459   
  250     0.00003910   
  251     0.00002008   
  252     0.00007323   
  253     0.00002790   
  254     0.00001076   
  255     0.00003349   
  256     0.00003693   
  257     0.00003098   
  258     0.00003170   
  259     0.00002455   
  260     0.00004153   
  261     0.00002034   
  262     0.00006023   
  263     0.00002659   
  264     0.00000889   
  265     0.00017594   
  266     0.00002109   
  267     0.00002657   
  268     0.00006394   
  269     0.00016234   
  270     0.00003518   
  271     0.00018120   
  272     0.00004482   
  273     0.00001972   
  274     0.00011484   
  275     0.00004306   
  276     0.00002696   
  277     0.00000961   
  278     0.00003369   
  279     0.00015579   
  280     0.00007689   
  281     0.00020188   
  282     0.00019382   
  283     0.00048774   
  284     0.00041909   
  285     0.00054979   
  286     0.00023660   
  287     0.00016950   
  288     0.00002506   
  289     0.00001132   
  290     0.00000065   
  291     0.00000130   
  292     0.00000153   
  293     0.00003200   
  294     0.00006776   
  295     0.00036064   
  296     0.00011627   
  297     0.00005527   
  298     0.00001750   
  299     0.00001254   
  300     0.00003696   
  301     0.00001062   
  302     0.00001759   
  303     0.00000752   
  304     0.00001770   
  305     0.00002666   
  306     0.00006586   
  307     0.00002180   
  308     0.00004502   
  309     0.00001429   
  310     0.00008576   
  311     0.00002997   
  312     0.00003409   
  313     0.00010048   
  314     0.00006082   
  315     0.00002195   
  316     0.00003452   
  317     0.00002406   
  318     0.00001092   
  319     0.00005617   
  320     0.00002144   
  321     0.00001828   
  322     0.00001884   
  323     0.00002070   
  324     0.00001486   
  325     0.00000291   
  326     0.00000334   
  327     0.00000857   
  328     0.00000270   
  329     0.00000604   
  330     0.00002049   
  331     0.00003402   
  332     0.00000300   
  333     0.00000543   
  334     0.00001562   
  335     0.00000081   
  336     0.00000335   
  337     0.00001390   
  338     0.00000749   
  339     0.00004602   
  340     0.00003636   
  341     0.00003195   
  342     0.00015310   
  343     0.00003129   
  344     0.00004190   
  345     0.00008836   
  346     0.00009119   
  347     0.00015973   
  348     0.00022114   
  349     0.00005532   
  350     0.00008065   
  351     0.00005684   
  352     0.00003194   
  353     0.00007143   
  354     0.00001394   
  355     0.00000955   
  356     0.00001961   
  357     0.00002752   
  358     0.00000322   
  359     0.00000817   
  360     0.00001676   
  361     0.00004252   
  362     0.00001874   
  363     0.00004979   
  364     0.00002304   
  365     0.00004314   
  366     0.00004304   
  367     0.00004820   
  368     0.00007695   
  369     0.00038309   
  370     0.00010416   
  371     0.00006668   
  372     0.00010874   
  373     0.00057513   
  374     0.00016911   
  375     0.00025492   
  376     0.00014947   
  377     0.00071650   
  378     0.00137749   
  379     0.00058030   
  380     0.00015882   
  381     0.00014554   
  382     0.00230776   
  383     0.00482847   
  384     0.00062926   
  385     0.00434680   
  386     0.00283408   
  387     0.00171756   
  388     0.00013922   
  389     0.00035733   
  390     0.00010322   
  391     0.00013408   
  392     0.00001892   
  393     0.00000707   
  394     0.00001170   
  395     0.00004751   
  396     0.00019599   
  397     0.00039057   
  398     0.00047235   
  399     0.00087476   
  400     0.00105170   
  401     0.00243406   
  402     0.00299964   
  403     0.00616338   
  404     0.01806401   
  405     0.02359775   
  406     0.00441469   
  407     0.00297378   
  408     0.00404330   
  409     0.00225073   
  410     0.00157168   
  411     0.00078859   
  412     0.00019355   
  413     0.00030831   
  414     0.00044477   
  415     0.00006628   
  416     0.00010587   
  417     0.00011064   
  418     0.00005801   
  419     0.00012225   
  420     0.00016883   
  421     0.00005779   
  422     0.00010753   
  423     0.00016446   
  424     0.00034759   
  425     0.00011321   
  426     0.00038655   
  427     0.00003356   
  428     0.00117332   
  429     0.00087679   
  430     0.00003185   
  431     0.00004924   
  432     0.00002773   
  433     0.00014689   
  434     0.00006335   
  435     0.00016619   
  436     0.00313273   
  437     0.01301177   
  438     0.00678804   
  439     0.00598392   
  440     0.01154508   
  441     0.00719660   
  442     0.00466645   
  443     0.00104764   
  444     0.00188862   
  445     0.00280009   
  446     0.00222358   
  447     0.00402843   
  448     0.00156693   
  449     0.00242608   
  450     0.00091718   
  451     0.00047985   
  452     0.00117628   
  453     0.00552817   
  454     0.03059376   
  455     0.09730699   
  456     0.00658132   
  457     0.00294044   
  458     0.00076940   
  459     0.00213405   
  460     0.00001843   
  461     0.00005415   
  462     0.00025889   
  463     0.00003270   
  464     0.00003357   
  465     0.00003076   
  466     0.00004151   
  467     0.00003416   
  468     0.00003528   
  469     0.00004522   
  470     0.00012736   
  471     0.00011127   
  472     0.00016251   
  473     0.00019357   
  474     0.00097164   
  475     0.00007006   
  476     0.00018995   
  477     0.00003518   
  478     0.00015353   
  479     0.00004652   
  480     0.00007326   
  481     0.00042646   
  482     0.00039498   
  483     0.00036573   
  484     0.00035058   
  485     0.00008720   
  486     0.00028448   
  487     0.00030166   
  488     0.00018420   
  489     0.00017366   
  490     0.00009299   
  491     0.00005065   
  492     0.00003791   
  493     0.00004276   
  494     0.00001697   
  495     0.00011057   
  496     0.00011699   
  497     0.00007831   
  498     0.00006054   
  499     0.00006465   
  500     0.00004397   
  501     0.00219404   
  502     0.00012697   
  503     0.00158331   
  504     0.00373808   
  505     0.00018316   
  506     0.00607288   
  507     0.00044464   
  508     0.00003726   
  509     0.00003002   
  510     0.00007026   
  511     0.00014440   
  512     0.00047012   
  513     0.00007328   
  514     0.00016768   
  515     0.00050439   
  516     0.00051964   
  517     0.00031083   
  518     0.00069599   
  519     0.00150785   
  520     0.00016674   
  521     0.00032539   
  522     0.00081594   
  523     0.00294591   
  524     0.00117358   
  525     0.00047094   
  526     0.00178398   
  527     0.00882753   
  528     0.02392617   
  529     0.00500700   
  530     0.01573641   
  531     0.01754575   
  532     0.00636650   
  533     0.00750250   
  534     0.01738637   
  535     0.00989205   
  536     0.04118456   
  537     0.01884150   
  538     0.01019871   
  539     0.00432760   
  540     0.00558889   
  541     0.00184639   
  542     0.00211550   
  543     0.00382345   
  544     0.00090730   
  545     0.00067140   
  546     0.00098438   
  547     0.00189102   
  548     0.00045952   
  549     0.00027830   
  550     0.00150472   
  551     0.00015561   
  552     0.00009373   
  553     0.00008379   
  554     0.00025974   
  555     0.00006513   
  556     0.00006241   
  557     0.00037921   
  558     0.00012382   
  559     0.00009379   
  560     0.00010325   
  561     0.00033762   
  562     0.00066976   
  563     0.00013591   
  564     0.00036049   
  565     0.00069221   
  566     0.00113279   
  567     0.00032769   
  568     0.00094332   
  569     0.00289734   
  570     0.00056442   
  571     0.00070449   
  572     0.00182013   
  573     0.00241682   
  574     0.00053376   
  575     0.00249301   
  576     0.00622838   
  577     0.00066927   
  578     0.00082134   
  579     0.00034642   
  580     0.00032623   
  581     0.03134477   
  582     0.00024233   
  583     0.00127861   
  584     0.00769898   
  585     0.00584113   
  586     0.00069696   
  587     0.00128718   
  588     0.00267429   
  589     0.00036355   
  590     0.00071821   
  591     0.00059298   
  592     0.00128784   
  593     0.00039430   
  594     0.00058758   
  595     0.00010431   
  596     0.00015596   
  597     0.00014833   
  598     0.00030894   
  599     0.00091584   
  600     0.00021609   
  601     0.00058291   
  602     0.00092962   
  603     0.00028843   
  604     0.00093975   
  605     0.00026368   
   39     0.00011633   
   40     0.00042893   
   41     0.00212595   
   42     0.00671502   
   43     0.00242118   
   44     0.00417104   
   45     0.00093039   
   46     0.06245711   
   47     0.00333264   
   48     0.00149101   
   49     0.00017899   
   50     0.00051664   
   51     0.00103478   
   52     0.00059933   
   53     0.00049778   
   54     0.00051575   
   55     0.00083093   
   56     0.00036803   
   57     0.00110366   
   58     0.00113633   
   59     0.00075839   
   60     0.00067971   
   61     0.00164783   
   62     0.00096594   
   63     0.00102109   
   64     0.00113415   
   65     0.00225725   
   66     0.00115405   
   67     0.00152304   
   68     0.00206014   
   69     0.00133007   
   70     0.00114901   
   71     0.00333819   
   72     0.00424538   
   73     0.00228206   
   74     0.00255349   
   75     0.00941055   
   76     0.00351923   
   77     0.00033089   
   78     0.00102561   
   79     0.00070698   
   80     0.00233680   
   81     0.00085451   
   82     0.00038345   
   83     0.00011460   
   84     0.00209563   
   85     0.00066054   
   86     0.00045011   
   87     0.00049299   
   88     0.00112849   
   89     0.00071159   
   90     0.00027933   
   91     0.00228433   
   92     0.00052515   
   93     0.00060026   
   94     0.00089467   
   95     0.00041612   
   96     0.00037069   
   97     0.00013037   
   98     0.00020366   
   99     0.00009130   
  100     0.00063259   
  101     0.00022639   
  102     0.00005078   
  103     0.00006127   
  104     0.00073399   
  105     0.00002743   
  106     0.00002906   
  107     0.00021743   
  108     0.00000679   
  109     0.00005406   
  110     0.00003647   
  111     0.00000722   
  112     0.00000041   
  113     0.00000111   
  114     0.00000209   
  115     0.00000124   
  116     0.00000775   
  117     0.00000630   
  118     0.00002300   
  119     0.00000826   
  120     0.00002523   
  121     0.00001884   
  122     0.00003386   
  123     0.00002732   
  124     0.00002018   
  125     0.00002871   
  126     0.00024104   
  127     0.00001193   
  128     0.00003883   
  129     0.00021601   
  130     0.00030166   
  131     0.00020474   
  132     0.00016220   
  133     0.00125326   
  134     0.00040380   
  135     0.00034321   
  136     0.00016280   
  137     0.00146156   
  138     0.00031484   
  139     0.00065605   
  140     0.00022097   
  141     0.00033715   
  142     0.00018647   
  143     0.00015829   
  144     0.00006569   
  145     0.00001961   
  146     0.00000837   
  147     0.00000432   
  148     0.00000271   
  149     0.00006497   
  150     0.00005968   
  151     0.00017136   
  152     0.00023318   
  153     0.00028587   
  154     0.00017486   
  155     0.00008979   
  156     0.00007206   
  157     0.00003795   
  158     0.00001303   
  159     0.00003668   
  160     0.00000827   
  161     0.00000269   
  162     0.00000052   
  163     0.00000020   
  164     0.00000090   
  165     0.00000584   
  166     0.00000083   
  167     0.00000158   
  168     0.00000518   
  169     0.00000454   
  170     0.00002977   
  171     0.00002332   
  172     0.00004205   
  173     0.00004741   
  174     0.00008591   
  175     0.00012192   
  176     0.00015349   
  177     0.00006833   
  178     0.00028657   
  179     0.00031862   
  180     0.00078450   
  181     0.00033640   
  182     0.00047593   
  183     0.00096078   
  184     0.00053747   
  185     0.00114994   
  186     0.00011851   
  187     0.00009905   
  188     0.00014927   
  189     0.00003247   
  190     0.00005785   
  191     0.00006836   
  192     0.00008517   
  193     0.00000421   
  194     0.00000153   
  195     0.00000068   
  196     0.00000012   
  197     0.00000028   
   39     0.00001773   
   40     0.00044060   
   41     0.00025058   
   42     0.00007855   
   43     0.00014615   
   44     0.00079387   
   45     0.00015411   
   46     0.00019699   
   47     0.00064601   
   48     0.00028307   
   49     0.00023795   
   50     0.00054912   
   51     0.00061354   
   52     0.00024226   
   53     0.00020072   
   54     0.00089927   
   55     0.00086260   
   56     0.00031129   
   57     0.00026933   
   58     0.00113378   
   59     0.00074120   
   60     0.00049191   
   61     0.00062986   
   62     0.00254896   
   63     0.00094915   
   64     0.00062103   
   65     0.00113729   
   66     0.00238470   
   67     0.00154640   
   68     0.00075359   
   69     0.00264800   
   70     0.00153078   
   71     0.00187580   
   72     0.00131784   
   73     0.00183589   
   74     0.00174701   
   75     0.00179206   
   76     0.00128490   
   77     0.00103314   
   78     0.00146311   
   79     0.00155035   
   80     0.00066535   
   81     0.00072273   
   82     0.00132020   
   83     0.00186237   
   84     0.00028454   
   85     0.00078350   
   86     0.00096245   
   87     0.00259375   
   88     0.00063678   
   89     0.00232081   
   90     0.00076824   
   91     0.00194723   
   92     0.00057812   
   93     0.00663414   
   94     0.00063452   
   95     0.00072485   
   96     0.00402851   
   97     0.00073900   
   98     0.00134042   
   99     0.00099819   
  100     0.00186342   
  101     0.00081980   
  102     0.00056902   
  103     0.00006978   
  104     0.00009992   
  105     0.00006306   
  106     0.00023152   
  107     0.00002787   
  108     0.00006379   
  109     0.00006703   
  110     0.00000681   
  111     0.00000619   
  112     0.00000319   
  113     0.00002689   
  114     0.00000239   
  115     0.00000047   
  116     0.00002311   
  117     0.00010113   
  118     0.00004263   
  119     0.00005742   
  120     0.00019036   
  121     0.00009009   
  122     0.00005578   
  123     0.00022211   
  124     0.00033955   
  125     0.00004456   
  126     0.00009859   
  127     0.00057191   
  128     0.00023246   
  129     0.00027078   
  130     0.00074817   
  131     0.00486522   
  132     0.00141305   
  133     0.00084497   
  134     0.00126172   
  135     0.00471894   
  136     0.00115729   
  137     0.00143312   
  138     0.00145576   
  139     0.00115527   
  140     0.00430682   
  141     0.01213309   
  142     0.00781369   
  143     0.00654098   
  144     0.00266412   
  145     0.00062264   
  146     0.00027513   
  147     0.00006933   
  148     0.00002390   
  149     0.00021997   
  150     0.00006787   
  151     0.00023816   
  152     0.00012076   
  153     0.00102867   
  154     0.00161304   
  155     0.00086376   
  156     0.00012903   
  157     0.00009590   
  158     0.00013602   
  159     0.00015886   
  160     0.00011100   
  161     0.00020553   
  162     0.00013312   
  163     0.00004959   
  164     0.00003551   
  165     0.00019059   
  166     0.00004593   
  167     0.00002015   
  168     0.00000437   
  169     0.00001754   
  170     0.00008816   
  171     0.00031315   
  172     0.00061884   
  173     0.00063710   
  174     0.00040113   
  175     0.00097514   
  176     0.00083876   
  177     0.00307455   
  178     0.00092616   
  179     0.00117629   
  180     0.00147867   
  181     0.00022613   
  182     0.00029295   
  183     0.00023362   
  184     0.00054616   
  185     0.00445051   
  186     0.00705836   
  187     0.00267183   
  188     0.00240631   
  189     0.00096091   
  190     0.00061929   
  191     0.00027611   
  192     0.00020807   
  193     0.00005847   
  194     0.00006172   
  195     0.00001793   
  196     0.00003275   
  197     0.00018888   
