    1     0.00013290   
    2     0.00027027   
    3     0.00034567   
    4     0.00091826   
    5     0.00046801   
    6     0.00005445   
    7     0.00010102   
    8     0.00011918   
    9     0.00010591   
   10     0.00008448   
   11     0.00006141   
   12     0.00014023   
   13     0.00009784   
   14     0.00016450   
   15     0.00008171   
   16     0.00009236   
   17     0.00007381   
   18     0.00103080   
   19     0.00454714   
   20     0.01880455   
   21     0.00000842   
   22     0.00068556   
   23     0.00071877   
   24     0.00161072   
   25     0.00001798   
   26     0.00012028   
   27     0.00009574   
   28     0.00006814   
   29     0.00035409   
   30     0.00013350   
   31     0.00038206   
   32     0.00062488   
   33     0.00003276   
   34     0.00003713   
   35     0.00009207   
   36     0.00018375   
   37     0.00002417   
   38     0.00009066   
   39     0.00005964   
   40     0.00008916   
   41     0.00001233   
   42     0.00000978   
   43     0.00000112   
   44     0.00000212   
   45     0.00000092   
   46     0.00000053   
   47     0.00000053   
   48     0.00000179   
   49     0.00000871   
   50     0.00025719   
   51     0.00015769   
   52     0.00002166   
   53     0.00003487   
   54     0.00002258   
   55     0.00002808   
   56     0.00017267   
   57     0.00005040   
   58     0.00005405   
   59     0.00004528   
   60     0.00004573   
   61     0.00001721   
   62     0.00001446   
   63     0.00000840   
   64     0.00001005   
   65     0.00000910   
   66     0.00002645   
   67     0.00001259   
   68     0.00006499   
   69     0.00007306   
   70     0.00006711   
   71     0.00004383   
   72     0.00000908   
   73     0.00002880   
   74     0.00007535   
   75     0.00003609   
   76     0.00000197   
   77     0.00000535   
   78     0.00000164   
   79     0.00000069   
   80     0.00000020   
   81     0.00000256   
   82     0.00000605   
   83     0.00000115   
   84     0.00000039   
   85     0.00000150   
   86     0.00000129   
   87     0.00000098   
   88     0.00000050   
   89     0.00000264   
   90     0.00000113   
   91     0.00000070   
   92     0.00000312   
   93     0.00000595   
   94     0.00000377   
   95     0.00000165   
   96     0.00001031   
   97     0.00000110   
   98     0.00000051   
   99     0.00000163   
  100     0.00001465   
  101     0.00003540   
  102     0.00002943   
  103     0.00003594   
  104     0.00000515   
  105     0.00000827   
  106     0.00000508   
  107     0.00000048   
  108     0.00000059   
  109     0.00000503   
  110     0.00002862   
  111     0.00005089   
  112     0.00005693   
  113     0.00005601   
  114     0.00004538   
  115     0.00015048   
  116     0.00013859   
  117     0.00009054   
  118     0.00017155   
  119     0.00027922   
  120     0.00026146   
  121     0.00041759   
  122     0.00091753   
  123     0.00056639   
  124     0.00033715   
  125     0.00103458   
  126     0.00129142   
  127     0.00083527   
  128     0.00143053   
  129     0.00181672   
  130     0.00200427   
  131     0.00742095   
  132     0.00582841   
  133     0.00013340   
  134     0.00049324   
  135     0.00036999   
  136     0.00009941   
  137     0.00007906   
  138     0.00004505   
  139     0.00064775   
  140     0.00009468   
  141     0.00006248   
  142     0.00012389   
  143     0.00005122   
  144     0.00003734   
  145     0.00003632   
  146     0.00002891   
  147     0.00000782   
  148     0.00000571   
  149     0.00000908   
  150     0.00004669   
  151     0.00010217   
  152     0.00001207   
  153     0.00002120   
  154     0.00008060   
  155     0.00009742   
  156     0.00002116   
  157     0.00003599   
  158     0.00007493   
  159     0.00000757   
  160     0.00002907   
  161     0.00005648   
  162     0.00001837   
  163     0.00005342   
  164     0.00005560   
  165     0.00005644   
  166     0.00039848   
  167     0.00016482   
  168     0.00012982   
  169     0.00044008   
  170     0.00004239   
  171     0.00008075   
  172     0.00023827   
  173     0.00015847   
  174     0.00042445   
  175     0.00025037   
  176     0.00037015   
  177     0.00039374   
  178     0.00021798   
  179     0.00019794   
  180     0.00004523   
  181     0.00023954   
  182     0.00070141   
  183     0.00041128   
  184     0.00012174   
  185     0.00018739   
  186     0.00003461   
  187     0.00012038   
  188     0.00031685   
  189     0.00012270   
  190     0.00026905   
  191     0.00007081   
  192     0.00011553   
  193     0.00007069   
  194     0.00005664   
  195     0.00004740   
  196     0.00007569   
  197     0.00007409   
  198     0.00008622   
  199     0.00009679   
  200     0.00004297   
  201     0.00007233   
  202     0.00006359   
  203     0.00003130   
  204     0.00004673   
  205     0.00012550   
  206     0.00010361   
  207     0.00053165   
  208     0.00052599   
  209     0.00024323   
  210     0.00004930   
  211     0.00000620   
  212     0.00000067   
  213     0.00005362   
  214     0.00578598   
  215     0.00029061   
  216     0.00043741   
  217     0.00010935   
  218     0.00001366   
  219     0.00000349   
  220     0.00000797   
  221     0.00003602   
  222     0.00000343   
  223     0.00003893   
  224     0.00006061   
  225     0.00001484   
  226     0.00001910   
  227     0.00005268   
  228     0.00002340   
  229     0.00002131   
  230     0.00001078   
  231     0.00000977   
  232     0.00000574   
  233     0.00000894   
  234     0.00002688   
  235     0.00001449   
  236     0.00001699   
  237     0.00004518   
  238     0.00002191   
  239     0.00002349   
  240     0.00004874   
  241     0.00000626   
  242     0.00001492   
  243     0.00001160   
  244     0.00014040   
  245     0.00000429   
  246     0.00000881   
  247     0.00002112   
  248     0.00001372   
  249     0.00000372   
  250     0.00004026   
  251     0.00000378   
  252     0.00002924   
  253     0.00001705   
  254     0.00000746   
  255     0.00000691   
  256     0.00003715   
  257     0.00004168   
  258     0.00007813   
  259     0.00004971   
  260     0.00004816   
  261     0.00004090   
  262     0.00009865   
  263     0.00003280   
  264     0.00000400   
  265     0.00001853   
  266     0.00002040   
  267     0.00000575   
  268     0.00000387   
  269     0.00000361   
  270     0.00000854   
  271     0.00003628   
  272     0.00000353   
  273     0.00000430   
  274     0.00001993   
  275     0.00000327   
  276     0.00000155   
  277     0.00000075   
  278     0.00000124   
  279     0.00000846   
  280     0.00000826   
  281     0.00004033   
  282     0.00002082   
  283     0.00070825   
  284     0.00067233   
  285     0.00108686   
  286     0.00027344   
  287     0.00024118   
  288     0.00002450   
  289     0.00000996   
  290     0.00000042   
  291     0.00000021   
  292     0.00000060   
  293     0.00000606   
  294     0.00003182   
  295     0.00006796   
  296     0.00047326   
  297     0.00002945   
  298     0.00005725   
  299     0.00000781   
  300     0.00003359   
  301     0.00000158   
  302     0.00000080   
  303     0.00000069   
  304     0.00000723   
  305     0.00001117   
  306     0.00000825   
  307     0.00000211   
  308     0.00000633   
  309     0.00000337   
  310     0.00000429   
  311     0.00000605   
  312     0.00000678   
  313     0.00002880   
  314     0.00000217   
  315     0.00000725   
  316     0.00002582   
  317     0.00000260   
  318     0.00000552   
  319     0.00002834   
  320     0.00002345   
  321     0.00001260   
  322     0.00000352   
  323     0.00000533   
  324     0.00001617   
  325     0.00000113   
  326     0.00000129   
  327     0.00000178   
  328     0.00000102   
  329     0.00000481   
  330     0.00000921   
  331     0.00013480   
  332     0.00003017   
  333     0.00005753   
  334     0.00019393   
  335     0.00004306   
  336     0.00016061   
  337     0.00013531   
  338     0.00010256   
  339     0.00005702   
  340     0.00008740   
  341     0.00009258   
  342     0.00007034   
  343     0.00003382   
  344     0.00002932   
  345     0.00002554   
  346     0.00000942   
  347     0.00002976   
  348     0.00003419   
  349     0.00002470   
  350     0.00003810   
  351     0.00002263   
  352     0.00002723   
  353     0.00003473   
  354     0.00001387   
  355     0.00000718   
  356     0.00002792   
  357     0.00004528   
  358     0.00001406   
  359     0.00005081   
  360     0.00004369   
  361     0.00009187   
  362     0.00008854   
  363     0.00008900   
  364     0.00003641   
  365     0.00004562   
  366     0.00000980   
  367     0.00004103   
  368     0.00013763   
  369     0.00005245   
  370     0.00013385   
  371     0.00019045   
  372     0.00012003   
  373     0.00142248   
  374     0.00024522   
  375     0.00019874   
  376     0.00033246   
  377     0.00193356   
  378     0.00075904   
  379     0.00053741   
  380     0.00120751   
  381     0.00215357   
  382     0.00359455   
  383     0.00582252   
  384     0.00180067   
  385     0.01067107   
  386     0.00652698   
  387     0.00358110   
  388     0.01025302   
  389     0.00460067   
  390     0.00422256   
  391     0.00238126   
  392     0.00062923   
  393     0.00007694   
  394     0.00014536   
  395     0.00017362   
  396     0.00043411   
  397     0.00046721   
  398     0.00004838   
  399     0.00072599   
  400     0.00023712   
  401     0.00119913   
  402     0.00909087   
  403     0.00385175   
  404     0.03350545   
  405     0.00593004   
  406     0.01152560   
  407     0.00748519   
  408     0.00279212   
  409     0.00032941   
  410     0.00057070   
  411     0.00079200   
  412     0.00017889   
  413     0.00018541   
  414     0.00051337   
  415     0.00014469   
  416     0.00085298   
  417     0.00122488   
  418     0.00342020   
  419     0.00066023   
  420     0.00129495   
  421     0.00029631   
  422     0.00044122   
  423     0.00009684   
  424     0.00021792   
  425     0.00005082   
  426     0.00003169   
  427     0.00001817   
  428     0.00143233   
  429     0.00227294   
  430     0.00000712   
  431     0.00001519   
  432     0.00001998   
  433     0.00016135   
  434     0.00007106   
  435     0.00007141   
  436     0.00055058   
  437     0.00235131   
  438     0.00242414   
  439     0.00106835   
  440     0.00085634   
  441     0.00148813   
  442     0.00102002   
  443     0.00036441   
  444     0.00047855   
  445     0.00176623   
  446     0.00166854   
  447     0.00671011   
  448     0.00256806   
  449     0.00278788   
  450     0.00126130   
  451     0.00077856   
  452     0.00120910   
  453     0.00158916   
  454     0.00095383   
  455     0.00152365   
  456     0.00291121   
  457     0.00131385   
  458     0.00018217   
  459     0.00063206   
  460     0.00009872   
  461     0.00002398   
  462     0.00013047   
  463     0.00001635   
  464     0.00001440   
  465     0.00001296   
  466     0.00002493   
  467     0.00001954   
  468     0.00001550   
  469     0.00003252   
  470     0.00009393   
  471     0.00004755   
  472     0.00005923   
  473     0.00006216   
  474     0.00021748   
  475     0.00013401   
  476     0.00124915   
  477     0.00096736   
  478     0.00196832   
  479     0.00225918   
  480     0.00124252   
  481     0.00576775   
  482     0.00400269   
  483     0.00318455   
  484     0.00187633   
  485     0.00184974   
  486     0.00087609   
  487     0.00075126   
  488     0.00024710   
  489     0.00007890   
  490     0.00005579   
  491     0.00001360   
  492     0.00001546   
  493     0.00002087   
  494     0.00000658   
  495     0.00004137   
  496     0.00010182   
  497     0.00024308   
  498     0.00032565   
  499     0.00112177   
  500     0.00071469   
  501     0.00098768   
  502     0.00045053   
  503     0.00550905   
  504     0.00343076   
  505     0.00244232   
  506     0.00233405   
  507     0.00067753   
  508     0.00174749   
  509     0.00005463   
  510     0.00020791   
  511     0.00025752   
  512     0.00050792   
  513     0.00033833   
  514     0.00021036   
  515     0.00064020   
  516     0.00053848   
  517     0.00076934   
  518     0.00118431   
  519     0.00067105   
  520     0.00014250   
  521     0.00072023   
  522     0.00133778   
  523     0.00076092   
  524     0.00070201   
  525     0.00308493   
  526     0.00343341   
  527     0.00028810   
  528     0.01112405   
  529     0.02024429   
  530     0.00512551   
  531     0.00635736   
  532     0.00323089   
  533     0.01456639   
  534     0.00631202   
  535     0.00557174   
  536     0.02327601   
  537     0.01788346   
  538     0.00415764   
  539     0.00557331   
  540     0.00496681   
  541     0.00369958   
  542     0.00328743   
  543     0.00068194   
  544     0.00065617   
  545     0.00072041   
  546     0.00193482   
  547     0.00007476   
  548     0.00002025   
  549     0.00060098   
  550     0.00031472   
  551     0.00002928   
  552     0.00003061   
  553     0.00014969   
  554     0.00007228   
  555     0.00001170   
  556     0.00002308   
  557     0.00005466   
  558     0.00002353   
  559     0.00001419   
  560     0.00001285   
  561     0.00005201   
  562     0.00011929   
  563     0.00001378   
  564     0.00002127   
  565     0.00033375   
  566     0.00013065   
  567     0.00000912   
  568     0.00011285   
  569     0.00029847   
  570     0.00019857   
  571     0.00010817   
  572     0.00033004   
  573     0.00013890   
  574     0.00072919   
  575     0.00081418   
  576     0.00292427   
  577     0.00019503   
  578     0.00149485   
  579     0.00367067   
  580     0.00072263   
  581     0.02536196   
  582     0.00142621   
  583     0.00128738   
  584     0.00420769   
  585     0.00667008   
  586     0.00384517   
  587     0.00081767   
  588     0.00185470   
  589     0.00041770   
  590     0.00110900   
  591     0.00098641   
  592     0.00079218   
  593     0.00029319   
  594     0.00024817   
  595     0.00023105   
  596     0.00010214   
  597     0.00005059   
  598     0.00052467   
  599     0.00043015   
  600     0.00007375   
  601     0.00007393   
  602     0.00021122   
  603     0.00005034   
  604     0.00071126   
  605     0.00066490   
   39     0.00020489   
   40     0.00083727   
   41     0.00073445   
   42     0.00220861   
   43     0.00112743   
   44     0.00146165   
   45     0.00086853   
   46     0.00295060   
   47     0.00096325   
   48     0.00193550   
   49     0.00201358   
   50     0.00107318   
   51     0.00463016   
   52     0.00245171   
   53     0.00208095   
   54     0.00183024   
   55     0.00439590   
   56     0.00238309   
   57     0.00394851   
   58     0.00663921   
   59     0.00277969   
   60     0.00316794   
   61     0.00489011   
   62     0.00915011   
   63     0.00379703   
   64     0.00341931   
   65     0.00484050   
   66     0.00836532   
   67     0.00547407   
   68     0.00507379   
   69     0.00859778   
   70     0.00938345   
   71     0.01697905   
   72     0.03074383   
   73     0.00857272   
   74     0.00960392   
   75     0.00889516   
   76     0.00590466   
   77     0.00219473   
   78     0.00142690   
   79     0.00206096   
   80     0.00345876   
   81     0.00152153   
   82     0.00132582   
   83     0.00077015   
   84     0.00231892   
   85     0.00346406   
   86     0.00119657   
   87     0.00515115   
   88     0.00193363   
   89     0.00225005   
   90     0.00037788   
   91     0.00152582   
   92     0.00024310   
   93     0.00231014   
   94     0.00066219   
   95     0.00025371   
   96     0.00048286   
   97     0.00002727   
   98     0.00005463   
   99     0.00018951   
  100     0.00032059   
  101     0.00045251   
  102     0.00015560   
  103     0.00015018   
  104     0.00127669   
  105     0.00011325   
  106     0.00019971   
  107     0.00073338   
  108     0.00000408   
  109     0.00010206   
  110     0.00004276   
  111     0.00000024   
  112     0.00000002   
  113     0.00000005   
  114     0.00000013   
  115     0.00000011   
  116     0.00000135   
  117     0.00000088   
  118     0.00000052   
  119     0.00000113   
  120     0.00001159   
  121     0.00000437   
  122     0.00000691   
  123     0.00001754   
  124     0.00002321   
  125     0.00001192   
  126     0.00032599   
  127     0.00009045   
  128     0.00006125   
  129     0.00032394   
  130     0.00045435   
  131     0.00140949   
  132     0.00014355   
  133     0.00069173   
  134     0.00026258   
  135     0.00032028   
  136     0.00004833   
  137     0.00111786   
  138     0.00026960   
  139     0.00042828   
  140     0.00041731   
  141     0.00228822   
  142     0.00123125   
  143     0.00074647   
  144     0.00045696   
  145     0.00010303   
  146     0.00005326   
  147     0.00001013   
  148     0.00000388   
  149     0.00003355   
  150     0.00002176   
  151     0.00008343   
  152     0.00014478   
  153     0.00064488   
  154     0.00045424   
  155     0.00060239   
  156     0.00011910   
  157     0.00006098   
  158     0.00002887   
  159     0.00002816   
  160     0.00002603   
  161     0.00000064   
  162     0.00000215   
  163     0.00000158   
  164     0.00000294   
  165     0.00003146   
  166     0.00000503   
  167     0.00000163   
  168     0.00000158   
  169     0.00000273   
  170     0.00008918   
  171     0.00005619   
  172     0.00009708   
  173     0.00006540   
  174     0.00012434   
  175     0.00011480   
  176     0.00027503   
  177     0.00013132   
  178     0.00021755   
  179     0.00046686   
  180     0.00072498   
  181     0.00049014   
  182     0.00012762   
  183     0.00012322   
  184     0.00016569   
  185     0.00203994   
  186     0.00234547   
  187     0.00077615   
  188     0.00057908   
  189     0.00005241   
  190     0.00007211   
  191     0.00010657   
  192     0.00002574   
  193     0.00000702   
  194     0.00000031   
  195     0.00000023   
  196     0.00000040   
  197     0.00000031   
   39     0.00037893   
   40     0.00129171   
   41     0.00060340   
   42     0.00066206   
   43     0.00105796   
   44     0.00076043   
   45     0.00062671   
   46     0.00149064   
   47     0.00263044   
   48     0.00076683   
   49     0.00212237   
   50     0.00234556   
   51     0.00261139   
   52     0.00187008   
   53     0.00371306   
   54     0.00608059   
   55     0.00370686   
   56     0.00160424   
   57     0.00723993   
   58     0.00421099   
   59     0.00272170   
   60     0.00413243   
   61     0.00980646   
   62     0.00403719   
   63     0.00234048   
   64     0.00724229   
   65     0.01114607   
   66     0.00335890   
   67     0.00569522   
   68     0.00552122   
   69     0.00767536   
   70     0.00635502   
   71     0.00456412   
   72     0.00419177   
   73     0.00825996   
   74     0.00543981   
   75     0.00271324   
   76     0.00331860   
   77     0.00751254   
   78     0.00378665   
   79     0.00189706   
   80     0.00484568   
   81     0.00723062   
   82     0.00062246   
   83     0.00300408   
   84     0.00233773   
   85     0.00227786   
   86     0.00053943   
   87     0.00140272   
   88     0.00165092   
   89     0.00221707   
   90     0.00027756   
   91     0.00059591   
   92     0.00099977   
   93     0.00048044   
   94     0.00030336   
   95     0.00054149   
   96     0.00093361   
   97     0.00034125   
   98     0.00113424   
   99     0.00036256   
  100     0.00177526   
  101     0.00040755   
  102     0.00020425   
  103     0.00000860   
  104     0.00001237   
  105     0.00002244   
  106     0.00001193   
  107     0.00000150   
  108     0.00000054   
  109     0.00000100   
  110     0.00000054   
  111     0.00000050   
  112     0.00000023   
  113     0.00000042   
  114     0.00000008   
  115     0.00000010   
  116     0.00000041   
  117     0.00000514   
  118     0.00000127   
  119     0.00002910   
  120     0.00001132   
  121     0.00000649   
  122     0.00003097   
  123     0.00005207   
  124     0.00003392   
  125     0.00001941   
  126     0.00002951   
  127     0.00009588   
  128     0.00004088   
  129     0.00003389   
  130     0.00017867   
  131     0.00064181   
  132     0.00014344   
  133     0.00020312   
  134     0.00058717   
  135     0.00086605   
  136     0.00023074   
  137     0.00036785   
  138     0.00027362   
  139     0.00044940   
  140     0.00081708   
  141     0.00145680   
  142     0.00114365   
  143     0.00087381   
  144     0.00036224   
  145     0.00006192   
  146     0.00003600   
  147     0.00002145   
  148     0.00001627   
  149     0.00017948   
  150     0.00006219   
  151     0.00000622   
  152     0.00010312   
  153     0.00041565   
  154     0.00027896   
  155     0.00003481   
  156     0.00002108   
  157     0.00000710   
  158     0.00001140   
  159     0.00001479   
  160     0.00000690   
  161     0.00001378   
  162     0.00000932   
  163     0.00000335   
  164     0.00000330   
  165     0.00001673   
  166     0.00000821   
  167     0.00001025   
  168     0.00004629   
  169     0.00002609   
  170     0.00002708   
  171     0.00004984   
  172     0.00009183   
  173     0.00017588   
  174     0.00011507   
  175     0.00064037   
  176     0.00081616   
  177     0.00036860   
  178     0.00022377   
  179     0.00032570   
  180     0.00035799   
  181     0.00006448   
  182     0.00008561   
  183     0.00004809   
  184     0.00039499   
  185     0.00161545   
  186     0.00021620   
  187     0.00011520   
  188     0.00022532   
  189     0.00008200   
  190     0.00015153   
  191     0.00006150   
  192     0.00003240   
  193     0.00000999   
  194     0.00000722   
  195     0.00000964   
  196     0.00000332   
  197     0.00001726   
