    1     0.00005946   
    2     0.00024371   
    3     0.00034870   
    4     0.00113206   
    5     0.00046901   
    6     0.00006914   
    7     0.00019861   
    8     0.00019797   
    9     0.00021987   
   10     0.00038305   
   11     0.00050081   
   12     0.00017009   
   13     0.00032755   
   14     0.00032272   
   15     0.00027571   
   16     0.00035180   
   17     0.00031612   
   18     0.00069973   
   19     0.00087498   
   20     0.00491177   
   21     0.00051266   
   22     0.00107865   
   23     0.00065413   
   24     0.00145663   
   25     0.00060172   
   26     0.00083764   
   27     0.00077914   
   28     0.00085389   
   29     0.00086538   
   30     0.00090183   
   31     0.00106810   
   32     0.00143553   
   33     0.00112119   
   34     0.00099194   
   35     0.00095713   
   36     0.00065388   
   37     0.00032880   
   38     0.00059805   
   39     0.00047715   
   40     0.00183637   
   41     0.00115904   
   42     0.00368056   
   43     0.00651290   
   44     0.00154496   
   45     0.00258165   
   46     0.00232492   
   47     0.00270800   
   48     0.00480338   
   49     0.00121302   
   50     0.00112994   
   51     0.00099655   
   52     0.00146575   
   53     0.00097107   
   54     0.00180940   
   55     0.00128599   
   56     0.00165331   
   57     0.00580766   
   58     0.00119215   
   59     0.00239842   
   60     0.00180622   
   61     0.00312704   
   62     0.00132169   
   63     0.00154004   
   64     0.00086970   
   65     0.00091351   
   66     0.00271444   
   67     0.00093956   
   68     0.00082290   
   69     0.00084283   
   70     0.00045651   
   71     0.00182260   
   72     0.00273120   
   73     0.00094927   
   74     0.00223395   
   75     0.00198963   
   76     0.00051521   
   77     0.00196342   
   78     0.00123156   
   79     0.00019839   
   80     0.00046142   
   81     0.00272040   
   82     0.00104828   
   83     0.00212044   
   84     0.00335807   
   85     0.00330715   
   86     0.00873854   
   87     0.00509500   
   88     0.00296793   
   89     0.00563914   
   90     0.00302275   
   91     0.00104510   
   92     0.00292915   
   93     0.00570709   
   94     0.00140228   
   95     0.00098734   
   96     0.00178814   
   97     0.00174553   
   98     0.00025570   
   99     0.00212231   
  100     0.00052442   
  101     0.00134768   
  102     0.00098802   
  103     0.00198010   
  104     0.00477958   
  105     0.00209377   
  106     0.00393864   
  107     0.00187349   
  108     0.00308079   
  109     0.00138050   
  110     0.00374508   
  111     0.00181454   
  112     0.00149393   
  113     0.00040369   
  114     0.00153711   
  115     0.00302115   
  116     0.00097023   
  117     0.00086347   
  118     0.00444471   
  119     0.00119566   
  120     0.00085017   
  121     0.00062495   
  122     0.00071275   
  123     0.00030988   
  124     0.00025229   
  125     0.00028266   
  126     0.00130517   
  127     0.00206589   
  128     0.00063727   
  129     0.00029654   
  130     0.00402420   
  131     0.00342411   
  132     0.00171875   
  133     0.00040009   
  134     0.00067492   
  135     0.00108564   
  136     0.00062676   
  137     0.00057435   
  138     0.00015555   
  139     0.00025699   
  140     0.00024186   
  141     0.00022862   
  142     0.00052925   
  143     0.00032103   
  144     0.00083625   
  145     0.00068949   
  146     0.00052045   
  147     0.00028615   
  148     0.00016564   
  149     0.00017782   
  150     0.00148494   
  151     0.00106938   
  152     0.00009668   
  153     0.00017120   
  154     0.00047431   
  155     0.00047831   
  156     0.00007146   
  157     0.00038006   
  158     0.00017976   
  159     0.00005587   
  160     0.00037231   
  161     0.00059555   
  162     0.00008318   
  163     0.00041653   
  164     0.00024959   
  165     0.00027084   
  166     0.00012140   
  167     0.00055828   
  168     0.00068446   
  169     0.00050262   
  170     0.00015466   
  171     0.00009705   
  172     0.00033237   
  173     0.00005076   
  174     0.00020957   
  175     0.00029692   
  176     0.00087376   
  177     0.00030141   
  178     0.00021735   
  179     0.00030261   
  180     0.00013840   
  181     0.00098812   
  182     0.00190225   
  183     0.00080378   
  184     0.00061280   
  185     0.00259615   
  186     0.00062115   
  187     0.00046601   
  188     0.00491582   
  189     0.00203061   
  190     0.00043862   
  191     0.00110967   
  192     0.00031100   
  193     0.00032669   
  194     0.00027477   
  195     0.00013950   
  196     0.00020316   
  197     0.00078700   
  198     0.00081196   
  199     0.00051246   
  200     0.00027410   
  201     0.00044506   
  202     0.00018773   
  203     0.00039373   
  204     0.00320058   
  205     0.00090401   
  206     0.00128452   
  207     0.00109278   
  208     0.00040863   
  209     0.00033136   
  210     0.00029242   
  211     0.00017744   
  212     0.00030842   
  213     0.00029800   
  214     0.00195045   
  215     0.00012465   
  216     0.00079715   
  217     0.00008150   
  218     0.00012820   
  219     0.00072940   
  220     0.00056689   
  221     0.00149005   
  222     0.00029292   
  223     0.00054139   
  224     0.00066203   
  225     0.00138068   
  226     0.00067493   
  227     0.00072268   
  228     0.00023179   
  229     0.00087289   
  230     0.00004239   
  231     0.00040376   
  232     0.00097841   
  233     0.00085050   
  234     0.00014602   
  235     0.00026188   
  236     0.00065784   
  237     0.00145817   
  238     0.00017536   
  239     0.00060025   
  240     0.00014631   
  241     0.00028482   
  242     0.00033126   
  243     0.00007659   
  244     0.00077408   
  245     0.00006639   
  246     0.00007074   
  247     0.00003352   
  248     0.00023618   
  249     0.00002323   
  250     0.00028530   
  251     0.00020747   
  252     0.00073639   
  253     0.00047618   
  254     0.00028071   
  255     0.00029895   
  256     0.00011669   
  257     0.00267152   
  258     0.00034698   
  259     0.00182184   
  260     0.00127479   
  261     0.00160335   
  262     0.00094304   
  263     0.00062506   
  264     0.00019549   
  265     0.00024868   
  266     0.00055385   
  267     0.00022826   
  268     0.00006390   
  269     0.00011007   
  270     0.00035220   
  271     0.00111964   
  272     0.00017733   
  273     0.00028678   
  274     0.00058535   
  275     0.00029824   
  276     0.00009742   
  277     0.00010470   
  278     0.00017034   
  279     0.00009963   
  280     0.00007709   
  281     0.00033835   
  282     0.00035359   
  283     0.00092869   
  284     0.00315906   
  285     0.00052539   
  286     0.00046031   
  287     0.00058125   
  288     0.00005050   
  289     0.00007356   
  290     0.00008013   
  291     0.00008693   
  292     0.00009477   
  293     0.00011743   
  294     0.00048585   
  295     0.00069784   
  296     0.00123290   
  297     0.00045525   
  298     0.00065722   
  299     0.00029492   
  300     0.00061686   
  301     0.00013491   
  302     0.00020576   
  303     0.00007130   
  304     0.00012621   
  305     0.00037577   
  306     0.00026027   
  307     0.00016185   
  308     0.00061254   
  309     0.00023788   
  310     0.00012831   
  311     0.00012936   
  312     0.00087746   
  313     0.00078746   
  314     0.00040310   
  315     0.00032060   
  316     0.00035614   
  317     0.00056841   
  318     0.00036841   
  319     0.00095474   
  320     0.00028858   
  321     0.00047412   
  322     0.00032004   
  323     0.00039135   
  324     0.00146428   
  325     0.00035805   
  326     0.00034327   
  327     0.00062339   
  328     0.00031644   
  329     0.00088580   
  330     0.00089105   
  331     0.00034807   
  332     0.00034750   
  333     0.00037184   
  334     0.00505217   
  335     0.00043033   
  336     0.00271164   
  337     0.00071337   
  338     0.00028801   
  339     0.00062188   
  340     0.00038270   
  341     0.00028806   
  342     0.00054397   
  343     0.00052236   
  344     0.00063543   
  345     0.00088712   
  346     0.00114757   
  347     0.00058592   
  348     0.00036647   
  349     0.00014892   
  350     0.00059522   
  351     0.00022452   
  352     0.00018605   
  353     0.00091263   
  354     0.00014594   
  355     0.00011429   
  356     0.00012603   
  357     0.00011667   
  358     0.00009058   
  359     0.00050248   
  360     0.00040364   
  361     0.00021121   
  362     0.00041839   
  363     0.00048974   
  364     0.00007964   
  365     0.00021504   
  366     0.00022264   
  367     0.00032449   
  368     0.00033071   
  369     0.00087335   
  370     0.00036264   
  371     0.00017790   
  372     0.00011830   
  373     0.00046279   
  374     0.00018982   
  375     0.00014720   
  376     0.00004702   
  377     0.00077973   
  378     0.00127705   
  379     0.00028509   
  380     0.00052113   
  381     0.00033690   
  382     0.00108729   
  383     0.00345546   
  384     0.00060483   
  385     0.00092919   
  386     0.00145763   
  387     0.00191372   
  388     0.00209222   
  389     0.00079405   
  390     0.00093233   
  391     0.00068445   
  392     0.00110099   
  393     0.00052128   
  394     0.00209637   
  395     0.00080143   
  396     0.00378287   
  397     0.00242290   
  398     0.00102806   
  399     0.00057810   
  400     0.00018130   
  401     0.00022286   
  402     0.00034638   
  403     0.00109365   
  404     0.00055793   
  405     0.00054424   
  406     0.00050455   
  407     0.00048998   
  408     0.00042170   
  409     0.00018003   
  410     0.00072764   
  411     0.00030940   
  412     0.00042081   
  413     0.00117648   
  414     0.00056462   
  415     0.00084700   
  416     0.00143711   
  417     0.00517093   
  418     0.00170386   
  419     0.00108024   
  420     0.00167328   
  421     0.00046729   
  422     0.00032814   
  423     0.00016298   
  424     0.00010541   
  425     0.00005107   
  426     0.00070754   
  427     0.00001729   
  428     0.00025156   
  429     0.00059539   
  430     0.00004305   
  431     0.00004923   
  432     0.00001317   
  433     0.00006996   
  434     0.00005090   
  435     0.00002583   
  436     0.00041625   
  437     0.00062919   
  438     0.00033154   
  439     0.00012488   
  440     0.00034188   
  441     0.00016604   
  442     0.00031965   
  443     0.00060526   
  444     0.00115562   
  445     0.00074757   
  446     0.00026338   
  447     0.00097100   
  448     0.00026721   
  449     0.00015948   
  450     0.00124112   
  451     0.00006693   
  452     0.00192774   
  453     0.00015003   
  454     0.00026179   
  455     0.00038610   
  456     0.00100887   
  457     0.00021967   
  458     0.00011246   
  459     0.00021886   
  460     0.00011048   
  461     0.00007750   
  462     0.00007652   
  463     0.00002789   
  464     0.00003517   
  465     0.00003455   
  466     0.00002254   
  467     0.00006401   
  468     0.00011334   
  469     0.00005026   
  470     0.00007937   
  471     0.00009988   
  472     0.00004128   
  473     0.00008743   
  474     0.00028178   
  475     0.00016956   
  476     0.00045245   
  477     0.00031801   
  478     0.00044638   
  479     0.00039625   
  480     0.00123217   
  481     0.00106333   
  482     0.00139019   
  483     0.00094716   
  484     0.00038936   
  485     0.00044819   
  486     0.00020474   
  487     0.00012049   
  488     0.00007419   
  489     0.00014728   
  490     0.00004919   
  491     0.00006299   
  492     0.00006663   
  493     0.00006859   
  494     0.00003582   
  495     0.00017287   
  496     0.00035004   
  497     0.00033767   
  498     0.00061759   
  499     0.00034170   
  500     0.00038327   
  501     0.00047599   
  502     0.00035703   
  503     0.00046716   
  504     0.00049372   
  505     0.00044938   
  506     0.00086216   
  507     0.00168351   
  508     0.00122437   
  509     0.00035145   
  510     0.00076049   
  511     0.00325476   
  512     0.00345131   
  513     0.00039324   
  514     0.00188435   
  515     0.00123035   
  516     0.00131798   
  517     0.00137693   
  518     0.00218685   
  519     0.00054656   
  520     0.00119666   
  521     0.00094707   
  522     0.00073537   
  523     0.00045259   
  524     0.00071630   
  525     0.00088153   
  526     0.00102056   
  527     0.00227358   
  528     0.00037142   
  529     0.00127948   
  530     0.00114659   
  531     0.00135221   
  532     0.00023567   
  533     0.00024759   
  534     0.00054393   
  535     0.00084736   
  536     0.00058581   
  537     0.00089663   
  538     0.00056802   
  539     0.00053872   
  540     0.00052522   
  541     0.00035736   
  542     0.00081470   
  543     0.00091951   
  544     0.00110491   
  545     0.00020924   
  546     0.00095644   
  547     0.00199331   
  548     0.00079971   
  549     0.00159361   
  550     0.00194227   
  551     0.00019564   
  552     0.00029175   
  553     0.00026116   
  554     0.00061293   
  555     0.00037910   
  556     0.00124030   
  557     0.00084360   
  558     0.00046999   
  559     0.00016792   
  560     0.00010654   
  561     0.00073041   
  562     0.00160841   
  563     0.00030687   
  564     0.00008504   
  565     0.00085814   
  566     0.00163078   
  567     0.00081839   
  568     0.00022219   
  569     0.00114338   
  570     0.00093805   
  571     0.00094534   
  572     0.00053028   
  573     0.00016985   
  574     0.00037388   
  575     0.00054044   
  576     0.00032452   
  577     0.00016256   
  578     0.00012138   
  579     0.00028672   
  580     0.00013394   
  581     0.00025335   
  582     0.00005909   
  583     0.00019938   
  584     0.00056104   
  585     0.00063722   
  586     0.00031408   
  587     0.00037155   
  588     0.00148243   
  589     0.00111368   
  590     0.00032719   
  591     0.00062589   
  592     0.00161535   
  593     0.00054604   
  594     0.00077070   
  595     0.00081187   
  596     0.00186795   
  597     0.00112018   
  598     0.00106087   
  599     0.00216416   
  600     0.00159370   
  601     0.00635646   
  602     0.00537246   
  603     0.00269787   
  604     0.00932159   
  605     0.00000293   
   39     0.00200498   
   40     0.00090171   
   41     0.00197035   
   42     0.00241097   
   43     0.00409836   
   44     0.00182180   
   45     0.00433155   
   46     0.00392506   
   47     0.00611262   
   48     0.00203634   
   49     0.00276705   
   50     0.00197791   
   51     0.00178519   
   52     0.00287180   
   53     0.00220584   
   54     0.00103645   
   55     0.00484802   
   56     0.00122037   
   57     0.00192098   
   58     0.00104184   
   59     0.00272788   
   60     0.00098664   
   61     0.00086410   
   62     0.00068754   
   63     0.00138969   
   64     0.00233381   
   65     0.00111081   
   66     0.00114983   
   67     0.00037016   
   68     0.00296302   
   69     0.00141060   
   70     0.00073588   
   71     0.00151699   
   72     0.00538128   
   73     0.00117756   
   74     0.00073403   
   75     0.00464622   
   76     0.00166494   
   77     0.00119952   
   78     0.00421447   
   79     0.00069388   
   80     0.00302294   
   81     0.00090235   
   82     0.00194556   
   83     0.00185029   
   84     0.00151241   
   85     0.00621975   
   86     0.00194698   
   87     0.00334861   
   88     0.00210896   
   89     0.00073102   
   90     0.00052376   
   91     0.00472652   
   92     0.00123483   
   93     0.00097695   
   94     0.00307274   
   95     0.00085638   
   96     0.00087097   
   97     0.00076670   
   98     0.00077698   
   99     0.00058511   
  100     0.00103598   
  101     0.00154399   
  102     0.00083985   
  103     0.00206520   
  104     0.00194368   
  105     0.00287358   
  106     0.00340190   
  107     0.00226994   
  108     0.00069134   
  109     0.00234617   
  110     0.00738166   
  111     0.00134121   
  112     0.00063391   
  113     0.00074654   
  114     0.00059391   
  115     0.00031612   
  116     0.00238133   
  117     0.00410172   
  118     0.00184823   
  119     0.00029660   
  120     0.00271724   
  121     0.00290967   
  122     0.00129273   
  123     0.00119547   
  124     0.00101632   
  125     0.00067623   
  126     0.00247658   
  127     0.00073668   
  128     0.00050210   
  129     0.00106658   
  130     0.00161163   
  131     0.00380602   
  132     0.00118848   
  133     0.00097591   
  134     0.00100194   
  135     0.00044667   
  136     0.00020084   
  137     0.00284356   
  138     0.00031045   
  139     0.00227914   
  140     0.00099891   
  141     0.00275379   
  142     0.00186191   
  143     0.00131267   
  144     0.00087570   
  145     0.00092128   
  146     0.00094046   
  147     0.00020932   
  148     0.00018256   
  149     0.00109775   
  150     0.00029437   
  151     0.00049080   
  152     0.00099396   
  153     0.00095120   
  154     0.00086018   
  155     0.00173788   
  156     0.00150513   
  157     0.00349164   
  158     0.00266867   
  159     0.00696577   
  160     0.00323780   
  161     0.00506373   
  162     0.00100605   
  163     0.00199572   
  164     0.00050261   
  165     0.00116528   
  166     0.00131631   
  167     0.00079842   
  168     0.00039326   
  169     0.00011347   
  170     0.00070648   
  171     0.00032719   
  172     0.00080259   
  173     0.00037808   
  174     0.00197070   
  175     0.00099881   
  176     0.00053803   
  177     0.00028992   
  178     0.00049172   
  179     0.00137582   
  180     0.00634364   
  181     0.00292392   
  182     0.00119101   
  183     0.00315750   
  184     0.00126860   
  185     0.00068620   
  186     0.00052854   
  187     0.00049793   
  188     0.00050202   
  189     0.00051864   
  190     0.00097598   
  191     0.00216786   
  192     0.00270499   
  193     0.00178559   
  194     0.00527307   
  195     0.00331603   
  196     0.00332701   
  197     0.00556239   
   39     0.00013289   
   40     0.00081483   
   41     0.00081311   
   42     0.00024098   
   43     0.00108466   
   44     0.00170751   
   45     0.00118157   
   46     0.00039230   
   47     0.00050832   
   48     0.00077003   
   49     0.00095055   
   50     0.00099338   
   51     0.00087915   
   52     0.00034309   
   53     0.00118106   
   54     0.00149082   
   55     0.00148867   
   56     0.00080041   
   57     0.00140496   
   58     0.00095069   
   59     0.00098910   
   60     0.00124557   
   61     0.00101656   
   62     0.00248535   
   63     0.00114554   
   64     0.00175832   
   65     0.00115456   
   66     0.00292938   
   67     0.00245905   
   68     0.00097114   
   69     0.00093887   
   70     0.00174934   
   71     0.00283946   
   72     0.00278010   
   73     0.00152418   
   74     0.00106580   
   75     0.00460745   
   76     0.00329996   
   77     0.00090002   
   78     0.00358686   
   79     0.00278535   
   80     0.00135091   
   81     0.00417996   
   82     0.00134882   
   83     0.00172119   
   84     0.00130893   
   85     0.00265972   
   86     0.00153542   
   87     0.00377584   
   88     0.00360972   
   89     0.00351223   
   90     0.00153876   
   91     0.00177390   
   92     0.00216439   
   93     0.00055546   
   94     0.00140235   
   95     0.00057508   
   96     0.00108844   
   97     0.00130427   
   98     0.00119185   
   99     0.00142128   
  100     0.00209456   
  101     0.00145458   
  102     0.00129414   
  103     0.00074173   
  104     0.00014101   
  105     0.00121002   
  106     0.00265262   
  107     0.00054069   
  108     0.00204929   
  109     0.00467953   
  110     0.00370903   
  111     0.00126057   
  112     0.00185749   
  113     0.00425091   
  114     0.00036915   
  115     0.00010284   
  116     0.00105715   
  117     0.00230920   
  118     0.00160065   
  119     0.00189634   
  120     0.00200282   
  121     0.00040567   
  122     0.00050418   
  123     0.00061737   
  124     0.00048076   
  125     0.00031266   
  126     0.00148843   
  127     0.00047865   
  128     0.00075901   
  129     0.00092685   
  130     0.00074709   
  131     0.00161251   
  132     0.00087800   
  133     0.00158254   
  134     0.00095257   
  135     0.00046412   
  136     0.00235261   
  137     0.00334869   
  138     0.00043232   
  139     0.00160755   
  140     0.00049320   
  141     0.00053690   
  142     0.00033522   
  143     0.00034551   
  144     0.00004208   
  145     0.00001026   
  146     0.00000401   
  147     0.00000738   
  148     0.00001583   
  149     0.00002534   
  150     0.00001446   
  151     0.00002647   
  152     0.00006609   
  153     0.00019789   
  154     0.00019488   
  155     0.00002930   
  156     0.00001447   
  157     0.00000438   
  158     0.00000793   
  159     0.00000991   
  160     0.00000224   
  161     0.00000216   
  162     0.00000689   
  163     0.00000337   
  164     0.00000116   
  165     0.00000619   
  166     0.00000736   
  167     0.00000623   
  168     0.00001724   
  169     0.00000782   
  170     0.00001935   
  171     0.00001342   
  172     0.00002041   
  173     0.00008581   
  174     0.00005371   
  175     0.00063184   
  176     0.00112842   
  177     0.00018228   
  178     0.00056461   
  179     0.00023503   
  180     0.00052507   
  181     0.00004698   
  182     0.00008053   
  183     0.00002455   
  184     0.00015901   
  185     0.00216481   
  186     0.00028388   
  187     0.00020130   
  188     0.00015421   
  189     0.00009418   
  190     0.00014210   
  191     0.00002101   
  192     0.00002705   
  193     0.00000444   
  194     0.00000586   
  195     0.00000747   
  196     0.00000309   
  197     0.00000670   
