    1     0.00008466   
    2     0.00014097   
    3     0.00014227   
    4     0.00008359   
    5     0.00022393   
    6     0.00004187   
    7     0.00013115   
    8     0.00013324   
    9     0.00013586   
   10     0.00032522   
   11     0.00092624   
   12     0.00302801   
   13     0.00151959   
   14     0.00021085   
   15     0.00021658   
   16     0.00020286   
   17     0.00008718   
   18     0.00015124   
   19     0.00023496   
   20     0.00099769   
   21     0.00000086   
   22     0.00003397   
   23     0.00005050   
   24     0.00010464   
   25     0.00000907   
   26     0.00013237   
   27     0.00036306   
   28     0.00028877   
   29     0.00071574   
   30     0.00061573   
   31     0.00274943   
   32     0.00244413   
   33     0.00152459   
   34     0.00095012   
   35     0.00142922   
   36     0.00072154   
   37     0.00092897   
   38     0.00050024   
   39     0.00155826   
   40     0.00203810   
   41     0.00057302   
   42     0.00037715   
   43     0.00028832   
   44     0.00011213   
   45     0.00003239   
   46     0.00008541   
   47     0.00013904   
   48     0.00080172   
   49     0.00117599   
   50     0.00100691   
   51     0.00066235   
   52     0.00203778   
   53     0.00181080   
   54     0.00057330   
   55     0.00109890   
   56     0.00111156   
   57     0.00290106   
   58     0.00362151   
   59     0.01473531   
   60     0.00172201   
   61     0.00130495   
   62     0.00563039   
   63     0.00153147   
   64     0.00091787   
   65     0.00321220   
   66     0.00341484   
   67     0.00174996   
   68     0.00350832   
   69     0.00057693   
   70     0.00057985   
   71     0.00130505   
   72     0.00037380   
   73     0.00014157   
   74     0.00034711   
   75     0.00061195   
   76     0.00009450   
   77     0.00017630   
   78     0.00012848   
   79     0.00010289   
   80     0.00005418   
   81     0.00055681   
   82     0.00035946   
   83     0.00013888   
   84     0.00011948   
   85     0.00022897   
   86     0.00043235   
   87     0.00008084   
   88     0.00002557   
   89     0.00127018   
   90     0.00095473   
   91     0.00146638   
   92     0.00160071   
   93     0.00093410   
   94     0.00023776   
   95     0.00020755   
   96     0.00010991   
   97     0.00002044   
   98     0.00002394   
   99     0.00002264   
  100     0.00005430   
  101     0.00012854   
  102     0.00020120   
  103     0.00049066   
  104     0.00021916   
  105     0.00089350   
  106     0.00016870   
  107     0.00004111   
  108     0.00003514   
  109     0.00002365   
  110     0.00033797   
  111     0.00019637   
  112     0.00015737   
  113     0.00022111   
  114     0.00022395   
  115     0.00109157   
  116     0.00044177   
  117     0.00019312   
  118     0.00185119   
  119     0.00052107   
  120     0.00030948   
  121     0.00037341   
  122     0.00049124   
  123     0.00033034   
  124     0.00063787   
  125     0.00019050   
  126     0.00033935   
  127     0.00053740   
  128     0.00009163   
  129     0.00004274   
  130     0.00118742   
  131     0.00066473   
  132     0.00034951   
  133     0.00004817   
  134     0.00009128   
  135     0.00038253   
  136     0.00017538   
  137     0.00008434   
  138     0.00005680   
  139     0.00023474   
  140     0.00009735   
  141     0.00004354   
  142     0.00013744   
  143     0.00054762   
  144     0.00070427   
  145     0.00010025   
  146     0.00006248   
  147     0.00008529   
  148     0.00004992   
  149     0.00014700   
  150     0.00043622   
  151     0.00016295   
  152     0.00008611   
  153     0.00026452   
  154     0.00027625   
  155     0.00050859   
  156     0.00007717   
  157     0.00018701   
  158     0.00016040   
  159     0.00008125   
  160     0.00020575   
  161     0.00052452   
  162     0.00021356   
  163     0.00026983   
  164     0.00019325   
  165     0.00017924   
  166     0.00007559   
  167     0.00029439   
  168     0.00039993   
  169     0.00043703   
  170     0.00011511   
  171     0.00019022   
  172     0.00029416   
  173     0.00006149   
  174     0.00003720   
  175     0.00007427   
  176     0.00010935   
  177     0.00012991   
  178     0.00016141   
  179     0.00014579   
  180     0.00011220   
  181     0.00025791   
  182     0.00013683   
  183     0.00028690   
  184     0.00007428   
  185     0.00013260   
  186     0.00007667   
  187     0.00003934   
  188     0.00013505   
  189     0.00002528   
  190     0.00004331   
  191     0.00003722   
  192     0.00011151   
  193     0.00015189   
  194     0.00050682   
  195     0.00031540   
  196     0.00099445   
  197     0.00134321   
  198     0.00388562   
  199     0.00241495   
  200     0.00144916   
  201     0.00116390   
  202     0.00033879   
  203     0.00028436   
  204     0.00018938   
  205     0.00020804   
  206     0.00016901   
  207     0.00005929   
  208     0.00009684   
  209     0.00006615   
  210     0.00006535   
  211     0.00009079   
  212     0.00005808   
  213     0.00013988   
  214     0.00038564   
  215     0.00007831   
  216     0.00016152   
  217     0.00013715   
  218     0.00026845   
  219     0.00015350   
  220     0.00022006   
  221     0.00044199   
  222     0.00021682   
  223     0.00138448   
  224     0.00189956   
  225     0.00116473   
  226     0.00395196   
  227     0.00309647   
  228     0.00108588   
  229     0.00818646   
  230     0.00191495   
  231     0.00023733   
  232     0.00040976   
  233     0.00095282   
  234     0.00150565   
  235     0.00036393   
  236     0.00060402   
  237     0.00248560   
  238     0.00100538   
  239     0.00071331   
  240     0.00119844   
  241     0.00051764   
  242     0.00028447   
  243     0.00015866   
  244     0.00103856   
  245     0.00011308   
  246     0.00010061   
  247     0.00035373   
  248     0.00047319   
  249     0.00005147   
  250     0.00015339   
  251     0.00027161   
  252     0.00041850   
  253     0.00095638   
  254     0.00010705   
  255     0.00048505   
  256     0.00540551   
  257     0.01982053   
  258     0.00246361   
  259     0.00192597   
  260     0.00909454   
  261     0.00347585   
  262     0.00384825   
  263     0.00823445   
  264     0.00045879   
  265     0.00260288   
  266     0.00244166   
  267     0.00078463   
  268     0.00016642   
  269     0.00081125   
  270     0.00017577   
  271     0.00092711   
  272     0.00019017   
  273     0.00017702   
  274     0.00031388   
  275     0.00011442   
  276     0.00006107   
  277     0.00005881   
  278     0.00010225   
  279     0.00020833   
  280     0.00012569   
  281     0.00230899   
  282     0.00204612   
  283     0.01201285   
  284     0.02019010   
  285     0.02522379   
  286     0.01502600   
  287     0.00842260   
  288     0.00038614   
  289     0.00016366   
  290     0.00004365   
  291     0.00007071   
  292     0.00015192   
  293     0.00035568   
  294     0.00106117   
  295     0.02305514   
  296     0.00207935   
  297     0.00083301   
  298     0.00107635   
  299     0.00003482   
  300     0.00040743   
  301     0.00005601   
  302     0.00004442   
  303     0.00004354   
  304     0.00006045   
  305     0.00023876   
  306     0.00032578   
  307     0.00003147   
  308     0.00042192   
  309     0.00013015   
  310     0.00011178   
  311     0.00007054   
  312     0.00046289   
  313     0.00015701   
  314     0.00006635   
  315     0.00027335   
  316     0.00076573   
  317     0.00007325   
  318     0.00005552   
  319     0.00022094   
  320     0.00009164   
  321     0.00001135   
  322     0.00000512   
  323     0.00003093   
  324     0.00001241   
  325     0.00000260   
  326     0.00000488   
  327     0.00001706   
  328     0.00000281   
  329     0.00000628   
  330     0.00000716   
  331     0.00001418   
  332     0.00000607   
  333     0.00000227   
  334     0.00001840   
  335     0.00001703   
  336     0.00011495   
  337     0.00003999   
  338     0.00005452   
  339     0.00011598   
  340     0.00032808   
  341     0.00038598   
  342     0.00061675   
  343     0.00081764   
  344     0.00037582   
  345     0.00012522   
  346     0.00028089   
  347     0.00029407   
  348     0.00042317   
  349     0.00018530   
  350     0.00024241   
  351     0.00005479   
  352     0.00004365   
  353     0.00005079   
  354     0.00003861   
  355     0.00002144   
  356     0.00001238   
  357     0.00002211   
  358     0.00001320   
  359     0.00001414   
  360     0.00004479   
  361     0.00003773   
  362     0.00004037   
  363     0.00003935   
  364     0.00005562   
  365     0.00005676   
  366     0.00003155   
  367     0.00010943   
  368     0.00055957   
  369     0.00057893   
  370     0.00017671   
  371     0.00027278   
  372     0.00007220   
  373     0.00011974   
  374     0.00006545   
  375     0.00010552   
  376     0.00003776   
  377     0.00012548   
  378     0.00036384   
  379     0.00011118   
  380     0.00006373   
  381     0.00004282   
  382     0.00024703   
  383     0.00069179   
  384     0.00015864   
  385     0.00059836   
  386     0.00044027   
  387     0.00027708   
  388     0.00056165   
  389     0.00024894   
  390     0.00021437   
  391     0.00013242   
  392     0.00002555   
  393     0.00000465   
  394     0.00000238   
  395     0.00000204   
  396     0.00002859   
  397     0.00009601   
  398     0.00007490   
  399     0.00012052   
  400     0.00005525   
  401     0.00022298   
  402     0.00052577   
  403     0.00046315   
  404     0.00020859   
  405     0.00007246   
  406     0.00020893   
  407     0.00015652   
  408     0.00008127   
  409     0.00012352   
  410     0.00006483   
  411     0.00042739   
  412     0.00006861   
  413     0.00012303   
  414     0.00004695   
  415     0.00000809   
  416     0.00003350   
  417     0.00005885   
  418     0.00018210   
  419     0.00009217   
  420     0.00021490   
  421     0.00021672   
  422     0.00033778   
  423     0.00032705   
  424     0.00027284   
  425     0.00019133   
  426     0.00029184   
  427     0.00006463   
  428     0.00028862   
  429     0.00021276   
  430     0.00001652   
  431     0.00001779   
  432     0.00002427   
  433     0.00026808   
  434     0.00007890   
  435     0.00006963   
  436     0.00088101   
  437     0.00115833   
  438     0.00104744   
  439     0.00028062   
  440     0.00046242   
  441     0.00018514   
  442     0.00017454   
  443     0.00007728   
  444     0.00012035   
  445     0.00008261   
  446     0.00007861   
  447     0.00004861   
  448     0.00008617   
  449     0.00008062   
  450     0.00004098   
  451     0.00002605   
  452     0.00011133   
  453     0.00007539   
  454     0.00071520   
  455     0.00070289   
  456     0.00215565   
  457     0.00092536   
  458     0.00035178   
  459     0.00027986   
  460     0.00005221   
  461     0.00000925   
  462     0.00009706   
  463     0.00000711   
  464     0.00001991   
  465     0.00001699   
  466     0.00001307   
  467     0.00001252   
  468     0.00001373   
  469     0.00000987   
  470     0.00005745   
  471     0.00008451   
  472     0.00009975   
  473     0.00019162   
  474     0.00055655   
  475     0.00016480   
  476     0.00006529   
  477     0.00005937   
  478     0.00006659   
  479     0.00010067   
  480     0.00016911   
  481     0.00015907   
  482     0.00011770   
  483     0.00023553   
  484     0.00008840   
  485     0.00021361   
  486     0.00042352   
  487     0.00008911   
  488     0.00006758   
  489     0.00012070   
  490     0.00006894   
  491     0.00000822   
  492     0.00001117   
  493     0.00000779   
  494     0.00000358   
  495     0.00001701   
  496     0.00000943   
  497     0.00014248   
  498     0.00009064   
  499     0.00036916   
  500     0.00013634   
  501     0.00008618   
  502     0.00003498   
  503     0.00017629   
  504     0.00026767   
  505     0.00003350   
  506     0.00041365   
  507     0.00007326   
  508     0.00002372   
  509     0.00000465   
  510     0.00001279   
  511     0.00003454   
  512     0.00008726   
  513     0.00000934   
  514     0.00002748   
  515     0.00005592   
  516     0.00003394   
  517     0.00002182   
  518     0.00003508   
  519     0.00005208   
  520     0.00002582   
  521     0.00001022   
  522     0.00000418   
  523     0.00004619   
  524     0.00001587   
  525     0.00001201   
  526     0.00002016   
  527     0.00008188   
  528     0.00008685   
  529     0.00019575   
  530     0.00008646   
  531     0.00003867   
  532     0.00006980   
  533     0.00010536   
  534     0.00005091   
  535     0.00010012   
  536     0.00012430   
  537     0.00002178   
  538     0.00006531   
  539     0.00009548   
  540     0.00011515   
  541     0.00002391   
  542     0.00008344   
  543     0.00005203   
  544     0.00001837   
  545     0.00001940   
  546     0.00009586   
  547     0.00002179   
  548     0.00001143   
  549     0.00003443   
  550     0.00002046   
  551     0.00000962   
  552     0.00000357   
  553     0.00000445   
  554     0.00000585   
  555     0.00000091   
  556     0.00000527   
  557     0.00001861   
  558     0.00000814   
  559     0.00000365   
  560     0.00000136   
  561     0.00002960   
  562     0.00002941   
  563     0.00001901   
  564     0.00000981   
  565     0.00001522   
  566     0.00002284   
  567     0.00005375   
  568     0.00002653   
  569     0.00001120   
  570     0.00004420   
  571     0.00008274   
  572     0.00002425   
  573     0.00003573   
  574     0.00005055   
  575     0.00008624   
  576     0.00022129   
  577     0.00001080   
  578     0.00008381   
  579     0.00027480   
  580     0.00006163   
  581     0.00019031   
  582     0.00002371   
  583     0.00004709   
  584     0.00004311   
  585     0.00011169   
  586     0.00001882   
  587     0.00001948   
  588     0.00010684   
  589     0.00003073   
  590     0.00001795   
  591     0.00004121   
  592     0.00002348   
  593     0.00000903   
  594     0.00003303   
  595     0.00000819   
  596     0.00000940   
  597     0.00001541   
  598     0.00002250   
  599     0.00002695   
  600     0.00000458   
  601     0.00002461   
  602     0.00001335   
  603     0.00001036   
  604     0.00001301   
  605     0.00000047   
   39     0.00012294   
   40     0.00087813   
   41     0.00025132   
   42     0.00120764   
   43     0.00140838   
   44     0.00140761   
   45     0.00091293   
   46     0.00387138   
   47     0.00166037   
   48     0.00225653   
   49     0.00193810   
   50     0.00082977   
   51     0.00294985   
   52     0.00164717   
   53     0.00124266   
   54     0.00126987   
   55     0.00155769   
   56     0.00047785   
   57     0.00112245   
   58     0.00064707   
   59     0.00014750   
   60     0.00017063   
   61     0.00055975   
   62     0.00034312   
   63     0.00018378   
   64     0.00041342   
   65     0.00024580   
   66     0.00080374   
   67     0.00090474   
   68     0.00067415   
   69     0.00122322   
   70     0.00258565   
   71     0.00107457   
   72     0.00215473   
   73     0.00255587   
   74     0.00140598   
   75     0.00082734   
   76     0.00078669   
   77     0.00053010   
   78     0.00140851   
   79     0.00119902   
   80     0.00086488   
   81     0.00042606   
   82     0.00138933   
   83     0.00149654   
   84     0.00064953   
   85     0.00089730   
   86     0.00087792   
   87     0.00105406   
   88     0.00113722   
   89     0.00047530   
   90     0.00033719   
   91     0.00238789   
   92     0.00131856   
   93     0.00228977   
   94     0.00195025   
   95     0.00144905   
   96     0.00764581   
   97     0.00172229   
   98     0.00305524   
   99     0.00260938   
  100     0.01881594   
  101     0.00779253   
  102     0.00132068   
  103     0.00159266   
  104     0.01308283   
  105     0.00763078   
  106     0.00718140   
  107     0.02344240   
  108     0.02648200   
  109     0.01428037   
  110     0.02097197   
  111     0.00056586   
  112     0.00024723   
  113     0.00105373   
  114     0.00025957   
  115     0.00035874   
  116     0.00148951   
  117     0.00037200   
  118     0.00105038   
  119     0.00176980   
  120     0.00724767   
  121     0.00032866   
  122     0.00160116   
  123     0.00220575   
  124     0.00196941   
  125     0.00028876   
  126     0.00042035   
  127     0.00206272   
  128     0.00090606   
  129     0.00015033   
  130     0.00057659   
  131     0.00281999   
  132     0.00031788   
  133     0.00184536   
  134     0.00050072   
  135     0.00033787   
  136     0.00035824   
  137     0.00140001   
  138     0.00090736   
  139     0.00097143   
  140     0.00033283   
  141     0.00252855   
  142     0.00098905   
  143     0.00161814   
  144     0.00062159   
  145     0.00070901   
  146     0.00036620   
  147     0.00009086   
  148     0.00025492   
  149     0.00165403   
  150     0.00168142   
  151     0.00181624   
  152     0.00301222   
  153     0.00093966   
  154     0.00166902   
  155     0.00263227   
  156     0.00164746   
  157     0.00717505   
  158     0.00408044   
  159     0.00089890   
  160     0.00069952   
  161     0.00021785   
  162     0.00075836   
  163     0.00018204   
  164     0.00023058   
  165     0.00058606   
  166     0.00030642   
  167     0.00028039   
  168     0.00068658   
  169     0.00036598   
  170     0.00124064   
  171     0.00206065   
  172     0.00144303   
  173     0.00247168   
  174     0.02010661   
  175     0.01499674   
  176     0.00596640   
  177     0.00074092   
  178     0.00053308   
  179     0.00032180   
  180     0.00038343   
  181     0.00089571   
  182     0.00069944   
  183     0.00161413   
  184     0.00100481   
  185     0.00281795   
  186     0.00613653   
  187     0.00126933   
  188     0.00073693   
  189     0.00240546   
  190     0.00322236   
  191     0.00758687   
  192     0.00119413   
  193     0.00075203   
  194     0.00015731   
  195     0.00022408   
  196     0.00007978   
  197     0.00011663   
   39     0.00012905   
   40     0.00109628   
   41     0.00014005   
   42     0.00051585   
   43     0.00120933   
   44     0.00158983   
   45     0.00070020   
   46     0.00131451   
   47     0.00201628   
   48     0.00091000   
   49     0.00166805   
   50     0.00125924   
   51     0.00158059   
   52     0.00121159   
   53     0.00082639   
   54     0.00145198   
   55     0.00089750   
   56     0.00076942   
   57     0.00040829   
   58     0.00058673   
   59     0.00070767   
   60     0.00051768   
   61     0.00067867   
   62     0.00088008   
   63     0.00067264   
   64     0.00112702   
   65     0.00150476   
   66     0.00201716   
   67     0.00081186   
   68     0.00222147   
   69     0.00051456   
   70     0.00148794   
   71     0.00109493   
   72     0.00131263   
   73     0.00054587   
   74     0.00110832   
   75     0.00107996   
   76     0.00032620   
   77     0.00144605   
   78     0.00074309   
   79     0.00219842   
   80     0.00095687   
   81     0.00196682   
   82     0.00095221   
   83     0.00238719   
   84     0.00061337   
   85     0.00071327   
   86     0.00139402   
   87     0.00186126   
   88     0.00223551   
   89     0.00332183   
   90     0.00101548   
   91     0.00261197   
   92     0.00139567   
   93     0.00617038   
   94     0.00100898   
   95     0.00169912   
   96     0.00805093   
   97     0.00135388   
   98     0.00131468   
   99     0.00239562   
  100     0.00616357   
  101     0.00430498   
  102     0.00162197   
  103     0.00143438   
  104     0.00569227   
  105     0.00278320   
  106     0.00332553   
  107     0.00261240   
  108     0.00435597   
  109     0.00453967   
  110     0.00187920   
  111     0.00179347   
  112     0.00043523   
  113     0.00610948   
  114     0.00038026   
  115     0.00061228   
  116     0.00288901   
  117     0.01116131   
  118     0.00029136   
  119     0.00739812   
  120     0.00510470   
  121     0.00082928   
  122     0.00272448   
  123     0.00428910   
  124     0.00212642   
  125     0.00089520   
  126     0.00196586   
  127     0.00287687   
  128     0.00231751   
  129     0.00076677   
  130     0.00082451   
  131     0.00387683   
  132     0.00076159   
  133     0.00133692   
  134     0.00104396   
  135     0.00061391   
  136     0.00155138   
  137     0.00291320   
  138     0.00023760   
  139     0.00156726   
  140     0.00079027   
  141     0.00018155   
  142     0.00019209   
  143     0.00023674   
  144     0.00004949   
  145     0.00000312   
  146     0.00000463   
  147     0.00001429   
  148     0.00000442   
  149     0.00003161   
  150     0.00002093   
  151     0.00007981   
  152     0.00011073   
  153     0.00006689   
  154     0.00042689   
  155     0.00030467   
  156     0.00007343   
  157     0.00003336   
  158     0.00005151   
  159     0.00006453   
  160     0.00005043   
  161     0.00011795   
  162     0.00002703   
  163     0.00000662   
  164     0.00000323   
  165     0.00000553   
  166     0.00000700   
  167     0.00000611   
  168     0.00000939   
  169     0.00000896   
  170     0.00005366   
  171     0.00005497   
  172     0.00002964   
  173     0.00009436   
  174     0.00004848   
  175     0.00016161   
  176     0.00209154   
  177     0.00195091   
  178     0.00059169   
  179     0.00015123   
  180     0.00033859   
  181     0.00003560   
  182     0.00002374   
  183     0.00001676   
  184     0.00017689   
  185     0.00359939   
  186     0.00637169   
  187     0.00114598   
  188     0.00071566   
  189     0.00041527   
  190     0.00019987   
  191     0.00013089   
  192     0.00008767   
  193     0.00002878   
  194     0.00002634   
  195     0.00001181   
  196     0.00001183   
  197     0.00009132   
