    1     0.00000429   
    2     0.00005954   
    3     0.00003831   
    4     0.00013898   
    5     0.00021836   
    6     0.00006324   
    7     0.00009247   
    8     0.00010901   
    9     0.00029662   
   10     0.00052139   
   11     0.00083766   
   12     0.00034089   
   13     0.00032073   
   14     0.00041254   
   15     0.00035129   
   16     0.00032227   
   17     0.00019122   
   18     0.00031143   
   19     0.00040105   
   20     0.00016002   
   21     0.00006386   
   22     0.00011392   
   23     0.00011948   
   24     0.00033953   
   25     0.00006615   
   26     0.00020623   
   27     0.00081147   
   28     0.00026578   
   29     0.00036391   
   30     0.00024726   
   31     0.00269934   
   32     0.00038399   
   33     0.00053596   
   34     0.00010220   
   35     0.00029953   
   36     0.00094643   
   37     0.00099770   
   38     0.00037079   
   39     0.00063532   
   40     0.00080288   
   41     0.00035096   
   42     0.00121888   
   43     0.00117415   
   44     0.00068926   
   45     0.00012501   
   46     0.00034691   
   47     0.00021142   
   48     0.00097661   
   49     0.00028155   
   50     0.00113937   
   51     0.00174024   
   52     0.00163402   
   53     0.00091149   
   54     0.00051206   
   55     0.00107496   
   56     0.00048872   
   57     0.00307214   
   58     0.00103895   
   59     0.00293697   
   60     0.00141107   
   61     0.00234824   
   62     0.00313111   
   63     0.00061870   
   64     0.00055306   
   65     0.00120658   
   66     0.00214855   
   67     0.00117626   
   68     0.00111398   
   69     0.00037884   
   70     0.00136187   
   71     0.00285736   
   72     0.00129893   
   73     0.00052936   
   74     0.00187429   
   75     0.00308908   
   76     0.00077351   
   77     0.00046442   
   78     0.00126334   
   79     0.00075548   
   80     0.00038510   
   81     0.00755009   
   82     0.00135568   
   83     0.00052617   
   84     0.00034668   
   85     0.00035953   
   86     0.00102179   
   87     0.00044433   
   88     0.00036841   
   89     0.00210577   
   90     0.00165254   
   91     0.00113873   
   92     0.00112396   
   93     0.00095823   
   94     0.00040612   
   95     0.00037411   
   96     0.00110898   
   97     0.00050561   
   98     0.00041142   
   99     0.00107556   
  100     0.00071970   
  101     0.00022009   
  102     0.00031375   
  103     0.00047029   
  104     0.00057393   
  105     0.00154015   
  106     0.00058226   
  107     0.00027079   
  108     0.00054265   
  109     0.00025805   
  110     0.00141434   
  111     0.00241694   
  112     0.00071193   
  113     0.00096915   
  114     0.00076977   
  115     0.00167945   
  116     0.00031126   
  117     0.00012186   
  118     0.00100963   
  119     0.00071872   
  120     0.00017239   
  121     0.00006796   
  122     0.00039622   
  123     0.00013190   
  124     0.00010418   
  125     0.00014271   
  126     0.00023231   
  127     0.00089768   
  128     0.00019745   
  129     0.00016123   
  130     0.00303709   
  131     0.00043917   
  132     0.00021272   
  133     0.00012088   
  134     0.00003171   
  135     0.00027962   
  136     0.00006078   
  137     0.00005682   
  138     0.00005447   
  139     0.00013442   
  140     0.00006850   
  141     0.00012040   
  142     0.00033352   
  143     0.00034344   
  144     0.00056704   
  145     0.00040042   
  146     0.00064698   
  147     0.00008842   
  148     0.00013400   
  149     0.00040864   
  150     0.00053698   
  151     0.00015791   
  152     0.00017927   
  153     0.00110820   
  154     0.00033022   
  155     0.00012546   
  156     0.00010577   
  157     0.00004129   
  158     0.00008527   
  159     0.00000928   
  160     0.00005136   
  161     0.00006937   
  162     0.00001418   
  163     0.00006331   
  164     0.00003838   
  165     0.00004228   
  166     0.00007592   
  167     0.00016915   
  168     0.00014787   
  169     0.00025426   
  170     0.00012798   
  171     0.00008032   
  172     0.00014378   
  173     0.00009580   
  174     0.00006517   
  175     0.00013355   
  176     0.00027155   
  177     0.00007060   
  178     0.00006648   
  179     0.00038226   
  180     0.00045525   
  181     0.00051751   
  182     0.00029218   
  183     0.00168041   
  184     0.00015052   
  185     0.00009817   
  186     0.00023804   
  187     0.00004951   
  188     0.00014000   
  189     0.00031646   
  190     0.00016065   
  191     0.00023388   
  192     0.00010235   
  193     0.00007598   
  194     0.00010482   
  195     0.00038476   
  196     0.00031226   
  197     0.00039302   
  198     0.00047339   
  199     0.00069771   
  200     0.00043886   
  201     0.00014192   
  202     0.00006073   
  203     0.00016979   
  204     0.00034906   
  205     0.00033960   
  206     0.00057829   
  207     0.00014722   
  208     0.00111045   
  209     0.00031616   
  210     0.00026427   
  211     0.00092753   
  212     0.00042817   
  213     0.00128096   
  214     0.00039343   
  215     0.00037542   
  216     0.00037558   
  217     0.00025874   
  218     0.00044361   
  219     0.00015568   
  220     0.00033373   
  221     0.00065359   
  222     0.00015685   
  223     0.00042616   
  224     0.00070658   
  225     0.00752635   
  226     0.00155760   
  227     0.00149530   
  228     0.00056799   
  229     0.00082488   
  230     0.00020564   
  231     0.00011950   
  232     0.00045092   
  233     0.00020715   
  234     0.00006844   
  235     0.00017010   
  236     0.00024353   
  237     0.00018616   
  238     0.00027118   
  239     0.00016463   
  240     0.00029481   
  241     0.00011738   
  242     0.00002939   
  243     0.00009685   
  244     0.00010430   
  245     0.00001080   
  246     0.00001776   
  247     0.00004514   
  248     0.00014749   
  249     0.00001218   
  250     0.00020548   
  251     0.00002914   
  252     0.00012843   
  253     0.00017387   
  254     0.00003201   
  255     0.00020262   
  256     0.00076509   
  257     0.00165079   
  258     0.00069781   
  259     0.00018257   
  260     0.00043010   
  261     0.00034052   
  262     0.00040652   
  263     0.00054433   
  264     0.00003239   
  265     0.00024392   
  266     0.00029683   
  267     0.00059288   
  268     0.00081646   
  269     0.00052956   
  270     0.00070604   
  271     0.00437003   
  272     0.00026242   
  273     0.00009961   
  274     0.00160249   
  275     0.00080270   
  276     0.00006080   
  277     0.00007078   
  278     0.00010264   
  279     0.00032216   
  280     0.00031697   
  281     0.00052297   
  282     0.00068770   
  283     0.00097147   
  284     0.00264169   
  285     0.00137075   
  286     0.00096432   
  287     0.00302369   
  288     0.00062830   
  289     0.00149219   
  290     0.00012058   
  291     0.00021031   
  292     0.00036282   
  293     0.00039639   
  294     0.00067581   
  295     0.00062531   
  296     0.00015333   
  297     0.00030756   
  298     0.00043993   
  299     0.00037765   
  300     0.00051312   
  301     0.00008524   
  302     0.00026237   
  303     0.00006319   
  304     0.00011387   
  305     0.00009226   
  306     0.00015109   
  307     0.00003088   
  308     0.00012786   
  309     0.00025097   
  310     0.00026661   
  311     0.00008110   
  312     0.00029715   
  313     0.00064274   
  314     0.00053411   
  315     0.00013563   
  316     0.00041951   
  317     0.00067729   
  318     0.00020526   
  319     0.00061785   
  320     0.00008528   
  321     0.00030368   
  322     0.00024094   
  323     0.00019058   
  324     0.00029899   
  325     0.00002086   
  326     0.00013221   
  327     0.00004937   
  328     0.00004004   
  329     0.00011972   
  330     0.00038434   
  331     0.00033885   
  332     0.00005915   
  333     0.00008001   
  334     0.00019505   
  335     0.00002273   
  336     0.00014981   
  337     0.00012523   
  338     0.00028729   
  339     0.00028453   
  340     0.00015520   
  341     0.00024098   
  342     0.00066353   
  343     0.00181721   
  344     0.00018006   
  345     0.00052098   
  346     0.00250938   
  347     0.00226877   
  348     0.00233638   
  349     0.00041754   
  350     0.00102267   
  351     0.00093961   
  352     0.00031962   
  353     0.00052477   
  354     0.00032987   
  355     0.00022445   
  356     0.00041986   
  357     0.00042429   
  358     0.00007589   
  359     0.00008350   
  360     0.00024752   
  361     0.00039394   
  362     0.00022289   
  363     0.00028069   
  364     0.00011368   
  365     0.00009824   
  366     0.00019758   
  367     0.00023681   
  368     0.00042091   
  369     0.00020890   
  370     0.00017207   
  371     0.00019824   
  372     0.00014465   
  373     0.00033758   
  374     0.00002506   
  375     0.00007436   
  376     0.00008149   
  377     0.00028317   
  378     0.00019195   
  379     0.00003307   
  380     0.00015648   
  381     0.00018719   
  382     0.00049202   
  383     0.00048462   
  384     0.00010634   
  385     0.00024897   
  386     0.00031312   
  387     0.00037054   
  388     0.00001897   
  389     0.00015232   
  390     0.00009503   
  391     0.00017023   
  392     0.00005803   
  393     0.00010008   
  394     0.00009752   
  395     0.00004645   
  396     0.00018104   
  397     0.00007718   
  398     0.00002727   
  399     0.00002542   
  400     0.00003462   
  401     0.00008473   
  402     0.00011845   
  403     0.00023861   
  404     0.00005945   
  405     0.00002756   
  406     0.00002771   
  407     0.00006208   
  408     0.00004356   
  409     0.00002768   
  410     0.00004233   
  411     0.00007786   
  412     0.00011583   
  413     0.00004623   
  414     0.00002456   
  415     0.00002991   
  416     0.00024319   
  417     0.00034856   
  418     0.00025174   
  419     0.00005824   
  420     0.00036263   
  421     0.00023700   
  422     0.00013693   
  423     0.00024704   
  424     0.00011734   
  425     0.00014895   
  426     0.00025825   
  427     0.00005928   
  428     0.00012898   
  429     0.00015238   
  430     0.00001583   
  431     0.00000875   
  432     0.00000600   
  433     0.00005702   
  434     0.00001242   
  435     0.00001281   
  436     0.00017635   
  437     0.00006292   
  438     0.00018889   
  439     0.00005332   
  440     0.00010712   
  441     0.00003417   
  442     0.00005860   
  443     0.00003602   
  444     0.00011741   
  445     0.00002266   
  446     0.00005731   
  447     0.00001821   
  448     0.00003669   
  449     0.00002285   
  450     0.00005521   
  451     0.00000248   
  452     0.00011142   
  453     0.00006792   
  454     0.00027966   
  455     0.00016325   
  456     0.00004317   
  457     0.00050910   
  458     0.00007972   
  459     0.00008093   
  460     0.00007131   
  461     0.00000830   
  462     0.00002403   
  463     0.00000065   
  464     0.00000324   
  465     0.00000412   
  466     0.00000483   
  467     0.00002289   
  468     0.00001503   
  469     0.00001034   
  470     0.00003751   
  471     0.00005868   
  472     0.00004982   
  473     0.00012857   
  474     0.00007838   
  475     0.00012129   
  476     0.00007483   
  477     0.00007240   
  478     0.00009046   
  479     0.00014589   
  480     0.00021214   
  481     0.00032231   
  482     0.00020705   
  483     0.00011930   
  484     0.00004999   
  485     0.00012217   
  486     0.00034627   
  487     0.00004218   
  488     0.00002281   
  489     0.00005241   
  490     0.00001245   
  491     0.00000607   
  492     0.00000263   
  493     0.00000182   
  494     0.00000195   
  495     0.00001235   
  496     0.00001274   
  497     0.00017261   
  498     0.00008419   
  499     0.00016345   
  500     0.00009578   
  501     0.00017541   
  502     0.00008741   
  503     0.00023045   
  504     0.00009394   
  505     0.00007210   
  506     0.00030431   
  507     0.00010373   
  508     0.00001858   
  509     0.00002558   
  510     0.00001555   
  511     0.00002435   
  512     0.00017924   
  513     0.00000682   
  514     0.00001871   
  515     0.00002602   
  516     0.00004245   
  517     0.00001982   
  518     0.00006029   
  519     0.00007708   
  520     0.00002869   
  521     0.00001199   
  522     0.00001080   
  523     0.00003234   
  524     0.00001778   
  525     0.00001928   
  526     0.00003752   
  527     0.00004792   
  528     0.00004728   
  529     0.00015020   
  530     0.00004193   
  531     0.00001729   
  532     0.00003046   
  533     0.00001348   
  534     0.00001765   
  535     0.00002168   
  536     0.00003713   
  537     0.00000510   
  538     0.00002799   
  539     0.00003161   
  540     0.00003127   
  541     0.00002151   
  542     0.00005233   
  543     0.00006149   
  544     0.00003018   
  545     0.00003097   
  546     0.00010362   
  547     0.00004835   
  548     0.00002040   
  549     0.00005580   
  550     0.00003336   
  551     0.00001383   
  552     0.00000554   
  553     0.00000817   
  554     0.00000586   
  555     0.00000079   
  556     0.00001195   
  557     0.00003254   
  558     0.00000358   
  559     0.00000346   
  560     0.00000276   
  561     0.00002711   
  562     0.00000537   
  563     0.00000840   
  564     0.00001094   
  565     0.00001521   
  566     0.00002349   
  567     0.00001626   
  568     0.00002202   
  569     0.00005700   
  570     0.00001221   
  571     0.00001509   
  572     0.00001779   
  573     0.00003920   
  574     0.00000939   
  575     0.00001491   
  576     0.00001826   
  577     0.00000407   
  578     0.00000863   
  579     0.00005507   
  580     0.00000304   
  581     0.00008898   
  582     0.00000313   
  583     0.00000838   
  584     0.00002309   
  585     0.00003147   
  586     0.00001117   
  587     0.00001709   
  588     0.00005056   
  589     0.00001017   
  590     0.00001681   
  591     0.00003555   
  592     0.00001698   
  593     0.00001060   
  594     0.00003430   
  595     0.00001299   
  596     0.00000848   
  597     0.00002063   
  598     0.00003400   
  599     0.00009312   
  600     0.00000338   
  601     0.00012018   
  602     0.00004046   
  603     0.00008390   
  604     0.00008061   
  605     0.00001973   
   39     0.00039738   
   40     0.00100443   
   41     0.00049830   
   42     0.00075032   
   43     0.00081279   
   44     0.00057429   
   45     0.00211426   
   46     0.00062300   
   47     0.00206295   
   48     0.00224210   
   49     0.00196429   
   50     0.00048684   
   51     0.00083665   
   52     0.00255884   
   53     0.00161902   
   54     0.00056649   
   55     0.00065118   
   56     0.00248822   
   57     0.00220858   
   58     0.00086085   
   59     0.00049266   
   60     0.00133060   
   61     0.00257400   
   62     0.00125028   
   63     0.00078830   
   64     0.00059811   
   65     0.00266809   
   66     0.00107093   
   67     0.00065512   
   68     0.00122266   
   69     0.00152428   
   70     0.00078867   
   71     0.00037319   
   72     0.00046350   
   73     0.00121206   
   74     0.00102257   
   75     0.00056446   
   76     0.00038272   
   77     0.00088447   
   78     0.00246165   
   79     0.00153376   
   80     0.00124781   
   81     0.00119331   
   82     0.00129634   
   83     0.00145543   
   84     0.00090162   
   85     0.00362180   
   86     0.00097241   
   87     0.00147495   
   88     0.00272249   
   89     0.00138433   
   90     0.00064413   
   91     0.00442383   
   92     0.00115722   
   93     0.00136208   
   94     0.00083144   
   95     0.00137081   
   96     0.00060524   
   97     0.00067052   
   98     0.00307503   
   99     0.00105315   
  100     0.00361817   
  101     0.00327928   
  102     0.00103676   
  103     0.00072601   
  104     0.00137772   
  105     0.00217216   
  106     0.00069763   
  107     0.00061540   
  108     0.00034801   
  109     0.00291274   
  110     0.00127965   
  111     0.00056808   
  112     0.00016328   
  113     0.00004119   
  114     0.00015956   
  115     0.00040211   
  116     0.00040162   
  117     0.00107132   
  118     0.00110196   
  119     0.00015494   
  120     0.00084723   
  121     0.00033291   
  122     0.00093337   
  123     0.00081605   
  124     0.00059623   
  125     0.00017749   
  126     0.00035693   
  127     0.00040426   
  128     0.00030289   
  129     0.00022504   
  130     0.00055168   
  131     0.00017001   
  132     0.00013726   
  133     0.00102227   
  134     0.00040091   
  135     0.00009422   
  136     0.00008100   
  137     0.00232869   
  138     0.00144940   
  139     0.00042459   
  140     0.00029514   
  141     0.00034436   
  142     0.00050805   
  143     0.00061365   
  144     0.00041575   
  145     0.00010039   
  146     0.00011339   
  147     0.00006476   
  148     0.00040528   
  149     0.00251045   
  150     0.00128143   
  151     0.00083297   
  152     0.00241003   
  153     0.00102348   
  154     0.00061090   
  155     0.00018222   
  156     0.00078202   
  157     0.00052342   
  158     0.00036044   
  159     0.00066355   
  160     0.00007589   
  161     0.00004083   
  162     0.00003095   
  163     0.00003519   
  164     0.00001364   
  165     0.00011392   
  166     0.00020979   
  167     0.00011954   
  168     0.00150048   
  169     0.00068417   
  170     0.00050605   
  171     0.00008937   
  172     0.00018649   
  173     0.00010547   
  174     0.00070088   
  175     0.00263196   
  176     0.00093264   
  177     0.00017906   
  178     0.00042149   
  179     0.00033297   
  180     0.00121524   
  181     0.00065413   
  182     0.00135421   
  183     0.00124815   
  184     0.00031821   
  185     0.00080417   
  186     0.00097442   
  187     0.00021929   
  188     0.00024702   
  189     0.00018452   
  190     0.00030616   
  191     0.00026995   
  192     0.00043815   
  193     0.00009138   
  194     0.00013106   
  195     0.00015066   
  196     0.00002408   
  197     0.00006149   
   39     0.00005762   
   40     0.00073839   
   41     0.00044727   
   42     0.00018065   
   43     0.00089131   
   44     0.00226290   
   45     0.00070598   
   46     0.00063579   
   47     0.00022130   
   48     0.00134882   
   49     0.00130214   
   50     0.00061981   
   51     0.00113893   
   52     0.00048720   
   53     0.00220086   
   54     0.00137399   
   55     0.00083734   
   56     0.00041112   
   57     0.00345362   
   58     0.00104006   
   59     0.00100528   
   60     0.00127188   
   61     0.00086777   
   62     0.00263423   
   63     0.00145070   
   64     0.00147748   
   65     0.00133977   
   66     0.00262689   
   67     0.00143410   
   68     0.00314893   
   69     0.00161318   
   70     0.00058210   
   71     0.00240751   
   72     0.00281874   
   73     0.00064046   
   74     0.00158803   
   75     0.00153052   
   76     0.00118455   
   77     0.00297430   
   78     0.00219773   
   79     0.00038803   
   80     0.00214666   
   81     0.00391016   
   82     0.00037961   
   83     0.00077074   
   84     0.00099037   
   85     0.00146782   
   86     0.00080156   
   87     0.00150203   
   88     0.00451799   
   89     0.00065135   
   90     0.00215375   
   91     0.00402348   
   92     0.00493919   
   93     0.00823365   
   94     0.00192271   
   95     0.00106327   
   96     0.00158817   
   97     0.00047820   
   98     0.00073181   
   99     0.00095770   
  100     0.00134796   
  101     0.00062459   
  102     0.00125620   
  103     0.00021928   
  104     0.00068684   
  105     0.00072218   
  106     0.00120576   
  107     0.00067000   
  108     0.00148501   
  109     0.00170143   
  110     0.00032500   
  111     0.00041083   
  112     0.00009403   
  113     0.00084391   
  114     0.00008207   
  115     0.00015584   
  116     0.00045256   
  117     0.00260851   
  118     0.00027605   
  119     0.00193642   
  120     0.00105578   
  121     0.00012653   
  122     0.00117675   
  123     0.00109189   
  124     0.00145675   
  125     0.00126754   
  126     0.00295700   
  127     0.00175378   
  128     0.00071727   
  129     0.00140976   
  130     0.00209067   
  131     0.00773978   
  132     0.00085657   
  133     0.00085022   
  134     0.00137966   
  135     0.00483414   
  136     0.00111584   
  137     0.01039264   
  138     0.00456887   
  139     0.00790889   
  140     0.00917102   
  141     0.00301838   
  142     0.00594457   
  143     0.00156455   
  144     0.00274265   
  145     0.00106129   
  146     0.00132672   
  147     0.00168294   
  148     0.00101961   
  149     0.00276640   
  150     0.00198901   
  151     0.00061347   
  152     0.00452985   
  153     0.00467111   
  154     0.00471606   
  155     0.00099141   
  156     0.00070078   
  157     0.00063120   
  158     0.00080323   
  159     0.00409321   
  160     0.00625177   
  161     0.05940905   
  162     0.09877797   
  163     0.00242176   
  164     0.00160518   
  165     0.00245048   
  166     0.00099623   
  167     0.00080979   
  168     0.00098872   
  169     0.00067367   
  170     0.00078910   
  171     0.01162402   
  172     0.00054070   
  173     0.00029261   
  174     0.00041914   
  175     0.00045871   
  176     0.00135638   
  177     0.00168647   
  178     0.00141527   
  179     0.00296452   
  180     0.00502563   
  181     0.00498622   
  182     0.00441283   
  183     0.00639021   
  184     0.00599270   
  185     0.01042839   
  186     0.00851874   
  187     0.00197190   
  188     0.00094560   
  189     0.00148818   
  190     0.00058998   
  191     0.00106353   
  192     0.00253285   
  193     0.00207076   
  194     0.00172763   
  195     0.02727692   
  196     0.01827593   
  197     0.15106299   
