    1     0.00003706   
    2     0.00006299   
    3     0.00018830   
    4     0.00023986   
    5     0.00072687   
    6     0.00013294   
    7     0.00005689   
    8     0.00005425   
    9     0.00011254   
   10     0.00014300   
   11     0.00005266   
   12     0.00026276   
   13     0.00052507   
   14     0.00024520   
   15     0.00046275   
   16     0.00048590   
   17     0.00071186   
   18     0.00052199   
   19     0.00091605   
   20     0.00406608   
   21     0.00001231   
   22     0.00006692   
   23     0.00013087   
   24     0.00028310   
   25     0.00011062   
   26     0.00106472   
   27     0.00175132   
   28     0.00153538   
   29     0.00207244   
   30     0.00188460   
   31     0.00286253   
   32     0.00527572   
   33     0.00040365   
   34     0.00125323   
   35     0.00125265   
   36     0.00061719   
   37     0.00005526   
   38     0.00009992   
   39     0.00027914   
   40     0.00053000   
   41     0.00034863   
   42     0.00015571   
   43     0.00003235   
   44     0.00001495   
   45     0.00000326   
   46     0.00001568   
   47     0.00004435   
   48     0.00018456   
   49     0.00034393   
   50     0.00047863   
   51     0.00114450   
   52     0.00038837   
   53     0.00057589   
   54     0.00040460   
   55     0.00037636   
   56     0.00022997   
   57     0.00080918   
   58     0.00071512   
   59     0.00095703   
   60     0.00352822   
   61     0.00100140   
   62     0.00152368   
   63     0.00016836   
   64     0.00013179   
   65     0.00033677   
   66     0.00056158   
   67     0.00008977   
   68     0.00017369   
   69     0.00022456   
   70     0.00067409   
   71     0.00083665   
   72     0.00004065   
   73     0.00014494   
   74     0.00046006   
   75     0.00018589   
   76     0.00000356   
   77     0.00002560   
   78     0.00002219   
   79     0.00001370   
   80     0.00000197   
   81     0.00029971   
   82     0.00006536   
   83     0.00000797   
   84     0.00000655   
   85     0.00002323   
   86     0.00003239   
   87     0.00000309   
   88     0.00000613   
   89     0.00003161   
   90     0.00017039   
   91     0.00012012   
   92     0.00020136   
   93     0.00009140   
   94     0.00000739   
   95     0.00001889   
   96     0.00005308   
   97     0.00000654   
   98     0.00000546   
   99     0.00001161   
  100     0.00004593   
  101     0.00010870   
  102     0.00011678   
  103     0.00015665   
  104     0.00002729   
  105     0.00013830   
  106     0.00001818   
  107     0.00001580   
  108     0.00001241   
  109     0.00001351   
  110     0.00014596   
  111     0.00025676   
  112     0.00013909   
  113     0.00016648   
  114     0.00013214   
  115     0.00038841   
  116     0.00009063   
  117     0.00008172   
  118     0.00046459   
  119     0.00044526   
  120     0.00016050   
  121     0.00018081   
  122     0.00109827   
  123     0.00070881   
  124     0.00066312   
  125     0.00019781   
  126     0.00132164   
  127     0.00202778   
  128     0.00040678   
  129     0.00014725   
  130     0.00359838   
  131     0.00561878   
  132     0.00150976   
  133     0.00038254   
  134     0.00067538   
  135     0.00253616   
  136     0.00082614   
  137     0.00037976   
  138     0.00012312   
  139     0.00041859   
  140     0.00013383   
  141     0.00029350   
  142     0.00062088   
  143     0.00135500   
  144     0.00211790   
  145     0.00058370   
  146     0.00041694   
  147     0.00018435   
  148     0.00009538   
  149     0.00008061   
  150     0.00078486   
  151     0.00026151   
  152     0.00008638   
  153     0.00019223   
  154     0.00032784   
  155     0.00037611   
  156     0.00017088   
  157     0.00010982   
  158     0.00012489   
  159     0.00010228   
  160     0.00010187   
  161     0.00026365   
  162     0.00045379   
  163     0.00062960   
  164     0.00036536   
  165     0.00015599   
  166     0.00016167   
  167     0.00038225   
  168     0.00043610   
  169     0.00201034   
  170     0.00105168   
  171     0.00036519   
  172     0.00079640   
  173     0.00118698   
  174     0.00093195   
  175     0.00016632   
  176     0.00025043   
  177     0.00095834   
  178     0.00107886   
  179     0.00065802   
  180     0.00064706   
  181     0.00040501   
  182     0.00077506   
  183     0.00199175   
  184     0.00003542   
  185     0.00011240   
  186     0.00029505   
  187     0.00006912   
  188     0.00015949   
  189     0.00007646   
  190     0.00005417   
  191     0.00003012   
  192     0.00009592   
  193     0.00023682   
  194     0.00024407   
  195     0.00019069   
  196     0.00028935   
  197     0.00042590   
  198     0.00053338   
  199     0.00045580   
  200     0.00027063   
  201     0.00061746   
  202     0.00021620   
  203     0.00035119   
  204     0.00016073   
  205     0.00024451   
  206     0.00032652   
  207     0.00025412   
  208     0.00037881   
  209     0.00032515   
  210     0.00018489   
  211     0.00029850   
  212     0.00015397   
  213     0.00065563   
  214     0.00030929   
  215     0.00043809   
  216     0.00137850   
  217     0.00115774   
  218     0.00089192   
  219     0.00026231   
  220     0.00026144   
  221     0.00076596   
  222     0.00028409   
  223     0.00053389   
  224     0.00073047   
  225     0.00040348   
  226     0.00034561   
  227     0.00091722   
  228     0.00044397   
  229     0.00021448   
  230     0.00026973   
  231     0.00029546   
  232     0.00078503   
  233     0.00017518   
  234     0.00059343   
  235     0.00036807   
  236     0.00011766   
  237     0.00036158   
  238     0.00075808   
  239     0.00043261   
  240     0.00038938   
  241     0.00049815   
  242     0.00044313   
  243     0.00017000   
  244     0.00299184   
  245     0.00038602   
  246     0.00033408   
  247     0.00082273   
  248     0.00163179   
  249     0.00017606   
  250     0.00074476   
  251     0.00018000   
  252     0.00105601   
  253     0.00043394   
  254     0.00011779   
  255     0.00036271   
  256     0.00102180   
  257     0.00203234   
  258     0.00050411   
  259     0.00021817   
  260     0.00035382   
  261     0.00044083   
  262     0.00056768   
  263     0.00032337   
  264     0.00006234   
  265     0.00085463   
  266     0.00014286   
  267     0.00022668   
  268     0.00071828   
  269     0.00120267   
  270     0.00043425   
  271     0.00300843   
  272     0.00060583   
  273     0.00021296   
  274     0.00170545   
  275     0.00075356   
  276     0.00035211   
  277     0.00008902   
  278     0.00024183   
  279     0.00126021   
  280     0.00052776   
  281     0.00083458   
  282     0.00048627   
  283     0.00144604   
  284     0.00199056   
  285     0.00126337   
  286     0.00119024   
  287     0.00058261   
  288     0.00001043   
  289     0.00004110   
  290     0.00000499   
  291     0.00000098   
  292     0.00001224   
  293     0.00008231   
  294     0.00093494   
  295     0.00347803   
  296     0.00377786   
  297     0.00057889   
  298     0.00174421   
  299     0.00011743   
  300     0.00016127   
  301     0.00005256   
  302     0.00025613   
  303     0.00007351   
  304     0.00002772   
  305     0.00014746   
  306     0.00065766   
  307     0.00015449   
  308     0.00046777   
  309     0.00021724   
  310     0.00069983   
  311     0.00025710   
  312     0.00045596   
  313     0.00156152   
  314     0.00069957   
  315     0.00022891   
  316     0.00036696   
  317     0.00033768   
  318     0.00015458   
  319     0.00046487   
  320     0.00019841   
  321     0.00024331   
  322     0.00022666   
  323     0.00022870   
  324     0.00016623   
  325     0.00004268   
  326     0.00004173   
  327     0.00012745   
  328     0.00004855   
  329     0.00010083   
  330     0.00031104   
  331     0.00054329   
  332     0.00004866   
  333     0.00009545   
  334     0.00021782   
  335     0.00003188   
  336     0.00009904   
  337     0.00017545   
  338     0.00012153   
  339     0.00035346   
  340     0.00012739   
  341     0.00028008   
  342     0.00169917   
  343     0.00076821   
  344     0.00045146   
  345     0.00178783   
  346     0.00159010   
  347     0.00259251   
  348     0.00345394   
  349     0.00092056   
  350     0.00112736   
  351     0.00096033   
  352     0.00055758   
  353     0.00124491   
  354     0.00029197   
  355     0.00017507   
  356     0.00033467   
  357     0.00047968   
  358     0.00005977   
  359     0.00014405   
  360     0.00032507   
  361     0.00083317   
  362     0.00039886   
  363     0.00066663   
  364     0.00046339   
  365     0.00062341   
  366     0.00088983   
  367     0.00077652   
  368     0.00092518   
  369     0.00150600   
  370     0.00096856   
  371     0.00027832   
  372     0.00052491   
  373     0.00184012   
  374     0.00065832   
  375     0.00095624   
  376     0.00048304   
  377     0.00162427   
  378     0.00106712   
  379     0.00014040   
  380     0.00018930   
  381     0.00029030   
  382     0.00066078   
  383     0.00063769   
  384     0.00044136   
  385     0.00085393   
  386     0.00187443   
  387     0.00051565   
  388     0.00007403   
  389     0.00005132   
  390     0.00021240   
  391     0.00111960   
  392     0.00061592   
  393     0.00066544   
  394     0.00014971   
  395     0.00018624   
  396     0.00233368   
  397     0.00094978   
  398     0.00059605   
  399     0.00060426   
  400     0.00050958   
  401     0.00123891   
  402     0.00701829   
  403     0.00426774   
  404     0.00436294   
  405     0.00176805   
  406     0.00526707   
  407     0.00374930   
  408     0.00276122   
  409     0.00453007   
  410     0.00198315   
  411     0.00423181   
  412     0.00198335   
  413     0.00183035   
  414     0.00240241   
  415     0.00072336   
  416     0.00309852   
  417     0.00347151   
  418     0.00107009   
  419     0.00033360   
  420     0.00259335   
  421     0.00023029   
  422     0.00224273   
  423     0.00033576   
  424     0.00122086   
  425     0.00040606   
  426     0.00218623   
  427     0.00011106   
  428     0.00064329   
  429     0.00190622   
  430     0.00012243   
  431     0.00018374   
  432     0.00009441   
  433     0.00091879   
  434     0.00023338   
  435     0.00022872   
  436     0.00152193   
  437     0.00477093   
  438     0.00515439   
  439     0.00299890   
  440     0.00133362   
  441     0.00135017   
  442     0.00285631   
  443     0.00148852   
  444     0.00482452   
  445     0.00277949   
  446     0.00439926   
  447     0.00455010   
  448     0.00219779   
  449     0.00354170   
  450     0.00060520   
  451     0.00052837   
  452     0.00309861   
  453     0.00361201   
  454     0.00592347   
  455     0.00532675   
  456     0.00190016   
  457     0.00158904   
  458     0.00071665   
  459     0.00069367   
  460     0.00005098   
  461     0.00001667   
  462     0.00013352   
  463     0.00003824   
  464     0.00007884   
  465     0.00009232   
  466     0.00007102   
  467     0.00004109   
  468     0.00021812   
  469     0.00002084   
  470     0.00012809   
  471     0.00033451   
  472     0.00050618   
  473     0.00030619   
  474     0.00119592   
  475     0.00017333   
  476     0.00113328   
  477     0.00059521   
  478     0.00057538   
  479     0.00070613   
  480     0.00030018   
  481     0.00167964   
  482     0.00366621   
  483     0.00091857   
  484     0.00065633   
  485     0.00043801   
  486     0.00029563   
  487     0.00023778   
  488     0.00015296   
  489     0.00015112   
  490     0.00008136   
  491     0.00002543   
  492     0.00005019   
  493     0.00002581   
  494     0.00000594   
  495     0.00002398   
  496     0.00004177   
  497     0.00011142   
  498     0.00026060   
  499     0.00015067   
  500     0.00013267   
  501     0.00141286   
  502     0.00046429   
  503     0.00237809   
  504     0.00028280   
  505     0.00049936   
  506     0.00368721   
  507     0.00094273   
  508     0.00022856   
  509     0.00017277   
  510     0.00030814   
  511     0.00066444   
  512     0.00297603   
  513     0.00012289   
  514     0.00026587   
  515     0.00039542   
  516     0.00065928   
  517     0.00021176   
  518     0.00034262   
  519     0.00121117   
  520     0.00019114   
  521     0.00011491   
  522     0.00032071   
  523     0.00078816   
  524     0.00031181   
  525     0.00025872   
  526     0.00172785   
  527     0.00228050   
  528     0.00099884   
  529     0.01056225   
  530     0.00365471   
  531     0.00085525   
  532     0.00160450   
  533     0.00201998   
  534     0.00271363   
  535     0.00392365   
  536     0.00389240   
  537     0.00223499   
  538     0.00340448   
  539     0.00290115   
  540     0.00335350   
  541     0.00112675   
  542     0.00331847   
  543     0.00163620   
  544     0.00051997   
  545     0.00095639   
  546     0.00401405   
  547     0.00056334   
  548     0.00021433   
  549     0.00150139   
  550     0.00076243   
  551     0.00024169   
  552     0.00008879   
  553     0.00018309   
  554     0.00019712   
  555     0.00002218   
  556     0.00013594   
  557     0.00054264   
  558     0.00024568   
  559     0.00009891   
  560     0.00003849   
  561     0.00074096   
  562     0.00093432   
  563     0.00051937   
  564     0.00029100   
  565     0.00052159   
  566     0.00060105   
  567     0.00163322   
  568     0.00081598   
  569     0.00035452   
  570     0.00122163   
  571     0.00259894   
  572     0.00076692   
  573     0.00106820   
  574     0.00144013   
  575     0.00268370   
  576     0.00609202   
  577     0.00046606   
  578     0.00253776   
  579     0.01133482   
  580     0.00202699   
  581     0.00272180   
  582     0.00050707   
  583     0.00135789   
  584     0.00130447   
  585     0.00306600   
  586     0.00048270   
  587     0.00065984   
  588     0.00348226   
  589     0.00070332   
  590     0.00049593   
  591     0.00150555   
  592     0.00080839   
  593     0.00030346   
  594     0.00087384   
  595     0.00022341   
  596     0.00028682   
  597     0.00041413   
  598     0.00085910   
  599     0.00092261   
  600     0.00015425   
  601     0.00064935   
  602     0.00055315   
  603     0.00029012   
  604     0.00040844   
  605     0.00005535   
   39     0.00020284   
   40     0.00066794   
   41     0.00075571   
   42     0.00292679   
   43     0.00110320   
   44     0.00086650   
   45     0.00104658   
   46     0.00418759   
   47     0.00302968   
   48     0.00239639   
   49     0.00184263   
   50     0.00180390   
   51     0.00307224   
   52     0.00419555   
   53     0.00167666   
   54     0.00217207   
   55     0.00414121   
   56     0.00195744   
   57     0.00157410   
   58     0.00230049   
   59     0.00195643   
   60     0.00096440   
   61     0.00136288   
   62     0.00154938   
   63     0.00087866   
   64     0.00039110   
   65     0.00104721   
   66     0.00052977   
   67     0.00046144   
   68     0.00052520   
   69     0.00077783   
   70     0.00145814   
   71     0.00320867   
   72     0.00583222   
   73     0.00172199   
   74     0.00175035   
   75     0.00784089   
   76     0.00375984   
   77     0.00046729   
   78     0.00389181   
   79     0.00127273   
   80     0.00362057   
   81     0.00167236   
   82     0.00099278   
   83     0.00051351   
   84     0.00581005   
   85     0.00304123   
   86     0.00106574   
   87     0.00243454   
   88     0.00106218   
   89     0.00132899   
   90     0.00044096   
   91     0.00212005   
   92     0.00122026   
   93     0.00110143   
   94     0.00127844   
   95     0.00037133   
   96     0.00081952   
   97     0.00018595   
   98     0.00037888   
   99     0.00153859   
  100     0.00135706   
  101     0.00120327   
  102     0.00071599   
  103     0.00089013   
  104     0.00339129   
  105     0.00035703   
  106     0.00051290   
  107     0.00016930   
  108     0.00130479   
  109     0.00020980   
  110     0.00035146   
  111     0.00006424   
  112     0.00000347   
  113     0.00000914   
  114     0.00001088   
  115     0.00002021   
  116     0.00020712   
  117     0.00041263   
  118     0.00053786   
  119     0.00012277   
  120     0.00050239   
  121     0.00057257   
  122     0.00082999   
  123     0.00013266   
  124     0.00014103   
  125     0.00075722   
  126     0.00192074   
  127     0.00087965   
  128     0.00028874   
  129     0.00249618   
  130     0.00175719   
  131     0.00662526   
  132     0.00245719   
  133     0.00254078   
  134     0.00158472   
  135     0.00119126   
  136     0.00047354   
  137     0.00310541   
  138     0.00190159   
  139     0.00474927   
  140     0.00234341   
  141     0.00481196   
  142     0.00159931   
  143     0.00080311   
  144     0.00049840   
  145     0.00054548   
  146     0.00034744   
  147     0.00020243   
  148     0.00036817   
  149     0.00159484   
  150     0.00044783   
  151     0.00093973   
  152     0.00078096   
  153     0.00029056   
  154     0.00024092   
  155     0.00033041   
  156     0.00056355   
  157     0.00034091   
  158     0.00077892   
  159     0.00169608   
  160     0.00052019   
  161     0.00024342   
  162     0.00048909   
  163     0.00012104   
  164     0.00015178   
  165     0.00052498   
  166     0.00041914   
  167     0.00022336   
  168     0.00073327   
  169     0.00029423   
  170     0.00045751   
  171     0.00120406   
  172     0.00049357   
  173     0.00096152   
  174     0.00038916   
  175     0.00336844   
  176     0.00266545   
  177     0.00122280   
  178     0.00124351   
  179     0.00429856   
  180     0.00174655   
  181     0.00082665   
  182     0.00553521   
  183     0.00285212   
  184     0.00224815   
  185     0.00587911   
  186     0.00055847   
  187     0.00029544   
  188     0.00035038   
  189     0.00014698   
  190     0.00030630   
  191     0.00145673   
  192     0.00166558   
  193     0.00030470   
  194     0.00011572   
  195     0.00018894   
  196     0.00006394   
  197     0.00007913   
   39     0.00005924   
   40     0.00072182   
   41     0.00045495   
   42     0.00028702   
   43     0.00117509   
   44     0.00235618   
   45     0.00053361   
   46     0.00211612   
   47     0.00158933   
   48     0.00276611   
   49     0.00139483   
   50     0.00358168   
   51     0.00292152   
   52     0.00238194   
   53     0.00234014   
   54     0.00373545   
   55     0.00402662   
   56     0.00183927   
   57     0.00303377   
   58     0.00188700   
   59     0.00237900   
   60     0.00205259   
   61     0.00158736   
   62     0.00147630   
   63     0.00137820   
   64     0.00150845   
   65     0.00115371   
   66     0.00196706   
   67     0.00109921   
   68     0.00173062   
   69     0.00192870   
   70     0.00227326   
   71     0.00075060   
   72     0.00209535   
   73     0.00268357   
   74     0.00230904   
   75     0.00096694   
   76     0.00129923   
   77     0.00261573   
   78     0.00254509   
   79     0.00101467   
   80     0.00132736   
   81     0.00237068   
   82     0.00187956   
   83     0.00329135   
   84     0.00085116   
   85     0.00129329   
   86     0.00171596   
   87     0.00508952   
   88     0.00391434   
   89     0.00417484   
   90     0.00188921   
   91     0.00139185   
   92     0.00155991   
   93     0.00466329   
   94     0.00165872   
   95     0.00231628   
   96     0.01564309   
   97     0.00031163   
   98     0.00288136   
   99     0.00119195   
  100     0.00534117   
  101     0.00064001   
  102     0.00091360   
  103     0.00016618   
  104     0.00042085   
  105     0.00043471   
  106     0.00087735   
  107     0.00017704   
  108     0.00067876   
  109     0.00060112   
  110     0.00027807   
  111     0.00008596   
  112     0.00008812   
  113     0.00004704   
  114     0.00002650   
  115     0.00003373   
  116     0.00029173   
  117     0.00015518   
  118     0.00027044   
  119     0.00041949   
  120     0.00028180   
  121     0.00024285   
  122     0.00015656   
  123     0.00046131   
  124     0.00063968   
  125     0.00018943   
  126     0.00007640   
  127     0.00039232   
  128     0.00018190   
  129     0.00032519   
  130     0.00019398   
  131     0.00035293   
  132     0.00034966   
  133     0.00025842   
  134     0.00067683   
  135     0.00184524   
  136     0.00150574   
  137     0.00387900   
  138     0.00260138   
  139     0.00122483   
  140     0.00160248   
  141     0.00274976   
  142     0.00280622   
  143     0.00359196   
  144     0.00083264   
  145     0.00012592   
  146     0.00009844   
  147     0.00043347   
  148     0.00011789   
  149     0.00038022   
  150     0.00076921   
  151     0.00079875   
  152     0.00401913   
  153     0.00391964   
  154     0.00072788   
  155     0.00137124   
  156     0.00067251   
  157     0.00017042   
  158     0.00029545   
  159     0.00025319   
  160     0.00021857   
  161     0.00010234   
  162     0.00016365   
  163     0.00005256   
  164     0.00005185   
  165     0.00007954   
  166     0.00005885   
  167     0.00005360   
  168     0.00015191   
  169     0.00007348   
  170     0.00010339   
  171     0.00026791   
  172     0.00051711   
  173     0.00054586   
  174     0.00080190   
  175     0.00546090   
  176     0.00315093   
  177     0.00323621   
  178     0.00109330   
  179     0.00313282   
  180     0.00269994   
  181     0.00069341   
  182     0.00016333   
  183     0.00089200   
  184     0.00515869   
  185     0.00671264   
  186     0.01701821   
  187     0.00304111   
  188     0.00086513   
  189     0.00194434   
  190     0.00096855   
  191     0.00042676   
  192     0.00031772   
  193     0.00005928   
  194     0.00007483   
  195     0.00004739   
  196     0.00002054   
  197     0.00008292   
