    1     0.00082623   
    2     0.00041381   
    3     0.00067445   
    4     0.00161006   
    5     0.00119080   
    6     0.00018673   
    7     0.00026932   
    8     0.00054200   
    9     0.00072975   
   10     0.00159520   
   11     0.00221823   
   12     0.00070075   
   13     0.00109226   
   14     0.00040296   
   15     0.00022949   
   16     0.00025880   
   17     0.00011457   
   18     0.00045987   
   19     0.00046378   
   20     0.00127976   
   21     0.00017704   
   22     0.00028674   
   23     0.00006135   
   24     0.00016052   
   25     0.00047692   
   26     0.00009629   
   27     0.00039109   
   28     0.00022251   
   29     0.00046489   
   30     0.00059275   
   31     0.00081120   
   32     0.00050883   
   33     0.00017374   
   34     0.00004792   
   35     0.00014338   
   36     0.00042253   
   37     0.00033426   
   38     0.00099232   
   39     0.00083568   
   40     0.00074162   
   41     0.00020456   
   42     0.00030144   
   43     0.00005189   
   44     0.00017054   
   45     0.00002522   
   46     0.00006916   
   47     0.00005060   
   48     0.00008656   
   49     0.00029100   
   50     0.00027614   
   51     0.00033545   
   52     0.00055235   
   53     0.00079969   
   54     0.00052068   
   55     0.00065803   
   56     0.00050563   
   57     0.00115648   
   58     0.00101136   
   59     0.00095284   
   60     0.00182625   
   61     0.00113312   
   62     0.00210697   
   63     0.00079116   
   64     0.00060246   
   65     0.00057508   
   66     0.00120953   
   67     0.00061017   
   68     0.00111523   
   69     0.00111533   
   70     0.00171116   
   71     0.00041649   
   72     0.00170540   
   73     0.00096835   
   74     0.00038618   
   75     0.00079248   
   76     0.00023075   
   77     0.00017730   
   78     0.00008755   
   79     0.00005475   
   80     0.00006838   
   81     0.00064881   
   82     0.00075782   
   83     0.00032726   
   84     0.00065674   
   85     0.00226318   
   86     0.00117882   
   87     0.00087605   
   88     0.00062285   
   89     0.00249698   
   90     0.00096939   
   91     0.00045466   
   92     0.00075378   
   93     0.00042806   
   94     0.00029938   
   95     0.00038117   
   96     0.00025759   
   97     0.00024025   
   98     0.00012121   
   99     0.00009648   
  100     0.00035850   
  101     0.00023112   
  102     0.00025434   
  103     0.00087325   
  104     0.00038025   
  105     0.00045820   
  106     0.00027594   
  107     0.00030561   
  108     0.00057220   
  109     0.00029364   
  110     0.00074184   
  111     0.00016007   
  112     0.00038205   
  113     0.00035562   
  114     0.00019416   
  115     0.00063990   
  116     0.00065185   
  117     0.00011885   
  118     0.00032155   
  119     0.00030577   
  120     0.00013084   
  121     0.00008099   
  122     0.00015796   
  123     0.00011411   
  124     0.00012390   
  125     0.00020894   
  126     0.00040354   
  127     0.00108726   
  128     0.00028438   
  129     0.00019878   
  130     0.00223026   
  131     0.00074509   
  132     0.00023903   
  133     0.00012040   
  134     0.00035671   
  135     0.00091101   
  136     0.00018035   
  137     0.00077659   
  138     0.00011450   
  139     0.00070354   
  140     0.00020621   
  141     0.00017307   
  142     0.00078315   
  143     0.00130759   
  144     0.00155520   
  145     0.00035554   
  146     0.00023068   
  147     0.00055398   
  148     0.00023557   
  149     0.00013106   
  150     0.00073660   
  151     0.00055582   
  152     0.00022062   
  153     0.00044039   
  154     0.00063023   
  155     0.00059548   
  156     0.00012868   
  157     0.00023953   
  158     0.00031466   
  159     0.00010771   
  160     0.00003171   
  161     0.00010933   
  162     0.00009554   
  163     0.00027664   
  164     0.00021703   
  165     0.00035155   
  166     0.00046166   
  167     0.00007676   
  168     0.00030387   
  169     0.00106091   
  170     0.00049788   
  171     0.00055196   
  172     0.00297016   
  173     0.00033184   
  174     0.00030115   
  175     0.00035035   
  176     0.00148535   
  177     0.00063518   
  178     0.00034187   
  179     0.00055832   
  180     0.00012581   
  181     0.00154472   
  182     0.00347313   
  183     0.00188131   
  184     0.00119239   
  185     0.00589324   
  186     0.00092307   
  187     0.00107837   
  188     0.01121132   
  189     0.00363790   
  190     0.00190476   
  191     0.00175508   
  192     0.00050716   
  193     0.00201889   
  194     0.00049607   
  195     0.00138312   
  196     0.00236781   
  197     0.00306762   
  198     0.00205302   
  199     0.00100735   
  200     0.00132193   
  201     0.00132421   
  202     0.00279687   
  203     0.00093045   
  204     0.00497380   
  205     0.00105601   
  206     0.00187135   
  207     0.00140265   
  208     0.00293248   
  209     0.00152446   
  210     0.00127403   
  211     0.00365138   
  212     0.00354663   
  213     0.00279625   
  214     0.00298199   
  215     0.00038452   
  216     0.00192956   
  217     0.00054862   
  218     0.00056598   
  219     0.00121658   
  220     0.00073396   
  221     0.00152034   
  222     0.00130526   
  223     0.00173384   
  224     0.00310786   
  225     0.00035862   
  226     0.00142054   
  227     0.00334334   
  228     0.00370379   
  229     0.00099152   
  230     0.00057658   
  231     0.00240239   
  232     0.00176300   
  233     0.00192936   
  234     0.00055915   
  235     0.00148220   
  236     0.00232785   
  237     0.00076514   
  238     0.00065039   
  239     0.00216584   
  240     0.00308246   
  241     0.00069847   
  242     0.00075704   
  243     0.00052050   
  244     0.00691979   
  245     0.00063859   
  246     0.00121927   
  247     0.00370322   
  248     0.01233225   
  249     0.00074248   
  250     0.00577501   
  251     0.00094109   
  252     0.00386319   
  253     0.00110627   
  254     0.00184922   
  255     0.00360655   
  256     0.00122074   
  257     0.00142655   
  258     0.00109537   
  259     0.00172486   
  260     0.00047843   
  261     0.00011798   
  262     0.00057897   
  263     0.00083132   
  264     0.00056922   
  265     0.00026120   
  266     0.00024049   
  267     0.00045126   
  268     0.00019111   
  269     0.00095476   
  270     0.00143617   
  271     0.00080511   
  272     0.00153255   
  273     0.00089778   
  274     0.00254168   
  275     0.00255491   
  276     0.00144552   
  277     0.00051853   
  278     0.00073666   
  279     0.00261483   
  280     0.00069653   
  281     0.00150149   
  282     0.00021730   
  283     0.00210401   
  284     0.00602481   
  285     0.00088075   
  286     0.00301145   
  287     0.00824131   
  288     0.00202311   
  289     0.00180439   
  290     0.00091358   
  291     0.00125046   
  292     0.00347261   
  293     0.00125907   
  294     0.01682120   
  295     0.00192969   
  296     0.00469232   
  297     0.00097359   
  298     0.01053156   
  299     0.00107428   
  300     0.00253567   
  301     0.00044053   
  302     0.00139708   
  303     0.00046723   
  304     0.00054510   
  305     0.00117668   
  306     0.00500378   
  307     0.00078175   
  308     0.00149728   
  309     0.00166257   
  310     0.00147867   
  311     0.00405437   
  312     0.00441902   
  313     0.00505400   
  314     0.00296844   
  315     0.00680522   
  316     0.00559496   
  317     0.00510895   
  318     0.00621183   
  319     0.00593483   
  320     0.00320032   
  321     0.00434360   
  322     0.00163445   
  323     0.00106744   
  324     0.00391399   
  325     0.00173469   
  326     0.00070390   
  327     0.00187782   
  328     0.00143094   
  329     0.00334045   
  330     0.00431502   
  331     0.00187265   
  332     0.00162899   
  333     0.00075090   
  334     0.00941574   
  335     0.00080388   
  336     0.00872714   
  337     0.00156056   
  338     0.00071623   
  339     0.00162701   
  340     0.00089748   
  341     0.00204217   
  342     0.00094115   
  343     0.00181998   
  344     0.00348977   
  345     0.00141237   
  346     0.00255044   
  347     0.00233100   
  348     0.00625513   
  349     0.00313193   
  350     0.00337948   
  351     0.00148471   
  352     0.00556764   
  353     0.00531132   
  354     0.00129332   
  355     0.00094098   
  356     0.00184741   
  357     0.00149689   
  358     0.00097274   
  359     0.00298052   
  360     0.00226296   
  361     0.00250478   
  362     0.00100436   
  363     0.00117682   
  364     0.00007967   
  365     0.00026843   
  366     0.00035165   
  367     0.00053530   
  368     0.00089133   
  369     0.00018207   
  370     0.00044778   
  371     0.00030756   
  372     0.00030392   
  373     0.00022159   
  374     0.00014618   
  375     0.00010636   
  376     0.00012927   
  377     0.00147548   
  378     0.00166618   
  379     0.00067996   
  380     0.00097444   
  381     0.00051658   
  382     0.00029702   
  383     0.00588736   
  384     0.00084034   
  385     0.00089060   
  386     0.00422133   
  387     0.00123821   
  388     0.00025514   
  389     0.00434891   
  390     0.00235540   
  391     0.00203235   
  392     0.00195075   
  393     0.00045091   
  394     0.00133138   
  395     0.00025061   
  396     0.00243061   
  397     0.00087020   
  398     0.00042046   
  399     0.00058637   
  400     0.00050492   
  401     0.00132228   
  402     0.00038342   
  403     0.00094353   
  404     0.00065046   
  405     0.00020602   
  406     0.00076931   
  407     0.00081339   
  408     0.00022800   
  409     0.00035636   
  410     0.00066313   
  411     0.00066556   
  412     0.00186614   
  413     0.00067698   
  414     0.00066618   
  415     0.00071838   
  416     0.00261569   
  417     0.00148101   
  418     0.00199663   
  419     0.00193745   
  420     0.00184699   
  421     0.00028546   
  422     0.00019874   
  423     0.00015504   
  424     0.00013738   
  425     0.00011388   
  426     0.00055374   
  427     0.00003512   
  428     0.00024839   
  429     0.00044837   
  430     0.00006228   
  431     0.00005008   
  432     0.00003330   
  433     0.00022685   
  434     0.00002625   
  435     0.00009571   
  436     0.00045366   
  437     0.00114004   
  438     0.00128595   
  439     0.00073331   
  440     0.00108717   
  441     0.00035821   
  442     0.00077455   
  443     0.00037631   
  444     0.00066670   
  445     0.00023490   
  446     0.00012191   
  447     0.00016864   
  448     0.00023721   
  449     0.00045432   
  450     0.00022613   
  451     0.00016056   
  452     0.00151666   
  453     0.00067840   
  454     0.00068218   
  455     0.00072621   
  456     0.00150474   
  457     0.00029732   
  458     0.00020215   
  459     0.00017254   
  460     0.00019919   
  461     0.00005883   
  462     0.00003436   
  463     0.00001465   
  464     0.00000955   
  465     0.00001249   
  466     0.00001386   
  467     0.00001337   
  468     0.00001921   
  469     0.00000698   
  470     0.00002008   
  471     0.00005678   
  472     0.00011837   
  473     0.00010582   
  474     0.00081303   
  475     0.00014113   
  476     0.00071383   
  477     0.00031041   
  478     0.00034939   
  479     0.00068385   
  480     0.00105169   
  481     0.00232556   
  482     0.00377147   
  483     0.00132008   
  484     0.00031512   
  485     0.00040985   
  486     0.00038492   
  487     0.00013778   
  488     0.00009461   
  489     0.00005058   
  490     0.00002543   
  491     0.00002250   
  492     0.00001121   
  493     0.00000842   
  494     0.00001307   
  495     0.00004434   
  496     0.00004339   
  497     0.00009408   
  498     0.00018077   
  499     0.00076521   
  500     0.00038839   
  501     0.00066712   
  502     0.00037782   
  503     0.00139331   
  504     0.00124995   
  505     0.00046452   
  506     0.00186760   
  507     0.00068429   
  508     0.00050167   
  509     0.00029304   
  510     0.00030656   
  511     0.00133997   
  512     0.00165280   
  513     0.00026305   
  514     0.00058411   
  515     0.00057928   
  516     0.00039266   
  517     0.00047127   
  518     0.00025745   
  519     0.00004170   
  520     0.00022302   
  521     0.00011980   
  522     0.00021296   
  523     0.00012603   
  524     0.00006796   
  525     0.00013228   
  526     0.00013754   
  527     0.00017313   
  528     0.00006248   
  529     0.00024956   
  530     0.00061673   
  531     0.00017897   
  532     0.00008423   
  533     0.00047312   
  534     0.00025966   
  535     0.00034880   
  536     0.00009559   
  537     0.00006236   
  538     0.00018860   
  539     0.00018619   
  540     0.00009817   
  541     0.00018692   
  542     0.00033707   
  543     0.00025858   
  544     0.00031629   
  545     0.00017208   
  546     0.00076011   
  547     0.00065332   
  548     0.00037169   
  549     0.00032363   
  550     0.00075596   
  551     0.00019697   
  552     0.00017019   
  553     0.00012014   
  554     0.00036758   
  555     0.00020111   
  556     0.00049303   
  557     0.00034001   
  558     0.00023233   
  559     0.00009936   
  560     0.00003124   
  561     0.00033381   
  562     0.00068367   
  563     0.00023976   
  564     0.00006622   
  565     0.00023349   
  566     0.00041458   
  567     0.00050785   
  568     0.00015827   
  569     0.00013303   
  570     0.00028628   
  571     0.00038459   
  572     0.00022043   
  573     0.00009870   
  574     0.00009670   
  575     0.00017174   
  576     0.00012952   
  577     0.00003513   
  578     0.00005631   
  579     0.00020859   
  580     0.00007427   
  581     0.00010209   
  582     0.00003259   
  583     0.00009660   
  584     0.00014321   
  585     0.00011704   
  586     0.00009361   
  587     0.00014117   
  588     0.00051508   
  589     0.00024958   
  590     0.00004518   
  591     0.00038601   
  592     0.00071133   
  593     0.00012552   
  594     0.00035199   
  595     0.00030393   
  596     0.00073096   
  597     0.00046064   
  598     0.00044285   
  599     0.00115357   
  600     0.00066857   
  601     0.00225222   
  602     0.00300193   
  603     0.00171173   
  604     0.00482485   
  605     0.00013365   
   39     0.00105113   
   40     0.00253155   
   41     0.00187736   
   42     0.00083699   
   43     0.00198487   
   44     0.00122564   
   45     0.00084531   
   46     0.00253860   
   47     0.00285188   
   48     0.00076736   
   49     0.00161197   
   50     0.00115744   
   51     0.00029630   
   52     0.00106083   
   53     0.00063173   
   54     0.00051079   
   55     0.00086446   
   56     0.00036737   
   57     0.00109309   
   58     0.00060819   
   59     0.00042936   
   60     0.00066312   
   61     0.00237159   
   62     0.00026400   
   63     0.00082421   
   64     0.00114587   
   65     0.00051192   
   66     0.00149841   
   67     0.00098872   
   68     0.00098685   
   69     0.00084095   
   70     0.00221776   
   71     0.00094848   
   72     0.00297547   
   73     0.00134517   
   74     0.00142911   
   75     0.00089962   
   76     0.00135620   
   77     0.00110940   
   78     0.00139230   
   79     0.00152193   
   80     0.00080001   
   81     0.00167983   
   82     0.00184889   
   83     0.00136837   
   84     0.00076258   
   85     0.00340746   
   86     0.00152705   
   87     0.00157559   
   88     0.00144948   
   89     0.00150232   
   90     0.00074412   
   91     0.00263907   
   92     0.00204772   
   93     0.00093005   
   94     0.00140996   
   95     0.00122031   
   96     0.00297964   
   97     0.00118104   
   98     0.00087546   
   99     0.00084034   
  100     0.00403231   
  101     0.00182186   
  102     0.00109589   
  103     0.00436131   
  104     0.00407411   
  105     0.00349548   
  106     0.00361517   
  107     0.00200933   
  108     0.00187912   
  109     0.00480299   
  110     0.00626708   
  111     0.00233515   
  112     0.00115494   
  113     0.00088340   
  114     0.00074577   
  115     0.00048465   
  116     0.00184863   
  117     0.00224629   
  118     0.00307305   
  119     0.00030283   
  120     0.00179582   
  121     0.00164085   
  122     0.00052081   
  123     0.00101891   
  124     0.00143922   
  125     0.00083788   
  126     0.00136460   
  127     0.00145984   
  128     0.00082067   
  129     0.00247536   
  130     0.00052126   
  131     0.00240988   
  132     0.00261284   
  133     0.00088279   
  134     0.00120463   
  135     0.00065098   
  136     0.00019625   
  137     0.00135955   
  138     0.00097626   
  139     0.00282481   
  140     0.00106983   
  141     0.00136781   
  142     0.00113480   
  143     0.00043303   
  144     0.00073618   
  145     0.00070085   
  146     0.00050977   
  147     0.00048970   
  148     0.00010446   
  149     0.00043540   
  150     0.00098950   
  151     0.00064941   
  152     0.00036620   
  153     0.00029763   
  154     0.00064684   
  155     0.00111113   
  156     0.00085622   
  157     0.00162358   
  158     0.00033613   
  159     0.00151524   
  160     0.00035308   
  161     0.00113164   
  162     0.00080353   
  163     0.00111061   
  164     0.00066018   
  165     0.00076563   
  166     0.00049319   
  167     0.00017760   
  168     0.00010258   
  169     0.00004059   
  170     0.00059831   
  171     0.00120530   
  172     0.00020396   
  173     0.00036006   
  174     0.00060374   
  175     0.00046072   
  176     0.00277108   
  177     0.00015948   
  178     0.00294488   
  179     0.00083731   
  180     0.00126526   
  181     0.00070003   
  182     0.00024735   
  183     0.00034765   
  184     0.00032594   
  185     0.00024570   
  186     0.00055826   
  187     0.00056357   
  188     0.00061623   
  189     0.00069418   
  190     0.00109271   
  191     0.00091766   
  192     0.00052095   
  193     0.00029683   
  194     0.00178893   
  195     0.00067627   
  196     0.00129068   
  197     0.00185349   
   39     0.00897278   
   40     0.00699741   
   41     0.00362708   
   42     0.00445241   
   43     0.00450931   
   44     0.00305592   
   45     0.00179370   
   46     0.00097897   
   47     0.00113346   
   48     0.00141292   
   49     0.00125939   
   50     0.00141238   
   51     0.00048755   
   52     0.00030807   
   53     0.00103585   
   54     0.00101458   
   55     0.00062048   
   56     0.00094769   
   57     0.00088929   
   58     0.00131252   
   59     0.00140644   
   60     0.00127230   
   61     0.00125371   
   62     0.00157963   
   63     0.00054411   
   64     0.00136932   
   65     0.00081709   
   66     0.00060328   
   67     0.00107518   
   68     0.00046000   
   69     0.00176307   
   70     0.00132739   
   71     0.00082623   
   72     0.00116637   
   73     0.00202357   
   74     0.00054036   
   75     0.00101548   
   76     0.00074015   
   77     0.00078615   
   78     0.00099621   
   79     0.00042546   
   80     0.00064071   
   81     0.00197000   
   82     0.00015608   
   83     0.00052603   
   84     0.00063085   
   85     0.00065220   
   86     0.00042232   
   87     0.00083646   
   88     0.00043482   
   89     0.00005776   
   90     0.00064636   
   91     0.00091194   
   92     0.00015347   
   93     0.00028490   
   94     0.00078038   
   95     0.00024932   
   96     0.00052745   
   97     0.00079061   
   98     0.00111347   
   99     0.00069428   
  100     0.00167614   
  101     0.00079434   
  102     0.00095696   
  103     0.00078872   
  104     0.00019825   
  105     0.00087642   
  106     0.00207337   
  107     0.00044220   
  108     0.00266714   
  109     0.00380369   
  110     0.00338630   
  111     0.00074509   
  112     0.00130778   
  113     0.00150830   
  114     0.00013453   
  115     0.00005095   
  116     0.00054951   
  117     0.00070340   
  118     0.00071248   
  119     0.00286506   
  120     0.00098379   
  121     0.00031632   
  122     0.00033442   
  123     0.00025240   
  124     0.00047755   
  125     0.00027418   
  126     0.00054997   
  127     0.00033488   
  128     0.00021446   
  129     0.00032990   
  130     0.00036467   
  131     0.00047117   
  132     0.00041625   
  133     0.00086823   
  134     0.00038411   
  135     0.00016600   
  136     0.00041752   
  137     0.00031007   
  138     0.00011300   
  139     0.00016225   
  140     0.00051434   
  141     0.00024918   
  142     0.00019385   
  143     0.00007993   
  144     0.00002702   
  145     0.00002057   
  146     0.00001272   
  147     0.00000184   
  148     0.00001411   
  149     0.00003134   
  150     0.00000855   
  151     0.00001361   
  152     0.00002613   
  153     0.00005618   
  154     0.00008023   
  155     0.00002348   
  156     0.00001869   
  157     0.00000909   
  158     0.00002013   
  159     0.00002621   
  160     0.00000605   
  161     0.00001675   
  162     0.00000666   
  163     0.00001140   
  164     0.00000377   
  165     0.00001724   
  166     0.00001696   
  167     0.00000969   
  168     0.00002383   
  169     0.00001008   
  170     0.00001312   
  171     0.00002022   
  172     0.00000803   
  173     0.00003646   
  174     0.00004132   
  175     0.00021819   
  176     0.00096229   
  177     0.00010870   
  178     0.00012544   
  179     0.00012337   
  180     0.00009160   
  181     0.00015660   
  182     0.00021311   
  183     0.00031477   
  184     0.00008049   
  185     0.00042267   
  186     0.00011388   
  187     0.00002854   
  188     0.00005336   
  189     0.00008142   
  190     0.00010092   
  191     0.00003365   
  192     0.00005274   
  193     0.00000974   
  194     0.00001631   
  195     0.00001886   
  196     0.00000765   
  197     0.00001796   
