    1     0.00004371   
    2     0.00004557   
    3     0.00007549   
    4     0.00041239   
    5     0.00073270   
    6     0.00032406   
    7     0.00051244   
    8     0.00042832   
    9     0.00175989   
   10     0.00240311   
   11     0.00238192   
   12     0.00116812   
   13     0.00113609   
   14     0.00031662   
   15     0.00036584   
   16     0.00084906   
   17     0.00107461   
   18     0.00230411   
   19     0.00685286   
   20     0.01150156   
   21     0.00297359   
   22     0.00677674   
   23     0.00164859   
   24     0.00708753   
   25     0.00580140   
   26     0.00149424   
   27     0.00140190   
   28     0.00026073   
   29     0.00035707   
   30     0.00042207   
   31     0.00031106   
   32     0.00012952   
   33     0.00006871   
   34     0.00015406   
   35     0.00043408   
   36     0.00030076   
   37     0.00029286   
   38     0.00086098   
   39     0.00068979   
   40     0.00050735   
   41     0.00019204   
   42     0.00014294   
   43     0.00016238   
   44     0.00012884   
   45     0.00001842   
   46     0.00002302   
   47     0.00004073   
   48     0.00009900   
   49     0.00011201   
   50     0.00054079   
   51     0.00051004   
   52     0.00021945   
   53     0.00028699   
   54     0.00041359   
   55     0.00079597   
   56     0.00040003   
   57     0.00078462   
   58     0.00134742   
   59     0.00504471   
   60     0.00083333   
   61     0.00098412   
   62     0.00063642   
   63     0.00018035   
   64     0.00032712   
   65     0.00098570   
   66     0.00104377   
   67     0.00067610   
   68     0.00129379   
   69     0.00168962   
   70     0.00600248   
   71     0.00657120   
   72     0.00191309   
   73     0.00087879   
   74     0.00063644   
   75     0.00070113   
   76     0.00016110   
   77     0.00036115   
   78     0.00031650   
   79     0.00012868   
   80     0.00022922   
   81     0.00269942   
   82     0.00146402   
   83     0.00070055   
   84     0.00078554   
   85     0.00103577   
   86     0.00127958   
   87     0.00099597   
   88     0.00076691   
   89     0.00226012   
   90     0.00048631   
   91     0.00026515   
   92     0.00054078   
   93     0.00052014   
   94     0.00017591   
   95     0.00033730   
   96     0.00071285   
   97     0.00033722   
   98     0.00013479   
   99     0.00033421   
  100     0.00031725   
  101     0.00020954   
  102     0.00014531   
  103     0.00013433   
  104     0.00013356   
  105     0.00027520   
  106     0.00011210   
  107     0.00005483   
  108     0.00009231   
  109     0.00009426   
  110     0.00032907   
  111     0.00061465   
  112     0.00019051   
  113     0.00008899   
  114     0.00052672   
  115     0.00038855   
  116     0.00075745   
  117     0.00013949   
  118     0.00032334   
  119     0.00045611   
  120     0.00034080   
  121     0.00026507   
  122     0.00098306   
  123     0.00022659   
  124     0.00146570   
  125     0.00055420   
  126     0.00067350   
  127     0.00187053   
  128     0.00128824   
  129     0.00124706   
  130     0.00343004   
  131     0.00577511   
  132     0.00532413   
  133     0.00130035   
  134     0.00146391   
  135     0.00241812   
  136     0.00085908   
  137     0.00043977   
  138     0.00023701   
  139     0.00024310   
  140     0.00056474   
  141     0.00052215   
  142     0.00096640   
  143     0.00189275   
  144     0.00131435   
  145     0.00205699   
  146     0.00074037   
  147     0.00048808   
  148     0.00012606   
  149     0.00018955   
  150     0.00133679   
  151     0.00111191   
  152     0.00011642   
  153     0.00014969   
  154     0.00137869   
  155     0.00075470   
  156     0.00008644   
  157     0.00012698   
  158     0.00019766   
  159     0.00009387   
  160     0.00016971   
  161     0.00063030   
  162     0.00052996   
  163     0.00084441   
  164     0.00042656   
  165     0.00030163   
  166     0.00010998   
  167     0.00015054   
  168     0.00077188   
  169     0.00180682   
  170     0.00047378   
  171     0.00067757   
  172     0.00179384   
  173     0.00169511   
  174     0.00201403   
  175     0.00189213   
  176     0.00511157   
  177     0.00347007   
  178     0.00291430   
  179     0.00452875   
  180     0.00048558   
  181     0.00368175   
  182     0.00836576   
  183     0.00450719   
  184     0.00236854   
  185     0.00632013   
  186     0.00349923   
  187     0.00451570   
  188     0.02056967   
  189     0.00799952   
  190     0.00136825   
  191     0.00219649   
  192     0.00083602   
  193     0.00180970   
  194     0.00061917   
  195     0.00130532   
  196     0.00081740   
  197     0.00449148   
  198     0.00524128   
  199     0.00290405   
  200     0.00062922   
  201     0.00102669   
  202     0.00178875   
  203     0.00092931   
  204     0.00701038   
  205     0.00133713   
  206     0.00354740   
  207     0.00551950   
  208     0.00511238   
  209     0.00296162   
  210     0.00304283   
  211     0.00209746   
  212     0.00301667   
  213     0.00190155   
  214     0.00540790   
  215     0.00226351   
  216     0.00828714   
  217     0.00209692   
  218     0.00135744   
  219     0.00154314   
  220     0.00059070   
  221     0.00354961   
  222     0.00020104   
  223     0.00085343   
  224     0.00185938   
  225     0.00057300   
  226     0.00396858   
  227     0.00431682   
  228     0.00562076   
  229     0.00667580   
  230     0.00109810   
  231     0.00279301   
  232     0.00450481   
  233     0.00258633   
  234     0.00356180   
  235     0.00446259   
  236     0.00174071   
  237     0.00291819   
  238     0.00426924   
  239     0.00325894   
  240     0.00154661   
  241     0.00148782   
  242     0.00117029   
  243     0.00036358   
  244     0.00446035   
  245     0.00054700   
  246     0.00028511   
  247     0.00175672   
  248     0.00281338   
  249     0.00044492   
  250     0.00666592   
  251     0.00079458   
  252     0.00304184   
  253     0.00157258   
  254     0.00120468   
  255     0.00172141   
  256     0.00350735   
  257     0.00251741   
  258     0.00134282   
  259     0.00155578   
  260     0.00319778   
  261     0.00263175   
  262     0.00232674   
  263     0.00277466   
  264     0.00041401   
  265     0.00095916   
  266     0.00142062   
  267     0.00160702   
  268     0.00041312   
  269     0.00166496   
  270     0.00140281   
  271     0.00177803   
  272     0.00214752   
  273     0.00125820   
  274     0.00353074   
  275     0.00424749   
  276     0.00186251   
  277     0.00036573   
  278     0.00044024   
  279     0.00321585   
  280     0.00186858   
  281     0.00313623   
  282     0.00190385   
  283     0.00553139   
  284     0.00355749   
  285     0.00635390   
  286     0.00185606   
  287     0.01460445   
  288     0.00756737   
  289     0.01691827   
  290     0.00487888   
  291     0.00921754   
  292     0.00454696   
  293     0.00314226   
  294     0.00997913   
  295     0.00199215   
  296     0.00172607   
  297     0.00067878   
  298     0.00739578   
  299     0.00137696   
  300     0.00235841   
  301     0.00025579   
  302     0.00188201   
  303     0.00028489   
  304     0.00092311   
  305     0.00149036   
  306     0.01232293   
  307     0.00043547   
  308     0.00402265   
  309     0.00243925   
  310     0.00417526   
  311     0.00408786   
  312     0.00107900   
  313     0.01679385   
  314     0.00131879   
  315     0.00368540   
  316     0.00197749   
  317     0.00303033   
  318     0.00182809   
  319     0.00191457   
  320     0.00122209   
  321     0.00081680   
  322     0.00045422   
  323     0.00134397   
  324     0.00472236   
  325     0.00015127   
  326     0.00053195   
  327     0.00081884   
  328     0.00012464   
  329     0.00064658   
  330     0.00207697   
  331     0.00456698   
  332     0.00112165   
  333     0.00265484   
  334     0.01971852   
  335     0.00177396   
  336     0.00499998   
  337     0.00213767   
  338     0.00161196   
  339     0.00076089   
  340     0.00140945   
  341     0.00068072   
  342     0.00157943   
  343     0.00214923   
  344     0.00175137   
  345     0.00276017   
  346     0.00505099   
  347     0.00271733   
  348     0.01989485   
  349     0.00464883   
  350     0.00316452   
  351     0.00088675   
  352     0.00587439   
  353     0.00605103   
  354     0.00095585   
  355     0.00067856   
  356     0.00242642   
  357     0.00068243   
  358     0.00049920   
  359     0.00189097   
  360     0.00196927   
  361     0.00253817   
  362     0.00391837   
  363     0.00174150   
  364     0.00044317   
  365     0.00078478   
  366     0.00048623   
  367     0.00085129   
  368     0.00108202   
  369     0.00032187   
  370     0.00140863   
  371     0.00121180   
  372     0.00039951   
  373     0.00436424   
  374     0.00123933   
  375     0.00042841   
  376     0.00082479   
  377     0.00461573   
  378     0.00284874   
  379     0.00013593   
  380     0.00051109   
  381     0.00201512   
  382     0.00069263   
  383     0.00025540   
  384     0.00013794   
  385     0.00072800   
  386     0.00055729   
  387     0.00041370   
  388     0.00079978   
  389     0.00065835   
  390     0.00046259   
  391     0.00019628   
  392     0.00008998   
  393     0.00019501   
  394     0.00029865   
  395     0.00012717   
  396     0.00057041   
  397     0.00031120   
  398     0.00005913   
  399     0.00013054   
  400     0.00005366   
  401     0.00007509   
  402     0.00022983   
  403     0.00038852   
  404     0.00014469   
  405     0.00017306   
  406     0.00023569   
  407     0.00012237   
  408     0.00006387   
  409     0.00004472   
  410     0.00007142   
  411     0.00032528   
  412     0.00007272   
  413     0.00016130   
  414     0.00016981   
  415     0.00024208   
  416     0.00043007   
  417     0.00064001   
  418     0.00058274   
  419     0.00022164   
  420     0.00052451   
  421     0.00023076   
  422     0.00032760   
  423     0.00022127   
  424     0.00037618   
  425     0.00018961   
  426     0.00012476   
  427     0.00005224   
  428     0.00004536   
  429     0.00025495   
  430     0.00001787   
  431     0.00002371   
  432     0.00001112   
  433     0.00002924   
  434     0.00002304   
  435     0.00002185   
  436     0.00004756   
  437     0.00008699   
  438     0.00018609   
  439     0.00005143   
  440     0.00011445   
  441     0.00007355   
  442     0.00010083   
  443     0.00010160   
  444     0.00021211   
  445     0.00005582   
  446     0.00007271   
  447     0.00012024   
  448     0.00010774   
  449     0.00012317   
  450     0.00006741   
  451     0.00003082   
  452     0.00051465   
  453     0.00017074   
  454     0.00026663   
  455     0.00003249   
  456     0.00019060   
  457     0.00022090   
  458     0.00002978   
  459     0.00006569   
  460     0.00002235   
  461     0.00001285   
  462     0.00002751   
  463     0.00000746   
  464     0.00002137   
  465     0.00002409   
  466     0.00000962   
  467     0.00001989   
  468     0.00003257   
  469     0.00003872   
  470     0.00009788   
  471     0.00014765   
  472     0.00008401   
  473     0.00022699   
  474     0.00036098   
  475     0.00014427   
  476     0.00031717   
  477     0.00022016   
  478     0.00028720   
  479     0.00034174   
  480     0.00050407   
  481     0.00053007   
  482     0.00041571   
  483     0.00011124   
  484     0.00009016   
  485     0.00012797   
  486     0.00009640   
  487     0.00009129   
  488     0.00006492   
  489     0.00005965   
  490     0.00004124   
  491     0.00003456   
  492     0.00003177   
  493     0.00001155   
  494     0.00000729   
  495     0.00001438   
  496     0.00001442   
  497     0.00003567   
  498     0.00004233   
  499     0.00015432   
  500     0.00005113   
  501     0.00015204   
  502     0.00003101   
  503     0.00033980   
  504     0.00015028   
  505     0.00008652   
  506     0.00024075   
  507     0.00060871   
  508     0.00010127   
  509     0.00014715   
  510     0.00010599   
  511     0.00048615   
  512     0.00048526   
  513     0.00004790   
  514     0.00007270   
  515     0.00009252   
  516     0.00013913   
  517     0.00009033   
  518     0.00008241   
  519     0.00017323   
  520     0.00010587   
  521     0.00005411   
  522     0.00002508   
  523     0.00015262   
  524     0.00005405   
  525     0.00005141   
  526     0.00010787   
  527     0.00010193   
  528     0.00044600   
  529     0.00024031   
  530     0.00019443   
  531     0.00008685   
  532     0.00017276   
  533     0.00018861   
  534     0.00005482   
  535     0.00008201   
  536     0.00010109   
  537     0.00016744   
  538     0.00013856   
  539     0.00010115   
  540     0.00011407   
  541     0.00012342   
  542     0.00022990   
  543     0.00026238   
  544     0.00006703   
  545     0.00011520   
  546     0.00022792   
  547     0.00023505   
  548     0.00005850   
  549     0.00009933   
  550     0.00017964   
  551     0.00002542   
  552     0.00001599   
  553     0.00002347   
  554     0.00002333   
  555     0.00000666   
  556     0.00003984   
  557     0.00003855   
  558     0.00001623   
  559     0.00000917   
  560     0.00001920   
  561     0.00003133   
  562     0.00006690   
  563     0.00002139   
  564     0.00003221   
  565     0.00007669   
  566     0.00016499   
  567     0.00003945   
  568     0.00004271   
  569     0.00032576   
  570     0.00004069   
  571     0.00002361   
  572     0.00008319   
  573     0.00011974   
  574     0.00001506   
  575     0.00004174   
  576     0.00013130   
  577     0.00002291   
  578     0.00002845   
  579     0.00004228   
  580     0.00002623   
  581     0.00051244   
  582     0.00003033   
  583     0.00006241   
  584     0.00013315   
  585     0.00009713   
  586     0.00013589   
  587     0.00008075   
  588     0.00005772   
  589     0.00012743   
  590     0.00012348   
  591     0.00006684   
  592     0.00015880   
  593     0.00009074   
  594     0.00004603   
  595     0.00006413   
  596     0.00009579   
  597     0.00005208   
  598     0.00008237   
  599     0.00023108   
  600     0.00001522   
  601     0.00029725   
  602     0.00012683   
  603     0.00018225   
  604     0.00022811   
  605     0.00006139   
   39     0.00001690   
   40     0.00002740   
   41     0.00001653   
   42     0.00009061   
   43     0.00006280   
   44     0.00007862   
   45     0.00008736   
   46     0.00022444   
   47     0.00015943   
   48     0.00008373   
   49     0.00005162   
   50     0.00013628   
   51     0.00003692   
   52     0.00007576   
   53     0.00009807   
   54     0.00001332   
   55     0.00011179   
   56     0.00009537   
   57     0.00010763   
   58     0.00011823   
   59     0.00010163   
   60     0.00007796   
   61     0.00027921   
   62     0.00011831   
   63     0.00005931   
   64     0.00015065   
   65     0.00046311   
   66     0.00022296   
   67     0.00020102   
   68     0.00023716   
   69     0.00061365   
   70     0.00075556   
   71     0.00225022   
   72     0.00279310   
   73     0.00127902   
   74     0.00194167   
   75     0.00207385   
   76     0.00105913   
   77     0.00077579   
   78     0.00149720   
   79     0.00023924   
   80     0.00067049   
   81     0.00020373   
   82     0.00039592   
   83     0.00020108   
   84     0.00055807   
   85     0.00094793   
   86     0.00018887   
   87     0.00026470   
   88     0.00083431   
   89     0.00017783   
   90     0.00015008   
   91     0.00125421   
   92     0.00140489   
   93     0.00105555   
   94     0.00136458   
   95     0.00036062   
   96     0.00148891   
   97     0.00064223   
   98     0.00091957   
   99     0.00142833   
  100     0.00392974   
  101     0.00231070   
  102     0.00047815   
  103     0.00102168   
  104     0.00224990   
  105     0.00081482   
  106     0.00065787   
  107     0.00137851   
  108     0.00039421   
  109     0.00050713   
  110     0.00216038   
  111     0.00038620   
  112     0.00019672   
  113     0.00023524   
  114     0.00015528   
  115     0.00006679   
  116     0.00065234   
  117     0.00076064   
  118     0.00079463   
  119     0.00011342   
  120     0.00063956   
  121     0.00061213   
  122     0.00008833   
  123     0.00050350   
  124     0.00056602   
  125     0.00029160   
  126     0.00113026   
  127     0.00149027   
  128     0.00023036   
  129     0.00061233   
  130     0.00147237   
  131     0.00150972   
  132     0.00054373   
  133     0.00078590   
  134     0.00052180   
  135     0.00013335   
  136     0.00010596   
  137     0.00219960   
  138     0.00032544   
  139     0.00078145   
  140     0.00039420   
  141     0.00100381   
  142     0.00028963   
  143     0.00013845   
  144     0.00023131   
  145     0.00018577   
  146     0.00032555   
  147     0.00041190   
  148     0.00024947   
  149     0.00032648   
  150     0.00042136   
  151     0.00023008   
  152     0.00019242   
  153     0.00025108   
  154     0.00020168   
  155     0.00017568   
  156     0.00027278   
  157     0.00355108   
  158     0.00199142   
  159     0.00226826   
  160     0.00102146   
  161     0.00087411   
  162     0.00050185   
  163     0.00056515   
  164     0.00033448   
  165     0.00047830   
  166     0.00036148   
  167     0.00007758   
  168     0.00009786   
  169     0.00011290   
  170     0.00038240   
  171     0.00061863   
  172     0.00079866   
  173     0.00109123   
  174     0.00646882   
  175     0.00550201   
  176     0.00229878   
  177     0.00116565   
  178     0.00092355   
  179     0.00073032   
  180     0.00051915   
  181     0.00024437   
  182     0.00039742   
  183     0.00012157   
  184     0.00026647   
  185     0.00035326   
  186     0.00040394   
  187     0.00016346   
  188     0.00061666   
  189     0.00035304   
  190     0.00054407   
  191     0.00111197   
  192     0.00062615   
  193     0.00074433   
  194     0.00093228   
  195     0.00015655   
  196     0.00066841   
  197     0.00081651   
   39     0.00001829   
   40     0.00005536   
   41     0.00002686   
   42     0.00003383   
   43     0.00004849   
   44     0.00001751   
   45     0.00002669   
   46     0.00006122   
   47     0.00003553   
   48     0.00002773   
   49     0.00004737   
   50     0.00004777   
   51     0.00005074   
   52     0.00004774   
   53     0.00003677   
   54     0.00007241   
   55     0.00009945   
   56     0.00006735   
   57     0.00002544   
   58     0.00008387   
   59     0.00007728   
   60     0.00005286   
   61     0.00009090   
   62     0.00016347   
   63     0.00004785   
   64     0.00001146   
   65     0.00017124   
   66     0.00033177   
   67     0.00004969   
   68     0.00013315   
   69     0.00018427   
   70     0.00021318   
   71     0.00012504   
   72     0.00063587   
   73     0.00008686   
   74     0.00014667   
   75     0.00020909   
   76     0.00048949   
   77     0.00056902   
   78     0.00019365   
   79     0.00017322   
   80     0.00020539   
   81     0.00066165   
   82     0.00036782   
   83     0.00016785   
   84     0.00018787   
   85     0.00053234   
   86     0.00030103   
   87     0.00186394   
   88     0.00026553   
   89     0.00069353   
   90     0.00043362   
   91     0.00032050   
   92     0.00036108   
   93     0.00019736   
   94     0.00056854   
   95     0.00038794   
   96     0.00060995   
   97     0.00039367   
   98     0.00096469   
   99     0.00094343   
  100     0.00128482   
  101     0.00060174   
  102     0.00156806   
  103     0.00045358   
  104     0.00016192   
  105     0.00058372   
  106     0.00122769   
  107     0.00025835   
  108     0.00103127   
  109     0.00155313   
  110     0.00133093   
  111     0.00043310   
  112     0.00046487   
  113     0.00104392   
  114     0.00009811   
  115     0.00002843   
  116     0.00023852   
  117     0.00074844   
  118     0.00033227   
  119     0.00044113   
  120     0.00080714   
  121     0.00011950   
  122     0.00032763   
  123     0.00065002   
  124     0.00060662   
  125     0.00013642   
  126     0.00060434   
  127     0.00119933   
  128     0.00006742   
  129     0.00018190   
  130     0.00050939   
  131     0.00064100   
  132     0.00009924   
  133     0.00018263   
  134     0.00062567   
  135     0.00026295   
  136     0.00062368   
  137     0.00056851   
  138     0.00017620   
  139     0.00021910   
  140     0.00031463   
  141     0.00016581   
  142     0.00010005   
  143     0.00016914   
  144     0.00013813   
  145     0.00004054   
  146     0.00002334   
  147     0.00003739   
  148     0.00001872   
  149     0.00003684   
  150     0.00002253   
  151     0.00002569   
  152     0.00002676   
  153     0.00006858   
  154     0.00016969   
  155     0.00006779   
  156     0.00001323   
  157     0.00001194   
  158     0.00001518   
  159     0.00000769   
  160     0.00001167   
  161     0.00008804   
  162     0.00012173   
  163     0.00000211   
  164     0.00000242   
  165     0.00001525   
  166     0.00000540   
  167     0.00000646   
  168     0.00000910   
  169     0.00000433   
  170     0.00001584   
  171     0.00002549   
  172     0.00000331   
  173     0.00003978   
  174     0.00001032   
  175     0.00012744   
  176     0.00081557   
  177     0.00016314   
  178     0.00038401   
  179     0.00006038   
  180     0.00005141   
  181     0.00015258   
  182     0.00008020   
  183     0.00013504   
  184     0.00004507   
  185     0.00080205   
  186     0.00013461   
  187     0.00027469   
  188     0.00015391   
  189     0.00012697   
  190     0.00004500   
  191     0.00002556   
  192     0.00000936   
  193     0.00000947   
  194     0.00000719   
  195     0.00001490   
  196     0.00002420   
  197     0.00015878   
