    1     0.00032538   
    2     0.00152463   
    3     0.00073475   
    4     0.00068718   
    5     0.00047111   
    6     0.00006248   
    7     0.00009435   
    8     0.00011452   
    9     0.00026855   
   10     0.00017009   
   11     0.00009523   
   12     0.00007184   
   13     0.00017638   
   14     0.00015782   
   15     0.00016590   
   16     0.00028224   
   17     0.00033094   
   18     0.00069605   
   19     0.00133110   
   20     0.00231732   
   21     0.00001436   
   22     0.00033633   
   23     0.00072392   
   24     0.00080618   
   25     0.00008805   
   26     0.00076769   
   27     0.00071718   
   28     0.00131626   
   29     0.00053412   
   30     0.00068341   
   31     0.00176845   
   32     0.00467669   
   33     0.00073652   
   34     0.00165255   
   35     0.00046131   
   36     0.00035813   
   37     0.00015988   
   38     0.00041472   
   39     0.00037404   
   40     0.00079790   
   41     0.00035882   
   42     0.00018882   
   43     0.00011701   
   44     0.00002366   
   45     0.00000187   
   46     0.00001398   
   47     0.00003479   
   48     0.00009475   
   49     0.00076114   
   50     0.00103085   
   51     0.00026891   
   52     0.00067330   
   53     0.00127092   
   54     0.00076593   
   55     0.00045109   
   56     0.00054427   
   57     0.00135880   
   58     0.00040784   
   59     0.00109333   
   60     0.00102071   
   61     0.00065536   
   62     0.00082681   
   63     0.00006157   
   64     0.00008328   
   65     0.00036343   
   66     0.00042788   
   67     0.00028095   
   68     0.00032218   
   69     0.00056896   
   70     0.00078421   
   71     0.00063379   
   72     0.00006508   
   73     0.00016273   
   74     0.00029841   
   75     0.00021156   
   76     0.00001449   
   77     0.00005273   
   78     0.00003951   
   79     0.00002916   
   80     0.00000594   
   81     0.00035665   
   82     0.00008935   
   83     0.00002056   
   84     0.00000524   
   85     0.00004569   
   86     0.00003665   
   87     0.00001442   
   88     0.00002277   
   89     0.00008588   
   90     0.00012694   
   91     0.00004141   
   92     0.00003351   
   93     0.00009981   
   94     0.00002881   
   95     0.00001106   
   96     0.00003999   
   97     0.00000060   
   98     0.00000055   
   99     0.00000298   
  100     0.00003086   
  101     0.00019314   
  102     0.00014890   
  103     0.00031233   
  104     0.00005201   
  105     0.00007873   
  106     0.00002321   
  107     0.00001537   
  108     0.00000800   
  109     0.00001637   
  110     0.00009226   
  111     0.00010138   
  112     0.00021112   
  113     0.00012493   
  114     0.00022820   
  115     0.00062498   
  116     0.00041975   
  117     0.00024670   
  118     0.00090470   
  119     0.00070804   
  120     0.00049258   
  121     0.00088254   
  122     0.00154461   
  123     0.00042383   
  124     0.00057219   
  125     0.00268903   
  126     0.00204896   
  127     0.00128283   
  128     0.00127762   
  129     0.00291011   
  130     0.00420782   
  131     0.00778025   
  132     0.01468673   
  133     0.00085216   
  134     0.00129857   
  135     0.00105610   
  136     0.00021738   
  137     0.00016062   
  138     0.00015877   
  139     0.00061737   
  140     0.00015805   
  141     0.00022316   
  142     0.00053630   
  143     0.00071457   
  144     0.00024728   
  145     0.00011431   
  146     0.00019080   
  147     0.00003890   
  148     0.00001709   
  149     0.00006337   
  150     0.00046322   
  151     0.00020998   
  152     0.00001844   
  153     0.00003873   
  154     0.00022989   
  155     0.00012400   
  156     0.00003639   
  157     0.00012165   
  158     0.00009662   
  159     0.00002540   
  160     0.00012757   
  161     0.00023171   
  162     0.00013401   
  163     0.00010420   
  164     0.00004422   
  165     0.00008586   
  166     0.00015269   
  167     0.00047524   
  168     0.00039584   
  169     0.00119746   
  170     0.00035459   
  171     0.00009451   
  172     0.00024816   
  173     0.00026232   
  174     0.00043543   
  175     0.00039731   
  176     0.00047046   
  177     0.00071151   
  178     0.00062317   
  179     0.00064011   
  180     0.00016881   
  181     0.00049324   
  182     0.00108586   
  183     0.00066826   
  184     0.00020951   
  185     0.00028484   
  186     0.00006370   
  187     0.00023592   
  188     0.00056720   
  189     0.00024491   
  190     0.00033964   
  191     0.00012966   
  192     0.00009772   
  193     0.00014476   
  194     0.00005491   
  195     0.00007657   
  196     0.00008334   
  197     0.00009383   
  198     0.00036616   
  199     0.00023392   
  200     0.00004842   
  201     0.00006007   
  202     0.00005831   
  203     0.00001962   
  204     0.00010444   
  205     0.00015996   
  206     0.00030960   
  207     0.00109222   
  208     0.00107286   
  209     0.00051789   
  210     0.00010034   
  211     0.00000351   
  212     0.00000335   
  213     0.00011123   
  214     0.01126215   
  215     0.00064812   
  216     0.00123409   
  217     0.00057760   
  218     0.00015037   
  219     0.00002416   
  220     0.00003145   
  221     0.00007490   
  222     0.00002839   
  223     0.00003417   
  224     0.00006092   
  225     0.00038271   
  226     0.00027870   
  227     0.00021495   
  228     0.00024603   
  229     0.00015910   
  230     0.00003586   
  231     0.00014621   
  232     0.00011409   
  233     0.00010653   
  234     0.00008329   
  235     0.00015455   
  236     0.00038315   
  237     0.00052275   
  238     0.00026364   
  239     0.00020611   
  240     0.00076953   
  241     0.00009624   
  242     0.00008447   
  243     0.00007927   
  244     0.00110419   
  245     0.00003602   
  246     0.00005579   
  247     0.00011654   
  248     0.00015140   
  249     0.00002562   
  250     0.00025678   
  251     0.00004974   
  252     0.00033937   
  253     0.00031098   
  254     0.00005933   
  255     0.00012158   
  256     0.00055278   
  257     0.00066194   
  258     0.00069417   
  259     0.00068556   
  260     0.00025834   
  261     0.00023783   
  262     0.00092959   
  263     0.00025579   
  264     0.00004796   
  265     0.00055151   
  266     0.00018700   
  267     0.00007792   
  268     0.00005535   
  269     0.00014119   
  270     0.00017967   
  271     0.00077375   
  272     0.00003867   
  273     0.00013676   
  274     0.00027743   
  275     0.00006143   
  276     0.00001876   
  277     0.00001552   
  278     0.00003923   
  279     0.00031190   
  280     0.00029852   
  281     0.00101687   
  282     0.00096452   
  283     0.00741045   
  284     0.00396295   
  285     0.00657358   
  286     0.00174150   
  287     0.00159889   
  288     0.00021654   
  289     0.00011493   
  290     0.00000138   
  291     0.00000615   
  292     0.00001104   
  293     0.00001790   
  294     0.00018287   
  295     0.00085288   
  296     0.00348871   
  297     0.00032182   
  298     0.00064263   
  299     0.00022919   
  300     0.00092042   
  301     0.00010530   
  302     0.00007407   
  303     0.00006431   
  304     0.00033822   
  305     0.00031484   
  306     0.00036648   
  307     0.00019996   
  308     0.00017352   
  309     0.00010043   
  310     0.00049877   
  311     0.00021680   
  312     0.00013447   
  313     0.00027032   
  314     0.00020290   
  315     0.00017768   
  316     0.00006546   
  317     0.00006729   
  318     0.00006461   
  319     0.00007697   
  320     0.00007840   
  321     0.00004018   
  322     0.00004124   
  323     0.00004629   
  324     0.00002388   
  325     0.00000655   
  326     0.00002051   
  327     0.00000657   
  328     0.00000119   
  329     0.00000310   
  330     0.00000973   
  331     0.00023088   
  332     0.00004713   
  333     0.00009765   
  334     0.00034486   
  335     0.00007956   
  336     0.00023962   
  337     0.00020881   
  338     0.00025417   
  339     0.00017978   
  340     0.00018779   
  341     0.00017485   
  342     0.00024934   
  343     0.00038717   
  344     0.00017423   
  345     0.00111412   
  346     0.00037096   
  347     0.00019799   
  348     0.00053338   
  349     0.00015255   
  350     0.00012870   
  351     0.00007118   
  352     0.00012121   
  353     0.00010334   
  354     0.00003293   
  355     0.00002523   
  356     0.00009756   
  357     0.00010684   
  358     0.00001519   
  359     0.00006254   
  360     0.00006068   
  361     0.00021312   
  362     0.00034364   
  363     0.00024306   
  364     0.00009902   
  365     0.00022174   
  366     0.00040609   
  367     0.00049933   
  368     0.00040566   
  369     0.00069949   
  370     0.00058506   
  371     0.00041099   
  372     0.00021716   
  373     0.00114868   
  374     0.00050847   
  375     0.00040243   
  376     0.00018206   
  377     0.00184806   
  378     0.00307901   
  379     0.00057753   
  380     0.00042619   
  381     0.00013903   
  382     0.01028858   
  383     0.00608997   
  384     0.00159780   
  385     0.00512394   
  386     0.01424763   
  387     0.00714335   
  388     0.01976020   
  389     0.01128794   
  390     0.00808398   
  391     0.00150483   
  392     0.00063655   
  393     0.00008654   
  394     0.00017524   
  395     0.00014614   
  396     0.00058406   
  397     0.00031737   
  398     0.00033963   
  399     0.00100106   
  400     0.00036790   
  401     0.00181504   
  402     0.00073095   
  403     0.00099120   
  404     0.00191064   
  405     0.00210544   
  406     0.00148453   
  407     0.00054534   
  408     0.00023067   
  409     0.00033468   
  410     0.00056140   
  411     0.00045942   
  412     0.00027923   
  413     0.00059140   
  414     0.00219325   
  415     0.00018744   
  416     0.00070273   
  417     0.00174362   
  418     0.00471693   
  419     0.00021770   
  420     0.00084787   
  421     0.00020494   
  422     0.00016980   
  423     0.00008090   
  424     0.00005449   
  425     0.00006010   
  426     0.00034046   
  427     0.00005849   
  428     0.00100743   
  429     0.00015328   
  430     0.00002761   
  431     0.00002727   
  432     0.00003094   
  433     0.00015703   
  434     0.00010148   
  435     0.00011355   
  436     0.00284023   
  437     0.01349791   
  438     0.00546025   
  439     0.00283288   
  440     0.00478665   
  441     0.00316111   
  442     0.00155061   
  443     0.00045798   
  444     0.00184907   
  445     0.00050712   
  446     0.00095244   
  447     0.00069709   
  448     0.00044564   
  449     0.00057962   
  450     0.00044210   
  451     0.00027972   
  452     0.00093045   
  453     0.00181479   
  454     0.01261552   
  455     0.03412705   
  456     0.00122853   
  457     0.00188940   
  458     0.00041984   
  459     0.00184049   
  460     0.00007443   
  461     0.00004791   
  462     0.00020715   
  463     0.00003942   
  464     0.00003089   
  465     0.00003498   
  466     0.00002174   
  467     0.00003059   
  468     0.00005054   
  469     0.00003162   
  470     0.00010548   
  471     0.00009289   
  472     0.00015324   
  473     0.00003477   
  474     0.00067213   
  475     0.00008947   
  476     0.00010778   
  477     0.00051256   
  478     0.00073597   
  479     0.00149391   
  480     0.00308492   
  481     0.00253018   
  482     0.00200234   
  483     0.00123082   
  484     0.00023629   
  485     0.00085511   
  486     0.00095572   
  487     0.00035807   
  488     0.00008396   
  489     0.00008284   
  490     0.00003606   
  491     0.00003774   
  492     0.00004304   
  493     0.00003504   
  494     0.00002113   
  495     0.00013338   
  496     0.00024133   
  497     0.00032819   
  498     0.00030671   
  499     0.00053367   
  500     0.00027838   
  501     0.00156063   
  502     0.00011570   
  503     0.00097582   
  504     0.00270418   
  505     0.00033465   
  506     0.00296904   
  507     0.00042219   
  508     0.00004911   
  509     0.00001195   
  510     0.00003040   
  511     0.00010682   
  512     0.00013032   
  513     0.00005121   
  514     0.00022165   
  515     0.00046927   
  516     0.00028964   
  517     0.00013334   
  518     0.00058107   
  519     0.00036357   
  520     0.00014391   
  521     0.00021017   
  522     0.00020032   
  523     0.00054828   
  524     0.00012263   
  525     0.00045734   
  526     0.00093691   
  527     0.00145015   
  528     0.00125800   
  529     0.00185656   
  530     0.00205251   
  531     0.00116798   
  532     0.00140620   
  533     0.00082210   
  534     0.00174677   
  535     0.00108153   
  536     0.00190680   
  537     0.00146062   
  538     0.00149473   
  539     0.00063435   
  540     0.00045393   
  541     0.00034894   
  542     0.00040840   
  543     0.00022423   
  544     0.00009788   
  545     0.00010479   
  546     0.00012063   
  547     0.00014831   
  548     0.00006191   
  549     0.00005297   
  550     0.00009431   
  551     0.00004810   
  552     0.00005228   
  553     0.00005600   
  554     0.00004665   
  555     0.00004072   
  556     0.00005184   
  557     0.00011520   
  558     0.00008705   
  559     0.00004738   
  560     0.00004009   
  561     0.00008429   
  562     0.00013488   
  563     0.00002980   
  564     0.00006151   
  565     0.00016649   
  566     0.00012164   
  567     0.00006264   
  568     0.00010504   
  569     0.00017290   
  570     0.00012686   
  571     0.00017809   
  572     0.00018564   
  573     0.00016661   
  574     0.00017742   
  575     0.00038080   
  576     0.00065582   
  577     0.00011551   
  578     0.00038582   
  579     0.00125502   
  580     0.00025446   
  581     0.00166828   
  582     0.00012033   
  583     0.00019663   
  584     0.00044399   
  585     0.00029617   
  586     0.00007533   
  587     0.00011736   
  588     0.00019297   
  589     0.00013203   
  590     0.00013812   
  591     0.00015695   
  592     0.00024285   
  593     0.00010030   
  594     0.00013874   
  595     0.00019598   
  596     0.00012221   
  597     0.00009942   
  598     0.00017738   
  599     0.00020250   
  600     0.00012142   
  601     0.00007294   
  602     0.00005477   
  603     0.00013553   
  604     0.00005857   
  605     0.00003307   
   39     0.00001931   
   40     0.00040429   
   41     0.00178211   
   42     0.00839563   
   43     0.00087759   
   44     0.00295184   
   45     0.00272347   
   46     0.02273423   
   47     0.00419060   
   48     0.00359507   
   49     0.00139625   
   50     0.00143144   
   51     0.00208999   
   52     0.00446361   
   53     0.00124459   
   54     0.00174293   
   55     0.00216101   
   56     0.00325264   
   57     0.00189922   
   58     0.00141670   
   59     0.00199628   
   60     0.00360785   
   61     0.00467395   
   62     0.00127788   
   63     0.00248950   
   64     0.00477324   
   65     0.00515011   
   66     0.00230524   
   67     0.00511590   
   68     0.00700360   
   69     0.00277473   
   70     0.00305697   
   71     0.01650169   
   72     0.00756883   
   73     0.00915113   
   74     0.01548742   
   75     0.01655160   
   76     0.00536013   
   77     0.00440150   
   78     0.00274269   
   79     0.00144788   
   80     0.00524142   
   81     0.00578998   
   82     0.00175214   
   83     0.00080474   
   84     0.00278119   
   85     0.01097075   
   86     0.00062699   
   87     0.00248413   
   88     0.00185766   
   89     0.00189971   
   90     0.00088556   
   91     0.00160567   
   92     0.00024707   
   93     0.00465632   
   94     0.00197699   
   95     0.00048248   
   96     0.00077157   
   97     0.00013703   
   98     0.00033280   
   99     0.00182420   
  100     0.00036269   
  101     0.00286455   
  102     0.00124773   
  103     0.00168404   
  104     0.01069684   
  105     0.00060017   
  106     0.00148010   
  107     0.00443437   
  108     0.00028102   
  109     0.00051419   
  110     0.00029667   
  111     0.00000855   
  112     0.00000094   
  113     0.00000212   
  114     0.00000096   
  115     0.00000237   
  116     0.00003083   
  117     0.00002507   
  118     0.00000979   
  119     0.00002226   
  120     0.00011268   
  121     0.00003821   
  122     0.00002749   
  123     0.00017672   
  124     0.00026722   
  125     0.00008234   
  126     0.00030128   
  127     0.00113490   
  128     0.00024099   
  129     0.00070900   
  130     0.00160991   
  131     0.01040469   
  132     0.00186308   
  133     0.00377101   
  134     0.00197029   
  135     0.00485583   
  136     0.00187011   
  137     0.00870309   
  138     0.00258075   
  139     0.00203576   
  140     0.00293354   
  141     0.02048721   
  142     0.01107620   
  143     0.00470962   
  144     0.00271935   
  145     0.00056583   
  146     0.00033419   
  147     0.00011785   
  148     0.00002872   
  149     0.00032493   
  150     0.00061105   
  151     0.00131863   
  152     0.00217991   
  153     0.00552998   
  154     0.00308666   
  155     0.00188155   
  156     0.00051692   
  157     0.00031805   
  158     0.00051256   
  159     0.00044666   
  160     0.00014840   
  161     0.00001708   
  162     0.00000404   
  163     0.00000302   
  164     0.00001181   
  165     0.00017712   
  166     0.00003319   
  167     0.00001432   
  168     0.00002152   
  169     0.00004680   
  170     0.00041250   
  171     0.00050679   
  172     0.00085950   
  173     0.00053908   
  174     0.00145495   
  175     0.00113365   
  176     0.00228960   
  177     0.00068596   
  178     0.00184149   
  179     0.00533361   
  180     0.00289550   
  181     0.00039083   
  182     0.00051627   
  183     0.00242756   
  184     0.00081763   
  185     0.00459752   
  186     0.00598956   
  187     0.00193728   
  188     0.00409977   
  189     0.00038843   
  190     0.00035396   
  191     0.00081020   
  192     0.00049683   
  193     0.00014476   
  194     0.00001570   
  195     0.00000277   
  196     0.00000048   
  197     0.00000065   
   39     0.00002245   
   40     0.00072634   
   41     0.00015157   
   42     0.00022411   
   43     0.00073920   
   44     0.00102893   
   45     0.00014229   
   46     0.00106890   
   47     0.00071950   
   48     0.00218514   
   49     0.00041402   
   50     0.00156848   
   51     0.00257594   
   52     0.00178775   
   53     0.00064148   
   54     0.00083980   
   55     0.00360950   
   56     0.00193401   
   57     0.00076178   
   58     0.00215727   
   59     0.00244760   
   60     0.00252100   
   61     0.00104591   
   62     0.00391403   
   63     0.00283314   
   64     0.00268612   
   65     0.00147848   
   66     0.00336402   
   67     0.00500950   
   68     0.00246932   
   69     0.00310573   
   70     0.00341130   
   71     0.00516025   
   72     0.00287392   
   73     0.00169740   
   74     0.00372106   
   75     0.00349204   
   76     0.00213762   
   77     0.00214217   
   78     0.00330305   
   79     0.00167603   
   80     0.00251167   
   81     0.00346110   
   82     0.00130193   
   83     0.00132853   
   84     0.00173055   
   85     0.00295957   
   86     0.00059277   
   87     0.00331450   
   88     0.00229772   
   89     0.00226524   
   90     0.00048822   
   91     0.00385847   
   92     0.00054903   
   93     0.00145326   
   94     0.00082627   
   95     0.00050875   
   96     0.00075882   
   97     0.00029000   
   98     0.00027243   
   99     0.00037236   
  100     0.00010885   
  101     0.00003337   
  102     0.00025534   
  103     0.00000720   
  104     0.00003368   
  105     0.00003258   
  106     0.00003403   
  107     0.00001587   
  108     0.00003583   
  109     0.00003631   
  110     0.00004389   
  111     0.00000870   
  112     0.00001241   
  113     0.00000878   
  114     0.00000131   
  115     0.00000089   
  116     0.00001333   
  117     0.00001947   
  118     0.00000312   
  119     0.00014835   
  120     0.00001513   
  121     0.00000931   
  122     0.00001489   
  123     0.00022083   
  124     0.00005686   
  125     0.00002691   
  126     0.00022971   
  127     0.00028834   
  128     0.00008310   
  129     0.00008371   
  130     0.00019596   
  131     0.00102895   
  132     0.00033300   
  133     0.00029708   
  134     0.00037920   
  135     0.00066748   
  136     0.00030447   
  137     0.00075454   
  138     0.00015246   
  139     0.00033681   
  140     0.00065221   
  141     0.00183097   
  142     0.00116927   
  143     0.00081398   
  144     0.00030610   
  145     0.00006744   
  146     0.00002642   
  147     0.00001369   
  148     0.00000557   
  149     0.00002856   
  150     0.00002431   
  151     0.00005418   
  152     0.00007646   
  153     0.00026684   
  154     0.00030622   
  155     0.00011501   
  156     0.00001260   
  157     0.00000726   
  158     0.00000999   
  159     0.00001203   
  160     0.00000815   
  161     0.00001166   
  162     0.00000855   
  163     0.00000497   
  164     0.00000452   
  165     0.00002160   
  166     0.00000741   
  167     0.00000311   
  168     0.00000226   
  169     0.00000488   
  170     0.00001825   
  171     0.00002990   
  172     0.00005849   
  173     0.00005845   
  174     0.00003484   
  175     0.00004936   
  176     0.00007824   
  177     0.00057792   
  178     0.00013072   
  179     0.00024595   
  180     0.00009403   
  181     0.00003414   
  182     0.00004247   
  183     0.00000946   
  184     0.00003819   
  185     0.00093759   
  186     0.00115683   
  187     0.00046800   
  188     0.00035508   
  189     0.00010063   
  190     0.00007229   
  191     0.00002549   
  192     0.00002125   
  193     0.00000722   
  194     0.00000537   
  195     0.00000151   
  196     0.00000198   
  197     0.00000807   
