    1     0.00015509   
    2     0.00053019   
    3     0.00010978   
    4     0.00078759   
    5     0.00042203   
    6     0.00011734   
    7     0.00012491   
    8     0.00017739   
    9     0.00035630   
   10     0.00061131   
   11     0.00063957   
   12     0.00039271   
   13     0.00080003   
   14     0.00019599   
   15     0.00045920   
   16     0.00085120   
   17     0.00072467   
   18     0.00386566   
   19     0.01464669   
   20     0.02878062   
   21     0.01480058   
   22     0.00983477   
   23     0.00475036   
   24     0.00343767   
   25     0.01640423   
   26     0.00291203   
   27     0.00131019   
   28     0.00054653   
   29     0.00030346   
   30     0.00045392   
   31     0.00075644   
   32     0.00042025   
   33     0.00031734   
   34     0.00083239   
   35     0.00109186   
   36     0.00040789   
   37     0.00038473   
   38     0.00024133   
   39     0.00015786   
   40     0.00043972   
   41     0.00017519   
   42     0.00043545   
   43     0.00046168   
   44     0.00026873   
   45     0.00022860   
   46     0.00035582   
   47     0.00044152   
   48     0.00124894   
   49     0.00059267   
   50     0.00041818   
   51     0.00025606   
   52     0.00041604   
   53     0.00028871   
   54     0.00028771   
   55     0.00042052   
   56     0.00049803   
   57     0.00068238   
   58     0.00037724   
   59     0.00497883   
   60     0.00082200   
   61     0.00031725   
   62     0.00049379   
   63     0.00038441   
   64     0.00040346   
   65     0.00016632   
   66     0.00035088   
   67     0.00014929   
   68     0.00027789   
   69     0.00043548   
   70     0.00086332   
   71     0.00278289   
   72     0.00120816   
   73     0.00074211   
   74     0.00287047   
   75     0.00232640   
   76     0.00060538   
   77     0.00124761   
   78     0.00161033   
   79     0.00018813   
   80     0.00030959   
   81     0.00091918   
   82     0.00095816   
   83     0.00039982   
   84     0.00045199   
   85     0.00065600   
   86     0.00062173   
   87     0.00030683   
   88     0.00013721   
   89     0.00059058   
   90     0.00079478   
   91     0.00018118   
   92     0.00059963   
   93     0.00152946   
   94     0.00106813   
   95     0.00586532   
   96     0.00476563   
   97     0.00609310   
   98     0.00411367   
   99     0.00302151   
  100     0.00944502   
  101     0.00073925   
  102     0.00071700   
  103     0.00042535   
  104     0.00004981   
  105     0.00024486   
  106     0.00019725   
  107     0.00003628   
  108     0.00007370   
  109     0.00026969   
  110     0.00094430   
  111     0.00322253   
  112     0.00083197   
  113     0.00027538   
  114     0.00127215   
  115     0.00166472   
  116     0.00064483   
  117     0.00044618   
  118     0.00182370   
  119     0.00055475   
  120     0.00052107   
  121     0.00043436   
  122     0.00039056   
  123     0.00053949   
  124     0.00033559   
  125     0.00040701   
  126     0.00084174   
  127     0.00101293   
  128     0.00058958   
  129     0.00055623   
  130     0.00102014   
  131     0.00277757   
  132     0.00391065   
  133     0.00030835   
  134     0.00072606   
  135     0.00018405   
  136     0.00009771   
  137     0.00019713   
  138     0.00020671   
  139     0.00057633   
  140     0.00050644   
  141     0.00037046   
  142     0.00113819   
  143     0.00036701   
  144     0.00123861   
  145     0.00197142   
  146     0.00159711   
  147     0.00049123   
  148     0.00012896   
  149     0.00021002   
  150     0.00063741   
  151     0.00079637   
  152     0.00008938   
  153     0.00026613   
  154     0.00097089   
  155     0.00081081   
  156     0.00018136   
  157     0.00024304   
  158     0.00017344   
  159     0.00007222   
  160     0.00019298   
  161     0.00038404   
  162     0.00006850   
  163     0.00010176   
  164     0.00018309   
  165     0.00059919   
  166     0.00070549   
  167     0.00051373   
  168     0.00124491   
  169     0.00171446   
  170     0.00073187   
  171     0.00033673   
  172     0.00070134   
  173     0.00021194   
  174     0.00019733   
  175     0.00030881   
  176     0.00054394   
  177     0.00053852   
  178     0.00035999   
  179     0.00028449   
  180     0.00015577   
  181     0.00018945   
  182     0.00089723   
  183     0.00139292   
  184     0.00008634   
  185     0.00069167   
  186     0.00050726   
  187     0.00008490   
  188     0.00055344   
  189     0.00035202   
  190     0.00040598   
  191     0.00019252   
  192     0.00024089   
  193     0.00021998   
  194     0.00047652   
  195     0.00177706   
  196     0.00172506   
  197     0.00348991   
  198     0.00132625   
  199     0.00074274   
  200     0.00012970   
  201     0.00025882   
  202     0.00013390   
  203     0.00029391   
  204     0.00027658   
  205     0.00035271   
  206     0.00021702   
  207     0.00045249   
  208     0.00067432   
  209     0.00027158   
  210     0.00037352   
  211     0.00062693   
  212     0.00021350   
  213     0.00067822   
  214     0.00054906   
  215     0.00012940   
  216     0.00068138   
  217     0.00038560   
  218     0.00036835   
  219     0.00017488   
  220     0.00027499   
  221     0.00164045   
  222     0.00005941   
  223     0.00007891   
  224     0.00022518   
  225     0.00034178   
  226     0.00323612   
  227     0.00054578   
  228     0.00425446   
  229     0.00585960   
  230     0.00085111   
  231     0.00250396   
  232     0.00117260   
  233     0.00075053   
  234     0.00087822   
  235     0.00230117   
  236     0.00176728   
  237     0.00198126   
  238     0.00367345   
  239     0.00112513   
  240     0.00110361   
  241     0.00123564   
  242     0.00029916   
  243     0.00030061   
  244     0.00070562   
  245     0.00014204   
  246     0.00004345   
  247     0.00028114   
  248     0.00138965   
  249     0.00009336   
  250     0.00333063   
  251     0.00029511   
  252     0.00114873   
  253     0.00298731   
  254     0.00108135   
  255     0.00087319   
  256     0.00894859   
  257     0.00348204   
  258     0.00057638   
  259     0.00165015   
  260     0.00339005   
  261     0.00281130   
  262     0.00143612   
  263     0.00129807   
  264     0.00109871   
  265     0.00166674   
  266     0.00073995   
  267     0.00177872   
  268     0.00040950   
  269     0.00056097   
  270     0.00178696   
  271     0.00491904   
  272     0.00073342   
  273     0.00081408   
  274     0.00191397   
  275     0.00231944   
  276     0.00064011   
  277     0.00039986   
  278     0.00035359   
  279     0.00133527   
  280     0.00055599   
  281     0.00087167   
  282     0.00152885   
  283     0.00338059   
  284     0.00122691   
  285     0.00157826   
  286     0.00097303   
  287     0.00298902   
  288     0.00151099   
  289     0.00497014   
  290     0.00297629   
  291     0.00424632   
  292     0.00180482   
  293     0.00115489   
  294     0.00399192   
  295     0.00056491   
  296     0.00056754   
  297     0.00046925   
  298     0.00088596   
  299     0.00027181   
  300     0.00051507   
  301     0.00012895   
  302     0.00082977   
  303     0.00014788   
  304     0.00029808   
  305     0.00104141   
  306     0.00025195   
  307     0.00012236   
  308     0.00145382   
  309     0.00033196   
  310     0.00021287   
  311     0.00038991   
  312     0.00067021   
  313     0.00055337   
  314     0.00006230   
  315     0.00002731   
  316     0.00007782   
  317     0.00012448   
  318     0.00001720   
  319     0.00006839   
  320     0.00018706   
  321     0.00005919   
  322     0.00005059   
  323     0.00010387   
  324     0.00022121   
  325     0.00004085   
  326     0.00004880   
  327     0.00005955   
  328     0.00003406   
  329     0.00005705   
  330     0.00018411   
  331     0.00059438   
  332     0.00011022   
  333     0.00019728   
  334     0.00073789   
  335     0.00004390   
  336     0.00037400   
  337     0.00047363   
  338     0.00063758   
  339     0.00054725   
  340     0.00063314   
  341     0.00074197   
  342     0.00078234   
  343     0.00616431   
  344     0.00191114   
  345     0.00049447   
  346     0.00480329   
  347     0.00136201   
  348     0.00039039   
  349     0.00039570   
  350     0.00044163   
  351     0.00018594   
  352     0.00003892   
  353     0.00013407   
  354     0.00009386   
  355     0.00005843   
  356     0.00007815   
  357     0.00011692   
  358     0.00003536   
  359     0.00024382   
  360     0.00016611   
  361     0.00026441   
  362     0.00043179   
  363     0.00034412   
  364     0.00002883   
  365     0.00006248   
  366     0.00012157   
  367     0.00028981   
  368     0.00051425   
  369     0.00051420   
  370     0.00031247   
  371     0.00021754   
  372     0.00022766   
  373     0.00272242   
  374     0.00028350   
  375     0.00034505   
  376     0.00056208   
  377     0.00237974   
  378     0.00158829   
  379     0.00053201   
  380     0.00060782   
  381     0.00299671   
  382     0.00251487   
  383     0.00258108   
  384     0.00041779   
  385     0.00130829   
  386     0.00097060   
  387     0.00207385   
  388     0.00088046   
  389     0.00089389   
  390     0.00049569   
  391     0.00230735   
  392     0.00283663   
  393     0.00096944   
  394     0.00195065   
  395     0.00252521   
  396     0.00758558   
  397     0.01431960   
  398     0.00248073   
  399     0.00410932   
  400     0.00148722   
  401     0.00177042   
  402     0.00299039   
  403     0.01031207   
  404     0.00244074   
  405     0.00054240   
  406     0.00292689   
  407     0.00136158   
  408     0.00166048   
  409     0.00184333   
  410     0.00286772   
  411     0.00785738   
  412     0.01186053   
  413     0.00297950   
  414     0.00493975   
  415     0.00309211   
  416     0.00977545   
  417     0.00735333   
  418     0.00284095   
  419     0.00130614   
  420     0.00815015   
  421     0.00402884   
  422     0.00379264   
  423     0.00286821   
  424     0.00529804   
  425     0.00199827   
  426     0.00507266   
  427     0.00028925   
  428     0.00069404   
  429     0.00706466   
  430     0.00044149   
  431     0.00055053   
  432     0.00011335   
  433     0.00043529   
  434     0.00031793   
  435     0.00039104   
  436     0.00111117   
  437     0.00044404   
  438     0.00292230   
  439     0.00044778   
  440     0.00226182   
  441     0.00251671   
  442     0.00353765   
  443     0.00224929   
  444     0.00609185   
  445     0.00429303   
  446     0.00196017   
  447     0.00334756   
  448     0.00433332   
  449     0.00338794   
  450     0.00546996   
  451     0.00204062   
  452     0.01941327   
  453     0.00350897   
  454     0.00159185   
  455     0.00228286   
  456     0.00126578   
  457     0.00237366   
  458     0.00099287   
  459     0.00078308   
  460     0.00071705   
  461     0.00040456   
  462     0.00041392   
  463     0.00018478   
  464     0.00033707   
  465     0.00035413   
  466     0.00013166   
  467     0.00055960   
  468     0.00057547   
  469     0.00046681   
  470     0.00112739   
  471     0.00154537   
  472     0.00073769   
  473     0.00334719   
  474     0.00543992   
  475     0.00196660   
  476     0.00709254   
  477     0.00348352   
  478     0.00130812   
  479     0.00195037   
  480     0.00167813   
  481     0.00040261   
  482     0.00381109   
  483     0.00141343   
  484     0.00249560   
  485     0.00212918   
  486     0.00118349   
  487     0.00123613   
  488     0.00118219   
  489     0.00177823   
  490     0.00088866   
  491     0.00076369   
  492     0.00058596   
  493     0.00029975   
  494     0.00029396   
  495     0.00079759   
  496     0.00078649   
  497     0.00116543   
  498     0.00080252   
  499     0.00186645   
  500     0.00150852   
  501     0.00127474   
  502     0.00119688   
  503     0.00188733   
  504     0.00109944   
  505     0.00066291   
  506     0.00290468   
  507     0.00542025   
  508     0.00071913   
  509     0.00314826   
  510     0.00476128   
  511     0.01950886   
  512     0.01311010   
  513     0.00275005   
  514     0.00236685   
  515     0.00783079   
  516     0.00558551   
  517     0.00161115   
  518     0.00525600   
  519     0.00250463   
  520     0.00063868   
  521     0.00101097   
  522     0.00208291   
  523     0.00113798   
  524     0.00054518   
  525     0.00184341   
  526     0.00427946   
  527     0.00118562   
  528     0.00226084   
  529     0.00367241   
  530     0.00084216   
  531     0.00103988   
  532     0.00091855   
  533     0.00074254   
  534     0.00095125   
  535     0.00103721   
  536     0.00086408   
  537     0.00045702   
  538     0.00072956   
  539     0.00153135   
  540     0.00015205   
  541     0.00026683   
  542     0.00068357   
  543     0.00044244   
  544     0.00005442   
  545     0.00010009   
  546     0.00029038   
  547     0.00018903   
  548     0.00005419   
  549     0.00065989   
  550     0.00039232   
  551     0.00009832   
  552     0.00001577   
  553     0.00003208   
  554     0.00013331   
  555     0.00002247   
  556     0.00008627   
  557     0.00037292   
  558     0.00008781   
  559     0.00005449   
  560     0.00006770   
  561     0.00012787   
  562     0.00019761   
  563     0.00007022   
  564     0.00018907   
  565     0.00011678   
  566     0.00006110   
  567     0.00006166   
  568     0.00027490   
  569     0.00020965   
  570     0.00003169   
  571     0.00005358   
  572     0.00024867   
  573     0.00008387   
  574     0.00007073   
  575     0.00003906   
  576     0.00012730   
  577     0.00000844   
  578     0.00003455   
  579     0.00023884   
  580     0.00004224   
  581     0.00225804   
  582     0.00008007   
  583     0.00003594   
  584     0.00096662   
  585     0.00130337   
  586     0.00038985   
  587     0.00025872   
  588     0.00076367   
  589     0.00037110   
  590     0.00045013   
  591     0.00026370   
  592     0.00035148   
  593     0.00012739   
  594     0.00040284   
  595     0.00020714   
  596     0.00024720   
  597     0.00040149   
  598     0.00028428   
  599     0.00083235   
  600     0.00074825   
  601     0.00147178   
  602     0.00234703   
  603     0.00073536   
  604     0.00313018   
  605     0.00004948   
   39     0.00003826   
   40     0.00012506   
   41     0.00006980   
   42     0.00008462   
   43     0.00034716   
   44     0.00051667   
   45     0.00006248   
   46     0.00237772   
   47     0.00052900   
   48     0.00024950   
   49     0.00007880   
   50     0.00018024   
   51     0.00017050   
   52     0.00005624   
   53     0.00029043   
   54     0.00008653   
   55     0.00021363   
   56     0.00015162   
   57     0.00023438   
   58     0.00014843   
   59     0.00013604   
   60     0.00015579   
   61     0.00005670   
   62     0.00013277   
   63     0.00011310   
   64     0.00010435   
   65     0.00005634   
   66     0.00011779   
   67     0.00040241   
   68     0.00015483   
   69     0.00041094   
   70     0.00119294   
   71     0.00014487   
   72     0.00897560   
   73     0.00147376   
   74     0.00232999   
   75     0.00293114   
   76     0.00114550   
   77     0.00149902   
   78     0.00052899   
   79     0.00171566   
   80     0.00063451   
   81     0.00089882   
   82     0.00084186   
   83     0.00037934   
   84     0.00098274   
   85     0.00158465   
   86     0.00079869   
   87     0.00033879   
   88     0.00094861   
   89     0.00081819   
   90     0.00058297   
   91     0.00153976   
   92     0.00106767   
   93     0.00079213   
   94     0.00117806   
   95     0.00039204   
   96     0.00022602   
   97     0.00016714   
   98     0.00027673   
   99     0.00059394   
  100     0.00107478   
  101     0.00027177   
  102     0.00034839   
  103     0.00018654   
  104     0.00149968   
  105     0.00004292   
  106     0.00015022   
  107     0.00026841   
  108     0.00011538   
  109     0.00019849   
  110     0.00044335   
  111     0.00003934   
  112     0.00002090   
  113     0.00003847   
  114     0.00001858   
  115     0.00001938   
  116     0.00006520   
  117     0.00013181   
  118     0.00001247   
  119     0.00000783   
  120     0.00017364   
  121     0.00008297   
  122     0.00007292   
  123     0.00028668   
  124     0.00023533   
  125     0.00006266   
  126     0.00012747   
  127     0.00087902   
  128     0.00013616   
  129     0.00004060   
  130     0.00026716   
  131     0.00030048   
  132     0.00017979   
  133     0.00015919   
  134     0.00047413   
  135     0.00013610   
  136     0.00018270   
  137     0.00042776   
  138     0.00026815   
  139     0.00010916   
  140     0.00015034   
  141     0.00006788   
  142     0.00006624   
  143     0.00007256   
  144     0.00024934   
  145     0.00019682   
  146     0.00015331   
  147     0.00024664   
  148     0.00007114   
  149     0.00088937   
  150     0.00034876   
  151     0.00043014   
  152     0.00086368   
  153     0.00032797   
  154     0.00053411   
  155     0.00061518   
  156     0.00074469   
  157     0.00709937   
  158     0.00150980   
  159     0.00209520   
  160     0.00061538   
  161     0.00054554   
  162     0.00052287   
  163     0.00033960   
  164     0.00016026   
  165     0.00018855   
  166     0.00004590   
  167     0.00004195   
  168     0.00037914   
  169     0.00013387   
  170     0.00031250   
  171     0.00028408   
  172     0.00050553   
  173     0.00070658   
  174     0.00245470   
  175     0.00175678   
  176     0.00033830   
  177     0.00029585   
  178     0.00007475   
  179     0.00015487   
  180     0.00055965   
  181     0.00014086   
  182     0.00015349   
  183     0.00069597   
  184     0.00030236   
  185     0.00050828   
  186     0.00035228   
  187     0.00021234   
  188     0.00014762   
  189     0.00031800   
  190     0.00044218   
  191     0.00026447   
  192     0.00030653   
  193     0.00029242   
  194     0.00079844   
  195     0.00008405   
  196     0.00041382   
  197     0.00058338   
   39     0.00040078   
   40     0.00010326   
   41     0.00012276   
   42     0.00024730   
   43     0.00060560   
   44     0.00017525   
   45     0.00023247   
   46     0.00022796   
   47     0.00045886   
   48     0.00010268   
   49     0.00012916   
   50     0.00025289   
   51     0.00018646   
   52     0.00020179   
   53     0.00014133   
   54     0.00016254   
   55     0.00024877   
   56     0.00023190   
   57     0.00005415   
   58     0.00009530   
   59     0.00026233   
   60     0.00012005   
   61     0.00004212   
   62     0.00011616   
   63     0.00018105   
   64     0.00007635   
   65     0.00009998   
   66     0.00007715   
   67     0.00016152   
   68     0.00010284   
   69     0.00015407   
   70     0.00002908   
   71     0.00014176   
   72     0.00023610   
   73     0.00033305   
   74     0.00009659   
   75     0.00019365   
   76     0.00023343   
   77     0.00055390   
   78     0.00023466   
   79     0.00007438   
   80     0.00037449   
   81     0.00017158   
   82     0.00031031   
   83     0.00058720   
   84     0.00017321   
   85     0.00009345   
   86     0.00067612   
   87     0.00060538   
   88     0.00074059   
   89     0.00034603   
   90     0.00073801   
   91     0.00059111   
   92     0.00063276   
   93     0.00032023   
   94     0.00013022   
   95     0.00040110   
   96     0.00025855   
   97     0.00003941   
   98     0.00013587   
   99     0.00060249   
  100     0.00010851   
  101     0.00005746   
  102     0.00014264   
  103     0.00008766   
  104     0.00001450   
  105     0.00002886   
  106     0.00005620   
  107     0.00003424   
  108     0.00005410   
  109     0.00009757   
  110     0.00007988   
  111     0.00005390   
  112     0.00003671   
  113     0.00026587   
  114     0.00001950   
  115     0.00002908   
  116     0.00005164   
  117     0.00023746   
  118     0.00001439   
  119     0.00009495   
  120     0.00002002   
  121     0.00003449   
  122     0.00008810   
  123     0.00008528   
  124     0.00009692   
  125     0.00013250   
  126     0.00014695   
  127     0.00034389   
  128     0.00007886   
  129     0.00025731   
  130     0.00043844   
  131     0.00053107   
  132     0.00015985   
  133     0.00019414   
  134     0.00052761   
  135     0.00003019   
  136     0.00033470   
  137     0.00062198   
  138     0.00006830   
  139     0.00030308   
  140     0.00021621   
  141     0.00007940   
  142     0.00001648   
  143     0.00003634   
  144     0.00001901   
  145     0.00001121   
  146     0.00000344   
  147     0.00000387   
  148     0.00000065   
  149     0.00000257   
  150     0.00000266   
  151     0.00000314   
  152     0.00000465   
  153     0.00000975   
  154     0.00002115   
  155     0.00000650   
  156     0.00000204   
  157     0.00000029   
  158     0.00000056   
  159     0.00000055   
  160     0.00000494   
  161     0.00000799   
  162     0.00000332   
  163     0.00000239   
  164     0.00000097   
  165     0.00000309   
  166     0.00000078   
  167     0.00000103   
  168     0.00000118   
  169     0.00000063   
  170     0.00000694   
  171     0.00001584   
  172     0.00001085   
  173     0.00001117   
  174     0.00000339   
  175     0.00005204   
  176     0.00004399   
  177     0.00001813   
  178     0.00019003   
  179     0.00003163   
  180     0.00010696   
  181     0.00005066   
  182     0.00002051   
  183     0.00004194   
  184     0.00001563   
  185     0.00011742   
  186     0.00008788   
  187     0.00003719   
  188     0.00002533   
  189     0.00001237   
  190     0.00001017   
  191     0.00000359   
  192     0.00000135   
  193     0.00000116   
  194     0.00000117   
  195     0.00000250   
  196     0.00000063   
  197     0.00000513   
