    1     0.00010898   
    2     0.00020473   
    3     0.00026766   
    4     0.00044829   
    5     0.00035387   
    6     0.00010720   
    7     0.00039911   
    8     0.00023088   
    9     0.00065709   
   10     0.00043550   
   11     0.00094313   
   12     0.00132273   
   13     0.00069081   
   14     0.00052562   
   15     0.00013731   
   16     0.00012123   
   17     0.00009026   
   18     0.00012299   
   19     0.00016023   
   20     0.00024338   
   21     0.00000413   
   22     0.00008307   
   23     0.00001549   
   24     0.00002245   
   25     0.00001370   
   26     0.00010350   
   27     0.00004491   
   28     0.00004595   
   29     0.00011059   
   30     0.00007021   
   31     0.00097350   
   32     0.00022233   
   33     0.00019665   
   34     0.00011882   
   35     0.00012218   
   36     0.00029069   
   37     0.00039427   
   38     0.00103731   
   39     0.00168545   
   40     0.00176427   
   41     0.00051447   
   42     0.00080715   
   43     0.00026881   
   44     0.00050863   
   45     0.00002366   
   46     0.00012858   
   47     0.00014788   
   48     0.00035153   
   49     0.00072744   
   50     0.00115299   
   51     0.00065966   
   52     0.00111609   
   53     0.00141496   
   54     0.00019397   
   55     0.00270239   
   56     0.00103576   
   57     0.00200249   
   58     0.00250340   
   59     0.00640349   
   60     0.00357886   
   61     0.00195449   
   62     0.00356736   
   63     0.00042619   
   64     0.00075221   
   65     0.00090032   
   66     0.00359561   
   67     0.00155441   
   68     0.00325300   
   69     0.00161889   
   70     0.00117633   
   71     0.00102794   
   72     0.00091054   
   73     0.00050382   
   74     0.00038781   
   75     0.00025898   
   76     0.00005246   
   77     0.00015095   
   78     0.00033639   
   79     0.00028238   
   80     0.00007461   
   81     0.00222162   
   82     0.00044352   
   83     0.00036286   
   84     0.00030420   
   85     0.00073055   
   86     0.00021416   
   87     0.00039718   
   88     0.00046860   
   89     0.00188614   
   90     0.00177407   
   91     0.00098328   
   92     0.00070249   
   93     0.00024333   
   94     0.00033767   
   95     0.00011488   
   96     0.00039593   
   97     0.00004941   
   98     0.00002987   
   99     0.00003591   
  100     0.00014511   
  101     0.00024346   
  102     0.00058519   
  103     0.00080577   
  104     0.00040351   
  105     0.00038711   
  106     0.00046381   
  107     0.00012735   
  108     0.00043372   
  109     0.00058197   
  110     0.00140141   
  111     0.00079088   
  112     0.00067798   
  113     0.00109581   
  114     0.00129298   
  115     0.00168577   
  116     0.00042706   
  117     0.00028317   
  118     0.00089493   
  119     0.00093907   
  120     0.00058950   
  121     0.00031247   
  122     0.00107876   
  123     0.00041541   
  124     0.00087030   
  125     0.00023418   
  126     0.00018235   
  127     0.00025720   
  128     0.00002678   
  129     0.00001238   
  130     0.00016112   
  131     0.00064428   
  132     0.00021286   
  133     0.00003373   
  134     0.00021698   
  135     0.00035855   
  136     0.00035125   
  137     0.00026940   
  138     0.00026206   
  139     0.00071459   
  140     0.00053516   
  141     0.00078706   
  142     0.00128420   
  143     0.00066978   
  144     0.00277124   
  145     0.00045144   
  146     0.00024633   
  147     0.00026678   
  148     0.00014883   
  149     0.00003240   
  150     0.00055032   
  151     0.00043581   
  152     0.00011850   
  153     0.00014583   
  154     0.00093735   
  155     0.00102890   
  156     0.00028868   
  157     0.00023630   
  158     0.00057485   
  159     0.00019267   
  160     0.00035685   
  161     0.00060417   
  162     0.00025357   
  163     0.00048057   
  164     0.00030841   
  165     0.00030232   
  166     0.00028380   
  167     0.00093328   
  168     0.00088965   
  169     0.00361708   
  170     0.00112276   
  171     0.00028524   
  172     0.00038345   
  173     0.00048200   
  174     0.00029717   
  175     0.00130038   
  176     0.00199602   
  177     0.00105537   
  178     0.00240405   
  179     0.00274361   
  180     0.00305077   
  181     0.00502153   
  182     0.00321588   
  183     0.00734120   
  184     0.00163582   
  185     0.00141696   
  186     0.00162985   
  187     0.00125586   
  188     0.00288461   
  189     0.00038647   
  190     0.00183489   
  191     0.00035072   
  192     0.00022486   
  193     0.00031921   
  194     0.00015413   
  195     0.00031182   
  196     0.00078355   
  197     0.00105559   
  198     0.00093310   
  199     0.00202248   
  200     0.00058842   
  201     0.00114163   
  202     0.00032361   
  203     0.00062896   
  204     0.00080051   
  205     0.00071429   
  206     0.00106697   
  207     0.00133889   
  208     0.00281104   
  209     0.00167592   
  210     0.00135067   
  211     0.00213176   
  212     0.00156133   
  213     0.00353331   
  214     0.00396254   
  215     0.00181173   
  216     0.00382865   
  217     0.00321273   
  218     0.00193817   
  219     0.00066654   
  220     0.00100884   
  221     0.00187620   
  222     0.00046058   
  223     0.00144657   
  224     0.00186642   
  225     0.00254898   
  226     0.00080374   
  227     0.00238645   
  228     0.00063942   
  229     0.00171005   
  230     0.00033985   
  231     0.00010050   
  232     0.00068075   
  233     0.00083100   
  234     0.00019961   
  235     0.00035825   
  236     0.00184137   
  237     0.00039800   
  238     0.00040947   
  239     0.00437312   
  240     0.00134489   
  241     0.00185524   
  242     0.00243765   
  243     0.00041396   
  244     0.00180996   
  245     0.00187381   
  246     0.00030749   
  247     0.00050335   
  248     0.00200896   
  249     0.00040218   
  250     0.01591863   
  251     0.00146162   
  252     0.00785277   
  253     0.00081788   
  254     0.00059676   
  255     0.00273570   
  256     0.00393512   
  257     0.01261120   
  258     0.00216760   
  259     0.00123880   
  260     0.00308207   
  261     0.00126935   
  262     0.00154169   
  263     0.00251094   
  264     0.00058905   
  265     0.00040024   
  266     0.00041724   
  267     0.00057249   
  268     0.00065699   
  269     0.00150039   
  270     0.00056233   
  271     0.00342642   
  272     0.00084367   
  273     0.00137569   
  274     0.00349574   
  275     0.00174654   
  276     0.00049477   
  277     0.00056814   
  278     0.00098670   
  279     0.00127712   
  280     0.00054311   
  281     0.00155575   
  282     0.00199834   
  283     0.00708604   
  284     0.01064396   
  285     0.02620127   
  286     0.00895446   
  287     0.00948042   
  288     0.01668192   
  289     0.02679707   
  290     0.01511946   
  291     0.03256586   
  292     0.01850701   
  293     0.04110909   
  294     0.04027420   
  295     0.00820733   
  296     0.00964945   
  297     0.00153547   
  298     0.00354903   
  299     0.00091004   
  300     0.00211898   
  301     0.00047582   
  302     0.00080150   
  303     0.00011729   
  304     0.00033030   
  305     0.00112352   
  306     0.00391889   
  307     0.00028919   
  308     0.00344773   
  309     0.00065537   
  310     0.00169241   
  311     0.00125802   
  312     0.00025892   
  313     0.00258195   
  314     0.00055630   
  315     0.00115102   
  316     0.00075352   
  317     0.00023124   
  318     0.00038269   
  319     0.00124404   
  320     0.00019851   
  321     0.00021393   
  322     0.00020952   
  323     0.00023094   
  324     0.00039167   
  325     0.00002012   
  326     0.00013304   
  327     0.00005702   
  328     0.00001470   
  329     0.00013035   
  330     0.00016421   
  331     0.00071588   
  332     0.00025014   
  333     0.00009461   
  334     0.00105950   
  335     0.00040048   
  336     0.00201992   
  337     0.00116830   
  338     0.00055021   
  339     0.00138307   
  340     0.00065654   
  341     0.00056747   
  342     0.00120398   
  343     0.00190710   
  344     0.00173637   
  345     0.00352833   
  346     0.00535875   
  347     0.00265219   
  348     0.00546219   
  349     0.00051710   
  350     0.00227525   
  351     0.00041041   
  352     0.00079587   
  353     0.00132174   
  354     0.00017382   
  355     0.00005337   
  356     0.00012368   
  357     0.00042586   
  358     0.00018476   
  359     0.00059671   
  360     0.00062928   
  361     0.00119250   
  362     0.00118804   
  363     0.00203021   
  364     0.00179641   
  365     0.00168779   
  366     0.00111483   
  367     0.00155810   
  368     0.00051609   
  369     0.00027955   
  370     0.00183709   
  371     0.00036919   
  372     0.00018367   
  373     0.00079920   
  374     0.00027831   
  375     0.00058874   
  376     0.00020753   
  377     0.00105881   
  378     0.00355566   
  379     0.00037512   
  380     0.00036863   
  381     0.00046843   
  382     0.00085182   
  383     0.00114537   
  384     0.00051247   
  385     0.00075879   
  386     0.00120483   
  387     0.00209498   
  388     0.00270532   
  389     0.00133136   
  390     0.00128204   
  391     0.00064577   
  392     0.00039554   
  393     0.00024498   
  394     0.00010600   
  395     0.00006613   
  396     0.00049161   
  397     0.00049939   
  398     0.00017528   
  399     0.00045403   
  400     0.00028970   
  401     0.00038885   
  402     0.00175369   
  403     0.00193211   
  404     0.00013796   
  405     0.00030952   
  406     0.00065022   
  407     0.00022823   
  408     0.00012155   
  409     0.00054833   
  410     0.00143066   
  411     0.00058579   
  412     0.00053785   
  413     0.00057320   
  414     0.00048478   
  415     0.00026869   
  416     0.00088355   
  417     0.00093699   
  418     0.00119747   
  419     0.00039395   
  420     0.00085462   
  421     0.00095152   
  422     0.00137460   
  423     0.00155467   
  424     0.00135795   
  425     0.00102512   
  426     0.00225650   
  427     0.00041956   
  428     0.00090618   
  429     0.00080444   
  430     0.00008800   
  431     0.00005224   
  432     0.00007382   
  433     0.00069761   
  434     0.00017449   
  435     0.00012956   
  436     0.00207230   
  437     0.00116091   
  438     0.00151079   
  439     0.00053290   
  440     0.00048072   
  441     0.00037923   
  442     0.00048426   
  443     0.00024892   
  444     0.00096960   
  445     0.00026413   
  446     0.00026468   
  447     0.00054683   
  448     0.00068227   
  449     0.00044202   
  450     0.00080868   
  451     0.00020354   
  452     0.00211599   
  453     0.00054136   
  454     0.00064401   
  455     0.00009714   
  456     0.00026012   
  457     0.00159930   
  458     0.00069984   
  459     0.00055527   
  460     0.00030913   
  461     0.00005708   
  462     0.00015902   
  463     0.00001577   
  464     0.00004280   
  465     0.00004005   
  466     0.00003887   
  467     0.00009868   
  468     0.00007711   
  469     0.00004380   
  470     0.00018111   
  471     0.00043096   
  472     0.00033081   
  473     0.00057625   
  474     0.00059029   
  475     0.00030092   
  476     0.00042900   
  477     0.00049992   
  478     0.00047484   
  479     0.00060151   
  480     0.00179097   
  481     0.00082526   
  482     0.00112604   
  483     0.00095138   
  484     0.00006780   
  485     0.00089709   
  486     0.00067253   
  487     0.00028952   
  488     0.00007417   
  489     0.00015776   
  490     0.00001993   
  491     0.00004563   
  492     0.00002138   
  493     0.00000960   
  494     0.00002542   
  495     0.00007295   
  496     0.00010869   
  497     0.00060023   
  498     0.00056857   
  499     0.00081661   
  500     0.00040970   
  501     0.00031967   
  502     0.00009868   
  503     0.00182495   
  504     0.00026828   
  505     0.00073405   
  506     0.00240968   
  507     0.00085424   
  508     0.00066289   
  509     0.00019156   
  510     0.00020604   
  511     0.00093356   
  512     0.00041926   
  513     0.00015476   
  514     0.00020487   
  515     0.00077792   
  516     0.00026304   
  517     0.00033339   
  518     0.00060915   
  519     0.00054232   
  520     0.00038720   
  521     0.00030337   
  522     0.00007489   
  523     0.00038527   
  524     0.00013934   
  525     0.00031701   
  526     0.00036027   
  527     0.00036451   
  528     0.00055228   
  529     0.00045518   
  530     0.00031546   
  531     0.00027313   
  532     0.00025736   
  533     0.00011955   
  534     0.00021651   
  535     0.00020363   
  536     0.00029036   
  537     0.00034802   
  538     0.00031012   
  539     0.00013666   
  540     0.00017165   
  541     0.00074984   
  542     0.00064129   
  543     0.00025802   
  544     0.00011391   
  545     0.00068421   
  546     0.00086912   
  547     0.00059832   
  548     0.00010919   
  549     0.00043921   
  550     0.00114409   
  551     0.00009192   
  552     0.00009803   
  553     0.00015045   
  554     0.00038351   
  555     0.00001807   
  556     0.00030573   
  557     0.00167479   
  558     0.00033833   
  559     0.00008624   
  560     0.00006378   
  561     0.00007952   
  562     0.00120867   
  563     0.00018929   
  564     0.00015205   
  565     0.00043210   
  566     0.00074860   
  567     0.00043137   
  568     0.00036724   
  569     0.00057083   
  570     0.00025771   
  571     0.00053223   
  572     0.00033740   
  573     0.00005837   
  574     0.00011968   
  575     0.00050752   
  576     0.00013165   
  577     0.00002824   
  578     0.00011910   
  579     0.00022653   
  580     0.00005443   
  581     0.00043708   
  582     0.00003486   
  583     0.00016603   
  584     0.00021797   
  585     0.00015889   
  586     0.00014697   
  587     0.00043625   
  588     0.00028901   
  589     0.00033575   
  590     0.00024394   
  591     0.00027470   
  592     0.00146886   
  593     0.00003215   
  594     0.00012355   
  595     0.00053655   
  596     0.00025631   
  597     0.00068251   
  598     0.00099221   
  599     0.00417174   
  600     0.00104284   
  601     0.00516483   
  602     0.00155426   
  603     0.00492698   
  604     0.00693727   
  605     0.00273990   
   39     0.00002021   
   40     0.00011980   
   41     0.00007282   
   42     0.00046000   
   43     0.00018229   
   44     0.00022026   
   45     0.00001914   
   46     0.00037783   
   47     0.00034447   
   48     0.00019637   
   49     0.00034860   
   50     0.00042613   
   51     0.00034321   
   52     0.00032778   
   53     0.00036496   
   54     0.00018340   
   55     0.00032574   
   56     0.00023686   
   57     0.00015146   
   58     0.00029580   
   59     0.00049729   
   60     0.00011216   
   61     0.00010914   
   62     0.00071360   
   63     0.00072034   
   64     0.00011395   
   65     0.00008817   
   66     0.00081682   
   67     0.00089271   
   68     0.00029119   
   69     0.00018106   
   70     0.00026718   
   71     0.00136881   
   72     0.00078934   
   73     0.00010499   
   74     0.00016752   
   75     0.00042651   
   76     0.00032218   
   77     0.00028853   
   78     0.00020061   
   79     0.00006832   
   80     0.00013407   
   81     0.00015869   
   82     0.00021005   
   83     0.00008254   
   84     0.00006671   
   85     0.00059354   
   86     0.00015527   
   87     0.00011531   
   88     0.00034677   
   89     0.00022364   
   90     0.00013193   
   91     0.00039317   
   92     0.00033664   
   93     0.00038942   
   94     0.00020687   
   95     0.00035168   
   96     0.00105258   
   97     0.00021375   
   98     0.00044718   
   99     0.00074666   
  100     0.00105323   
  101     0.00099621   
  102     0.00061979   
  103     0.00076866   
  104     0.00260125   
  105     0.00106705   
  106     0.00141804   
  107     0.00394250   
  108     0.00294934   
  109     0.00120958   
  110     0.00157501   
  111     0.00009808   
  112     0.00000662   
  113     0.00005116   
  114     0.00001313   
  115     0.00004066   
  116     0.00043428   
  117     0.00064074   
  118     0.00093300   
  119     0.00029484   
  120     0.00144420   
  121     0.00084919   
  122     0.00113512   
  123     0.00061154   
  124     0.00040188   
  125     0.00078882   
  126     0.00061120   
  127     0.00093734   
  128     0.00043705   
  129     0.00087292   
  130     0.00037968   
  131     0.00085296   
  132     0.00068178   
  133     0.00084932   
  134     0.00077927   
  135     0.00035048   
  136     0.00004464   
  137     0.00131891   
  138     0.00016182   
  139     0.00056955   
  140     0.00048256   
  141     0.00102832   
  142     0.00108138   
  143     0.00253631   
  144     0.00217956   
  145     0.00112425   
  146     0.00090790   
  147     0.00023301   
  148     0.00120908   
  149     0.00576084   
  150     0.00302023   
  151     0.00058390   
  152     0.00228170   
  153     0.00208028   
  154     0.00124880   
  155     0.00078739   
  156     0.00102278   
  157     0.00125413   
  158     0.00524749   
  159     0.00862960   
  160     0.00108428   
  161     0.00092653   
  162     0.00024999   
  163     0.00054961   
  164     0.00028201   
  165     0.00111421   
  166     0.00081407   
  167     0.00048882   
  168     0.00362527   
  169     0.00159565   
  170     0.00142871   
  171     0.00051230   
  172     0.00043790   
  173     0.00208462   
  174     0.00405055   
  175     0.00373266   
  176     0.00163008   
  177     0.00010914   
  178     0.00067487   
  179     0.00016247   
  180     0.00054012   
  181     0.00005599   
  182     0.00003466   
  183     0.00025162   
  184     0.00052082   
  185     0.00080273   
  186     0.00056765   
  187     0.00029990   
  188     0.00135640   
  189     0.00044934   
  190     0.00081205   
  191     0.00117501   
  192     0.00254447   
  193     0.00218580   
  194     0.00168278   
  195     0.00082979   
  196     0.00047254   
  197     0.00058037   
   39     0.00011910   
   40     0.00017632   
   41     0.00005519   
   42     0.00028263   
   43     0.00023438   
   44     0.00024782   
   45     0.00050397   
   46     0.00023402   
   47     0.00027813   
   48     0.00056182   
   49     0.00047715   
   50     0.00019717   
   51     0.00035777   
   52     0.00064099   
   53     0.00006956   
   54     0.00018970   
   55     0.00030677   
   56     0.00022315   
   57     0.00007196   
   58     0.00014044   
   59     0.00003962   
   60     0.00010194   
   61     0.00010710   
   62     0.00003195   
   63     0.00003343   
   64     0.00009561   
   65     0.00021593   
   66     0.00006604   
   67     0.00006762   
   68     0.00011715   
   69     0.00014329   
   70     0.00006696   
   71     0.00008985   
   72     0.00017671   
   73     0.00015503   
   74     0.00010022   
   75     0.00013809   
   76     0.00016282   
   77     0.00010956   
   78     0.00013591   
   79     0.00017617   
   80     0.00012919   
   81     0.00014785   
   82     0.00019648   
   83     0.00014792   
   84     0.00012754   
   85     0.00024977   
   86     0.00033193   
   87     0.00053837   
   88     0.00056657   
   89     0.00061617   
   90     0.00025182   
   91     0.00161509   
   92     0.00071407   
   93     0.00112178   
   94     0.00080353   
   95     0.00092128   
   96     0.00174227   
   97     0.00069472   
   98     0.00067675   
   99     0.00021484   
  100     0.00080085   
  101     0.00118178   
  102     0.00045901   
  103     0.00010918   
  104     0.00120830   
  105     0.00060530   
  106     0.00131486   
  107     0.00050404   
  108     0.00146475   
  109     0.00125630   
  110     0.00054758   
  111     0.00031037   
  112     0.00014916   
  113     0.00017951   
  114     0.00006740   
  115     0.00012413   
  116     0.00077998   
  117     0.00063681   
  118     0.00040038   
  119     0.00142859   
  120     0.00048533   
  121     0.00028150   
  122     0.00030946   
  123     0.00091917   
  124     0.00042393   
  125     0.00008484   
  126     0.00023446   
  127     0.00026151   
  128     0.00009336   
  129     0.00009791   
  130     0.00013377   
  131     0.00032854   
  132     0.00004556   
  133     0.00006378   
  134     0.00035948   
  135     0.00007578   
  136     0.00001225   
  137     0.00013427   
  138     0.00001350   
  139     0.00032482   
  140     0.00030070   
  141     0.00034507   
  142     0.00066672   
  143     0.00073246   
  144     0.00065305   
  145     0.00027773   
  146     0.00012553   
  147     0.00007377   
  148     0.00003217   
  149     0.00010622   
  150     0.00003345   
  151     0.00001682   
  152     0.00006921   
  153     0.00019467   
  154     0.00032192   
  155     0.00004753   
  156     0.00001801   
  157     0.00002162   
  158     0.00002283   
  159     0.00004612   
  160     0.00003660   
  161     0.00023183   
  162     0.00030145   
  163     0.00004857   
  164     0.00002622   
  165     0.00009531   
  166     0.00001873   
  167     0.00000955   
  168     0.00000861   
  169     0.00001013   
  170     0.00004760   
  171     0.00021636   
  172     0.00015883   
  173     0.00008230   
  174     0.00002279   
  175     0.00003773   
  176     0.00012072   
  177     0.00050433   
  178     0.00029646   
  179     0.00010439   
  180     0.00006751   
  181     0.00000647   
  182     0.00000785   
  183     0.00001086   
  184     0.00015382   
  185     0.00053146   
  186     0.00069038   
  187     0.00012779   
  188     0.00003106   
  189     0.00006452   
  190     0.00003075   
  191     0.00001851   
  192     0.00002632   
  193     0.00001817   
  194     0.00001831   
  195     0.00003681   
  196     0.00003756   
  197     0.00037311   
