    1     0.00164868   
    2     0.00098512   
    3     0.00178548   
    4     0.00360512   
    5     0.00230352   
    6     0.00039463   
    7     0.00035334   
    8     0.00028009   
    9     0.00094703   
   10     0.00097155   
   11     0.00046293   
   12     0.00009312   
   13     0.00022066   
   14     0.00023006   
   15     0.00027316   
   16     0.00054274   
   17     0.00050270   
   18     0.00132058   
   19     0.00264594   
   20     0.00458468   
   21     0.00082524   
   22     0.00220826   
   23     0.00066246   
   24     0.00230058   
   25     0.00204124   
   26     0.00046670   
   27     0.00056829   
   28     0.00026998   
   29     0.00080876   
   30     0.00058471   
   31     0.00038281   
   32     0.00180398   
   33     0.00016594   
   34     0.00016814   
   35     0.00025475   
   36     0.00071810   
   37     0.00034792   
   38     0.00104170   
   39     0.00072772   
   40     0.00062604   
   41     0.00012875   
   42     0.00048642   
   43     0.00015472   
   44     0.00018914   
   45     0.00006329   
   46     0.00019712   
   47     0.00013067   
   48     0.00026736   
   49     0.00024015   
   50     0.00055610   
   51     0.00069412   
   52     0.00072534   
   53     0.00073216   
   54     0.00031312   
   55     0.00067378   
   56     0.00052929   
   57     0.00036448   
   58     0.00045090   
   59     0.00099205   
   60     0.00055713   
   61     0.00036262   
   62     0.00041603   
   63     0.00037760   
   64     0.00035661   
   65     0.00020239   
   66     0.00090845   
   67     0.00108827   
   68     0.00155300   
   69     0.00100033   
   70     0.00310898   
   71     0.00260298   
   72     0.00286301   
   73     0.00127031   
   74     0.00069639   
   75     0.00082676   
   76     0.00010187   
   77     0.00037284   
   78     0.00048699   
   79     0.00006295   
   80     0.00008608   
   81     0.00179780   
   82     0.00144382   
   83     0.00103426   
   84     0.00150830   
   85     0.00362996   
   86     0.00257190   
   87     0.00229245   
   88     0.00181386   
   89     0.00520957   
   90     0.00134170   
   91     0.00015928   
   92     0.00079763   
   93     0.00060097   
   94     0.00006754   
   95     0.00038998   
   96     0.00026243   
   97     0.00050834   
   98     0.00021700   
   99     0.00061583   
  100     0.00037232   
  101     0.00018797   
  102     0.00017075   
  103     0.00024601   
  104     0.00030363   
  105     0.00029796   
  106     0.00028846   
  107     0.00013502   
  108     0.00026902   
  109     0.00007040   
  110     0.00030972   
  111     0.00017080   
  112     0.00048057   
  113     0.00024260   
  114     0.00011999   
  115     0.00045419   
  116     0.00053706   
  117     0.00022837   
  118     0.00043647   
  119     0.00061998   
  120     0.00052889   
  121     0.00031502   
  122     0.00043307   
  123     0.00058753   
  124     0.00082545   
  125     0.00093334   
  126     0.00141242   
  127     0.00059374   
  128     0.00054359   
  129     0.00061982   
  130     0.00047451   
  131     0.00275785   
  132     0.00063567   
  133     0.00011739   
  134     0.00142572   
  135     0.00132812   
  136     0.00047392   
  137     0.00106231   
  138     0.00022035   
  139     0.00107176   
  140     0.00047335   
  141     0.00020915   
  142     0.00112481   
  143     0.00118864   
  144     0.00264261   
  145     0.00064911   
  146     0.00024601   
  147     0.00083141   
  148     0.00033006   
  149     0.00019459   
  150     0.00147277   
  151     0.00084744   
  152     0.00033130   
  153     0.00055420   
  154     0.00113295   
  155     0.00095386   
  156     0.00020606   
  157     0.00028435   
  158     0.00041150   
  159     0.00014581   
  160     0.00006161   
  161     0.00031618   
  162     0.00016374   
  163     0.00047927   
  164     0.00044968   
  165     0.00062010   
  166     0.00105230   
  167     0.00040587   
  168     0.00057270   
  169     0.00171562   
  170     0.00051652   
  171     0.00052654   
  172     0.00137969   
  173     0.00049169   
  174     0.00066846   
  175     0.00041629   
  176     0.00069195   
  177     0.00080642   
  178     0.00026218   
  179     0.00022324   
  180     0.00034038   
  181     0.00365123   
  182     0.00726980   
  183     0.00343675   
  184     0.00203573   
  185     0.00691002   
  186     0.00088920   
  187     0.00095704   
  188     0.00983674   
  189     0.00395149   
  190     0.00055161   
  191     0.00026098   
  192     0.00033415   
  193     0.00066991   
  194     0.00048282   
  195     0.00048296   
  196     0.00030796   
  197     0.00060620   
  198     0.00239916   
  199     0.00031097   
  200     0.00039923   
  201     0.00140432   
  202     0.00057478   
  203     0.00098497   
  204     0.00205455   
  205     0.00144102   
  206     0.00337282   
  207     0.00303427   
  208     0.00297356   
  209     0.00098612   
  210     0.00058939   
  211     0.00324022   
  212     0.00266117   
  213     0.00388269   
  214     0.00482955   
  215     0.00060553   
  216     0.00212234   
  217     0.00043602   
  218     0.00075410   
  219     0.00185308   
  220     0.00084798   
  221     0.00192267   
  222     0.00066048   
  223     0.00122742   
  224     0.00080360   
  225     0.00041652   
  226     0.00088205   
  227     0.00136898   
  228     0.00119599   
  229     0.00085450   
  230     0.00019368   
  231     0.00044211   
  232     0.00096132   
  233     0.00104104   
  234     0.00058665   
  235     0.00034233   
  236     0.00210715   
  237     0.00230405   
  238     0.00080792   
  239     0.00244410   
  240     0.00069246   
  241     0.00085975   
  242     0.00062018   
  243     0.00019453   
  244     0.00121418   
  245     0.00041731   
  246     0.00027581   
  247     0.00073078   
  248     0.00563875   
  249     0.00015159   
  250     0.00220861   
  251     0.00051147   
  252     0.00335606   
  253     0.00127295   
  254     0.00095783   
  255     0.00177296   
  256     0.00139657   
  257     0.00094042   
  258     0.00107890   
  259     0.00274136   
  260     0.00129732   
  261     0.00151664   
  262     0.00087267   
  263     0.00149272   
  264     0.00037173   
  265     0.00007159   
  266     0.00049277   
  267     0.00025890   
  268     0.00010570   
  269     0.00026991   
  270     0.00046638   
  271     0.00110660   
  272     0.00083840   
  273     0.00032673   
  274     0.00118587   
  275     0.00124975   
  276     0.00053768   
  277     0.00040542   
  278     0.00056143   
  279     0.00063752   
  280     0.00007349   
  281     0.00046517   
  282     0.00055281   
  283     0.00210190   
  284     0.00502226   
  285     0.00098130   
  286     0.00208595   
  287     0.00666364   
  288     0.00405199   
  289     0.00809708   
  290     0.01136321   
  291     0.00968090   
  292     0.01044014   
  293     0.00464320   
  294     0.01295228   
  295     0.00387692   
  296     0.00459855   
  297     0.00074429   
  298     0.00229768   
  299     0.00048361   
  300     0.00154856   
  301     0.00026790   
  302     0.00021449   
  303     0.00021320   
  304     0.00022875   
  305     0.00052449   
  306     0.00060366   
  307     0.00045246   
  308     0.00234622   
  309     0.00085266   
  310     0.00145771   
  311     0.00075441   
  312     0.00097335   
  313     0.00288618   
  314     0.00200440   
  315     0.00089387   
  316     0.00129806   
  317     0.00095674   
  318     0.00040633   
  319     0.00157493   
  320     0.00036387   
  321     0.00039750   
  322     0.00041208   
  323     0.00011210   
  324     0.00088755   
  325     0.00009502   
  326     0.00013051   
  327     0.00051001   
  328     0.00014175   
  329     0.00048073   
  330     0.00074053   
  331     0.00074328   
  332     0.00026526   
  333     0.00013978   
  334     0.00283750   
  335     0.00027744   
  336     0.00554864   
  337     0.00043321   
  338     0.00038281   
  339     0.00048738   
  340     0.00048919   
  341     0.00022460   
  342     0.00038248   
  343     0.00168638   
  344     0.00187500   
  345     0.00035305   
  346     0.00174192   
  347     0.00155779   
  348     0.00133858   
  349     0.00038382   
  350     0.00082092   
  351     0.00058808   
  352     0.00021502   
  353     0.00212888   
  354     0.00031576   
  355     0.00026001   
  356     0.00035787   
  357     0.00057889   
  358     0.00018219   
  359     0.00085920   
  360     0.00109379   
  361     0.00104847   
  362     0.00052466   
  363     0.00003230   
  364     0.00002779   
  365     0.00005802   
  366     0.00003939   
  367     0.00013848   
  368     0.00052911   
  369     0.00034810   
  370     0.00018828   
  371     0.00030056   
  372     0.00044725   
  373     0.00124120   
  374     0.00026612   
  375     0.00037515   
  376     0.00027530   
  377     0.00361150   
  378     0.00499769   
  379     0.00099217   
  380     0.00211465   
  381     0.00124714   
  382     0.00186399   
  383     0.00867677   
  384     0.00248405   
  385     0.00087845   
  386     0.00556496   
  387     0.00278962   
  388     0.00511225   
  389     0.00501011   
  390     0.00135211   
  391     0.00157153   
  392     0.00204142   
  393     0.00134572   
  394     0.00367972   
  395     0.00141093   
  396     0.00708740   
  397     0.00197391   
  398     0.00064895   
  399     0.00116311   
  400     0.00034484   
  401     0.00121739   
  402     0.00120296   
  403     0.00246215   
  404     0.00117560   
  405     0.00192732   
  406     0.00271170   
  407     0.00078969   
  408     0.00068772   
  409     0.00044086   
  410     0.00092178   
  411     0.00066755   
  412     0.00040956   
  413     0.00153926   
  414     0.00064447   
  415     0.00130784   
  416     0.00166761   
  417     0.00658336   
  418     0.00466940   
  419     0.00302129   
  420     0.00287150   
  421     0.00079259   
  422     0.00044867   
  423     0.00087949   
  424     0.00035958   
  425     0.00041951   
  426     0.00331765   
  427     0.00025300   
  428     0.00101892   
  429     0.00096592   
  430     0.00015260   
  431     0.00011401   
  432     0.00009439   
  433     0.00097021   
  434     0.00015051   
  435     0.00014234   
  436     0.00197384   
  437     0.00062886   
  438     0.00110303   
  439     0.00057733   
  440     0.00114034   
  441     0.00019572   
  442     0.00019928   
  443     0.00172948   
  444     0.00157247   
  445     0.00199546   
  446     0.00101565   
  447     0.00335817   
  448     0.00098196   
  449     0.00117556   
  450     0.00417505   
  451     0.00021913   
  452     0.00182758   
  453     0.00050150   
  454     0.00072424   
  455     0.00046368   
  456     0.00030070   
  457     0.00082076   
  458     0.00074579   
  459     0.00039461   
  460     0.00048527   
  461     0.00013367   
  462     0.00008239   
  463     0.00003804   
  464     0.00003904   
  465     0.00007983   
  466     0.00007828   
  467     0.00005706   
  468     0.00017567   
  469     0.00008543   
  470     0.00011708   
  471     0.00042606   
  472     0.00026510   
  473     0.00031576   
  474     0.00097946   
  475     0.00068711   
  476     0.00146508   
  477     0.00230644   
  478     0.00162805   
  479     0.00241923   
  480     0.00276054   
  481     0.00371791   
  482     0.00867799   
  483     0.00438105   
  484     0.00140741   
  485     0.00125076   
  486     0.00120209   
  487     0.00031847   
  488     0.00021374   
  489     0.00083165   
  490     0.00014191   
  491     0.00020833   
  492     0.00010778   
  493     0.00005997   
  494     0.00013464   
  495     0.00037411   
  496     0.00035987   
  497     0.00045477   
  498     0.00034956   
  499     0.00033504   
  500     0.00067836   
  501     0.00163344   
  502     0.00136726   
  503     0.00404225   
  504     0.00257868   
  505     0.00247141   
  506     0.00584170   
  507     0.00261564   
  508     0.00402940   
  509     0.00153887   
  510     0.00145292   
  511     0.00445502   
  512     0.00835746   
  513     0.00081194   
  514     0.00440636   
  515     0.00270589   
  516     0.00330439   
  517     0.00199060   
  518     0.00675407   
  519     0.00129338   
  520     0.00237968   
  521     0.00227791   
  522     0.00186750   
  523     0.00082361   
  524     0.00189726   
  525     0.00242094   
  526     0.00341949   
  527     0.00701520   
  528     0.00154503   
  529     0.00259813   
  530     0.00260270   
  531     0.00517125   
  532     0.00064517   
  533     0.00090169   
  534     0.00187725   
  535     0.00261948   
  536     0.00198418   
  537     0.00241699   
  538     0.00140321   
  539     0.00138381   
  540     0.00235830   
  541     0.00052827   
  542     0.00130009   
  543     0.00255763   
  544     0.00333645   
  545     0.00055245   
  546     0.00162821   
  547     0.00477789   
  548     0.00182473   
  549     0.00334959   
  550     0.00431006   
  551     0.00039467   
  552     0.00069885   
  553     0.00081534   
  554     0.00156023   
  555     0.00086046   
  556     0.00273693   
  557     0.00155670   
  558     0.00108039   
  559     0.00033457   
  560     0.00030083   
  561     0.00151945   
  562     0.00375596   
  563     0.00057358   
  564     0.00019524   
  565     0.00197941   
  566     0.00401984   
  567     0.00152457   
  568     0.00046257   
  569     0.00329316   
  570     0.00211447   
  571     0.00184027   
  572     0.00128795   
  573     0.00052566   
  574     0.00079749   
  575     0.00125893   
  576     0.00068883   
  577     0.00041444   
  578     0.00029853   
  579     0.00038363   
  580     0.00026168   
  581     0.00053714   
  582     0.00018995   
  583     0.00048364   
  584     0.00122541   
  585     0.00150639   
  586     0.00094038   
  587     0.00105920   
  588     0.00224600   
  589     0.00264500   
  590     0.00121880   
  591     0.00093339   
  592     0.00340989   
  593     0.00152392   
  594     0.00129554   
  595     0.00165979   
  596     0.00356616   
  597     0.00203838   
  598     0.00219693   
  599     0.00368832   
  600     0.00201001   
  601     0.01048635   
  602     0.00693796   
  603     0.00400693   
  604     0.01246243   
  605     0.00017927   
   39     0.00000399   
   40     0.00000841   
   41     0.00001427   
   42     0.00002779   
   43     0.00005917   
   44     0.00006878   
   45     0.00000774   
   46     0.00033716   
   47     0.00011066   
   48     0.00002096   
   49     0.00001713   
   50     0.00001759   
   51     0.00005328   
   52     0.00004929   
   53     0.00001703   
   54     0.00002348   
   55     0.00006775   
   56     0.00006187   
   57     0.00002372   
   58     0.00007065   
   59     0.00003181   
   60     0.00004380   
   61     0.00003067   
   62     0.00015137   
   63     0.00001302   
   64     0.00003340   
   65     0.00005023   
   66     0.00006840   
   67     0.00004232   
   68     0.00002243   
   69     0.00010053   
   70     0.00008929   
   71     0.00017622   
   72     0.00060582   
   73     0.00014222   
   74     0.00029991   
   75     0.00032177   
   76     0.00006308   
   77     0.00009778   
   78     0.00003765   
   79     0.00020299   
   80     0.00012253   
   81     0.00010297   
   82     0.00017192   
   83     0.00025235   
   84     0.00014625   
   85     0.00098809   
   86     0.00042711   
   87     0.00028994   
   88     0.00105713   
   89     0.00076249   
   90     0.00006480   
   91     0.00046519   
   92     0.00103011   
   93     0.00188166   
   94     0.00084548   
   95     0.00077350   
   96     0.00135442   
   97     0.00085642   
   98     0.00168819   
   99     0.00116244   
  100     0.00279716   
  101     0.00090702   
  102     0.00096793   
  103     0.00200433   
  104     0.00278138   
  105     0.00089096   
  106     0.00042264   
  107     0.00060856   
  108     0.00115518   
  109     0.00194574   
  110     0.00148916   
  111     0.00084337   
  112     0.00052607   
  113     0.00023906   
  114     0.00034091   
  115     0.00085768   
  116     0.00095019   
  117     0.00134258   
  118     0.00302511   
  119     0.00026806   
  120     0.00065961   
  121     0.00039123   
  122     0.00121433   
  123     0.00047665   
  124     0.00082954   
  125     0.00065706   
  126     0.00023750   
  127     0.00114961   
  128     0.00045002   
  129     0.00107760   
  130     0.00052110   
  131     0.00136545   
  132     0.00091829   
  133     0.00054309   
  134     0.00050080   
  135     0.00061615   
  136     0.00015011   
  137     0.00018220   
  138     0.00014069   
  139     0.00036019   
  140     0.00062238   
  141     0.00208936   
  142     0.00102822   
  143     0.00104057   
  144     0.00020864   
  145     0.00003242   
  146     0.00002880   
  147     0.00003472   
  148     0.00003597   
  149     0.00049730   
  150     0.00046843   
  151     0.00035987   
  152     0.00054010   
  153     0.00017274   
  154     0.00044632   
  155     0.00070901   
  156     0.00036948   
  157     0.00153701   
  158     0.00049256   
  159     0.00042246   
  160     0.00026569   
  161     0.00019509   
  162     0.00007255   
  163     0.00007833   
  164     0.00003687   
  165     0.00004498   
  166     0.00001938   
  167     0.00001310   
  168     0.00009883   
  169     0.00007365   
  170     0.00016711   
  171     0.00009243   
  172     0.00014160   
  173     0.00042875   
  174     0.00055807   
  175     0.00074151   
  176     0.00047898   
  177     0.00015746   
  178     0.00029819   
  179     0.00042812   
  180     0.00100725   
  181     0.00021859   
  182     0.00036805   
  183     0.00023282   
  184     0.00048732   
  185     0.00159791   
  186     0.00063786   
  187     0.00028758   
  188     0.00037037   
  189     0.00014653   
  190     0.00028265   
  191     0.00020550   
  192     0.00012639   
  193     0.00009858   
  194     0.00017527   
  195     0.00002354   
  196     0.00011472   
  197     0.00016109   
   39     0.00021908   
   40     0.00005053   
   41     0.00007979   
   42     0.00014259   
   43     0.00021850   
   44     0.00006973   
   45     0.00015851   
   46     0.00006368   
   47     0.00011271   
   48     0.00006606   
   49     0.00008425   
   50     0.00007403   
   51     0.00003371   
   52     0.00007863   
   53     0.00004119   
   54     0.00003685   
   55     0.00005780   
   56     0.00005974   
   57     0.00003980   
   58     0.00006037   
   59     0.00003987   
   60     0.00003016   
   61     0.00011592   
   62     0.00005168   
   63     0.00004585   
   64     0.00005058   
   65     0.00017864   
   66     0.00018626   
   67     0.00007643   
   68     0.00003272   
   69     0.00006248   
   70     0.00024993   
   71     0.00007309   
   72     0.00006258   
   73     0.00004527   
   74     0.00009181   
   75     0.00015339   
   76     0.00007205   
   77     0.00003261   
   78     0.00001853   
   79     0.00014544   
   80     0.00007801   
   81     0.00003510   
   82     0.00003308   
   83     0.00011678   
   84     0.00019748   
   85     0.00004272   
   86     0.00020815   
   87     0.00018469   
   88     0.00021218   
   89     0.00008596   
   90     0.00018815   
   91     0.00059814   
   92     0.00015870   
   93     0.00081080   
   94     0.00049454   
   95     0.00061395   
   96     0.00127252   
   97     0.00032654   
   98     0.00040532   
   99     0.00087643   
  100     0.00118961   
  101     0.00038629   
  102     0.00158517   
  103     0.00039588   
  104     0.00027725   
  105     0.00103970   
  106     0.00205833   
  107     0.00055144   
  108     0.00319542   
  109     0.00274895   
  110     0.00093261   
  111     0.00027573   
  112     0.00005356   
  113     0.00023570   
  114     0.00004274   
  115     0.00012838   
  116     0.00061129   
  117     0.00182214   
  118     0.00035969   
  119     0.00108088   
  120     0.00110487   
  121     0.00047835   
  122     0.00055204   
  123     0.00102145   
  124     0.00164372   
  125     0.00043934   
  126     0.00119149   
  127     0.00085913   
  128     0.00032137   
  129     0.00112169   
  130     0.00131913   
  131     0.00150367   
  132     0.00068817   
  133     0.00064655   
  134     0.00022686   
  135     0.00021258   
  136     0.00031995   
  137     0.00015886   
  138     0.00014923   
  139     0.00064529   
  140     0.00085868   
  141     0.00015864   
  142     0.00017043   
  143     0.00053369   
  144     0.00087768   
  145     0.00008511   
  146     0.00007858   
  147     0.00054036   
  148     0.00044673   
  149     0.00106829   
  150     0.00030048   
  151     0.00001913   
  152     0.00013242   
  153     0.00057921   
  154     0.00096137   
  155     0.00008670   
  156     0.00008198   
  157     0.00002636   
  158     0.00008245   
  159     0.00006834   
  160     0.00022010   
  161     0.00014343   
  162     0.00050950   
  163     0.00014471   
  164     0.00002958   
  165     0.00003528   
  166     0.00012637   
  167     0.00028846   
  168     0.00087312   
  169     0.00022409   
  170     0.00016993   
  171     0.00071818   
  172     0.00015087   
  173     0.00022972   
  174     0.00007139   
  175     0.00015718   
  176     0.00065602   
  177     0.00067714   
  178     0.00043081   
  179     0.00021895   
  180     0.00030380   
  181     0.00016981   
  182     0.00018342   
  183     0.00028321   
  184     0.00023938   
  185     0.00042775   
  186     0.00042874   
  187     0.00017573   
  188     0.00010517   
  189     0.00014299   
  190     0.00015188   
  191     0.00023694   
  192     0.00015508   
  193     0.00007911   
  194     0.00016553   
  195     0.00037782   
  196     0.00014843   
  197     0.00035898   
