    1     0.00012005   
    2     0.00007488   
    3     0.00017716   
    4     0.00020640   
    5     0.00048175   
    6     0.00014149   
    7     0.00027827   
    8     0.00048901   
    9     0.00076587   
   10     0.00173898   
   11     0.00204282   
   12     0.00205860   
   13     0.00085847   
   14     0.00074629   
   15     0.00065026   
   16     0.00053685   
   17     0.00023697   
   18     0.00047255   
   19     0.00109269   
   20     0.00297671   
   21     0.00006728   
   22     0.00017977   
   23     0.00013597   
   24     0.00019047   
   25     0.00020654   
   26     0.00010617   
   27     0.00087803   
   28     0.00018389   
   29     0.00042599   
   30     0.00034941   
   31     0.00231560   
   32     0.00144138   
   33     0.00119359   
   34     0.00070915   
   35     0.00067387   
   36     0.00155509   
   37     0.00223394   
   38     0.00107455   
   39     0.00183634   
   40     0.00057437   
   41     0.00116573   
   42     0.00090953   
   43     0.00025355   
   44     0.00012577   
   45     0.00003801   
   46     0.00023604   
   47     0.00025542   
   48     0.00105462   
   49     0.00155029   
   50     0.00120065   
   51     0.00142480   
   52     0.00330580   
   53     0.00197546   
   54     0.00085077   
   55     0.00222864   
   56     0.00085039   
   57     0.00286038   
   58     0.00166140   
   59     0.00150374   
   60     0.00468580   
   61     0.00164900   
   62     0.00121306   
   63     0.00043216   
   64     0.00067177   
   65     0.00192467   
   66     0.00450930   
   67     0.00385321   
   68     0.00698846   
   69     0.00073935   
   70     0.00222172   
   71     0.00319642   
   72     0.00111357   
   73     0.00033820   
   74     0.00029844   
   75     0.00073587   
   76     0.00001812   
   77     0.00014853   
   78     0.00024012   
   79     0.00015207   
   80     0.00005941   
   81     0.00137291   
   82     0.00079708   
   83     0.00036616   
   84     0.00027604   
   85     0.00082222   
   86     0.00022573   
   87     0.00039130   
   88     0.00025879   
   89     0.00363596   
   90     0.00060337   
   91     0.00121361   
   92     0.00030342   
   93     0.00014175   
   94     0.00016567   
   95     0.00010688   
   96     0.00033019   
   97     0.00009322   
   98     0.00003673   
   99     0.00010790   
  100     0.00013381   
  101     0.00058405   
  102     0.00066816   
  103     0.00062222   
  104     0.00026828   
  105     0.00039861   
  106     0.00024092   
  107     0.00016407   
  108     0.00037876   
  109     0.00030447   
  110     0.00143288   
  111     0.00089093   
  112     0.00075193   
  113     0.00081421   
  114     0.00195216   
  115     0.00052785   
  116     0.00021820   
  117     0.00036322   
  118     0.00154779   
  119     0.00070646   
  120     0.00047079   
  121     0.00029717   
  122     0.00078790   
  123     0.00072566   
  124     0.00046787   
  125     0.00015925   
  126     0.00045868   
  127     0.00168927   
  128     0.00015539   
  129     0.00008180   
  130     0.00175516   
  131     0.00221568   
  132     0.00127000   
  133     0.00015343   
  134     0.00030254   
  135     0.00045338   
  136     0.00027509   
  137     0.00010800   
  138     0.00014897   
  139     0.00057288   
  140     0.00029882   
  141     0.00021409   
  142     0.00072418   
  143     0.00257368   
  144     0.00169899   
  145     0.00026532   
  146     0.00037987   
  147     0.00002948   
  148     0.00005254   
  149     0.00017099   
  150     0.00117156   
  151     0.00037424   
  152     0.00006620   
  153     0.00005347   
  154     0.00038336   
  155     0.00064062   
  156     0.00006199   
  157     0.00011432   
  158     0.00024199   
  159     0.00009777   
  160     0.00044850   
  161     0.00070456   
  162     0.00030053   
  163     0.00027857   
  164     0.00008759   
  165     0.00023174   
  166     0.00021422   
  167     0.00065421   
  168     0.00072323   
  169     0.00094624   
  170     0.00033432   
  171     0.00039695   
  172     0.00045032   
  173     0.00010703   
  174     0.00010157   
  175     0.00016610   
  176     0.00029574   
  177     0.00021019   
  178     0.00041320   
  179     0.00033747   
  180     0.00014857   
  181     0.00055925   
  182     0.00044296   
  183     0.00026925   
  184     0.00020083   
  185     0.00024645   
  186     0.00007917   
  187     0.00020477   
  188     0.00049000   
  189     0.00013042   
  190     0.00027934   
  191     0.00027126   
  192     0.00013252   
  193     0.00054317   
  194     0.00071643   
  195     0.00044535   
  196     0.00073781   
  197     0.00161988   
  198     0.00245852   
  199     0.00328791   
  200     0.00054802   
  201     0.00073947   
  202     0.00021739   
  203     0.00007494   
  204     0.00009610   
  205     0.00005615   
  206     0.00005824   
  207     0.00015980   
  208     0.00010104   
  209     0.00009231   
  210     0.00009143   
  211     0.00003522   
  212     0.00005660   
  213     0.00009570   
  214     0.00086247   
  215     0.00003584   
  216     0.00015408   
  217     0.00011040   
  218     0.00027320   
  219     0.00009959   
  220     0.00043418   
  221     0.00030086   
  222     0.00003057   
  223     0.00050895   
  224     0.00069290   
  225     0.00127120   
  226     0.00048562   
  227     0.00109588   
  228     0.00085800   
  229     0.00393132   
  230     0.00120710   
  231     0.00096435   
  232     0.00249767   
  233     0.00195583   
  234     0.00056929   
  235     0.00041599   
  236     0.00087860   
  237     0.00151600   
  238     0.00041722   
  239     0.00024858   
  240     0.00070775   
  241     0.00017471   
  242     0.00006001   
  243     0.00007302   
  244     0.00082674   
  245     0.00003208   
  246     0.00004758   
  247     0.00028834   
  248     0.00010066   
  249     0.00002010   
  250     0.00025401   
  251     0.00001930   
  252     0.00009299   
  253     0.00010592   
  254     0.00001508   
  255     0.00002920   
  256     0.00022742   
  257     0.00117682   
  258     0.00109023   
  259     0.00055755   
  260     0.00158352   
  261     0.00222797   
  262     0.00259568   
  263     0.00698014   
  264     0.00036111   
  265     0.00261373   
  266     0.00095591   
  267     0.00085569   
  268     0.00125538   
  269     0.00066330   
  270     0.00158422   
  271     0.00631893   
  272     0.00013296   
  273     0.00048591   
  274     0.00218950   
  275     0.00079928   
  276     0.00011395   
  277     0.00008903   
  278     0.00009443   
  279     0.00033816   
  280     0.00018099   
  281     0.00114488   
  282     0.00111206   
  283     0.00506624   
  284     0.00999834   
  285     0.00248664   
  286     0.00158434   
  287     0.00238417   
  288     0.00023956   
  289     0.00174894   
  290     0.00039645   
  291     0.00049960   
  292     0.00072362   
  293     0.00277802   
  294     0.00137713   
  295     0.00649849   
  296     0.00108683   
  297     0.00021742   
  298     0.00109468   
  299     0.00018234   
  300     0.00065028   
  301     0.00013657   
  302     0.00013891   
  303     0.00001296   
  304     0.00016426   
  305     0.00027987   
  306     0.00027892   
  307     0.00007599   
  308     0.00090728   
  309     0.00115056   
  310     0.00037078   
  311     0.00067635   
  312     0.00208170   
  313     0.00182380   
  314     0.00074625   
  315     0.00026598   
  316     0.00058896   
  317     0.00093115   
  318     0.00048114   
  319     0.00043487   
  320     0.00060360   
  321     0.00062536   
  322     0.00013057   
  323     0.00013390   
  324     0.00038117   
  325     0.00014010   
  326     0.00008302   
  327     0.00002639   
  328     0.00003762   
  329     0.00009461   
  330     0.00013880   
  331     0.00047844   
  332     0.00026075   
  333     0.00007968   
  334     0.00029270   
  335     0.00008395   
  336     0.00047109   
  337     0.00033083   
  338     0.00016829   
  339     0.00023687   
  340     0.00037216   
  341     0.00068624   
  342     0.00060941   
  343     0.00263909   
  344     0.00051514   
  345     0.00074464   
  346     0.00251446   
  347     0.00158059   
  348     0.00263652   
  349     0.00062455   
  350     0.00037474   
  351     0.00056129   
  352     0.00095460   
  353     0.00127086   
  354     0.00014591   
  355     0.00013230   
  356     0.00030812   
  357     0.00052562   
  358     0.00014474   
  359     0.00032021   
  360     0.00017400   
  361     0.00028223   
  362     0.00027918   
  363     0.00031794   
  364     0.00017595   
  365     0.00020141   
  366     0.00029461   
  367     0.00046163   
  368     0.00104594   
  369     0.00055370   
  370     0.00033588   
  371     0.00092141   
  372     0.00049172   
  373     0.00040148   
  374     0.00013819   
  375     0.00040317   
  376     0.00018473   
  377     0.00048134   
  378     0.00107425   
  379     0.00019702   
  380     0.00017836   
  381     0.00023389   
  382     0.00066609   
  383     0.00119633   
  384     0.00014378   
  385     0.00060749   
  386     0.00074625   
  387     0.00088665   
  388     0.00154360   
  389     0.00062072   
  390     0.00047957   
  391     0.00011254   
  392     0.00014234   
  393     0.00003975   
  394     0.00010295   
  395     0.00006532   
  396     0.00029466   
  397     0.00040557   
  398     0.00031286   
  399     0.00055677   
  400     0.00024513   
  401     0.00095255   
  402     0.00054998   
  403     0.00103718   
  404     0.00030780   
  405     0.00005128   
  406     0.00025438   
  407     0.00009963   
  408     0.00010008   
  409     0.00020740   
  410     0.00031720   
  411     0.00163166   
  412     0.00055174   
  413     0.00065252   
  414     0.00033768   
  415     0.00016688   
  416     0.00014985   
  417     0.00004486   
  418     0.00019641   
  419     0.00011623   
  420     0.00043995   
  421     0.00062054   
  422     0.00100592   
  423     0.00150777   
  424     0.00085716   
  425     0.00083938   
  426     0.00117700   
  427     0.00034601   
  428     0.00095177   
  429     0.00074975   
  430     0.00007560   
  431     0.00004393   
  432     0.00002989   
  433     0.00042331   
  434     0.00013567   
  435     0.00013723   
  436     0.00372332   
  437     0.00990509   
  438     0.00537972   
  439     0.00082071   
  440     0.00218628   
  441     0.00072833   
  442     0.00048355   
  443     0.00023547   
  444     0.00012011   
  445     0.00007887   
  446     0.00006659   
  447     0.00005857   
  448     0.00033070   
  449     0.00018289   
  450     0.00015245   
  451     0.00009335   
  452     0.00117318   
  453     0.00057724   
  454     0.00245962   
  455     0.00300349   
  456     0.00836024   
  457     0.00330591   
  458     0.00089559   
  459     0.00170540   
  460     0.00016018   
  461     0.00004855   
  462     0.00036601   
  463     0.00001713   
  464     0.00004628   
  465     0.00004006   
  466     0.00003711   
  467     0.00014770   
  468     0.00009928   
  469     0.00009213   
  470     0.00032094   
  471     0.00036060   
  472     0.00037328   
  473     0.00101058   
  474     0.00249267   
  475     0.00106068   
  476     0.00046696   
  477     0.00044919   
  478     0.00029588   
  479     0.00014808   
  480     0.00052052   
  481     0.00020401   
  482     0.00027487   
  483     0.00022004   
  484     0.00010768   
  485     0.00055679   
  486     0.00189951   
  487     0.00027557   
  488     0.00028168   
  489     0.00065649   
  490     0.00029835   
  491     0.00004858   
  492     0.00003892   
  493     0.00003397   
  494     0.00002130   
  495     0.00006704   
  496     0.00003782   
  497     0.00034615   
  498     0.00024192   
  499     0.00172970   
  500     0.00044327   
  501     0.00123268   
  502     0.00022310   
  503     0.00041472   
  504     0.00038208   
  505     0.00038188   
  506     0.00120053   
  507     0.00041982   
  508     0.00023637   
  509     0.00008564   
  510     0.00010002   
  511     0.00063627   
  512     0.00018584   
  513     0.00009247   
  514     0.00004541   
  515     0.00019603   
  516     0.00011770   
  517     0.00009486   
  518     0.00004739   
  519     0.00008135   
  520     0.00009845   
  521     0.00005150   
  522     0.00001032   
  523     0.00014774   
  524     0.00002780   
  525     0.00003374   
  526     0.00004507   
  527     0.00009144   
  528     0.00015269   
  529     0.00007514   
  530     0.00006722   
  531     0.00009773   
  532     0.00005325   
  533     0.00007766   
  534     0.00000812   
  535     0.00005180   
  536     0.00010352   
  537     0.00000747   
  538     0.00001488   
  539     0.00005910   
  540     0.00008207   
  541     0.00001846   
  542     0.00005804   
  543     0.00005802   
  544     0.00002361   
  545     0.00001883   
  546     0.00007011   
  547     0.00003107   
  548     0.00001941   
  549     0.00003475   
  550     0.00002715   
  551     0.00001302   
  552     0.00000290   
  553     0.00000360   
  554     0.00000589   
  555     0.00000093   
  556     0.00000193   
  557     0.00000243   
  558     0.00000277   
  559     0.00000287   
  560     0.00000186   
  561     0.00002958   
  562     0.00001110   
  563     0.00001457   
  564     0.00001227   
  565     0.00001095   
  566     0.00001902   
  567     0.00003496   
  568     0.00002613   
  569     0.00002645   
  570     0.00002376   
  571     0.00004215   
  572     0.00001908   
  573     0.00004416   
  574     0.00002414   
  575     0.00003305   
  576     0.00014429   
  577     0.00000492   
  578     0.00003207   
  579     0.00005381   
  580     0.00002417   
  581     0.00021839   
  582     0.00001552   
  583     0.00003179   
  584     0.00002879   
  585     0.00007155   
  586     0.00001771   
  587     0.00001836   
  588     0.00007913   
  589     0.00002087   
  590     0.00002027   
  591     0.00003360   
  592     0.00002456   
  593     0.00001081   
  594     0.00004040   
  595     0.00000646   
  596     0.00001153   
  597     0.00001487   
  598     0.00002016   
  599     0.00003401   
  600     0.00003323   
  601     0.00000633   
  602     0.00006461   
  603     0.00001697   
  604     0.00006656   
  605     0.00002072   
   39     0.00006467   
   40     0.00026172   
   41     0.00058867   
   42     0.00528034   
   43     0.00083706   
   44     0.00294860   
   45     0.00090683   
   46     0.01121318   
   47     0.00353538   
   48     0.00237014   
   49     0.00070868   
   50     0.00266425   
   51     0.00176276   
   52     0.00168153   
   53     0.00164865   
   54     0.00069141   
   55     0.00075005   
   56     0.00129386   
   57     0.00099171   
   58     0.00095587   
   59     0.00164452   
   60     0.00117948   
   61     0.00196858   
   62     0.00228489   
   63     0.00242539   
   64     0.00171785   
   65     0.00153784   
   66     0.00266970   
   67     0.00210130   
   68     0.00110781   
   69     0.00072178   
   70     0.00114680   
   71     0.00340549   
   72     0.00279469   
   73     0.00115311   
   74     0.00040274   
   75     0.00228720   
   76     0.00111703   
   77     0.00029156   
   78     0.00114925   
   79     0.00021277   
   80     0.00066028   
   81     0.00020198   
   82     0.00002574   
   83     0.00010112   
   84     0.00068753   
   85     0.00028974   
   86     0.00030083   
   87     0.00102196   
   88     0.00079694   
   89     0.00087934   
   90     0.00024852   
   91     0.00108567   
   92     0.00095135   
   93     0.00054650   
   94     0.00120401   
   95     0.00068945   
   96     0.00124983   
   97     0.00072142   
   98     0.00160457   
   99     0.00079239   
  100     0.00395283   
  101     0.00726588   
  102     0.00147154   
  103     0.00235640   
  104     0.00699500   
  105     0.00339704   
  106     0.00499863   
  107     0.01264972   
  108     0.00643184   
  109     0.00639122   
  110     0.01225590   
  111     0.00389804   
  112     0.00103247   
  113     0.00114418   
  114     0.00072856   
  115     0.00216122   
  116     0.00253364   
  117     0.00517671   
  118     0.00533515   
  119     0.00052432   
  120     0.00544721   
  121     0.00189234   
  122     0.00661476   
  123     0.00139969   
  124     0.00189584   
  125     0.00139950   
  126     0.00598337   
  127     0.00065445   
  128     0.00107420   
  129     0.00135050   
  130     0.00063812   
  131     0.00193688   
  132     0.00082831   
  133     0.00082684   
  134     0.00073793   
  135     0.00030625   
  136     0.00006246   
  137     0.00054209   
  138     0.00014449   
  139     0.00081219   
  140     0.00051206   
  141     0.00062118   
  142     0.00087926   
  143     0.00218468   
  144     0.00243126   
  145     0.00247550   
  146     0.00128242   
  147     0.00056831   
  148     0.00096728   
  149     0.00503420   
  150     0.00240547   
  151     0.00257463   
  152     0.00340912   
  153     0.00062348   
  154     0.00029335   
  155     0.00060980   
  156     0.00143634   
  157     0.00129906   
  158     0.00116442   
  159     0.00522432   
  160     0.00215547   
  161     0.00159412   
  162     0.00352763   
  163     0.00092710   
  164     0.00088945   
  165     0.00221708   
  166     0.00097656   
  167     0.00107794   
  168     0.00352155   
  169     0.00136775   
  170     0.00072548   
  171     0.00496792   
  172     0.00261215   
  173     0.00235581   
  174     0.00080660   
  175     0.00149873   
  176     0.00184642   
  177     0.00028161   
  178     0.00061836   
  179     0.00041252   
  180     0.00040087   
  181     0.00005615   
  182     0.00036863   
  183     0.00074974   
  184     0.00053714   
  185     0.00134024   
  186     0.00072743   
  187     0.00048389   
  188     0.00020649   
  189     0.00047624   
  190     0.00127021   
  191     0.00152586   
  192     0.00115703   
  193     0.00196010   
  194     0.00146107   
  195     0.00109213   
  196     0.00057703   
  197     0.00087696   
   39     0.00185291   
   40     0.00117909   
   41     0.00087442   
   42     0.00240445   
   43     0.00173971   
   44     0.00124203   
   45     0.00340847   
   46     0.00122811   
   47     0.00175369   
   48     0.00386378   
   49     0.00162342   
   50     0.00257396   
   51     0.00120824   
   52     0.00255193   
   53     0.00023832   
   54     0.00121686   
   55     0.00103982   
   56     0.00056321   
   57     0.00034021   
   58     0.00093764   
   59     0.00108846   
   60     0.00044902   
   61     0.00078274   
   62     0.00205965   
   63     0.00177573   
   64     0.00061668   
   65     0.00074774   
   66     0.00283854   
   67     0.00109089   
   68     0.00044634   
   69     0.00033664   
   70     0.00121184   
   71     0.00115863   
   72     0.00049220   
   73     0.00022191   
   74     0.00044870   
   75     0.00166925   
   76     0.00091281   
   77     0.00052565   
   78     0.00023562   
   79     0.00233736   
   80     0.00048937   
   81     0.00049588   
   82     0.00041670   
   83     0.00139153   
   84     0.00062799   
   85     0.00031746   
   86     0.00029535   
   87     0.00094749   
   88     0.00141585   
   89     0.00119330   
   90     0.00037556   
   91     0.00118051   
   92     0.00277245   
   93     0.00226062   
   94     0.00138500   
   95     0.00162566   
   96     0.01319626   
   97     0.00560154   
   98     0.00462683   
   99     0.01069730   
  100     0.01757645   
  101     0.00914161   
  102     0.00828370   
  103     0.00255002   
  104     0.00140285   
  105     0.00432280   
  106     0.00712197   
  107     0.00077983   
  108     0.00460631   
  109     0.00266558   
  110     0.00079818   
  111     0.00015914   
  112     0.00030879   
  113     0.00134036   
  114     0.00012397   
  115     0.00006226   
  116     0.00088208   
  117     0.00119509   
  118     0.00106149   
  119     0.00439371   
  120     0.00246042   
  121     0.00024463   
  122     0.00135514   
  123     0.00391218   
  124     0.00575733   
  125     0.00085481   
  126     0.00158342   
  127     0.01293904   
  128     0.00042278   
  129     0.00126504   
  130     0.00135959   
  131     0.00473301   
  132     0.00215280   
  133     0.00042814   
  134     0.00199222   
  135     0.00368030   
  136     0.00176734   
  137     0.00104076   
  138     0.00106351   
  139     0.00115559   
  140     0.00217792   
  141     0.00330248   
  142     0.00198935   
  143     0.00170973   
  144     0.00123515   
  145     0.00019143   
  146     0.00023420   
  147     0.00062118   
  148     0.00054300   
  149     0.00190762   
  150     0.00055363   
  151     0.00007553   
  152     0.00067910   
  153     0.00213912   
  154     0.00177071   
  155     0.00022266   
  156     0.00018306   
  157     0.00017234   
  158     0.00027564   
  159     0.00039935   
  160     0.00058136   
  161     0.00271018   
  162     0.00082215   
  163     0.00009862   
  164     0.00002062   
  165     0.00010600   
  166     0.00018699   
  167     0.00033319   
  168     0.00098441   
  169     0.00034539   
  170     0.00007098   
  171     0.00065515   
  172     0.00042432   
  173     0.00047854   
  174     0.00072833   
  175     0.00343238   
  176     0.01493003   
  177     0.00086799   
  178     0.00618275   
  179     0.00128002   
  180     0.00070341   
  181     0.00032904   
  182     0.00009964   
  183     0.00038099   
  184     0.00121181   
  185     0.00280023   
  186     0.00230059   
  187     0.00064068   
  188     0.00126706   
  189     0.00129925   
  190     0.00092051   
  191     0.00103525   
  192     0.00041525   
  193     0.00025588   
  194     0.00027008   
  195     0.00065847   
  196     0.00022778   
  197     0.00279656   
