    1     0.00002340   
    2     0.00023652   
    3     0.00018900   
    4     0.00010044   
    5     0.00006912   
    6     0.00016618   
    7     0.00022144   
    8     0.00052283   
    9     0.00082860   
   10     0.00143678   
   11     0.00167156   
   12     0.00068130   
   13     0.00073266   
   14     0.00119663   
   15     0.00119148   
   16     0.00043313   
   17     0.00030625   
   18     0.00022106   
   19     0.00041567   
   20     0.00032533   
   21     0.00014414   
   22     0.00039489   
   23     0.00015154   
   24     0.00005750   
   25     0.00016777   
   26     0.00068029   
   27     0.00078580   
   28     0.00090695   
   29     0.00027972   
   30     0.00009032   
   31     0.00363308   
   32     0.00105312   
   33     0.00096070   
   34     0.00091752   
   35     0.00070242   
   36     0.00191335   
   37     0.00240031   
   38     0.00109083   
   39     0.00132023   
   40     0.00135605   
   41     0.00064077   
   42     0.00157891   
   43     0.00178322   
   44     0.00082990   
   45     0.00022181   
   46     0.00057080   
   47     0.00040473   
   48     0.00186541   
   49     0.00044456   
   50     0.00175055   
   51     0.00238468   
   52     0.00364224   
   53     0.00194186   
   54     0.00091831   
   55     0.00224801   
   56     0.00082915   
   57     0.00544335   
   58     0.00161934   
   59     0.00305107   
   60     0.00301648   
   61     0.00312555   
   62     0.00462854   
   63     0.00098383   
   64     0.00061168   
   65     0.00208770   
   66     0.00354190   
   67     0.00229256   
   68     0.00228766   
   69     0.00077582   
   70     0.00258051   
   71     0.00535847   
   72     0.00201737   
   73     0.00109431   
   74     0.00294048   
   75     0.00535624   
   76     0.00124615   
   77     0.00073089   
   78     0.00217037   
   79     0.00144626   
   80     0.00068010   
   81     0.01376436   
   82     0.00238654   
   83     0.00091048   
   84     0.00057740   
   85     0.00062714   
   86     0.00150437   
   87     0.00070296   
   88     0.00063310   
   89     0.00349158   
   90     0.00226883   
   91     0.00175133   
   92     0.00171534   
   93     0.00138188   
   94     0.00059163   
   95     0.00052428   
   96     0.00147406   
   97     0.00066935   
   98     0.00055817   
   99     0.00148008   
  100     0.00105946   
  101     0.00033449   
  102     0.00040504   
  103     0.00072840   
  104     0.00073937   
  105     0.00206875   
  106     0.00067421   
  107     0.00036740   
  108     0.00073266   
  109     0.00030186   
  110     0.00195813   
  111     0.00349754   
  112     0.00100203   
  113     0.00126749   
  114     0.00105569   
  115     0.00244695   
  116     0.00081523   
  117     0.00016783   
  118     0.00184147   
  119     0.00127513   
  120     0.00033193   
  121     0.00008384   
  122     0.00061088   
  123     0.00023780   
  124     0.00010943   
  125     0.00008244   
  126     0.00011802   
  127     0.00008286   
  128     0.00015202   
  129     0.00012247   
  130     0.00084153   
  131     0.00050423   
  132     0.00127641   
  133     0.00007455   
  134     0.00032102   
  135     0.00008424   
  136     0.00010122   
  137     0.00002418   
  138     0.00005052   
  139     0.00011061   
  140     0.00012628   
  141     0.00033930   
  142     0.00054344   
  143     0.00041785   
  144     0.00039109   
  145     0.00056213   
  146     0.00087798   
  147     0.00015157   
  148     0.00016521   
  149     0.00066477   
  150     0.00060696   
  151     0.00019856   
  152     0.00025361   
  153     0.00172897   
  154     0.00054137   
  155     0.00023333   
  156     0.00015242   
  157     0.00006086   
  158     0.00011675   
  159     0.00001974   
  160     0.00007998   
  161     0.00013130   
  162     0.00002166   
  163     0.00004634   
  164     0.00004565   
  165     0.00006547   
  166     0.00003018   
  167     0.00014051   
  168     0.00022326   
  169     0.00041653   
  170     0.00019671   
  171     0.00035724   
  172     0.00038659   
  173     0.00021835   
  174     0.00024817   
  175     0.00036301   
  176     0.00061984   
  177     0.00023962   
  178     0.00013902   
  179     0.00018660   
  180     0.00005549   
  181     0.00032427   
  182     0.00077695   
  183     0.00034868   
  184     0.00019345   
  185     0.00027768   
  186     0.00005783   
  187     0.00008703   
  188     0.00015837   
  189     0.00014198   
  190     0.00042273   
  191     0.00017836   
  192     0.00011178   
  193     0.00004078   
  194     0.00037580   
  195     0.00077402   
  196     0.00092975   
  197     0.00135600   
  198     0.00247728   
  199     0.00181068   
  200     0.00045421   
  201     0.00017901   
  202     0.00006749   
  203     0.00013846   
  204     0.00025501   
  205     0.00024721   
  206     0.00011709   
  207     0.00026767   
  208     0.00022570   
  209     0.00005051   
  210     0.00006014   
  211     0.00011730   
  212     0.00009421   
  213     0.00012106   
  214     0.00018938   
  215     0.00006440   
  216     0.00033566   
  217     0.00016316   
  218     0.00025758   
  219     0.00014215   
  220     0.00020290   
  221     0.00058763   
  222     0.00017027   
  223     0.00036324   
  224     0.00100173   
  225     0.01429475   
  226     0.00378409   
  227     0.00223658   
  228     0.00120967   
  229     0.00350845   
  230     0.00061295   
  231     0.00024032   
  232     0.00093673   
  233     0.00074253   
  234     0.00035124   
  235     0.00075117   
  236     0.00086359   
  237     0.00081635   
  238     0.00080412   
  239     0.00089207   
  240     0.00093984   
  241     0.00020016   
  242     0.00033524   
  243     0.00049076   
  244     0.00067920   
  245     0.00007747   
  246     0.00004749   
  247     0.00008011   
  248     0.00015140   
  249     0.00001490   
  250     0.00060675   
  251     0.00006372   
  252     0.00055974   
  253     0.00048953   
  254     0.00012581   
  255     0.00021463   
  256     0.00180379   
  257     0.00271924   
  258     0.00367580   
  259     0.00061347   
  260     0.00047691   
  261     0.00132081   
  262     0.00176723   
  263     0.00184263   
  264     0.00022012   
  265     0.00063426   
  266     0.00133355   
  267     0.00227249   
  268     0.00157024   
  269     0.00026663   
  270     0.00151761   
  271     0.01179963   
  272     0.00011899   
  273     0.00084337   
  274     0.00444757   
  275     0.00297038   
  276     0.00033335   
  277     0.00041862   
  278     0.00049251   
  279     0.00040987   
  280     0.00074890   
  281     0.00120299   
  282     0.00190642   
  283     0.00199260   
  284     0.00624376   
  285     0.00454615   
  286     0.00340624   
  287     0.01160292   
  288     0.00408429   
  289     0.00700024   
  290     0.00110918   
  291     0.00277874   
  292     0.00168465   
  293     0.00191845   
  294     0.00472440   
  295     0.00434002   
  296     0.00334151   
  297     0.00342940   
  298     0.00169791   
  299     0.00175571   
  300     0.00178736   
  301     0.00034129   
  302     0.00100506   
  303     0.00020948   
  304     0.00036347   
  305     0.00035722   
  306     0.00063837   
  307     0.00007410   
  308     0.00021356   
  309     0.00028310   
  310     0.00048316   
  311     0.00014488   
  312     0.00036679   
  313     0.00087523   
  314     0.00076813   
  315     0.00015972   
  316     0.00030299   
  317     0.00074070   
  318     0.00028823   
  319     0.00064952   
  320     0.00006094   
  321     0.00040572   
  322     0.00031642   
  323     0.00023052   
  324     0.00036935   
  325     0.00002987   
  326     0.00014768   
  327     0.00007827   
  328     0.00005110   
  329     0.00014508   
  330     0.00049297   
  331     0.00033773   
  332     0.00006162   
  333     0.00006430   
  334     0.00021838   
  335     0.00004340   
  336     0.00021198   
  337     0.00012605   
  338     0.00027492   
  339     0.00021709   
  340     0.00059178   
  341     0.00067980   
  342     0.00195356   
  343     0.00724145   
  344     0.00121040   
  345     0.00181341   
  346     0.00807898   
  347     0.00431731   
  348     0.00406764   
  349     0.00045881   
  350     0.00070388   
  351     0.00099935   
  352     0.00043189   
  353     0.00053215   
  354     0.00028961   
  355     0.00024691   
  356     0.00039532   
  357     0.00040739   
  358     0.00008467   
  359     0.00007971   
  360     0.00019713   
  361     0.00017349   
  362     0.00017782   
  363     0.00032196   
  364     0.00003764   
  365     0.00015572   
  366     0.00067006   
  367     0.00096121   
  368     0.00173270   
  369     0.00116975   
  370     0.00056315   
  371     0.00114892   
  372     0.00074095   
  373     0.00051473   
  374     0.00025324   
  375     0.00027654   
  376     0.00013509   
  377     0.00066300   
  378     0.00021082   
  379     0.00004544   
  380     0.00037920   
  381     0.00060531   
  382     0.00109526   
  383     0.00032754   
  384     0.00054309   
  385     0.00101714   
  386     0.00060853   
  387     0.00112094   
  388     0.00003465   
  389     0.00005674   
  390     0.00008053   
  391     0.00010577   
  392     0.00004605   
  393     0.00006093   
  394     0.00009751   
  395     0.00009336   
  396     0.00028611   
  397     0.00085821   
  398     0.00037476   
  399     0.00052241   
  400     0.00027717   
  401     0.00048309   
  402     0.00048741   
  403     0.00021883   
  404     0.00087139   
  405     0.00027763   
  406     0.00011478   
  407     0.00031439   
  408     0.00011702   
  409     0.00035180   
  410     0.00033851   
  411     0.00149421   
  412     0.00034246   
  413     0.00048906   
  414     0.00048361   
  415     0.00010786   
  416     0.00034651   
  417     0.00025981   
  418     0.00007043   
  419     0.00016767   
  420     0.00036601   
  421     0.00021541   
  422     0.00081461   
  423     0.00047672   
  424     0.00068847   
  425     0.00028470   
  426     0.00026687   
  427     0.00009463   
  428     0.00062908   
  429     0.00013026   
  430     0.00000379   
  431     0.00000310   
  432     0.00000732   
  433     0.00001815   
  434     0.00002354   
  435     0.00008985   
  436     0.00009438   
  437     0.00027047   
  438     0.00043904   
  439     0.00017934   
  440     0.00042530   
  441     0.00018038   
  442     0.00006757   
  443     0.00023031   
  444     0.00098010   
  445     0.00013492   
  446     0.00018074   
  447     0.00026624   
  448     0.00022097   
  449     0.00015890   
  450     0.00122108   
  451     0.00017810   
  452     0.00087134   
  453     0.00091439   
  454     0.00007250   
  455     0.00044824   
  456     0.00104153   
  457     0.00032067   
  458     0.00025045   
  459     0.00026962   
  460     0.00012694   
  461     0.00004042   
  462     0.00018977   
  463     0.00002311   
  464     0.00003492   
  465     0.00004030   
  466     0.00001947   
  467     0.00001814   
  468     0.00001719   
  469     0.00008468   
  470     0.00026382   
  471     0.00026310   
  472     0.00023912   
  473     0.00057742   
  474     0.00099790   
  475     0.00042389   
  476     0.00050619   
  477     0.00010798   
  478     0.00023979   
  479     0.00018592   
  480     0.00065519   
  481     0.00089678   
  482     0.00020850   
  483     0.00009302   
  484     0.00006388   
  485     0.00003472   
  486     0.00015709   
  487     0.00009327   
  488     0.00015178   
  489     0.00043233   
  490     0.00017933   
  491     0.00010206   
  492     0.00007771   
  493     0.00005555   
  494     0.00004437   
  495     0.00013398   
  496     0.00007890   
  497     0.00008414   
  498     0.00002615   
  499     0.00016287   
  500     0.00001846   
  501     0.00006574   
  502     0.00003065   
  503     0.00017583   
  504     0.00009081   
  505     0.00002464   
  506     0.00021665   
  507     0.00011691   
  508     0.00001972   
  509     0.00001675   
  510     0.00003193   
  511     0.00018815   
  512     0.00008943   
  513     0.00006436   
  514     0.00013984   
  515     0.00069489   
  516     0.00071856   
  517     0.00025338   
  518     0.00117311   
  519     0.00066288   
  520     0.00035594   
  521     0.00025386   
  522     0.00016714   
  523     0.00019983   
  524     0.00025853   
  525     0.00027832   
  526     0.00036518   
  527     0.00084678   
  528     0.00027527   
  529     0.00149730   
  530     0.00057599   
  531     0.00051222   
  532     0.00025997   
  533     0.00014814   
  534     0.00048316   
  535     0.00053324   
  536     0.00046042   
  537     0.00014935   
  538     0.00070380   
  539     0.00043273   
  540     0.00042833   
  541     0.00039252   
  542     0.00073271   
  543     0.00094441   
  544     0.00041303   
  545     0.00041558   
  546     0.00113150   
  547     0.00073935   
  548     0.00033470   
  549     0.00038692   
  550     0.00042267   
  551     0.00017618   
  552     0.00009833   
  553     0.00010734   
  554     0.00007788   
  555     0.00001687   
  556     0.00019295   
  557     0.00053065   
  558     0.00005155   
  559     0.00005516   
  560     0.00004569   
  561     0.00030384   
  562     0.00007862   
  563     0.00012189   
  564     0.00014224   
  565     0.00020093   
  566     0.00032863   
  567     0.00021986   
  568     0.00029173   
  569     0.00085568   
  570     0.00017659   
  571     0.00019836   
  572     0.00026998   
  573     0.00060992   
  574     0.00013056   
  575     0.00019895   
  576     0.00033895   
  577     0.00005533   
  578     0.00011337   
  579     0.00057106   
  580     0.00003509   
  581     0.00074235   
  582     0.00004984   
  583     0.00013438   
  584     0.00019268   
  585     0.00040246   
  586     0.00014319   
  587     0.00022393   
  588     0.00060281   
  589     0.00011630   
  590     0.00022024   
  591     0.00039111   
  592     0.00018805   
  593     0.00012111   
  594     0.00039817   
  595     0.00018866   
  596     0.00010833   
  597     0.00029377   
  598     0.00048775   
  599     0.00166375   
  600     0.00012643   
  601     0.00237588   
  602     0.00050211   
  603     0.00196647   
  604     0.00222123   
  605     0.00096319   
   39     0.00009701   
   40     0.00031995   
   41     0.00011463   
   42     0.00017437   
   43     0.00024431   
   44     0.00027313   
   45     0.00041402   
   46     0.00107691   
   47     0.00115395   
   48     0.00034725   
   49     0.00060015   
   50     0.00058371   
   51     0.00031314   
   52     0.00060283   
   53     0.00104731   
   54     0.00023612   
   55     0.00015806   
   56     0.00087688   
   57     0.00078499   
   58     0.00030617   
   59     0.00037152   
   60     0.00049124   
   61     0.00065960   
   62     0.00065454   
   63     0.00063811   
   64     0.00024337   
   65     0.00144627   
   66     0.00055981   
   67     0.00045514   
   68     0.00119990   
   69     0.00087632   
   70     0.00040883   
   71     0.00044020   
   72     0.00107893   
   73     0.00146840   
   74     0.00103530   
   75     0.00199997   
   76     0.00067684   
   77     0.00255851   
   78     0.00040510   
   79     0.00100077   
   80     0.00089372   
   81     0.00159144   
   82     0.00120401   
   83     0.00036204   
   84     0.00057276   
   85     0.00160115   
   86     0.00113233   
   87     0.00084218   
   88     0.00130691   
   89     0.00173552   
   90     0.00037682   
   91     0.00342194   
   92     0.00085308   
   93     0.00317533   
   94     0.00178364   
   95     0.00108334   
   96     0.00236697   
   97     0.00114792   
   98     0.00228899   
   99     0.00093246   
  100     0.01048186   
  101     0.00656890   
  102     0.00142543   
  103     0.00180164   
  104     0.00460420   
  105     0.00546489   
  106     0.00123829   
  107     0.00305191   
  108     0.00133104   
  109     0.00468860   
  110     0.00257798   
  111     0.00137685   
  112     0.00065295   
  113     0.00025437   
  114     0.00034190   
  115     0.00058619   
  116     0.00168709   
  117     0.00230729   
  118     0.00729617   
  119     0.00060464   
  120     0.00230300   
  121     0.00322310   
  122     0.00347873   
  123     0.00095735   
  124     0.00193686   
  125     0.00247235   
  126     0.00199174   
  127     0.00103190   
  128     0.00249370   
  129     0.00255315   
  130     0.00055264   
  131     0.00368013   
  132     0.00255044   
  133     0.00160322   
  134     0.00188244   
  135     0.00091757   
  136     0.00022953   
  137     0.00312119   
  138     0.00038280   
  139     0.00207869   
  140     0.00090547   
  141     0.00153221   
  142     0.00102614   
  143     0.00183607   
  144     0.00141492   
  145     0.00028655   
  146     0.00033947   
  147     0.00043770   
  148     0.00143433   
  149     0.00966255   
  150     0.00408340   
  151     0.00188215   
  152     0.00508994   
  153     0.00293016   
  154     0.00158595   
  155     0.00028887   
  156     0.00206646   
  157     0.00123951   
  158     0.00079715   
  159     0.00311262   
  160     0.00063733   
  161     0.00026304   
  162     0.00042148   
  163     0.00015596   
  164     0.00002852   
  165     0.00032802   
  166     0.00069457   
  167     0.00065255   
  168     0.00649964   
  169     0.00247426   
  170     0.00149977   
  171     0.00036793   
  172     0.00042387   
  173     0.00095360   
  174     0.00127179   
  175     0.00457752   
  176     0.00454652   
  177     0.00024899   
  178     0.00225039   
  179     0.00029087   
  180     0.00138834   
  181     0.00022218   
  182     0.00031038   
  183     0.00061246   
  184     0.00066489   
  185     0.00131750   
  186     0.00273297   
  187     0.00036914   
  188     0.00104222   
  189     0.00039461   
  190     0.00095845   
  191     0.00055901   
  192     0.00142630   
  193     0.00040825   
  194     0.00075591   
  195     0.00116715   
  196     0.00014383   
  197     0.00048893   
   39     0.00004298   
   40     0.00019340   
   41     0.00014134   
   42     0.00008631   
   43     0.00021042   
   44     0.00080211   
   45     0.00029679   
   46     0.00030298   
   47     0.00032043   
   48     0.00064214   
   49     0.00069993   
   50     0.00092490   
   51     0.00058024   
   52     0.00028292   
   53     0.00157693   
   54     0.00114404   
   55     0.00012620   
   56     0.00058407   
   57     0.00208642   
   58     0.00052316   
   59     0.00053492   
   60     0.00101849   
   61     0.00056548   
   62     0.00155086   
   63     0.00134752   
   64     0.00038968   
   65     0.00075359   
   66     0.00224374   
   67     0.00037620   
   68     0.00055586   
   69     0.00111680   
   70     0.00043331   
   71     0.00024334   
   72     0.00055274   
   73     0.00045949   
   74     0.00051989   
   75     0.00031131   
   76     0.00045767   
   77     0.00132740   
   78     0.00078428   
   79     0.00037783   
   80     0.00033018   
   81     0.00185251   
   82     0.00052250   
   83     0.00035983   
   84     0.00034417   
   85     0.00100786   
   86     0.00079188   
   87     0.00113189   
   88     0.00057563   
   89     0.00153593   
   90     0.00076396   
   91     0.00382239   
   92     0.00110746   
   93     0.00117374   
   94     0.00090965   
   95     0.00157968   
   96     0.00179791   
   97     0.00071970   
   98     0.00099220   
   99     0.00116440   
  100     0.00187669   
  101     0.00125020   
  102     0.00281974   
  103     0.00065854   
  104     0.00201731   
  105     0.00246336   
  106     0.00960181   
  107     0.00166946   
  108     0.00884780   
  109     0.00802284   
  110     0.00349102   
  111     0.00086658   
  112     0.00055808   
  113     0.00040763   
  114     0.00017332   
  115     0.00040486   
  116     0.00327190   
  117     0.00291604   
  118     0.00270523   
  119     0.00837228   
  120     0.00251636   
  121     0.00145156   
  122     0.00253063   
  123     0.00383218   
  124     0.00452225   
  125     0.00041241   
  126     0.00165447   
  127     0.00068224   
  128     0.00017681   
  129     0.00044543   
  130     0.00052499   
  131     0.00202192   
  132     0.00010943   
  133     0.00074949   
  134     0.00204717   
  135     0.00159317   
  136     0.00050168   
  137     0.00208018   
  138     0.00097355   
  139     0.00194202   
  140     0.00123893   
  141     0.00309091   
  142     0.00297197   
  143     0.00131449   
  144     0.00169379   
  145     0.00061378   
  146     0.00042372   
  147     0.00116405   
  148     0.00053154   
  149     0.00265903   
  150     0.00096998   
  151     0.00032873   
  152     0.00080946   
  153     0.00189303   
  154     0.00142334   
  155     0.00121868   
  156     0.00134200   
  157     0.00032082   
  158     0.00036203   
  159     0.00176536   
  160     0.00111978   
  161     0.01687658   
  162     0.01505959   
  163     0.00122875   
  164     0.00057328   
  165     0.00083768   
  166     0.00039623   
  167     0.00047842   
  168     0.00187267   
  169     0.00052552   
  170     0.00046762   
  171     0.00464852   
  172     0.00062261   
  173     0.00074903   
  174     0.00011346   
  175     0.00084516   
  176     0.00080454   
  177     0.00027283   
  178     0.00095900   
  179     0.00184342   
  180     0.00053786   
  181     0.00094355   
  182     0.00065965   
  183     0.00131308   
  184     0.00145275   
  185     0.00423226   
  186     0.00166995   
  187     0.00141004   
  188     0.00067292   
  189     0.00052755   
  190     0.00046155   
  191     0.00011136   
  192     0.00177915   
  193     0.00049653   
  194     0.00093613   
  195     0.00163060   
  196     0.00361360   
  197     0.02494910   
