    1     0.00296001   
    2     0.00326528   
    3     0.00425175   
    4     0.00265249   
    5     0.00643711   
    6     0.00028200   
    7     0.00019873   
    8     0.00011009   
    9     0.00006916   
   10     0.00019725   
   11     0.00011963   
   12     0.00007781   
   13     0.00023768   
   14     0.00015689   
   15     0.00043004   
   16     0.00166561   
   17     0.00104653   
   18     0.00425964   
   19     0.00203976   
   20     0.00076404   
   21     0.00007791   
   22     0.00072706   
   23     0.00027979   
   24     0.00023699   
   25     0.00079011   
   26     0.00184271   
   27     0.00666152   
   28     0.00191082   
   29     0.00422858   
   30     0.00670103   
   31     0.00344067   
   32     0.00616698   
   33     0.00020206   
   34     0.00076325   
   35     0.00121239   
   36     0.00045468   
   37     0.00023769   
   38     0.00008356   
   39     0.00015666   
   40     0.00057868   
   41     0.00029441   
   42     0.00036269   
   43     0.00018715   
   44     0.00003904   
   45     0.00000554   
   46     0.00002189   
   47     0.00005600   
   48     0.00016772   
   49     0.00040460   
   50     0.00060165   
   51     0.00114343   
   52     0.00060375   
   53     0.00110843   
   54     0.00037667   
   55     0.00037455   
   56     0.00074322   
   57     0.00029102   
   58     0.00048342   
   59     0.00121742   
   60     0.00159277   
   61     0.00066253   
   62     0.00186113   
   63     0.00040586   
   64     0.00010809   
   65     0.00029543   
   66     0.00081196   
   67     0.00014966   
   68     0.00041703   
   69     0.00012266   
   70     0.00017485   
   71     0.00019029   
   72     0.00007467   
   73     0.00006209   
   74     0.00016019   
   75     0.00002791   
   76     0.00000158   
   77     0.00003468   
   78     0.00000987   
   79     0.00000743   
   80     0.00000113   
   81     0.00006978   
   82     0.00003116   
   83     0.00001460   
   84     0.00001022   
   85     0.00002895   
   86     0.00007474   
   87     0.00001415   
   88     0.00001175   
   89     0.00010954   
   90     0.00029968   
   91     0.00026497   
   92     0.00057265   
   93     0.00023432   
   94     0.00003216   
   95     0.00002764   
   96     0.00004488   
   97     0.00000499   
   98     0.00000495   
   99     0.00000666   
  100     0.00003463   
  101     0.00006295   
  102     0.00010780   
  103     0.00027302   
  104     0.00008247   
  105     0.00037348   
  106     0.00004679   
  107     0.00004415   
  108     0.00002714   
  109     0.00002200   
  110     0.00023959   
  111     0.00021492   
  112     0.00012611   
  113     0.00038370   
  114     0.00013036   
  115     0.00061755   
  116     0.00004597   
  117     0.00005036   
  118     0.00050452   
  119     0.00048810   
  120     0.00015812   
  121     0.00007985   
  122     0.00107700   
  123     0.00117039   
  124     0.00130999   
  125     0.00092577   
  126     0.00639561   
  127     0.00721957   
  128     0.00125038   
  129     0.00022209   
  130     0.00981916   
  131     0.00811708   
  132     0.00727559   
  133     0.00157554   
  134     0.00269530   
  135     0.01072845   
  136     0.00263612   
  137     0.00135692   
  138     0.00027697   
  139     0.00106366   
  140     0.00040585   
  141     0.00021296   
  142     0.00050846   
  143     0.00026180   
  144     0.00060363   
  145     0.00061654   
  146     0.00068863   
  147     0.00012628   
  148     0.00006822   
  149     0.00007708   
  150     0.00022147   
  151     0.00063693   
  152     0.00015730   
  153     0.00018411   
  154     0.00044497   
  155     0.00108484   
  156     0.00047131   
  157     0.00021722   
  158     0.00026943   
  159     0.00028833   
  160     0.00019138   
  161     0.00019155   
  162     0.00168544   
  163     0.00151171   
  164     0.00068023   
  165     0.00084487   
  166     0.00131823   
  167     0.00319357   
  168     0.00108412   
  169     0.00135329   
  170     0.00016739   
  171     0.00018237   
  172     0.00054560   
  173     0.00021768   
  174     0.00098559   
  175     0.00032115   
  176     0.00047580   
  177     0.00047074   
  178     0.00017896   
  179     0.00017608   
  180     0.00002628   
  181     0.00015679   
  182     0.00034646   
  183     0.00012457   
  184     0.00006796   
  185     0.00008283   
  186     0.00001200   
  187     0.00002631   
  188     0.00007023   
  189     0.00004590   
  190     0.00021534   
  191     0.00009276   
  192     0.00020240   
  193     0.00012620   
  194     0.00008256   
  195     0.00016952   
  196     0.00007578   
  197     0.00013536   
  198     0.00021826   
  199     0.00043813   
  200     0.00016632   
  201     0.00027120   
  202     0.00030127   
  203     0.00021341   
  204     0.00021672   
  205     0.00027117   
  206     0.00014627   
  207     0.00009008   
  208     0.00003375   
  209     0.00001769   
  210     0.00000645   
  211     0.00001218   
  212     0.00001154   
  213     0.00003741   
  214     0.00011353   
  215     0.00002609   
  216     0.00011844   
  217     0.00009022   
  218     0.00027422   
  219     0.00007916   
  220     0.00022244   
  221     0.00053704   
  222     0.00003655   
  223     0.00024829   
  224     0.00040360   
  225     0.00017020   
  226     0.00036200   
  227     0.00051742   
  228     0.00014027   
  229     0.00009354   
  230     0.00019474   
  231     0.00046067   
  232     0.00041901   
  233     0.00018277   
  234     0.00081591   
  235     0.00050787   
  236     0.00047278   
  237     0.00063331   
  238     0.00070749   
  239     0.00051551   
  240     0.00158479   
  241     0.00030963   
  242     0.00032395   
  243     0.00025324   
  244     0.00393455   
  245     0.00017314   
  246     0.00029719   
  247     0.00099409   
  248     0.00105183   
  249     0.00016037   
  250     0.00041193   
  251     0.00002581   
  252     0.00061745   
  253     0.00041590   
  254     0.00008771   
  255     0.00021421   
  256     0.00099403   
  257     0.00168045   
  258     0.00038683   
  259     0.00070541   
  260     0.00032674   
  261     0.00022070   
  262     0.00081533   
  263     0.00016791   
  264     0.00010831   
  265     0.00015095   
  266     0.00017529   
  267     0.00006057   
  268     0.00019716   
  269     0.00062058   
  270     0.00016539   
  271     0.00092753   
  272     0.00057157   
  273     0.00017258   
  274     0.00012526   
  275     0.00011959   
  276     0.00015338   
  277     0.00004236   
  278     0.00010938   
  279     0.00081785   
  280     0.00068983   
  281     0.00114374   
  282     0.00094742   
  283     0.00283617   
  284     0.00158619   
  285     0.00147272   
  286     0.00079529   
  287     0.00063243   
  288     0.00006613   
  289     0.00011415   
  290     0.00000360   
  291     0.00001499   
  292     0.00001709   
  293     0.00005577   
  294     0.00044572   
  295     0.00202907   
  296     0.00463721   
  297     0.00077078   
  298     0.00304703   
  299     0.00061072   
  300     0.00171188   
  301     0.00011201   
  302     0.00002860   
  303     0.00006846   
  304     0.00053898   
  305     0.00044290   
  306     0.00010417   
  307     0.00019574   
  308     0.00022478   
  309     0.00016930   
  310     0.00020887   
  311     0.00041175   
  312     0.00021469   
  313     0.00020297   
  314     0.00033928   
  315     0.00038888   
  316     0.00033621   
  317     0.00016918   
  318     0.00019895   
  319     0.00015938   
  320     0.00016619   
  321     0.00005328   
  322     0.00001753   
  323     0.00004847   
  324     0.00014775   
  325     0.00001914   
  326     0.00005731   
  327     0.00006348   
  328     0.00001117   
  329     0.00004680   
  330     0.00005587   
  331     0.00024230   
  332     0.00001796   
  333     0.00003125   
  334     0.00016752   
  335     0.00001772   
  336     0.00017663   
  337     0.00025540   
  338     0.00018058   
  339     0.00051029   
  340     0.00017844   
  341     0.00010453   
  342     0.00070944   
  343     0.00007460   
  344     0.00042046   
  345     0.00084193   
  346     0.00054072   
  347     0.00047513   
  348     0.00034026   
  349     0.00021893   
  350     0.00068153   
  351     0.00027239   
  352     0.00013407   
  353     0.00036677   
  354     0.00009271   
  355     0.00003022   
  356     0.00005526   
  357     0.00011561   
  358     0.00002695   
  359     0.00011912   
  360     0.00018155   
  361     0.00044702   
  362     0.00029626   
  363     0.00055313   
  364     0.00011530   
  365     0.00026345   
  366     0.00017987   
  367     0.00026181   
  368     0.00027327   
  369     0.00039859   
  370     0.00023326   
  371     0.00012539   
  372     0.00012948   
  373     0.00055327   
  374     0.00033167   
  375     0.00046979   
  376     0.00092429   
  377     0.00187673   
  378     0.00368696   
  379     0.00085774   
  380     0.00751479   
  381     0.00252325   
  382     0.01636373   
  383     0.01270021   
  384     0.00678533   
  385     0.01901053   
  386     0.01370023   
  387     0.02590310   
  388     0.00042359   
  389     0.00058040   
  390     0.00059029   
  391     0.00116894   
  392     0.00066031   
  393     0.00052411   
  394     0.00023334   
  395     0.00017894   
  396     0.00126437   
  397     0.00072176   
  398     0.00047964   
  399     0.00019851   
  400     0.00034350   
  401     0.00117284   
  402     0.00136176   
  403     0.00110151   
  404     0.00397276   
  405     0.00076004   
  406     0.00201587   
  407     0.00177247   
  408     0.00126252   
  409     0.00186587   
  410     0.00132130   
  411     0.00355305   
  412     0.00227565   
  413     0.00105400   
  414     0.00079242   
  415     0.00072759   
  416     0.00263961   
  417     0.00252231   
  418     0.00156354   
  419     0.00295438   
  420     0.00433758   
  421     0.00195245   
  422     0.00263219   
  423     0.00224641   
  424     0.00153719   
  425     0.00110290   
  426     0.00133703   
  427     0.00029541   
  428     0.00025652   
  429     0.00141648   
  430     0.00014832   
  431     0.00014033   
  432     0.00002048   
  433     0.00010437   
  434     0.00003112   
  435     0.00003361   
  436     0.00103465   
  437     0.00480908   
  438     0.00233750   
  439     0.00136982   
  440     0.00098728   
  441     0.00090273   
  442     0.00270414   
  443     0.00084234   
  444     0.00132447   
  445     0.00063765   
  446     0.00322494   
  447     0.00203048   
  448     0.00127126   
  449     0.00136105   
  450     0.00066585   
  451     0.00051264   
  452     0.01307532   
  453     0.00365089   
  454     0.00650152   
  455     0.00060946   
  456     0.00095180   
  457     0.00113883   
  458     0.00018498   
  459     0.00075502   
  460     0.00008697   
  461     0.00002038   
  462     0.00002873   
  463     0.00000990   
  464     0.00001733   
  465     0.00003404   
  466     0.00003052   
  467     0.00017658   
  468     0.00026817   
  469     0.00005455   
  470     0.00008759   
  471     0.00007840   
  472     0.00019167   
  473     0.00092761   
  474     0.00129112   
  475     0.00156790   
  476     0.00186758   
  477     0.00438820   
  478     0.00380985   
  479     0.00596536   
  480     0.01188505   
  481     0.01486757   
  482     0.00554077   
  483     0.00274319   
  484     0.00022123   
  485     0.00102535   
  486     0.00086019   
  487     0.00021109   
  488     0.00022602   
  489     0.00026369   
  490     0.00003958   
  491     0.00001544   
  492     0.00001281   
  493     0.00001175   
  494     0.00001009   
  495     0.00003184   
  496     0.00011640   
  497     0.00024296   
  498     0.00052340   
  499     0.00010889   
  500     0.00012124   
  501     0.00408053   
  502     0.00037970   
  503     0.00737933   
  504     0.02845385   
  505     0.00179161   
  506     0.03603910   
  507     0.00133991   
  508     0.00034811   
  509     0.00023291   
  510     0.00030284   
  511     0.00211372   
  512     0.00074109   
  513     0.00017999   
  514     0.00022323   
  515     0.00044425   
  516     0.00018653   
  517     0.00024608   
  518     0.00032669   
  519     0.00050258   
  520     0.00017026   
  521     0.00035934   
  522     0.00031498   
  523     0.00084619   
  524     0.00013956   
  525     0.00108083   
  526     0.00198884   
  527     0.00216819   
  528     0.00161253   
  529     0.00947560   
  530     0.00623439   
  531     0.00327356   
  532     0.00136383   
  533     0.00218794   
  534     0.00309002   
  535     0.00419481   
  536     0.00231264   
  537     0.00252182   
  538     0.00308634   
  539     0.00241047   
  540     0.00180542   
  541     0.00106646   
  542     0.00287570   
  543     0.00110172   
  544     0.00034967   
  545     0.00078937   
  546     0.00298244   
  547     0.00032610   
  548     0.00011209   
  549     0.00101726   
  550     0.00049919   
  551     0.00015545   
  552     0.00006605   
  553     0.00014960   
  554     0.00010933   
  555     0.00000622   
  556     0.00008371   
  557     0.00032684   
  558     0.00013671   
  559     0.00005137   
  560     0.00002288   
  561     0.00046869   
  562     0.00053963   
  563     0.00029506   
  564     0.00018061   
  565     0.00036811   
  566     0.00033147   
  567     0.00093534   
  568     0.00055739   
  569     0.00020416   
  570     0.00069031   
  571     0.00155632   
  572     0.00041078   
  573     0.00058077   
  574     0.00088395   
  575     0.00160481   
  576     0.00282479   
  577     0.00031348   
  578     0.00154428   
  579     0.00774956   
  580     0.00128130   
  581     0.00251356   
  582     0.00031483   
  583     0.00083662   
  584     0.00075272   
  585     0.00252953   
  586     0.00035397   
  587     0.00046810   
  588     0.00279251   
  589     0.00044351   
  590     0.00036584   
  591     0.00115495   
  592     0.00054614   
  593     0.00021191   
  594     0.00056400   
  595     0.00014369   
  596     0.00018017   
  597     0.00026334   
  598     0.00061008   
  599     0.00054482   
  600     0.00012294   
  601     0.00045011   
  602     0.00030966   
  603     0.00014966   
  604     0.00029944   
  605     0.00008587   
   39     0.00000916   
   40     0.00011131   
   41     0.00041285   
   42     0.00278534   
   43     0.00005438   
   44     0.00032034   
   45     0.00045482   
   46     0.00018877   
   47     0.00008022   
   48     0.00041976   
   49     0.00012836   
   50     0.00015012   
   51     0.00020869   
   52     0.00035893   
   53     0.00006344   
   54     0.00007726   
   55     0.00027288   
   56     0.00014885   
   57     0.00004682   
   58     0.00007377   
   59     0.00012993   
   60     0.00014761   
   61     0.00013312   
   62     0.00007307   
   63     0.00011968   
   64     0.00047619   
   65     0.00031638   
   66     0.00054978   
   67     0.00046865   
   68     0.00104301   
   69     0.00064113   
   70     0.00119261   
   71     0.00462386   
   72     0.00162396   
   73     0.00127888   
   74     0.00561467   
   75     0.00913020   
   76     0.00285245   
   77     0.00102667   
   78     0.00646695   
   79     0.00155071   
   80     0.00342956   
   81     0.00122356   
   82     0.00076494   
   83     0.00040373   
   84     0.00399945   
   85     0.00387318   
   86     0.00099737   
   87     0.00043959   
   88     0.00054009   
   89     0.00026365   
   90     0.00006704   
   91     0.00040201   
   92     0.00018325   
   93     0.00072445   
   94     0.00059768   
   95     0.00036329   
   96     0.00047556   
   97     0.00036429   
   98     0.00107835   
   99     0.00094241   
  100     0.00191229   
  101     0.00044101   
  102     0.00064379   
  103     0.00196081   
  104     0.00453562   
  105     0.00021841   
  106     0.00099044   
  107     0.00092845   
  108     0.00072444   
  109     0.00023340   
  110     0.00030663   
  111     0.00007176   
  112     0.00000555   
  113     0.00000708   
  114     0.00001468   
  115     0.00002228   
  116     0.00020610   
  117     0.00042497   
  118     0.00042916   
  119     0.00007589   
  120     0.00042444   
  121     0.00056365   
  122     0.00081144   
  123     0.00026630   
  124     0.00031579   
  125     0.00079831   
  126     0.00251210   
  127     0.00147225   
  128     0.00074660   
  129     0.00168609   
  130     0.00135563   
  131     0.00459044   
  132     0.00148292   
  133     0.00116681   
  134     0.00079442   
  135     0.00128001   
  136     0.00026219   
  137     0.00185049   
  138     0.00139098   
  139     0.00337868   
  140     0.00272832   
  141     0.00315634   
  142     0.00124198   
  143     0.00152108   
  144     0.00009384   
  145     0.00004489   
  146     0.00005334   
  147     0.00004972   
  148     0.00011299   
  149     0.00039074   
  150     0.00024652   
  151     0.00035397   
  152     0.00089013   
  153     0.00030090   
  154     0.00021220   
  155     0.00083264   
  156     0.00046881   
  157     0.00068752   
  158     0.00100885   
  159     0.00080347   
  160     0.00013817   
  161     0.00002355   
  162     0.00004835   
  163     0.00002132   
  164     0.00001471   
  165     0.00006518   
  166     0.00010849   
  167     0.00004930   
  168     0.00030368   
  169     0.00011676   
  170     0.00013242   
  171     0.00012932   
  172     0.00007055   
  173     0.00022593   
  174     0.00048092   
  175     0.00354181   
  176     0.00240544   
  177     0.00148569   
  178     0.00187395   
  179     0.00362195   
  180     0.00281690   
  181     0.00062534   
  182     0.00384112   
  183     0.00251081   
  184     0.00142954   
  185     0.00780437   
  186     0.00075030   
  187     0.00037808   
  188     0.00043191   
  189     0.00043917   
  190     0.00020719   
  191     0.00080092   
  192     0.00047180   
  193     0.00014006   
  194     0.00004418   
  195     0.00006555   
  196     0.00001330   
  197     0.00002102   
   39     0.00002440   
   40     0.00012283   
   41     0.00001471   
   42     0.00003765   
   43     0.00007131   
   44     0.00005174   
   45     0.00001115   
   46     0.00016037   
   47     0.00012872   
   48     0.00006994   
   49     0.00008102   
   50     0.00028859   
   51     0.00006054   
   52     0.00005068   
   53     0.00012465   
   54     0.00015789   
   55     0.00002713   
   56     0.00003055   
   57     0.00009135   
   58     0.00007755   
   59     0.00007905   
   60     0.00005474   
   61     0.00004269   
   62     0.00026314   
   63     0.00017646   
   64     0.00008522   
   65     0.00009553   
   66     0.00057477   
   67     0.00011465   
   68     0.00016107   
   69     0.00047099   
   70     0.00051959   
   71     0.00004671   
   72     0.00033930   
   73     0.00040711   
   74     0.00051756   
   75     0.00014302   
   76     0.00059974   
   77     0.00052703   
   78     0.00041489   
   79     0.00019308   
   80     0.00122706   
   81     0.00007164   
   82     0.00019239   
   83     0.00238184   
   84     0.00015470   
   85     0.00021881   
   86     0.00045079   
   87     0.00169796   
   88     0.00017178   
   89     0.00074490   
   90     0.00013933   
   91     0.00094882   
   92     0.00058475   
   93     0.00161346   
   94     0.00092229   
   95     0.00097720   
   96     0.00689510   
   97     0.00062560   
   98     0.00220587   
   99     0.00307964   
  100     0.00133225   
  101     0.00041638   
  102     0.00089226   
  103     0.00033040   
  104     0.00021023   
  105     0.00036226   
  106     0.00068578   
  107     0.00008697   
  108     0.00044348   
  109     0.00037388   
  110     0.00027660   
  111     0.00003997   
  112     0.00009511   
  113     0.00011222   
  114     0.00001975   
  115     0.00001675   
  116     0.00015136   
  117     0.00027340   
  118     0.00023139   
  119     0.00024009   
  120     0.00040656   
  121     0.00028292   
  122     0.00022377   
  123     0.00032240   
  124     0.00069773   
  125     0.00024805   
  126     0.00038288   
  127     0.00071357   
  128     0.00023009   
  129     0.00065387   
  130     0.00104493   
  131     0.00449126   
  132     0.00044228   
  133     0.00078114   
  134     0.00072920   
  135     0.00074584   
  136     0.00024835   
  137     0.00020467   
  138     0.00009840   
  139     0.00037642   
  140     0.00185746   
  141     0.00702241   
  142     0.00571112   
  143     0.00357000   
  144     0.00165558   
  145     0.00095127   
  146     0.00027443   
  147     0.00012205   
  148     0.00013411   
  149     0.00069958   
  150     0.00076997   
  151     0.00042203   
  152     0.00297510   
  153     0.00291806   
  154     0.00207849   
  155     0.00024806   
  156     0.00004257   
  157     0.00003037   
  158     0.00003200   
  159     0.00001097   
  160     0.00007307   
  161     0.00003995   
  162     0.00012821   
  163     0.00009787   
  164     0.00004273   
  165     0.00034294   
  166     0.00020804   
  167     0.00008308   
  168     0.00024922   
  169     0.00018005   
  170     0.00012870   
  171     0.00060949   
  172     0.00020633   
  173     0.00076609   
  174     0.00004479   
  175     0.00041980   
  176     0.00406833   
  177     0.00196838   
  178     0.00094929   
  179     0.00140093   
  180     0.00027024   
  181     0.00003666   
  182     0.00032316   
  183     0.00006925   
  184     0.00179353   
  185     0.00254937   
  186     0.00842446   
  187     0.00184666   
  188     0.00054353   
  189     0.00009720   
  190     0.00022722   
  191     0.00004251   
  192     0.00005242   
  193     0.00005522   
  194     0.00003399   
  195     0.00004586   
  196     0.00002044   
  197     0.00004099   
